       12.5000002    3.0367423E+18
        15.0000002    4.4570213E+18
        20.0000003    3.6448024E+18
        25.0000004    2.5499329E+18
        30.0000005    2.0710390E+18
        35.0000006    1.7588831E+18
        40.0000007    1.6523631E+18
        45.0000007    1.5592726E+18
        50.0000008    1.4451346E+18
        55.0000009    1.2878016E+18
        60.0000010    1.0981976E+18
        65.0000011    9.1170714E+17
        70.0000011    7.5410026E+17
        75.0000012    6.3066849E+18
        80.0000013    6.5661394E+18
        85.0000014    6.0238894E+18
        90.0000015    5.3707146E+18
        95.2390015    4.6330127E+18
       100.6800016    3.8402527E+18
       114.2900019    2.2991192E+18
       119.7300019    1.8649336E+18
       122.4500020    1.6790184E+18
       125.1700020    1.5114420E+18
       127.8900021    1.3605340E+18
       130.6100021    1.2247514E+18
       133.3300022    1.1026721E+18
       136.0600022    9.9260762E+17
       146.9400024    6.5550581E+17
       149.6600024    5.9180451E+17
       155.1000025    4.8354941E+17
       157.8200026    4.3770146E+17
       160.5500026    3.9647115E+17
       165.9900027    8.7616226E+17
       171.4300028    7.8322034E+17
       176.8700029    9.2244566E+17
       179.5900029    8.7293499E+17
       182.3100030    8.2197868E+17
       185.0400030    7.7203831E+17
       187.7600031    7.2456394E+17
       190.4800031    6.7973541E+17
       195.9200032    5.9802348E+17
       198.6400032    5.6088565E+17
       204.0800033    4.9335104E+17
       206.8000034    4.6268875E+17
       209.5300034    4.3382183E+17
       212.2500035    4.0684043E+17
       214.9700035    3.8152249E+17
       220.4100036    3.3546327E+17
       225.8500037    2.9488782E+17
       236.7400038    3.5315884E+17
       247.6200040    2.9386500E+17
       258.5100042    2.4419047E+17
       272.1100044    1.9334452E+17
       285.7200046    1.5235690E+17
       299.3200049    1.1924618E+17
       312.9300051    9.2423831E+16
       340.1400055    5.3126448E+16
       353.7400058    3.8838423E+16
       380.9500062    1.7177593E+16
       394.5600064    7.5968243E+15
 
