       12.5000002    2.1201752E+18
        15.0000002    3.0559433E+18
        20.0000003    3.0624956E+18
        25.0000004    2.6031925E+18
        30.0000005    2.9299888E+18
        35.0000006    2.2764906E+18
        40.0000007    1.7667460E+18
        45.0000007    1.4408303E+18
        50.0000008    1.2417887E+18
        55.0000009    1.1262423E+18
        60.0000010    1.0460065E+18
        65.0000011    9.6517234E+17
        70.0000011    8.7227226E+17
        75.0000012    5.5093130E+18
        80.0000013    6.0566450E+18
        85.0000014    6.0043077E+18
        90.0000015    5.8961394E+18
        95.2390015    5.6507690E+18
       100.6800016    5.1454714E+18
       114.2900019    3.7762911E+18
       119.7300019    3.3053060E+18
       122.4500020    3.0880477E+18
       125.1700020    2.8826759E+18
       127.8900021    2.6889085E+18
       130.6100021    2.5064145E+18
       133.3300022    2.3348294E+18
       136.0600022    2.1731722E+18
       146.9400024    1.6252727E+18
       149.6600024    1.5100917E+18
       155.1000025    1.3026962E+18
       157.8200026    1.2096023E+18
       160.5500026    1.1227073E+18
       165.9900027    1.5622882E+18
       171.4300028    1.4289184E+18
       176.8700029    1.5666435E+18
       179.5900029    1.5085661E+18
       182.3100030    1.4458223E+18
       185.0400030    1.3823099E+18
       187.7600031    1.3204997E+18
       190.4800031    1.2610844E+18
       195.9200032    1.1503789E+18
       198.6400032    1.0989208E+18
       204.0800033    1.0032670E+18
       206.8000034    9.5887633E+17
       209.5300034    9.1646988E+17
       212.2500035    8.7623779E+17
       214.9700035    8.3790565E+17
       220.4100036    7.6652075E+17
       225.8500037    7.0154580E+17
       236.7400038    6.7653816E+17
       247.6200040    5.7608317E+17
       258.5100042    4.9381534E+17
       272.1100044    4.1143062E+17
       285.7200046    3.4606084E+17
       299.3200049    2.9341557E+17
       312.9300051    2.5029424E+17
       340.1400055    1.8449836E+17
       353.7400058    1.5905573E+17
       380.9500062    1.1866141E+17
       394.5600064    1.0256556E+17
       408.1700066    8.8647945E+16
       435.3800071    6.6136303E+16
       462.5900075    4.9172179E+16
       476.1900077    4.2325885E+16
       489.8000080    3.6375753E+16
       503.4000082    3.1213256E+16
       517.0100084    2.6728840E+16
       557.8300091    1.6536877E+16
       571.4300093    1.3999657E+16
       585.0400095    1.1797255E+16
       612.2500100    8.2270533E+15
       666.6700108    3.4281715E+15
       680.2800111    2.5331371E+15
       707.4900115    6.5418016E+14
 
