       12.5000002    2.3541547E+18
        15.0000002    3.8231256E+18
        20.0000003    3.3225543E+18
        25.0000004    2.7353161E+18
        30.0000005    2.5282008E+18
        35.0000006    1.8763430E+18
        40.0000007    1.5629478E+18
        45.0000007    1.4036488E+18
        50.0000008    1.3069801E+18
        55.0000009    1.2247479E+18
        60.0000010    1.1199755E+18
        65.0000011    9.8921680E+17
        70.0000011    8.4964720E+17
        75.0000012    6.0983478E+18
        80.0000013    6.5840466E+18
        85.0000014    6.3406565E+18
        90.0000015    5.9911624E+18
        95.2390015    5.4913300E+18
       100.6800016    4.7974590E+18
       114.2900019    3.2161287E+18
       119.7300019    2.7214996E+18
       122.4500020    2.5011273E+18
       125.1700020    2.2973523E+18
       127.8900021    2.1091665E+18
       130.6100021    1.9355852E+18
       133.3300022    1.7756542E+18
       136.0600022    1.6279340E+18
       146.9400024    1.1495171E+18
       149.6600024    1.0535641E+18
       155.1000025    8.8517737E+17
       157.8200026    8.1152273E+17
       160.5500026    7.4391081E+17
       165.9900027    1.2320292E+18
       171.4300028    1.1212879E+18
       176.8700029    1.2783427E+18
       179.5900029    1.2254098E+18
       182.3100030    1.1683409E+18
       185.0400030    1.1107791E+18
       187.7600031    1.0549641E+18
       190.4800031    1.0014795E+18
       195.9200032    9.0225182E+17
       198.6400032    8.5636899E+17
       204.0800033    7.7157335E+17
       206.8000034    7.3246022E+17
       209.5300034    6.9525419E+17
       212.2500035    6.6011455E+17
       214.9700035    6.2679351E+17
       220.4100036    5.6520921E+17
       225.8500037    5.0976788E+17
       236.7400038    5.1585924E+17
       247.6200040    4.3847977E+17
       258.5100042    3.7475294E+17
       272.1100044    3.1008503E+17
       285.7200046    2.5788987E+17
       299.3200049    2.1518870E+17
       312.9300051    1.7980532E+17
       340.1400055    1.2551372E+17
       353.7400058    1.0467021E+17
       380.9500062    7.2254810E+16
       394.5600064    5.9736643E+16
       408.1700066    4.9181851E+16
       435.3800071    3.2803906E+16
       462.5900075    2.1190978E+16
       476.1900077    1.6713295E+16
       489.8000080    1.2917408E+16
       503.4000082    9.6744224E+15
       517.0100084    6.8393269E+15
 
