       12.5000002    4.3317979E+18
        15.0000002    6.4874144E+18
        20.0000003    5.1250628E+18
        25.0000004    3.5430432E+18
        30.0000005    3.4066966E+18
        35.0000006    2.7976133E+18
        40.0000007    2.1765021E+18
        45.0000007    1.6136489E+18
        50.0000008    1.1784173E+18
        55.0000009    8.6949744E+17
        60.0000010    6.5497440E+17
        65.0000011    5.0270122E+17
        70.0000011    3.8991263E+17
        75.0000012    4.1422977E+17
        80.0000013    2.9066435E+17
        85.0000014    2.0560481E+17
        90.0000015    1.4530732E+17
        95.2390015    9.9041284E+16
       100.6800016    6.2917375E+16
 
