       12.5000002    5.1523021E+18
        15.0000002    5.0597832E+18
        20.0000003    2.2790545E+18
        25.0000004    1.9004128E+18
        30.0000005    2.4992985E+18
        35.0000006    2.5396033E+18
        40.0000007    2.5505105E+18
        45.0000007    2.4913724E+18
        50.0000008    2.2953948E+18
        55.0000009    1.9610962E+18
        60.0000010    1.5683643E+18
        65.0000011    1.2118867E+18
        70.0000011    9.3794485E+17
        75.0000012    3.6958104E+18
        80.0000013    3.9250663E+18
        85.0000014    4.0694116E+18
        90.0000015    4.4016012E+18
        95.2390015    4.4344343E+18
       100.6800016    4.0636460E+18
       114.2900019    3.3140319E+18
       119.7300019    3.1293368E+18
       122.4500020    3.0482278E+18
       125.1700020    2.9719074E+18
       127.8900021    2.8989776E+18
       130.6100021    2.8283884E+18
       133.3300022    2.7593858E+18
       136.0600022    2.6911779E+18
       146.9400024    2.4240655E+18
       149.6600024    2.3578878E+18
       155.1000025    2.2262792E+18
       157.8200026    2.1609914E+18
       160.5500026    2.0959307E+18
       165.9900027    2.5171021E+18
       171.4300028    2.4268514E+18
       176.8700029    2.5336802E+18
       179.5900029    2.4971179E+18
       182.3100030    2.4417314E+18
       185.0400030    2.3734020E+18
       187.7600031    2.2988689E+18
       190.4800031    2.2234058E+18
       195.9200032    2.0763975E+18
       198.6400032    2.0040099E+18
       204.0800033    1.8642621E+18
       206.8000034    1.7982239E+18
       209.5300034    1.7347270E+18
       212.2500035    1.6741678E+18
       214.9700035    1.6161932E+18
       220.4100036    1.5075295E+18
       225.8500037    1.4078446E+18
       236.7400038    1.4287535E+18
       247.6200040    1.2789633E+18
       258.5100042    1.1383451E+18
       272.1100044    9.8385716E+17
       285.7200046    8.5223098E+17
       299.3200049    7.4010182E+17
       312.9300051    6.4438556E+17
       340.1400055    4.9312055E+17
       353.7400058    4.3369061E+17
       380.9500062    3.3940859E+17
       394.5600064    3.0210295E+17
       408.1700066    2.7001798E+17
       435.3800071    2.1836523E+17
       462.5900075    1.7928743E+17
       476.1900077    1.6329718E+17
       489.8000080    1.4918395E+17
       503.4000082    1.3668649E+17
       517.0100084    1.2555319E+17
       557.8300091    9.8603301E+16
       571.4300093    9.1313341E+16
       585.0400095    8.4688139E+16
       612.2500100    7.3142529E+16
       666.6700108    5.5259693E+16
       680.2800111    5.1627916E+16
       707.4900115    4.7664387E+16
       734.7000119    4.2561949E+16
       761.9100124    3.6984238E+16
       789.1200128    3.2272116E+16
       816.3300133    2.8259450E+16
       843.5400137    2.4821932E+16
       870.7500142    2.1862685E+16
       911.5700148    1.8155426E+16
       952.3900155    1.5152321E+16
       993.2000162    2.0570731E+16
      1020.4000166    1.7940548E+16
      1061.2000173    1.7663373E+16
      1088.4000177    1.5431365E+16
      1102.0000179    1.4438213E+16
      1115.7000181    1.3511423E+16
      1129.3000184    1.2658486E+16
      1142.9000186    1.1866922E+16
      1156.5000188    1.1131833E+16
      1170.1000190    1.0448696E+16
      1197.3000195    2.9070596E+16
      1210.9000197    2.7651285E+16
      1224.5000199    2.6286213E+16
      1227.2000200    2.6023314E+16
      1229.9000200    2.5763183E+16
      1232.7000200    2.5496339E+16
      1235.4000201    2.5241843E+16
      1238.1000201    2.4990098E+16
      1240.8000202    2.4741086E+16
      1243.5000202    2.4494718E+16
      1246.3000203    2.4242148E+16
      1249.0000203    2.4001317E+16
      1257.2000204    2.3285990E+16
      1259.9000205    2.3055659E+16
      1262.6000205    2.2827859E+16
      1270.8000207    2.2151244E+16
      1281.6000208    2.1293986E+16
      1289.8000210    2.0667842E+16
      1292.5000210    2.0466200E+16
      1295.2000211    2.0266757E+16
      1298.0000211    2.0062222E+16
      1300.7000212    1.9867138E+16
      1303.4000212    1.9674217E+16
      1306.1000212    1.9483383E+16
      1314.3000214    1.8916430E+16
      1330.6000216    1.7843528E+16
      1341.5000218    1.7164223E+16
      1355.1000220    1.6357060E+16
      1360.6000221    1.6042831E+16
      1371.4000223    1.5445369E+16
      1382.3000225    1.4867655E+16
      1390.5000226    1.4449076E+16
      1395.9000227    1.4180685E+16
      1404.1000228    1.3783806E+16
      1406.8000229    1.3655880E+16
      1409.5000229    1.3529292E+16
      1415.0000230    1.3275501E+16
      1417.7000231    1.3152881E+16
      1420.4000231    1.3031539E+16
      1423.1000231    1.2911459E+16
      1425.9000232    1.2788248E+16
      1428.6000232    1.2670694E+16
      1431.3000233    1.2554359E+16
      1436.7000234    1.2325288E+16
      1439.5000234    1.2208372E+16
      1442.2000235    1.2096816E+16
      1444.9000235    1.1986411E+16
      1447.6000235    1.1877141E+16
      1450.4000236    1.1765014E+16
      1453.1000236    1.1658022E+16
      1455.8000237    1.1552127E+16
      1458.5000237    1.1447319E+16
      1461.2000238    1.1343585E+16
      1466.7000239    1.1135545E+16
      1469.4000239    1.1034996E+16
      1472.1000239    1.0935473E+16
      1477.6000240    1.0735866E+16
      1480.3000241    1.0639386E+16
      1488.4000242    1.0355780E+16
      1491.2000242    1.0259741E+16
      1496.6000243    1.0077353E+16
      1551.0000252    8.4310385E+15
      1632.7000266    6.4995171E+15
      1823.1000296    3.6631556E+15
      2340.2000381    9.2908478E+14
      2829.9000460    2.9703118E+14
      3047.6000496    1.8289541E+14
      3700.7000602    3.3730148E+13
      4000.0000650    1.4382235E+13
      4680.3000761    0.0000000E+00
 
