       12.5000002    2.3571495E+18
        15.0000002    3.8775055E+18
        20.0000003    3.3648162E+18
        25.0000004    2.7591189E+18
        30.0000005    2.5712753E+18
        35.0000006    1.9151595E+18
        40.0000007    1.5868016E+18
        45.0000007    1.4143432E+18
        50.0000008    1.3106084E+18
        55.0000009    1.2300584E+18
        60.0000010    1.1333452E+18
        65.0000011    1.0117681E+18
        70.0000011    8.7878350E+17
        75.0000012    6.3076877E+18
        80.0000013    6.8524159E+18
        85.0000014    6.6513142E+18
        90.0000015    6.3497319E+18
        95.2390015    5.8915764E+18
       100.6800016    5.2104790E+18
       114.2900019    3.6033165E+18
       119.7300019    3.0898209E+18
       122.4500020    2.8590161E+18
       125.1700020    2.6443180E+18
       127.8900021    2.4448372E+18
       130.6100021    2.2596966E+18
       133.3300022    2.0880394E+18
       136.0600022    1.9284695E+18
       146.9400024    1.4034184E+18
       149.6600024    1.2962225E+18
       155.1000025    1.1061200E+18
       157.8200026    1.0220439E+18
       160.5500026    9.4429144E+17
       165.9900027    1.4722550E+18
       171.4300028    1.3505800E+18
       176.8700029    1.5278434E+18
       179.5900029    1.4718861E+18
       182.3100030    1.4107959E+18
       185.0400030    1.3487088E+18
       187.7600031    1.2881860E+18
       190.4800031    1.2299613E+18
       195.9200032    1.1214088E+18
       198.6400032    1.0709518E+18
       204.0800033    9.7720278E+17
       206.8000034    9.3372328E+17
       209.5300034    8.9220929E+17
       212.2500035    8.5284843E+17
       214.9700035    8.1537432E+17
       220.4100036    7.4567470E+17
       225.8500037    6.8235815E+17
       236.7400038    6.7613554E+17
       247.6200040    5.8295467E+17
       258.5100042    5.0602219E+17
       272.1100044    4.2793862E+17
       285.7200046    3.6495327E+17
       299.3200049    3.1340734E+17
       312.9300051    2.7057717E+17
       340.1400055    2.0414174E+17
       353.7400058    1.7812660E+17
       380.9500062    1.3649659E+17
       394.5600064    1.1980147E+17
       408.1700066    1.0530958E+17
       435.3800071    8.1719372E+16
       462.5900075    6.3742864E+16
       476.1900077    5.6402640E+16
       489.8000080    4.9963582E+16
       503.4000082    4.4316452E+16
       517.0100084    3.9351049E+16
       557.8300091    2.7747436E+16
       571.4300093    2.4755352E+16
       585.0400095    2.2108909E+16
       612.2500100    1.7694036E+16
       666.6700108    1.1475164E+16
       680.2800111    1.0324708E+16
       707.4900115    8.3940186E+15
       734.7000119    6.8362952E+15
       761.9100124    5.5801826E+15
       789.1200128    4.5675705E+15
       816.3300133    3.7478408E+15
       843.5400137    3.0837167E+15
       870.7500142    2.5403301E+15
       911.5700148    1.9039924E+15
       952.3900155    1.4313723E+15
       993.2000162    1.1863606E+15
      1020.4000166    9.7267024E+14
      1061.2000173    7.6144596E+14
      1088.4000177    6.2049184E+14
      1102.0000179    5.5958116E+14
      1115.7000181    5.0531837E+14
      1129.3000184    4.5502440E+14
      1142.9000186    4.0923888E+14
      1156.5000188    3.6751881E+14
      1170.1000190    3.3080586E+14
      1197.3000195    1.2686450E+15
      1210.9000197    1.1369682E+15
      1224.5000199    1.0135164E+15
      1227.2000200    9.9557141E+14
      1229.9000200    9.7248388E+14
      1232.7000200    9.4889853E+14
      1235.4000201    9.2649457E+14
      1238.1000201    9.0441784E+14
      1240.8000202    8.8266222E+14
      1243.5000202    8.6122141E+14
      1246.3000203    8.3931184E+14
      1249.0000203    8.2101206E+14
      1257.2000204    7.5959704E+14
      1259.9000205    7.3993489E+14
      1262.6000205    7.2053774E+14
      1270.8000207    6.6317449E+14
      1281.6000208    5.9087496E+14
      1289.8000210    5.3814558E+14
      1292.5000210    5.2114197E+14
      1295.2000211    5.0429875E+14
      1298.0000211    4.8698920E+14
      1300.7000212    4.7043750E+14
      1303.4000212    4.5400999E+14
      1306.1000212    4.3769284E+14
      1314.3000214    3.8865354E+14
      1330.6000216    2.9147933E+14
      1341.5000218    2.2332417E+14
      1355.1000220    1.2067434E+14
      1360.6000221    5.1168424E+13
 
