       12.5000002    4.5759788E+18
        15.0000002    5.8372572E+18
        20.0000003    2.9947184E+18
        25.0000004    2.2832540E+18
        30.0000005    2.9638820E+18
        35.0000006    2.6805689E+18
        40.0000007    2.2540112E+18
        45.0000007    1.8147861E+18
        50.0000008    1.4477254E+18
        55.0000009    1.1859113E+18
        60.0000010    1.0109048E+18
        65.0000011    8.8734375E+17
        70.0000011    7.8845690E+17
        75.0000012    4.7405994E+18
        80.0000013    4.3491314E+18
        85.0000014    3.5288501E+18
        90.0000015    2.7803559E+18
        95.2390015    2.1389710E+18
       100.6800016    1.6182699E+18
       114.2900019    8.2261062E+17
       119.7300019    6.3790916E+17
       122.4500020    5.6409503E+17
       125.1700020    5.0028971E+17
       127.8900021    4.4504815E+17
       130.6100021    3.9713501E+17
       133.3300022    3.5549616E+17
       136.0600022    3.1910796E+17
       146.9400024    2.1411742E+17
       149.6600024    1.9526210E+17
       155.1000025    1.6376861E+17
       157.8200026    1.5058415E+17
       160.5500026    1.3876803E+17
       165.9900027    4.3597914E+17
       171.4300028    3.7414065E+17
       176.8700029    4.4172192E+17
       179.5900029    4.0897617E+17
       182.3100030    3.7798004E+17
       185.0400030    3.4910212E+17
       187.7600031    3.2258620E+17
       190.4800031    2.9820233E+17
       195.9200032    2.5518244E+17
       198.6400032    2.3622150E+17
       204.0800033    2.0268547E+17
       206.8000034    1.8786484E+17
       209.5300034    1.7414890E+17
       212.2500035    1.6154186E+17
       214.9700035    1.4990388E+17
       220.4100036    1.2922344E+17
       225.8500037    1.1155179E+17
       236.7400038    2.2135217E+17
       247.6200040    1.8076019E+17
       258.5100042    1.4702506E+17
       272.1100044    1.1346050E+17
       285.7200046    8.7457371E+16
       299.3200049    6.7330836E+16
       312.9300051    5.1714464E+16
       340.1400055    3.0188105E+16
       353.7400058    2.2870160E+16
       380.9500062    1.2711018E+16
       394.5600064    9.2117063E+15
       408.1700066    6.4353728E+15
       435.3800071    2.1713953E+15
 
