       12.5000002    4.0460068E+18
        15.0000002    3.3447823E+18
        20.0000003    2.1377439E+18
        25.0000004    2.1612376E+18
        30.0000005    2.7674837E+18
        35.0000006    2.7406399E+18
        40.0000007    2.5776805E+18
        45.0000007    2.2588339E+18
        50.0000008    1.8510454E+18
        55.0000009    1.4471162E+18
        60.0000010    1.1236772E+18
        65.0000011    9.0517144E+17
        70.0000011    7.7131868E+17
        75.0000012    3.9533859E+18
        80.0000013    4.4044088E+18
        85.0000014    4.5294816E+18
        90.0000015    4.6692542E+18
        95.2390015    4.6833302E+18
       100.6800016    4.4757427E+18
       114.2900019    3.8428954E+18
       119.7300019    3.6068784E+18
       122.4500020    3.4907226E+18
       125.1700020    3.3754644E+18
       127.8900021    3.2610586E+18
       130.6100021    3.1475670E+18
       133.3300022    3.0351274E+18
       136.0600022    2.9235236E+18
       146.9400024    2.4954862E+18
       149.6600024    2.3937171E+18
       155.1000025    2.1977070E+18
       157.8200026    2.1037278E+18
       160.5500026    2.0122335E+18
       165.9900027    2.3940843E+18
       171.4300028    2.2507745E+18
       176.8700029    2.3300358E+18
       179.5900029    2.2655676E+18
       182.3100030    2.1898528E+18
       185.0400030    2.1094522E+18
       187.7600031    2.0290711E+18
       190.4800031    1.9508119E+18
       195.9200032    1.8034351E+18
       198.6400032    1.7341831E+18
       204.0800033    1.6047962E+18
       206.8000034    1.5446882E+18
       209.5300034    1.4872867E+18
       212.2500035    1.4328562E+18
       214.9700035    1.3810226E+18
       220.4100036    1.2845462E+18
       225.8500037    1.1967436E+18
       236.7400038    1.2347246E+18
       247.6200040    1.0852403E+18
       258.5100042    9.4963046E+17
       272.1100044    8.0562894E+17
       285.7200046    6.8678396E+17
       299.3200049    5.8873178E+17
       312.9300051    5.0755979E+17
       340.1400055    3.8419692E+17
       353.7400058    3.3731247E+17
       380.9500062    2.6443236E+17
       394.5600064    2.3594209E+17
       408.1700066    2.1149165E+17
       435.3800071    1.7199116E+17
       462.5900075    1.4171515E+17
       476.1900077    1.2915427E+17
       489.8000080    1.1795955E+17
       503.4000082    1.0795088E+17
       517.0100084    9.8953865E+16
       557.8300091    7.6860759E+16
       571.4300093    7.0818075E+16
       585.0400095    6.5309251E+16
       612.2500100    5.5691028E+16
       666.6700108    4.0853411E+16
       680.2800111    3.7868722E+16
       707.4900115    3.3330134E+16
       734.7000119    2.8956740E+16
       761.9100124    2.4918591E+16
       789.1200128    2.1509351E+16
       816.3300133    1.8618529E+16
       843.5400137    1.6158371E+16
       870.7500142    1.4057978E+16
       911.5700148    1.1457933E+16
       952.3900155    9.3855848E+15
       993.2000162    1.0849385E+16
      1020.4000166    9.3890680E+15
      1061.2000173    8.7785588E+15
      1088.4000177    7.6123163E+15
      1102.0000179    7.0962105E+15
      1115.7000181    6.6163756E+15
      1129.3000184    6.1764583E+15
      1142.9000186    5.7696996E+15
      1156.5000188    5.3933585E+15
      1170.1000190    5.0448654E+15
      1197.3000195    1.6253727E+16
      1210.9000197    1.5383553E+16
      1224.5000199    1.4549058E+16
      1227.2000200    1.4388776E+16
      1229.9000200    1.4230336E+16
      1232.7000200    1.4067974E+16
      1235.4000201    1.3913285E+16
      1238.1000201    1.3760427E+16
      1240.8000202    1.3609388E+16
      1243.5000202    1.3460154E+16
      1246.3000203    1.3307282E+16
      1249.0000203    1.3161673E+16
      1257.2000204    1.2730116E+16
      1259.9000205    1.2591461E+16
      1262.6000205    1.2454477E+16
      1270.8000207    1.2048492E+16
      1281.6000208    1.1536061E+16
      1289.8000210    1.1163194E+16
      1292.5000210    1.1043377E+16
      1295.2000211    1.0924991E+16
      1298.0000211    1.0803714E+16
      1300.7000212    1.0688189E+16
      1303.4000212    1.0574042E+16
      1306.1000212    1.0461253E+16
      1314.3000214    1.0126861E+16
      1330.6000216    9.4970231E+15
      1341.5000218    9.1003002E+15
      1355.1000220    8.6310551E+15
      1360.6000221    8.4490232E+15
      1371.4000223    8.1039419E+15
      1382.3000225    7.7715742E+15
      1390.5000226    7.5315838E+15
      1395.9000227    7.3780731E+15
      1404.1000228    7.1516145E+15
      1406.8000229    7.0787589E+15
      1409.5000229    7.0067334E+15
      1415.0000230    6.8625369E+15
      1417.7000231    6.7929664E+15
      1420.4000231    6.7241847E+15
      1423.1000231    6.6561809E+15
      1425.9000232    6.5864703E+15
      1428.6000232    6.5200218E+15
      1431.3000233    6.4543222E+15
      1436.7000234    6.3251328E+15
      1439.5000234    6.2592862E+15
      1442.2000235    6.1965168E+15
      1444.9000235    6.1344502E+15
      1447.6000235    6.0730779E+15
      1450.4000236    6.0101566E+15
      1453.1000236    5.9501725E+15
      1455.8000237    5.8908563E+15
      1458.5000237    5.8322005E+15
      1461.2000238    5.7741970E+15
      1466.7000239    5.6580251E+15
      1469.4000239    5.6019527E+15
      1472.1000239    5.5465004E+15
      1477.6000240    5.4354288E+15
      1480.3000241    5.3818141E+15
      1488.4000242    5.2244798E+15
      1491.2000242    5.1712926E+15
      1496.6000243    5.0704151E+15
      1551.0000252    4.1679144E+15
      1632.7000266    3.1295199E+15
      1823.1000296    1.6546774E+15
      2340.2000381    3.2727963E+14
      2829.9000460    6.1816508E+13
      3047.6000496    1.8369904E+13
 
