       12.5000002    3.1426450E+18
        15.0000002    4.6593064E+18
        20.0000003    3.7830704E+18
        25.0000004    2.6603033E+18
        30.0000005    2.1564888E+18
        35.0000006    1.8049226E+18
        40.0000007    1.6835389E+18
        45.0000007    1.5869074E+18
        50.0000008    1.4779839E+18
        55.0000009    1.3315559E+18
        60.0000010    1.1507360E+18
        65.0000011    9.6639561E+17
        70.0000011    8.0488842E+17
        75.0000012    6.6867151E+18
        80.0000013    7.0407832E+18
        85.0000014    6.5567237E+18
        90.0000015    5.9537081E+18
        95.2390015    5.2411157E+18
       100.6800016    4.4310921E+18
       114.2900019    2.7905149E+18
       119.7300019    2.3129123E+18
       122.4500020    2.1054613E+18
       125.1700020    1.9166409E+18
       127.8900021    1.7448903E+18
       130.6100021    1.5887586E+18
       133.3300022    1.4469001E+18
       136.0600022    1.3176189E+18
       146.9400024    9.1105252E+17
       149.6600024    8.3187023E+17
       155.1000025    6.9494660E+17
       157.8200026    6.3589417E+17
       160.5500026    5.8214887E+17
       165.9900027    1.1568986E+18
       171.4300028    1.0538594E+18
       176.8700029    1.2402624E+18
       179.5900029    1.1869038E+18
       182.3100030    1.1299947E+18
       185.0400030    1.0730515E+18
       187.7600031    1.0181594E+18
       190.4800031    9.6578195E+17
       195.9200032    8.6906918E+17
       198.6400032    8.2454920E+17
       204.0800033    7.4259105E+17
       206.8000034    7.0491738E+17
       209.5300034    6.6915570E+17
       212.2500035    6.3544818E+17
       214.9700035    6.0354729E+17
       220.4100036    5.4475049E+17
       225.8500037    4.9200400E+17
       236.7400038    5.3706989E+17
       247.6200040    4.6312248E+17
       258.5100042    4.0113558E+17
       272.1100044    3.3726114E+17
       285.7200046    2.8502434E+17
       299.3200049    2.4189144E+17
       312.9300051    2.0591614E+17
       340.1400055    1.5034784E+17
       353.7400058    1.2886892E+17
       380.9500062    9.5162938E+16
       394.5600064    8.1971092E+16
       408.1700066    7.0717435E+16
       435.3800071    5.2879466E+16
       462.5900075    3.9769293E+16
       476.1900077    3.4562248E+16
       489.8000080    3.0073883E+16
       503.4000082    2.6204457E+16
       517.0100084    2.2860685E+16
       557.8300091    1.5278180E+16
       571.4300093    1.3385306E+16
       585.0400095    1.1736039E+16
       612.2500100    9.0458915E+15
       666.6700108    5.4107794E+15
       680.2800111    4.7621368E+15
       707.4900115    3.6945617E+15
       734.7000119    2.8625326E+15
       761.9100124    2.2150058E+15
       789.1200128    1.7085036E+15
       816.3300133    1.3114013E+15
       843.5400137    9.9883377E+14
       870.7500142    7.5156941E+14
       911.5700148    4.7087548E+14
       952.3900155    2.6324700E+14
       993.2000162    7.9266423E+13
 
