       12.5000002    2.1680868E+18
        15.0000002    3.1087289E+18
        20.0000003    3.0696674E+18
        25.0000004    2.5809230E+18
        30.0000005    2.9148707E+18
        35.0000006    2.2943435E+18
        40.0000007    1.7896222E+18
        45.0000007    1.4548265E+18
        50.0000008    1.2450389E+18
        55.0000009    1.1235371E+18
        60.0000010    1.0441018E+18
        65.0000011    9.6878760E+17
        70.0000011    8.8296233E+17
        75.0000012    5.6392555E+18
        80.0000013    6.2247130E+18
        85.0000014    6.1953280E+18
        90.0000015    6.1142308E+18
        95.2390015    5.8994373E+18
       100.6800016    5.4138556E+18
       114.2900019    4.0583675E+18
       119.7300019    3.5847713E+18
       122.4500020    3.3648687E+18
       125.1700020    3.1560613E+18
       127.8900021    2.9581549E+18
       130.6100021    2.7709056E+18
       133.3300022    2.5940283E+18
       136.0600022    2.4266112E+18
       146.9400024    1.8526471E+18
       149.6600024    1.7304889E+18
       155.1000025    1.5089357E+18
       157.8200026    1.4087425E+18
       160.5500026    1.3147513E+18
       165.9900027    1.7722396E+18
       171.4300028    1.6281190E+18
       176.8700029    1.7715382E+18
       179.5900029    1.7096809E+18
       182.3100030    1.6427579E+18
       185.0400030    1.5749521E+18
       187.7600031    1.5089166E+18
       190.4800031    1.4454056E+18
       195.9200032    1.3269886E+18
       198.6400032    1.2718954E+18
       204.0800033    1.1693655E+18
       206.8000034    1.1217219E+18
       209.5300034    1.0761636E+18
       212.2500035    1.0328940E+18
       214.9700035    9.9161793E+17
       220.4100036    9.1458910E+17
       225.8500037    8.4424633E+17
       236.7400038    8.2469385E+17
       247.6200040    7.0956158E+17
       258.5100042    6.1407944E+17
       272.1100044    5.1774295E+17
       285.7200046    4.4093045E+17
       299.3200049    3.7892665E+17
       312.9300051    3.2810908E+17
       340.1400055    2.5055547E+17
       353.7400058    2.2051566E+17
       380.9500062    1.7254493E+17
       394.5600064    1.5322710E+17
       408.1700066    1.3635451E+17
       435.3800071    1.0853849E+17
       462.5900075    8.6874673E+16
       476.1900077    7.7863204E+16
       489.8000080    6.9855972E+16
       503.4000082    6.2741887E+16
       517.0100084    5.6404045E+16
       557.8300091    4.1220566E+16
       571.4300093    3.7201276E+16
       585.0400095    3.3602737E+16
       612.2500100    2.7494761E+16
       666.6700108    1.8613952E+16
       680.2800111    1.6921618E+16
       707.4900115    1.4083483E+16
       734.7000119    1.1723403E+16
       761.9100124    9.7721898E+15
       789.1200128    8.1736771E+15
       816.3300133    6.8588899E+15
       843.5400137    5.7733358E+15
       870.7500142    4.8736873E+15
       911.5700148    3.7990556E+15
       952.3900155    2.9776807E+15
       993.2000162    2.7367330E+15
      1020.4000166    2.3166863E+15
      1061.2000173    1.9606500E+15
      1088.4000177    1.6626947E+15
      1102.0000179    1.5323131E+15
      1115.7000181    1.4119916E+15
      1129.3000184    1.3024825E+15
      1142.9000186    1.2019695E+15
      1156.5000188    1.1096423E+15
      1170.1000190    1.0247705E+15
      1197.3000195    3.9165541E+15
      1210.9000197    3.6455304E+15
      1224.5000199    3.3885773E+15
      1227.2000200    3.3395564E+15
      1229.9000200    3.2912061E+15
      1232.7000200    3.2417715E+15
      1235.4000201    3.1947792E+15
      1238.1000201    3.1484470E+15
      1240.8000202    3.1027681E+15
      1243.5000202    3.0577359E+15
      1246.3000203    3.0117111E+15
      1249.0000203    2.9679730E+15
      1257.2000204    2.8389248E+15
      1259.9000205    2.7976518E+15
      1262.6000205    2.7569680E+15
      1270.8000207    2.6369365E+15
      1281.6000208    2.4866309E+15
      1289.8000210    2.3872795E+15
      1292.5000210    2.3525847E+15
      1295.2000211    2.3183823E+15
      1298.0000211    2.2834258E+15
      1300.7000212    2.2502042E+15
      1303.4000212    2.2174532E+15
      1306.1000212    2.1851657E+15
      1314.3000214    2.0898775E+15
      1330.6000216    1.9122349E+15
      1341.5000218    1.8016274E+15
      1355.1000220    1.6721494E+15
      1360.6000221    1.6223303E+15
      1371.4000223    1.5285369E+15
      1382.3000225    1.4390304E+15
      1390.5000226    1.3749263E+15
      1395.9000227    1.3341598E+15
      1404.1000228    1.2743687E+15
      1406.8000229    1.2552228E+15
      1409.5000229    1.2363384E+15
      1415.0000230    1.1986636E+15
      1417.7000231    1.1805505E+15
      1420.4000231    1.1626840E+15
      1423.1000231    1.1450602E+15
      1425.9000232    1.1270365E+15
      1428.6000232    1.1098965E+15
      1431.3000233    1.0929888E+15
      1436.7000234    1.0598566E+15
      1439.5000234    1.0430285E+15
      1442.2000235    1.0270244E+15
      1444.9000235    1.0112360E+15
      1447.6000235    9.9566006E+14
      1450.4000236    9.7972841E+14
      1453.1000236    9.6457583E+14
      1455.8000237    9.5702374E+14
      1458.5000237    9.4227972E+14
      1461.2000238    9.2773293E+14
      1466.7000239    8.9869862E+14
      1469.4000239    8.8473327E+14
      1472.1000239    8.7095374E+14
      1477.6000240    8.4344796E+14
      1480.3000241    8.3021637E+14
      1488.4000242    7.9156227E+14
      1491.2000242    7.7855463E+14
      1496.6000243    7.5396721E+14
      1551.0000252    5.3906336E+14
      1632.7000266    3.1423823E+14
 
