       12.5000002    4.2244259E+18
        15.0000002    4.3089696E+18
        20.0000003    3.5758394E+18
        25.0000004    3.1663873E+18
        30.0000005    3.4544893E+18
        35.0000006    2.7140804E+18
        40.0000007    2.1274831E+18
        45.0000007    1.7475510E+18
        50.0000008    1.4850290E+18
        55.0000009    1.2674483E+18
        60.0000010    1.0691256E+18
        65.0000011    8.8982109E+17
        70.0000011    7.3447411E+17
        75.0000012    2.3117488E+18
        80.0000013    1.8058226E+18
        85.0000014    1.3216161E+18
        90.0000015    9.6450679E+17
        95.2390015    7.0275100E+17
       100.6800016    5.1639436E+17
       114.2900019    2.6490224E+17
       119.7300019    2.1050308E+17
       122.4500020    1.8885863E+17
       125.1700020    1.7007354E+17
       127.8900021    1.5366697E+17
       130.6100021    1.3925091E+17
       133.3300022    1.2651091E+17
       136.0600022    1.1515276E+17
       146.9400024    8.0449788E+16
       149.6600024    7.3758315E+16
       155.1000025    6.2121922E+16
       157.8200026    5.7049372E+16
       160.5500026    5.2388461E+16
       165.9900027    1.1238333E+17
       171.4300028    9.0424334E+16
       176.8700029    9.5465303E+16
       179.5900029    8.5257944E+16
       182.3100030    7.6036744E+16
       185.0400030    6.7731346E+16
       187.7600031    6.0323318E+16
       190.4800031    5.3695587E+16
       195.9200032    4.2464015E+16
       198.6400032    3.7719004E+16
       204.0800033    2.9671844E+16
       206.8000034    2.6268181E+16
       209.5300034    2.3208607E+16
       212.2500035    2.0477292E+16
       214.9700035    1.8028273E+16
       220.4100036    1.3857770E+16
       225.8500037    1.0487450E+16
       236.7400038    2.7817322E+16
       247.6200040    9.1568617E+15
 
