       80.0000013    4.1616802E+00
        85.0000014    2.8836679E+00
        90.0000015    2.0116918E+00
        95.2390015    1.3900754E+00
       100.6800016    9.5515543E-01
       114.2900019    3.8858959E-01
       119.7300019    2.7548754E-01
       122.4500020    2.3270212E-01
       125.1700020    1.9697161E-01
       127.8900021    1.6706753E-01
       130.6100021    1.4198549E-01
       133.3300022    1.2090287E-01
       136.0600022    1.0308473E-01
       146.9400024    8.3782539E-02
       149.6600024    7.4448027E-02
       155.1000025    5.8610208E-02
       157.8200026    5.2080858E-02
       160.5500026    4.6338275E-02
       165.9900027    3.6923565E-02
       171.4300028    2.9646404E-02
       176.8700029    2.3975238E-02
       179.5900029    2.1614783E-02
       182.3100030    1.9517463E-02
       185.0400030    1.7643660E-02
       187.7600031    1.5978524E-02
       190.4800031    1.4490237E-02
       195.9200032    1.1962240E-02
       198.6400032    1.0888240E-02
       204.0800033    1.0325079E-02
       206.8000034    9.4299456E-03
       209.5300034    8.5851941E-03
       212.2500035    7.8124534E-03
       214.9700035    7.1099801E-03
       220.4100036    5.8996887E-03
       225.8500037    4.9123652E-03
       236.7400038    3.4447755E-03
       247.6200040    2.4549272E-03
       258.5100042    1.7760488E-03
       272.1100044    1.2099994E-03
       285.7200046    8.4175827E-04
       299.3200049    5.9709232E-04
       312.9300051    4.3074580E-04
       340.1400055    2.3410477E-04
       353.7400058    1.7570225E-04
       380.9500062    1.0173379E-04
       394.5600064    7.8292564E-05
       408.1700066    6.0633214E-05
       435.3800071    3.6958405E-05
       462.5900075    2.2930413E-05
       476.1900077    1.8166040E-05
       489.8000080    1.4438019E-05
       503.4000082    1.1513394E-05
       517.0100084    9.2070895E-06
       557.8300091    4.7873882E-06
       571.4300093    3.8697876E-06
       585.0400095    3.1350839E-06
       612.2500100    2.0722387E-06
       666.6700108    9.2905367E-07
       680.2800111    7.6402324E-07
       707.4900115    5.1973262E-07
       734.7000119    3.5614283E-07
       761.9100124    2.4573748E-07
       789.1200128    1.7067079E-07
       816.3300133    1.1926660E-07
       843.5400137    8.3825768E-08
       870.7500142    5.9232313E-08
       911.5700148    3.5502310E-08
       952.3900155    2.1484317E-08
       993.2000162    1.3107465E-08
      1020.4000166    9.4636468E-09
      1061.2000173    5.8298681E-09
      1088.4000177    4.2289749E-09
      1102.0000179    3.6031436E-09
      1115.7000181    3.0667524E-09
      1129.3000184    2.6134488E-09
      1142.9000186    2.2271056E-09
      1156.5000188    1.8976776E-09
      1170.1000190    1.6166669E-09
      1197.3000195    1.1722068E-09
      1210.9000197    9.9747799E-10
      1224.5000199    8.4829166E-10
      1227.2000200    8.2137613E-10
      1229.9000200    7.9529172E-10
      1232.7000200    7.6909157E-10
      1235.4000201    7.4462153E-10
      1238.1000201    7.2090711E-10
      1240.8000202    6.9792505E-10
      1243.5000202    6.7565270E-10
      1246.3000203    6.5328182E-10
      1249.0000203    6.3238853E-10
      1257.2000204    6.6219852E-10
      1259.9000205    6.4104716E-10
      1262.6000205    6.2024008E-10
      1270.8000207    5.6027227E-10
      1281.6000208    4.8937671E-10
      1289.8000210    4.7264326E-10
      1292.5000210    4.5683879E-10
      1295.2000211    4.4144138E-10
      1298.0000211    4.2594200E-10
      1300.7000212    4.1145967E-10
      1303.4000212    3.9743125E-10
      1306.1000212    3.8384942E-10
      1314.3000214    3.4522571E-10
      1330.6000216    2.7905445E-10
      1341.5000218    2.4165156E-10
      1355.1000220    2.0151429E-10
      1360.6000221    1.8710648E-10
      1371.4000223    1.6152493E-10
      1382.3000225    1.3897279E-10
      1390.5000226    1.2392401E-10
      1395.9000227    1.1482780E-10
      1404.1000228    1.0214692E-10
      1406.8000229    9.8251109E-11
      1409.5000229    9.4486356E-11
      1415.0000230    8.7205333E-11
      1417.7000231    8.3813199E-11
      1420.4000231    8.0535835E-11
      1423.1000231    7.7369507E-11
      1425.9000232    7.4199341E-11
      1428.6000232    7.1248181E-11
      1431.3000233    6.8397454E-11
      1436.7000234    6.2984326E-11
      1439.5000234    6.0322240E-11
      1442.2000235    5.7844729E-11
      1444.9000235    5.5452164E-11
      1447.6000235    5.3141755E-11
      1450.4000236    5.0829656E-11
      1453.1000236    4.8678315E-11
      1455.8000237    2.8503006E-10
      1458.5000237    2.7529759E-10
      1461.2000238    2.6493738E-10
      1466.7000239    2.4346555E-10
      1469.4000239    2.3313496E-10
      1472.1000239    2.2305228E-10
      1477.6000240    2.0339097E-10
      1480.3000241    1.9418617E-10
      1488.4000242    1.6830577E-10
      1491.2000242    1.5993984E-10
      1496.6000243    1.4459617E-10
      1551.0000252    3.1665521E-11
 
