       80.0000013    2.3086791E+00
        85.0000014    1.5382357E+00
        90.0000015    1.0349636E+00
        95.2390015    6.9061297E-01
       100.6800016    4.5895037E-01
       114.2900019    1.7344791E-01
       119.7300019    1.1972120E-01
       122.4500020    9.9823117E-02
       125.1700020    8.3422385E-02
       127.8900021    6.9869824E-02
       130.6100021    5.8643118E-02
       133.3300022    4.9320828E-02
       136.0600022    4.1535988E-02
       146.9400024    4.0370759E-02
       149.6600024    3.6049701E-02
       155.1000025    2.8543627E-02
       157.8200026    2.5401477E-02
       160.5500026    2.2618599E-02
       165.9900027    1.8020624E-02
       171.4300028    1.4439366E-02
       176.8700029    1.1634592E-02
       179.5900029    1.0464397E-02
       182.3100030    9.4237039E-03
       185.0400030    8.4934831E-03
       187.7600031    7.6668072E-03
       190.4800031    6.9281841E-03
       195.9200032    5.6751049E-03
       198.6400032    5.1438017E-03
       204.0800033    4.5187911E-03
       206.8000034    4.0968731E-03
       209.5300034    3.7124224E-03
       212.2500035    3.3674890E-03
       214.9700035    3.0576841E-03
       220.4100036    2.5298933E-03
       225.8500037    2.1035918E-03
       236.7400038    1.4753108E-03
       247.6200040    1.0540877E-03
       258.5100042    7.6544308E-04
       272.1100044    5.2389817E-04
       285.7200046    3.6554041E-04
       299.3200049    2.5932409E-04
       312.9300051    1.8645044E-04
       340.1400055    9.9566219E-05
       353.7400058    7.3705640E-05
       380.9500062    4.1190171E-05
       394.5600064    3.1047064E-05
       408.1700066    2.3514234E-05
       435.3800071    1.3664684E-05
       462.5900075    8.0624077E-06
       476.1900077    6.2257113E-06
       489.8000080    4.8221505E-06
       503.4000082    3.7473676E-06
       517.0100084    2.9203416E-06
       557.8300091    1.4060182E-06
       571.4300093    1.1079942E-06
       585.0400095    8.7517219E-07
       612.2500100    5.5000430E-07
       666.6700108    2.2286748E-07
       680.2800111    1.7864119E-07
       707.4900115    1.1535389E-07
       734.7000119    7.4909728E-08
       761.9100124    4.8870078E-08
       789.1200128    3.1993231E-08
       816.3300133    2.0992298E-08
       843.5400137    1.3787482E-08
       870.7500142    9.0514769E-09
       911.5700148    4.7936362E-09
       952.3900155    2.5111331E-09
       993.2000162    1.2903011E-09
      1020.4000166    8.1394103E-10
      1061.2000173    3.9148795E-10
      1088.4000177    2.3000342E-10
      1102.0000179    1.7259252E-10
      1115.7000181    1.2648675E-10
      1129.3000184    9.0000708E-11
      1142.9000186    6.0726153E-11
      1156.5000188    3.6634053E-11
      1170.1000190    1.3765279E-11
 
