       80.0000013    3.1686678E+00
        85.0000014    2.1538291E+00
        90.0000015    1.4760773E+00
        95.2390015    1.0026275E+00
       100.6800016    6.7776263E-01
       114.2900019    2.6608607E-01
       119.7300019    1.8625928E-01
       122.4500020    1.5637159E-01
       125.1700020    1.3156967E-01
       127.8900021    1.1093864E-01
       130.6100021    9.3736663E-02
       133.3300022    7.9360798E-02
       136.0600022    6.7279309E-02
       146.9400024    5.8817822E-02
       149.6600024    5.2391283E-02
       155.1000025    4.1388951E-02
       157.8200026    3.6821894E-02
       160.5500026    3.2790929E-02
       165.9900027    2.6153939E-02
       171.4300028    2.0999884E-02
       176.8700029    1.6969262E-02
       179.5900029    1.5288257E-02
       182.3100030    1.3793152E-02
       185.0400030    1.2456338E-02
       187.7600031    1.1267710E-02
       190.4800031    1.0204926E-02
       195.9200032    8.3993701E-03
       198.6400032    7.6324367E-03
       204.0800033    6.9678044E-03
       206.8000034    6.3367696E-03
       209.5300034    5.7525747E-03
       212.2500035    5.2238731E-03
       214.9700035    4.7465083E-03
       220.4100036    3.9294362E-03
       225.8500037    3.2669499E-03
       236.7400038    2.2879732E-03
       247.6200040    1.6311086E-03
       258.5100042    1.1817443E-03
       272.1100044    8.0713129E-04
       285.7200046    5.6286639E-04
       299.3200049    3.9991154E-04
       312.9300051    2.8858832E-04
       340.1400055    1.5618879E-04
       353.7400058    1.1669638E-04
       380.9500062    6.6683482E-05
       394.5600064    5.0894152E-05
       408.1700066    3.9054532E-05
       435.3800071    2.3326631E-05
       462.5900075    1.4157629E-05
       476.1900077    1.1089068E-05
       489.8000080    8.7122880E-06
       503.4000082    6.8672834E-06
       517.0100084    5.4280185E-06
       557.8300091    2.7257104E-06
       571.4300093    2.1780540E-06
       585.0400095    1.7444593E-06
       612.2500100    1.1272226E-06
       666.6700108    4.8333919E-07
       680.2800111    3.9311334E-07
       707.4900115    2.6157582E-07
       734.7000119    1.7530381E-07
       761.9100124    1.1826242E-07
       789.1200128    8.0260833E-08
       816.3300133    5.4763124E-08
       843.5400137    3.7541522E-08
       870.7500142    2.5838681E-08
       911.5700148    1.4839694E-08
       952.3900155    8.5624636E-09
       993.2000162    4.9497575E-09
      1020.4000166    3.4330172E-09
      1061.2000173    1.9757675E-09
      1088.4000177    1.3612093E-09
      1102.0000179    1.1277786E-09
      1115.7000181    9.3166153E-10
      1129.3000184    7.6936035E-10
      1142.9000186    6.3403371E-10
      1156.5000188    5.2127180E-10
      1170.1000190    4.2738624E-10
      1197.3000195    2.8439884E-10
      1210.9000197    2.3054653E-10
      1224.5000199    1.8591800E-10
      1227.2000200    1.7801800E-10
      1229.9000200    1.7041010E-10
      1232.7000200    1.6281790E-10
      1235.4000201    1.5577344E-10
      1238.1000201    1.4899078E-10
      1240.8000202    1.4246067E-10
      1243.5000202    1.3617413E-10
      1246.3000203    1.2990273E-10
      1249.0000203    1.2408581E-10
      1257.2000204    1.1906591E-10
      1259.9000205    1.1354435E-10
      1262.6000205    1.0819333E-10
      1270.8000207    9.3085442E-11
      1281.6000208    7.5730915E-11
      1289.8000210    6.7441094E-11
      1292.5000210    6.3792228E-11
      1295.2000211    6.0277151E-11
      1298.0000211    5.6773215E-11
      1300.7000212    5.3527901E-11
      1303.4000212    5.0409555E-11
      1306.1000212    4.7413531E-11
      1314.3000214    3.9013289E-11
      1330.6000216    2.4966576E-11
      1341.5000218    1.7036969E-11
      1355.1000220    7.5270103E-12
      1360.6000221    1.0397705E-12
 
