       80.0000013    1.5889728E+00
        85.0000014    1.0363661E+00
        90.0000015    6.8366706E-01
        95.2390015    4.4751015E-01
       100.6800016    2.9188389E-01
       114.2900019    1.0566146E-01
       119.7300019    7.1751423E-02
       122.4500020    5.9346311E-02
       125.1700020    4.9200844E-02
       127.8900021    4.0881563E-02
       130.6100021    3.4042448E-02
       133.3300022    2.8406436E-02
       136.0600022    2.3735458E-02
       146.9400024    2.6788725E-02
       149.6600024    2.3955856E-02
       155.1000025    1.8959804E-02
       157.8200026    1.6854020E-02
       160.5500026    1.4985275E-02
       165.9900027    1.1893796E-02
       171.4300028    9.4860094E-03
       176.8700029    7.6029403E-03
       179.5900029    6.8186740E-03
       182.3100030    6.1222017E-03
       185.0400030    5.5006784E-03
       187.7600031    4.9493406E-03
       190.4800031    4.4577019E-03
       195.9200032    3.6263117E-03
       198.6400032    3.2750808E-03
       204.0800033    2.7977047E-03
       206.8000034    2.5325462E-03
       209.5300034    2.2935439E-03
       212.2500035    2.0802801E-03
       214.9700035    1.8892938E-03
       220.4100036    1.5645586E-03
       225.8500037    1.3024412E-03
       236.7400038    9.1564201E-04
       247.6200040    6.5533817E-04
       258.5100042    4.7607956E-04
       272.1100044    3.2523752E-04
       285.7200046    2.2585179E-04
       299.3200049    1.5902048E-04
       312.9300051    1.1319082E-04
       340.1400055    5.8896254E-05
       353.7400058    4.2945070E-05
       380.9500062    2.3223794E-05
       394.5600064    1.7205113E-05
       408.1700066    1.2803534E-05
       435.3800071    7.1799927E-06
       462.5900075    4.0873056E-06
       476.1900077    3.1002166E-06
       489.8000080    2.3586956E-06
       503.4000082    1.8004647E-06
       517.0100084    1.3781546E-06
       557.8300091    6.2830469E-07
       571.4300093    4.8600015E-07
       585.0400095    3.7667024E-07
       612.2500100    2.2761297E-07
       666.6700108    8.4581323E-08
       680.2800111    6.6190026E-08
       707.4900115    4.0590699E-08
       734.7000119    2.4887509E-08
       761.9100124    1.5220460E-08
       789.1200128    9.2590602E-09
       816.3300133    5.5838325E-09
       843.5400137    3.3236049E-09
       870.7500142    1.9403856E-09
       911.5700148    8.1550172E-10
       952.3900155    2.9595748E-10
       993.2000162    5.2586824E-11
 
