       80.0000013    2.0271996E-03
        85.0000014    9.8326651E-04
        90.0000015    4.9523602E-04
        95.2390015    2.5253836E-04
       100.6800016    1.3217577E-04
       114.2900019    3.2424632E-05
       119.7300019    1.9705938E-05
       122.4500020    1.5488293E-05
       125.1700020    1.2217601E-05
       127.8900021    9.6602398E-06
       130.6100021    7.6469532E-06
       133.3300022    6.0533725E-06
       136.0600022    4.7826752E-06
       146.9400024    1.2287188E-05
       149.6600024    8.9238383E-06
       155.1000025    4.5543675E-06
       157.8200026    3.1831196E-06
       160.5500026    2.1757364E-06
       165.9900027    9.1949585E-07
       171.4300028    2.5970624E-07
 
