       80.0000013    3.1615169E-01
        85.0000014    1.9059910E-01
        90.0000015    1.1673985E-01
        95.2390015    7.0959788E-02
       100.6800016    4.2985953E-02
       114.2900019    1.3054352E-02
       119.7300019    8.2883833E-03
       122.4500020    6.6330776E-03
       125.1700020    5.3233001E-03
       127.8900021    4.2839629E-03
       130.6100021    3.4569469E-03
       133.3300022    2.7971144E-03
       136.0600022    2.2675630E-03
       146.9400024    5.5845368E-03
       149.6600024    4.9093751E-03
       155.1000025    3.7516133E-03
       157.8200026    3.2762061E-03
       160.5500026    2.8609014E-03
       165.9900027    2.1889830E-03
       171.4300028    1.6811650E-03
       176.8700029    1.2960342E-03
       179.5900029    1.1394811E-03
       182.3100030    1.0027016E-03
       185.0400030    8.8266211E-04
       187.7600031    7.7797928E-04
       190.4800031    6.8624080E-04
       195.9200032    5.3512245E-04
       198.6400032    4.7304318E-04
       204.0800033    4.6815753E-04
       206.8000034    4.2218933E-04
       209.5300034    3.8092058E-04
       212.2500035    3.4414752E-04
       214.9700035    3.1122162E-04
       220.4100036    2.5520569E-04
       225.8500037    2.0995579E-04
       236.7400038    1.4324862E-04
       247.6200040    9.8683633E-05
       258.5100042    6.8478445E-05
       272.1100044    4.3772409E-05
       285.7200046    2.8199934E-05
       299.3200049    1.8297680E-05
       312.9300051    1.1937029E-05
       340.1400055    5.1505565E-06
       353.7400058    3.4002165E-06
       380.9500062    1.4885417E-06
       394.5600064    9.8494707E-07
       408.1700066    6.5074503E-07
       435.3800071    2.8118404E-07
       462.5900075    1.1829010E-07
       476.1900077    7.5457648E-08
       489.8000080    4.7315154E-08
       503.4000082    2.8983264E-08
       517.0100084    1.7132230E-08
       557.8300091    1.5400275E-09
 
