       80.0000013    1.0211953E+00
        85.0000014    6.5072483E-01
        90.0000015    4.2003831E-01
        95.2390015    2.6911199E-01
       100.6800016    1.7184886E-01
       114.2900019    5.9184607E-02
       119.7300019    3.9427843E-02
       122.4500020    3.2304015E-02
       125.1700020    2.6531203E-02
       127.8900021    2.1840619E-02
       130.6100021    1.8019561E-02
       133.3300022    1.4899146E-02
       136.0600022    1.2336374E-02
       146.9400024    1.7044716E-02
       149.6600024    1.5224570E-02
       155.1000025    1.1991022E-02
       157.8200026    1.0626722E-02
       160.5500026    9.4171399E-03
       165.9900027    7.4208807E-03
       171.4300028    5.8726897E-03
       176.8700029    4.6680532E-03
       179.5900029    4.1685132E-03
       182.3100030    3.7262433E-03
       185.0400030    3.3328277E-03
       187.7600031    2.9850020E-03
       190.4800031    2.6759133E-03
       195.9200032    2.1560139E-03
       198.6400032    1.9376463E-03
       204.0800033    1.6527958E-03
       206.8000034    1.4956307E-03
       209.5300034    1.3546521E-03
       212.2500035    1.2290835E-03
       214.9700035    1.1166732E-03
       220.4100036    9.2539622E-04
       225.8500037    7.7068602E-04
       236.7400038    5.4151518E-04
       247.6200040    3.8648219E-04
       258.5100042    2.7928979E-04
       272.1100044    1.8891470E-04
       285.7200046    1.2946170E-04
       299.3200049    8.9710687E-05
       312.9300051    6.2711522E-05
       340.1400055    3.1335188E-05
       353.7400058    2.2359483E-05
       380.9500062    1.1562408E-05
       394.5600064    8.3727291E-06
       408.1700066    6.0891421E-06
       435.3800071    3.2597234E-06
       462.5900075    1.7698729E-06
       476.1900077    1.3103917E-06
       489.8000080    9.7266411E-07
       503.4000082    7.2393317E-07
       517.0100084    5.3987384E-07
       557.8300091    2.2619639E-07
       571.4300093    1.6964597E-07
       585.0400095    1.2726248E-07
       612.2500100    7.1604731E-08
       666.6700108    2.2320657E-08
       680.2800111    1.6563202E-08
       707.4900115    8.9948538E-09
       734.7000119    4.7520166E-09
       761.9100124    2.4006785E-09
       789.1200128    1.1185798E-09
       816.3300133    4.2915854E-10
 
