       80.0000013    6.0295266E-01
        85.0000014    3.7439036E-01
        90.0000015    2.3583977E-01
        95.2390015    1.4746635E-01
       100.6800016    9.1910549E-02
       114.2900019    2.9876512E-02
       119.7300019    1.9465914E-02
       122.4500020    1.5775505E-02
       125.1700020    1.2817293E-02
       127.8900021    1.0439495E-02
       130.6100021    8.5231951E-03
       133.3300022    6.9749127E-03
       136.0600022    5.7167793E-03
       146.9400024    1.0243969E-02
       149.6600024    9.1019226E-03
       155.1000025    7.0901988E-03
       157.8200026    6.2483712E-03
       160.5500026    5.5057388E-03
       165.9900027    4.2887400E-03
       171.4300028    3.3537997E-03
       176.8700029    2.6332955E-03
       179.5900029    2.3367752E-03
       182.3100030    2.0755823E-03
       185.0400030    1.8444497E-03
       187.7600031    1.6411872E-03
       190.4800031    1.4615407E-03
       195.9200032    1.1618412E-03
       198.6400032    1.0370614E-03
       204.0800033    9.2331535E-04
       206.8000034    8.3503878E-04
       209.5300034    7.5585977E-04
       212.2500035    6.8529631E-04
       214.9700035    6.2207482E-04
       220.4100036    5.1434693E-04
       225.8500037    4.2705794E-04
       236.7400038    2.9754115E-04
       247.6200040    2.0992795E-04
       258.5100042    1.4955786E-04
       272.1100044    9.9061865E-05
       285.7200046    6.6290588E-05
       299.3200049    4.4764773E-05
       312.9300051    3.0448144E-05
       340.1400055    1.4361661E-05
       353.7400058    9.9462432E-06
       380.9500062    4.8360525E-06
       394.5600064    3.3921501E-06
       408.1700066    2.3875050E-06
       435.3800071    1.1929195E-06
       462.5900075    6.0057931E-07
       476.1900077    4.2677920E-07
       489.8000080    3.0321175E-07
       503.4000082    2.1532902E-07
       517.0100084    1.5265410E-07
       557.8300091    5.3411881E-08
       571.4300093    3.7263028E-08
       585.0400095    2.5788227E-08
       612.2500100    1.1946413E-08
       666.6700108    1.8660797E-09
       680.2800111    9.3950647E-10
 
