       80.0000013    5.2148538E-02
        85.0000014    2.9114684E-02
        90.0000015    1.6543548E-02
        95.2390015    9.3117769E-03
       100.6800016    5.2193010E-03
       114.2900019    1.3256289E-03
       119.7300019    7.9129736E-04
       122.4500020    6.1579790E-04
       125.1700020    4.8162958E-04
       127.8900021    3.7864413E-04
       130.6100021    2.9926707E-04
       133.3300022    2.3782605E-04
       136.0600022    1.8990479E-04
       146.9400024    9.2682617E-04
       149.6600024    7.8288424E-04
       155.1000025    5.5727947E-04
       157.8200026    4.7059085E-04
       160.5500026    3.9752073E-04
       165.9900027    2.8485439E-04
       171.4300028    2.0489220E-04
       176.8700029    1.4788245E-04
       179.5900029    1.2578324E-04
       182.3100030    1.0706460E-04
       185.0400030    9.1141041E-05
       187.7600031    7.7682590E-05
       190.4800031    6.6252650E-05
       195.9200032    4.8274022E-05
       198.6400032    4.1239693E-05
       204.0800033    6.4827002E-05
       206.8000034    5.7107885E-05
       209.5300034    5.0262130E-05
       212.2500035    4.4255892E-05
       214.9700035    3.8970200E-05
       220.4100036    3.0224219E-05
       225.8500037    2.3442731E-05
       236.7400038    1.4078274E-05
       247.6200040    8.4220327E-06
       258.5100042    4.9975832E-06
       272.1100044    2.5612235E-06
       285.7200046    1.2753989E-06
       299.3200049    6.0753870E-07
       312.9300051    2.6752453E-07
       340.1400055    7.5447756E-09
 
