       80.0000013    1.4218614E-01
        85.0000014    8.2841508E-02
        90.0000015    4.9090865E-02
        95.2390015    2.8850383E-02
       100.6800016    1.6889725E-02
       114.2900019    4.7299941E-03
       119.7300019    2.9148687E-03
       122.4500020    2.2999291E-03
       125.1700020    1.8208985E-03
       127.8900021    1.4465723E-03
       130.6100021    1.1531645E-03
       133.3300022    9.2248277E-04
       136.0600022    7.3997584E-04
       146.9400024    2.5966832E-03
       149.6600024    2.2448917E-03
       155.1000025    1.6659494E-03
       157.8200026    1.4349924E-03
       160.5500026    1.2362454E-03
       165.9900027    9.2101623E-04
       171.4300028    6.8878485E-04
       176.8700029    5.1700286E-04
       179.5900029    4.4849883E-04
       182.3100030    3.8939450E-04
       185.0400030    3.3817451E-04
       187.7600031    2.9407077E-04
       190.4800031    2.5590994E-04
       195.9200032    1.9421931E-04
       198.6400032    1.6937334E-04
       204.0800033    2.0199872E-04
       206.8000034    1.8084902E-04
       209.5300034    1.6190586E-04
       212.2500035    1.4509373E-04
       214.9700035    1.3011260E-04
       220.4100036    1.0482886E-04
       225.8500037    8.4650448E-05
       236.7400038    5.5490259E-05
       247.6200040    3.6607359E-05
       258.5100042    2.4249528E-05
       272.1100044    1.4563182E-05
       285.7200046    8.7683510E-06
       299.3200049    5.2855689E-06
       312.9300051    3.1804156E-06
       340.1400055    1.1352233E-06
       353.7400058    6.6909341E-07
       380.9500062    2.2060741E-07
       394.5600064    1.2129768E-07
       408.1700066    6.3348599E-08
       435.3800071    1.1066004E-08
 
