       80.0000013    1.3737209E-02
        85.0000014    7.2094286E-03
        90.0000015    3.8592636E-03
        95.2390015    2.0489984E-03
       100.6800016    1.0882625E-03
       114.2900019    2.5336244E-04
       119.7300019    1.4967723E-04
       122.4500020    1.1652496E-04
       125.1700020    9.1492475E-05
       127.8900021    7.2442788E-05
       130.6100021    5.7828605E-05
       133.3300022    4.6523968E-05
       136.0600022    3.7677150E-05
       146.9400024    2.0285223E-04
       149.6600024    1.6545269E-04
       155.1000025    1.1005037E-04
       157.8200026    8.9814399E-05
       160.5500026    7.3276569E-05
       165.9900027    4.8888862E-05
       171.4300028    3.2624488E-05
       176.8700029    2.1751508E-05
       179.5900029    1.7748618E-05
       182.3100030    1.4472940E-05
       185.0400030    1.1783428E-05
       187.7600031    9.5916339E-06
       190.4800031    7.7986288E-06
       195.9200032    5.1339684E-06
       198.6400032    4.1550670E-06
       204.0800033    9.2681694E-06
       206.8000034    7.7310578E-06
       209.5300034    6.4182714E-06
       212.2500035    5.3118224E-06
       214.9700035    4.3787149E-06
       220.4100036    2.9347782E-06
       225.8500037    1.9212766E-06
       236.7400038    7.2819466E-07
       247.6200040    1.4951596E-07
 
