       12.5000002    5.6758633E+01
        15.0000002    2.9980637E+01
        20.0000003    1.6669909E+01
        25.0000004    6.8722501E+00
        30.0000005    4.7192588E+00
        35.0000006    1.9864235E+00
        40.0000007    8.0832183E-01
        45.0000007    3.5336587E-01
        50.0000008    1.7496054E-01
        55.0000009    1.0411943E-01
        60.0000010    7.2538123E-02
        65.0000011    5.3545777E-02
        70.0000011    3.9250277E-02
        75.0000012    1.4552608E-01
        80.0000013    1.3184133E-01
        85.0000014    1.1119918E-01
        90.0000015    9.4921708E-02
        95.2390015    7.9000764E-02
       100.6800016    6.1634030E-02
       114.2900019    3.0835291E-02
       119.7300019    2.3330001E-02
       122.4500020    2.0299550E-02
       125.1700020    1.7667871E-02
       127.8900021    1.5382677E-02
       130.6100021    1.3398407E-02
       133.3300022    1.1675303E-02
       136.0600022    1.0173713E-02
       146.9400024    5.9114634E-03
       149.6600024    5.1694065E-03
       155.1000025    3.9612716E-03
       157.8200026    3.4713408E-03
       160.5500026    3.0427710E-03
       165.9900027    3.0975887E-03
       171.4300028    2.5053599E-03
       176.8700029    2.3005209E-03
       179.5900029    2.0943545E-03
       182.3100030    1.9009663E-03
       185.0400030    1.7231731E-03
       187.7600031    1.5627922E-03
       190.4800031    1.4183946E-03
       195.9200032    1.1720341E-03
       198.6400032    1.0670502E-03
       204.0800033    8.8713708E-04
       206.8000034    8.1012282E-04
       209.5300034    7.4027380E-04
       212.2500035    6.7730690E-04
       214.9700035    6.2025228E-04
       220.4100036    5.2147522E-04
       225.8500037    4.3980213E-04
       236.7400038    3.3813287E-04
       247.6200040    2.4147738E-04
       258.5100042    1.7461597E-04
       272.1100044    1.1885003E-04
       285.7200046    8.2623614E-05
       299.3200049    5.8596535E-05
       312.9300051    4.2290394E-05
       340.1400055    2.3057470E-05
       353.7400058    1.7354716E-05
       380.9500062    1.0133144E-05
       394.5600064    7.8416906E-06
       408.1700066    6.1122878E-06
       435.3800071    3.7841278E-06
       462.5900075    2.3928617E-06
       476.1900077    1.9161166E-06
       489.8000080    1.5405158E-06
       503.4000082    1.2435926E-06
       517.0100084    1.0074546E-06
       557.8300091    5.4673359E-07
       571.4300093    4.4881051E-07
       585.0400095    3.6945420E-07
       612.2500100    2.5249074E-07
       666.6700108    1.2161493E-07
       680.2800111    1.0191138E-07
       707.4900115    7.2511092E-08
       734.7000119    5.1783228E-08
       761.9100124    3.7162682E-08
       789.1200128    2.6879121E-08
       816.3300133    1.9584871E-08
       843.5400137    1.4369850E-08
       870.7500142    1.0613364E-08
       911.5700148    6.8156352E-09
       952.3900155    4.4347104E-09
       993.2000162    3.5584995E-09
      1020.4000166    2.6794849E-09
      1061.2000173    1.9453363E-09
      1088.4000177    1.4781358E-09
      1102.0000179    1.2909498E-09
      1115.7000181    1.1277772E-09
      1129.3000184    9.8741471E-10
      1142.9000186    8.6555346E-10
      1156.5000188    7.5961298E-10
      1170.1000190    6.6739225E-10
      1197.3000195    2.2108770E-09
      1210.9000197    1.9638742E-09
      1224.5000199    1.7435025E-09
      1227.2000200    1.7028428E-09
      1229.9000200    1.6631629E-09
      1232.7000200    1.6230259E-09
      1235.4000201    1.5852764E-09
      1238.1000201    1.5484415E-09
      1240.8000202    1.5124998E-09
      1243.5000202    1.4774297E-09
      1246.3000203    1.4419587E-09
      1249.0000203    1.4085989E-09
      1257.2000204    1.3121551E-09
      1259.9000205    1.2819364E-09
      1262.6000205    1.2524474E-09
      1270.8000207    1.1671740E-09
      1281.6000208    1.0640565E-09
      1289.8000210    9.9217101E-10
      1292.5000210    9.6963149E-10
      1295.2000211    9.4762842E-10
      1298.0000211    9.2536251E-10
      1300.7000212    9.0441082E-10
      1303.4000212    8.8395580E-10
      1306.1000212    8.6398505E-10
      1314.3000214    8.0617946E-10
      1330.6000216    7.0297129E-10
      1341.5000218    6.4174194E-10
      1355.1000220    5.7306487E-10
      1360.6000221    5.4751093E-10
      1371.4000223    5.0072874E-10
      1382.3000225    4.5771817E-10
      1390.5000226    4.2790585E-10
      1395.9000227    4.0938158E-10
      1404.1000228    3.8282907E-10
      1406.8000229    3.7448258E-10
      1409.5000229    3.6632469E-10
      1415.0000230    3.5027159E-10
      1417.7000231    3.4265948E-10
      1420.4000231    3.3521860E-10
      1423.1000231    3.2794487E-10
      1425.9000232    3.2057412E-10
      1428.6000232    3.1362885E-10
      1431.3000233    3.0683911E-10
      1436.7000234    2.9371164E-10
      1439.5000234    2.8713465E-10
      1442.2000235    2.8093652E-10
      1444.9000235    2.7487643E-10
      1447.6000235    2.6895114E-10
      1450.4000236    2.6294544E-10
      1453.1000236    2.5728514E-10
      1455.8000237    2.5175034E-10
      1458.5000237    2.4633814E-10
      1461.2000238    2.4104571E-10
      1466.7000239    2.3062383E-10
      1469.4000239    2.2567841E-10
      1472.1000239    2.2084197E-10
      1477.6000240    2.1131669E-10
      1480.3000241    2.0679608E-10
      1488.4000242    1.9382057E-10
      1491.2000242    1.8953195E-10
      1496.6000243    1.8153348E-10
      1551.0000252    1.1801718E-10
      1632.7000266    6.2010092E-11
      1823.1000296    1.3595126E-11
 
