       12.5000002    2.5616402E+01
        15.0000002    3.1372683E+01
        20.0000003    1.1506493E+01
        25.0000004    4.9304595E+00
        30.0000005    2.3431275E+00
        35.0000006    7.7959538E-01
        40.0000007    3.1401458E-01
        45.0000007    1.6278982E-01
        50.0000008    1.0300796E-01
        55.0000009    7.3418409E-02
        60.0000010    5.3056110E-02
        65.0000011    3.6930908E-02
        70.0000011    2.4662394E-02
        75.0000012    1.1101470E-01
        80.0000013    9.9051930E-02
        85.0000014    8.0891721E-02
        90.0000015    6.5988377E-02
        95.2390015    5.1999629E-02
       100.6800016    3.8545221E-02
       114.2900019    1.7352073E-02
       119.7300019    1.2653998E-02
       122.4500020    1.0819480E-02
       125.1700020    9.2588672E-03
       127.8900021    7.9303104E-03
       130.6100021    6.7984657E-03
       133.3300022    5.8334717E-03
       136.0600022    5.0072949E-03
       146.9400024    2.7505022E-03
       149.6600024    2.3736632E-03
       155.1000025    1.7730579E-03
       157.8200026    1.5347111E-03
       160.5500026    1.3290507E-03
       165.9900027    1.5231618E-03
       171.4300028    1.2347648E-03
       176.8700029    1.1878788E-03
       179.5900029    1.0823937E-03
       182.3100030    9.8189036E-04
       185.0400030    8.8872516E-04
       187.7600031    8.0431707E-04
       190.4800031    7.2814873E-04
       195.9200032    5.9802423E-04
       198.6400032    5.4256938E-04
       204.0800033    4.4764861E-04
       206.8000034    4.0709932E-04
       209.5300034    3.7038868E-04
       212.2500035    3.3736500E-04
       214.9700035    3.0751416E-04
       220.4100036    2.5604651E-04
       225.8500037    2.1376445E-04
       236.7400038    1.5671839E-04
       247.6200040    1.1188306E-04
       258.5100042    8.1178310E-05
       272.1100044    5.5569926E-05
       285.7200046    3.8846363E-05
       299.3200049    2.7664066E-05
       312.9300051    2.0005869E-05
       340.1400055    1.0870539E-05
       353.7400058    8.1391299E-06
       380.9500062    4.6755008E-06
       394.5600064    3.5806902E-06
       408.1700066    2.7589676E-06
       435.3800071    1.6650509E-06
       462.5900075    1.0242376E-06
       476.1900077    8.0857507E-07
       489.8000080    6.4076255E-07
       503.4000082    5.0979594E-07
       517.0100084    4.0700391E-07
       557.8300091    2.1139972E-07
       571.4300093    1.7103297E-07
       585.0400095    1.3876789E-07
       612.2500100    9.2152987E-08
       666.6700108    4.1961613E-08
       680.2800111    3.4682483E-08
       707.4900115    2.3935556E-08
       734.7000119    1.6626398E-08
       761.9100124    1.1631404E-08
       789.1200128    8.2029850E-09
       816.3300133    5.8292966E-09
       843.5400137    4.1722354E-09
       870.7500142    3.0063703E-09
       911.5700148    1.8603565E-09
       952.3900155    1.1659674E-09
       993.2000162    8.4405360E-10
      1020.4000166    6.2080668E-10
      1061.2000173    4.2290751E-10
      1088.4000177    3.1321654E-10
      1102.0000179    2.6992439E-10
      1115.7000181    2.3256128E-10
      1129.3000184    2.0074653E-10
      1142.9000186    1.7340943E-10
      1156.5000188    1.4989363E-10
      1170.1000190    1.2968061E-10
      1197.3000195    4.4536810E-10
      1210.9000197    3.8831738E-10
      1224.5000199    3.3813433E-10
      1227.2000200    3.2895411E-10
      1229.9000200    3.2002020E-10
      1232.7000200    3.1100919E-10
      1235.4000201    3.0255851E-10
      1238.1000201    2.9433597E-10
      1240.8000202    2.8633562E-10
      1243.5000202    2.7855163E-10
      1246.3000203    2.7070166E-10
      1249.0000203    2.6334065E-10
      1257.2000204    2.4218405E-10
      1259.9000205    2.3559477E-10
      1262.6000205    2.2918371E-10
      1270.8000207    2.1075616E-10
      1281.6000208    1.8870992E-10
      1289.8000210    1.7350957E-10
      1292.5000210    1.6877423E-10
      1295.2000211    1.6416637E-10
      1298.0000211    1.5951881E-10
      1300.7000212    1.5516001E-10
      1303.4000212    1.5091844E-10
      1306.1000212    1.4679090E-10
      1314.3000214    1.3492292E-10
      1330.6000216    1.1405381E-10
      1341.5000218    1.0189124E-10
      1355.1000220    8.8470724E-11
      1360.6000221    8.3543124E-11
      1371.4000223    7.4624418E-11
      1382.3000225    6.6552298E-11
      1390.5000226    6.1036218E-11
      1395.9000227    5.7644025E-11
      1404.1000228    5.2832266E-11
      1406.8000229    5.1332716E-11
      1409.5000229    4.9873310E-11
      1415.0000230    4.7020211E-11
      1417.7000231    4.5676296E-11
      1420.4000231    4.4368387E-11
      1423.1000231    4.3095527E-11
      1425.9000232    4.1811551E-11
      1428.6000232    4.0607236E-11
      1431.3000233    3.9435219E-11
      1436.7000234    3.7184672E-11
      1439.5000234    3.6065054E-11
      1442.2000235    3.5014946E-11
      1444.9000235    3.3993044E-11
      1447.6000235    3.3128628E-11
      1450.4000236    3.2125608E-11
      1453.1000236    3.1184888E-11
      1455.8000237    3.0269471E-11
      1458.5000237    2.9378670E-11
      1461.2000238    2.8511865E-11
      1466.7000239    2.6817701E-11
      1469.4000239    2.6019893E-11
      1472.1000239    2.5243608E-11
      1477.6000240    2.3726484E-11
      1480.3000241    2.3012111E-11
      1488.4000242    2.0982813E-11
      1491.2000242    2.0319286E-11
      1496.6000243    1.9091794E-11
      1551.0000252    9.8673084E-12
      1632.7000266    2.9850154E-12
 
