       12.5000002    2.0571067E+03
        15.0000002    1.0386545E+03
        20.0000003    9.9617783E+01
        25.0000004    2.6747412E+01
        30.0000005    1.8073990E+01
        35.0000006    1.1017659E+01
        40.0000007    7.3654714E+00
        45.0000007    5.1209550E+00
        50.0000008    3.4226069E+00
        55.0000009    2.1102607E+00
        60.0000010    1.1978229E+00
        65.0000011    6.4226407E-01
        70.0000011    3.3721513E-01
        75.0000012    6.6975296E-01
        80.0000013    5.0372499E-01
        85.0000014    4.2745793E-01
        90.0000015    4.1471934E-01
        95.2390015    3.4189111E-01
       100.6800016    2.3594111E-01
       114.2900019    1.0944504E-01
       119.7300019    8.8478133E-02
       122.4500020    8.0456413E-02
       125.1700020    7.3538549E-02
       127.8900021    6.7469366E-02
       130.6100021    6.2068321E-02
       133.3300022    5.7206206E-02
       136.0600022    5.2774318E-02
       146.9400024    3.8433757E-02
       149.6600024    3.5500780E-02
       155.1000025    3.0260611E-02
       157.8200026    2.7922599E-02
       160.5500026    2.5747497E-02
       165.9900027    2.6616305E-02
       171.4300028    2.3215815E-02
       176.8700029    2.1365542E-02
       179.5900029    2.0097671E-02
       182.3100030    1.8730128E-02
       185.0400030    1.7315213E-02
       187.7600031    1.5932696E-02
       190.4800031    1.4635672E-02
       195.9200032    1.2335563E-02
       198.6400032    1.1307383E-02
       204.0800033    9.4898343E-03
       206.8000034    8.6991899E-03
       209.5300034    7.9777706E-03
       212.2500035    7.3242681E-03
       214.9700035    6.7296503E-03
       220.4100036    5.6948522E-03
       225.8500037    4.8344503E-03
       236.7400038    4.0309131E-03
       247.6200040    3.0606873E-03
       258.5100042    2.3215599E-03
       272.1100044    1.6537635E-03
       285.7200046    1.1888720E-03
       299.3200049    8.6234068E-04
       312.9300051    6.3059427E-04
       340.1400055    3.4580054E-04
       353.7400058    2.5937517E-04
       380.9500062    1.4976777E-04
       394.5600064    1.1531830E-04
       408.1700066    8.9585163E-05
       435.3800071    5.5506433E-05
       462.5900075    3.5551442E-05
       476.1900077    2.8784905E-05
       489.8000080    2.3469531E-05
       503.4000082    1.9266683E-05
       517.0100084    1.5912725E-05
       557.8300091    9.2648343E-06
       571.4300093    7.8108842E-06
       585.0400095    6.6114344E-06
       612.2500100    4.7900726E-06
       666.6700108    2.6085331E-06
       680.2800111    2.2551469E-06
       707.4900115    1.8348521E-06
       734.7000119    1.4282504E-06
       761.9100124    1.0731982E-06
       789.1200128    8.1422684E-07
       816.3300133    6.2295072E-07
       843.5400137    4.8020621E-07
       870.7500142    3.7271414E-07
       911.5700148    2.5783427E-07
       952.3900155    1.8064436E-07
       993.2000162    2.2577683E-07
      1020.4000166    1.7615868E-07
      1061.2000173    1.5058538E-07
      1088.4000177    1.1847659E-07
      1102.0000179    1.0529552E-07
      1115.7000181    9.3619477E-08
      1129.3000184    8.3413070E-08
      1142.9000186    7.4409726E-08
      1156.5000188    6.6457289E-08
      1170.1000190    5.9424217E-08
      1197.3000195    1.3801791E-07
      1210.9000197    1.2541103E-07
      1224.5000199    1.1396264E-07
      1227.2000200    1.1182443E-07
      1229.9000200    1.0972914E-07
      1232.7000200    1.0760071E-07
      1235.4000201    1.0559034E-07
      1238.1000201    1.0362042E-07
      1240.8000202    1.0169012E-07
      1243.5000202    9.9798626E-08
      1246.3000203    9.7877205E-08
      1249.0000203    9.6062287E-08
      1257.2000204    9.0770193E-08
      1259.9000205    8.9097519E-08
      1262.6000205    8.7458218E-08
      1270.8000207    8.2676941E-08
      1281.6000208    7.6807460E-08
      1289.8000210    7.2652945E-08
      1292.5000210    7.1339002E-08
      1295.2000211    7.0050810E-08
      1298.0000211    6.8741485E-08
      1300.7000212    6.7504104E-08
      1303.4000212    6.6290866E-08
      1306.1000212    6.5101212E-08
      1314.3000214    6.1628199E-08
      1330.6000216    5.5307261E-08
      1341.5000218    5.1475066E-08
      1355.1000220    4.7093089E-08
      1360.6000221    4.5437528E-08
      1371.4000223    4.2367706E-08
      1382.3000225    3.9496641E-08
      1390.5000226    3.7476255E-08
      1395.9000227    3.6207254E-08
      1404.1000228    3.4368693E-08
      1406.8000229    3.3785724E-08
      1409.5000229    3.3213489E-08
      1415.0000230    3.2080141E-08
      1417.7000231    3.1539212E-08
      1420.4000231    3.1008188E-08
      1423.1000231    3.0486866E-08
      1425.9000232    2.9956283E-08
      1428.6000232    2.9454146E-08
      1431.3000233    2.8961143E-08
      1436.7000234    2.8001836E-08
      1439.5000234    2.7518062E-08
      1442.2000235    2.7060160E-08
      1444.9000235    2.6610531E-08
      1447.6000235    2.6169010E-08
      1450.4000236    2.5719533E-08
      1453.1000236    2.5294048E-08
      1455.8000237    2.4876202E-08
      1458.5000237    2.4465852E-08
      1461.2000238    2.4062848E-08
      1466.7000239    2.3264056E-08
      1469.4000239    2.2882508E-08
      1472.1000239    2.2507756E-08
      1477.6000240    2.1764839E-08
      1480.3000241    2.1409924E-08
      1488.4000242    2.0382400E-08
      1491.2000242    2.0039776E-08
      1496.6000243    1.9396548E-08
      1551.0000252    1.4034130E-08
      1632.7000266    8.7748635E-09
      1823.1000296    3.1436809E-09
      2340.2000381    2.8028910E-10
      2829.9000460    4.0463993E-11
      3047.6000496    1.8528833E-11
      3700.7000602    2.1613692E-12
      4000.0000650    7.6130692E-13
      4680.3000761    7.1125899E-15
      5006.8000814    0.0000000E+00
      5387.8000876    0.0000000E+00
 
