       12.5000002    1.1331817E+01
        15.0000002    8.3770409E+00
        20.0000003    9.3653488E-01
        25.0000004    1.9468606E-01
        30.0000005    1.6935788E-01
        35.0000006    9.9333383E-02
        40.0000007    5.3553108E-02
        45.0000007    2.7197286E-02
        50.0000008    1.3543577E-02
        55.0000009    7.1184207E-03
        60.0000010    4.1744360E-03
        65.0000011    2.7155306E-03
        70.0000011    1.8780319E-03
        75.0000012    1.2973757E-02
        80.0000013    9.6469736E-03
        85.0000014    6.2943920E-03
        90.0000015    4.0082121E-03
        95.2390015    2.4804513E-03
       100.6800016    1.5043783E-03
       114.2900019    4.5190522E-04
       119.7300019    2.8687349E-04
       122.4500020    2.2997541E-04
       125.1700020    1.8514282E-04
       127.8900021    1.4969331E-04
       130.6100021    1.2156208E-04
       133.3300022    9.9155812E-05
       136.0600022    8.1183032E-05
       146.9400024    3.8267633E-05
       149.6600024    3.2062184E-05
       155.1000025    2.2798786E-05
       157.8200026    1.9345720E-05
       160.5500026    1.6472060E-05
       165.9900027    4.7741931E-05
       171.4300028    3.6136473E-05
       176.8700029    3.7958194E-05
       179.5900029    3.3110227E-05
       182.3100030    2.8836181E-05
       185.0400030    2.5104637E-05
       187.7600031    2.1885024E-05
       190.4800031    1.9098703E-05
       195.9200032    1.4594581E-05
       198.6400032    1.2779210E-05
       204.0800033    9.8286864E-06
       206.8000034    8.6327836E-06
       209.5300034    7.5861840E-06
       212.2500035    6.6759640E-06
       214.9700035    5.8803989E-06
       220.4100036    4.5747088E-06
       225.8500037    3.5713335E-06
       236.7400038    4.7500307E-06
       247.6200040    3.2225653E-06
       258.5100042    2.1977503E-06
       272.1100044    1.3760152E-06
       285.7200046    8.7006276E-07
       299.3200049    5.5543188E-07
       312.9300051    3.5739509E-07
       340.1400055    1.5110945E-07
       353.7400058    9.9079919E-08
       380.9500062    4.3033957E-08
       394.5600064    2.8433197E-08
       408.1700066    1.8784439E-08
       435.3800071    8.1445419E-09
       462.5900075    3.4494765E-09
       476.1900077    2.2087234E-09
       489.8000080    1.3892280E-09
       503.4000082    8.5164154E-10
       517.0100084    5.0074317E-10
 
