       12.5000002    4.8331381E+02
        15.0000002    1.1851779E+02
        20.0000003    2.3371317E+01
        25.0000004    1.2994356E+01
        30.0000005    9.3573856E+00
        35.0000006    5.6480303E+00
        40.0000007    3.1706636E+00
        45.0000007    1.6525576E+00
        50.0000008    8.1209487E-01
        55.0000009    3.8537148E-01
        60.0000010    1.8899567E-01
        65.0000011    1.0500812E-01
        70.0000011    6.8489790E-02
        75.0000012    2.1487691E-01
        80.0000013    1.9550657E-01
        85.0000014    1.6955900E-01
        90.0000015    1.4970855E-01
        95.2390015    1.2896381E-01
       100.6800016    1.0577956E-01
       114.2900019    6.2346246E-02
       119.7300019    5.0419699E-02
       122.4500020    4.5312945E-02
       125.1700020    4.0703390E-02
       127.8900021    3.6544483E-02
       130.6100021    3.2794774E-02
       133.3300022    2.9416855E-02
       136.0600022    2.6366055E-02
       146.9400024    1.6998362E-02
       149.6600024    1.5226761E-02
       155.1000025    1.2218785E-02
       157.8200026    1.0946997E-02
       160.5500026    9.8051215E-03
       165.9900027    9.4382139E-03
       171.4300028    7.7809985E-03
       176.8700029    6.8736221E-03
       179.5900029    6.2768091E-03
       182.3100030    5.7055489E-03
       185.0400030    5.1742145E-03
       187.7600031    4.6922630E-03
       190.4800031    4.2576706E-03
       195.9200032    3.5162461E-03
       198.6400032    3.2005424E-03
       204.0800033    2.6610326E-03
       206.8000034    2.4309885E-03
       209.5300034    2.2229098E-03
       212.2500035    2.0358281E-03
       214.9700035    1.8667390E-03
       220.4100036    1.5749943E-03
       225.8500037    1.3347053E-03
       236.7400038    1.1477083E-03
       247.6200040    8.3987351E-04
       258.5100042    6.1517593E-04
       272.1100044    4.2181113E-04
       285.7200046    2.9354251E-04
       299.3200049    2.0745661E-04
       312.9300051    1.4881104E-04
       340.1400055    8.0030026E-05
       353.7400058    5.9927173E-05
       380.9500062    3.4869496E-05
       394.5600064    2.7042412E-05
       408.1700066    2.1178061E-05
       435.3800071    1.3326526E-05
       462.5900075    8.6277641E-06
       476.1900077    7.0047199E-06
       489.8000080    5.7156371E-06
       503.4000082    4.6864075E-06
       517.0100084    3.8584890E-06
       557.8300091    2.2027903E-06
       571.4300093    1.8396925E-06
       585.0400095    1.5408210E-06
       612.2500100    1.0900153E-06
       666.6700108    5.6201333E-07
       680.2800111    4.7891371E-07
       707.4900115    3.5747948E-07
       734.7000119    2.6501408E-07
       761.9100124    1.9577688E-07
       789.1200128    1.4579442E-07
       816.3300133    1.0938484E-07
       843.5400137    8.2642487E-08
       870.7500142    6.2849104E-08
       911.5700148    4.2161520E-08
       952.3900155    2.8648770E-08
       993.2000162    2.7618935E-08
      1020.4000166    2.1274984E-08
      1061.2000173    1.6785195E-08
      1088.4000177    1.3041620E-08
      1102.0000179    1.1518358E-08
      1115.7000181    1.0177006E-08
      1129.3000184    9.0113703E-09
      1142.9000186    7.9890592E-09
      1156.5000188    7.0912409E-09
      1170.1000190    6.3017178E-09
      1197.3000195    1.8400218E-08
      1210.9000197    1.6568036E-08
      1224.5000199    1.4913951E-08
      1227.2000200    1.4606470E-08
      1229.9000200    1.4305654E-08
      1232.7000200    1.4000600E-08
      1235.4000201    1.3712964E-08
      1238.1000201    1.3431597E-08
      1240.8000202    1.3156365E-08
      1243.5000202    1.2887134E-08
      1246.3000203    1.2614130E-08
      1249.0000203    1.2356718E-08
      1257.2000204    1.1608789E-08
      1259.9000205    1.1373240E-08
      1262.6000205    1.1142800E-08
      1270.8000207    1.0473081E-08
      1281.6000208    9.6560573E-09
      1289.8000210    9.0814218E-09
      1292.5000210    8.9003249E-09
      1295.2000211    8.7230942E-09
      1298.0000211    8.5432887E-09
      1300.7000212    8.3736635E-09
      1303.4000212    8.2076435E-09
      1306.1000212    8.0451477E-09
      1314.3000214    7.5724369E-09
      1330.6000216    6.7189116E-09
      1341.5000218    6.2060779E-09
      1355.1000220    5.6243223E-09
      1360.6000221    5.4059117E-09
      1371.4000223    5.0030486E-09
      1382.3000225    4.6289150E-09
      1390.5000226    4.3672661E-09
      1395.9000227    4.2036508E-09
      1404.1000228    3.9676396E-09
      1406.8000229    3.8930708E-09
      1409.5000229    3.8200030E-09
      1415.0000230    3.6756691E-09
      1417.7000231    3.6069641E-09
      1420.4000231    3.5396341E-09
      1423.1000231    3.4736500E-09
      1425.9000232    3.4066125E-09
      1428.6000232    3.3432817E-09
      1431.3000233    3.2812111E-09
      1436.7000234    3.1607454E-09
      1439.5000234    3.1001561E-09
      1442.2000235    3.0429086E-09
      1444.9000235    2.9867928E-09
      1447.6000235    2.9317850E-09
      1450.4000236    2.8758849E-09
      1453.1000236    2.8230622E-09
      1455.8000237    2.7712779E-09
      1458.5000237    2.7205105E-09
      1461.2000238    2.6707387E-09
      1466.7000239    2.5723448E-09
      1469.4000239    2.5254705E-09
      1472.1000239    2.4795106E-09
      1477.6000240    2.3886375E-09
      1480.3000241    2.3453390E-09
      1488.4000242    2.2204147E-09
      1491.2000242    2.1789053E-09
      1496.6000243    2.1011810E-09
      1551.0000252    1.4648061E-09
      1632.7000266    8.6636748E-10
      1823.1000296    2.7278588E-10
      2340.2000381    1.6514918E-11
      2829.9000460    1.3012926E-12
      3047.6000496    3.0026475E-13
 
