       12.5000002    1.4562999E+03
        15.0000002    6.1100183E+02
        20.0000003    4.7570415E+01
        25.0000004    2.0702608E+01
        30.0000005    1.4356412E+01
        35.0000006    9.0135098E+00
        40.0000007    6.0458398E+00
        45.0000007    3.9638531E+00
        50.0000008    2.4227152E+00
        55.0000009    1.3596771E+00
        60.0000010    7.0995086E-01
        65.0000011    3.5894719E-01
        70.0000011    1.8557908E-01
        75.0000012    4.0198961E-01
        80.0000013    3.2761246E-01
        85.0000014    2.8507388E-01
        90.0000015    2.6732448E-01
        95.2390015    2.2206572E-01
       100.6800016    1.6523112E-01
       114.2900019    9.0761244E-02
       119.7300019    7.5229384E-02
       122.4500020    6.8794847E-02
       125.1700020    6.3014738E-02
       127.8900021    5.7777312E-02
       130.6100021    5.3001747E-02
       133.3300022    4.8628382E-02
       136.0600022    4.4597682E-02
       146.9400024    3.1482745E-02
       149.6600024    2.8826123E-02
       155.1000025    2.4134981E-02
       157.8200026    2.2070885E-02
       160.5500026    2.0169690E-02
       165.9900027    2.0181950E-02
       171.4300028    1.7297802E-02
       176.8700029    1.5588312E-02
       179.5900029    1.4502026E-02
       182.3100030    1.3378699E-02
       185.0400030    1.2266424E-02
       187.7600031    1.1213426E-02
       190.4800031    1.0241241E-02
       195.9200032    8.5436190E-03
       198.6400032    7.8010913E-03
       204.0800033    6.5093809E-03
       206.8000034    5.9529115E-03
       209.5300034    5.4474240E-03
       212.2500035    4.9913656E-03
       214.9700035    4.5779739E-03
       220.4100036    3.8623419E-03
       225.8500037    3.2711786E-03
       236.7400038    2.8029170E-03
       247.6200040    2.1097809E-03
       258.5100042    1.5833699E-03
       272.1100044    1.1131916E-03
       285.7200046    7.9037179E-04
       299.3200049    5.6689879E-04
       312.9300051    4.1057519E-04
       340.1400055    2.2208552E-04
       353.7400058    1.6591961E-04
       380.9500062    9.5542593E-05
       394.5600064    7.3623800E-05
       408.1700066    5.7300600E-05
       435.3800071    3.5705074E-05
       462.5900075    2.3016777E-05
       476.1900077    1.8690973E-05
       489.8000080    1.5278407E-05
       503.4000082    1.2568005E-05
       517.0100084    1.0395384E-05
       557.8300091    6.0570369E-06
       571.4300093    5.1017919E-06
       585.0400095    4.3121522E-06
       612.2500100    3.1109612E-06
       666.6700108    1.6729908E-06
       680.2800111    1.4409846E-06
       707.4900115    1.1346792E-06
       734.7000119    8.6847166E-07
       761.9100124    6.5042423E-07
       789.1200128    4.9140255E-07
       816.3300133    3.7417237E-07
       843.5400137    2.8695382E-07
       870.7500142    2.2152570E-07
       911.5700148    1.5198275E-07
       952.3900155    1.0560070E-07
       993.2000162    1.2125008E-07
      1020.4000166    9.4269801E-08
      1061.2000173    7.8707856E-08
      1088.4000177    6.1720250E-08
      1102.0000179    5.4765447E-08
      1115.7000181    4.8615714E-08
      1129.3000184    4.3249450E-08
      1142.9000186    3.8523634E-08
      1156.5000188    3.4356241E-08
      1170.1000190    3.0676325E-08
      1197.3000195    7.7185618E-08
      1210.9000197    6.9979123E-08
      1224.5000199    6.3442478E-08
      1227.2000200    6.2223044E-08
      1229.9000200    6.1028516E-08
      1232.7000200    5.9815683E-08
      1235.4000201    5.8670569E-08
      1238.1000201    5.7549034E-08
      1240.8000202    5.6450542E-08
      1243.5000202    5.5374553E-08
      1246.3000203    5.4282097E-08
      1249.0000203    5.3250631E-08
      1257.2000204    5.0245760E-08
      1259.9000205    4.9296901E-08
      1262.6000205    4.8367390E-08
      1270.8000207    4.5658787E-08
      1281.6000208    4.2338982E-08
      1289.8000210    3.9993065E-08
      1292.5000210    3.9251738E-08
      1295.2000211    3.8525268E-08
      1298.0000211    3.7787245E-08
      1300.7000212    3.7090057E-08
      1303.4000212    3.6406782E-08
      1306.1000212    3.5737116E-08
      1314.3000214    3.3783788E-08
      1330.6000216    3.0235679E-08
      1341.5000218    2.8089355E-08
      1355.1000220    2.5639849E-08
      1360.6000221    2.4715829E-08
      1371.4000223    2.3004636E-08
      1382.3000225    2.1406940E-08
      1390.5000226    2.0284308E-08
      1395.9000227    1.9579932E-08
      1404.1000228    1.8560486E-08
      1406.8000229    1.8237516E-08
      1409.5000229    1.7920625E-08
      1415.0000230    1.7293399E-08
      1417.7000231    1.6994225E-08
      1420.4000231    1.6700646E-08
      1423.1000231    1.6412555E-08
      1425.9000232    1.6119468E-08
      1428.6000232    1.5842211E-08
      1431.3000233    1.5570111E-08
      1436.7000234    1.5040971E-08
      1439.5000234    1.4774297E-08
      1442.2000235    1.4521991E-08
      1444.9000235    1.4274343E-08
      1447.6000235    1.4031262E-08
      1450.4000236    1.3783905E-08
      1453.1000236    1.3549848E-08
      1455.8000237    1.3320089E-08
      1458.5000237    1.3094542E-08
      1461.2000238    1.2873126E-08
      1466.7000239    1.2434527E-08
      1469.4000239    1.2225159E-08
      1472.1000239    1.2019602E-08
      1477.6000240    1.1612356E-08
      1480.3000241    1.1417923E-08
      1488.4000242    1.0855468E-08
      1491.2000242    1.0668074E-08
      1496.6000243    1.0316485E-08
      1551.0000252    7.3978148E-09
      1632.7000266    4.5634923E-09
      1823.1000296    1.5838978E-09
      2340.2000381    1.2960047E-10
      2829.9000460    1.7148919E-11
      3047.6000496    7.4849814E-12
      3700.7000602    6.8792872E-13
      4000.0000650    1.3147412E-13
      4680.3000761    0.0000000E+00
 
