       80.0000013    1.1881848E+18
        85.0000014    8.3714445E+17
        90.0000015    6.0123955E+17
        95.2390015    4.3449487E+17
       100.6800016    3.1794516E+17
       114.2900019    1.6302988E+17
       119.7300019    1.3028122E+17
       122.4500020    1.1741975E+17
       125.1700020    1.0636089E+17
       127.8900021    9.6795386E+16
       130.6100021    8.8472229E+16
       133.3300022    8.1187097E+16
       136.0600022    7.4750822E+16
       146.9400024    5.6034779E+17
       149.6600024    5.1255813E+17
       155.1000025    4.2924288E+17
       157.8200026    3.9330170E+17
       160.5500026    3.6058625E+17
       165.9900027    3.0409471E+17
       171.4300028    2.5731144E+17
       176.8700029    2.1840744E+17
       179.5900029    2.0144610E+17
       182.3100030    1.8593702E+17
       185.0400030    1.7169460E+17
       187.7600031    1.5870097E+17
       190.4800031    1.4679216E+17
       195.9200032    1.2584456E+17
       198.6400032    1.1663679E+17
       204.0800033    3.1107733E+17
       206.8000034    2.9541022E+17
       209.5300034    2.8025041E+17
       212.2500035    2.6587748E+17
       214.9700035    2.5227136E+17
       220.4100036    2.2728823E+17
       225.8500037    2.0503750E+17
       236.7400038    1.6747976E+17
       247.6200040    1.3751882E+17
       258.5100042    1.1344360E+17
       272.1100044    8.9791866E+16
       285.7200046    7.1560911E+16
       299.3200049    5.7429928E+16
       312.9300051    4.6385711E+16
       340.1400055    3.0838724E+16
       353.7400058    2.5371806E+16
       380.9500062    1.7458844E+16
       394.5600064    1.4595676E+16
       408.1700066    1.2262318E+16
       435.3800071    8.7773321E+15
       462.5900075    6.3916082E+15
       476.1900077    5.4871530E+15
       489.8000080    4.7277996E+15
       503.4000082    4.0885469E+15
       517.0100084    3.5474446E+15
       557.8300091    2.3619351E+15
       571.4300093    2.0747964E+15
       585.0400095    1.8274043E+15
       612.2500100    1.4288309E+15
       666.6700108    8.9872654E+14
       680.2800111    8.0468226E+14
       707.4900115    6.4899801E+14
       734.7000119    5.2737487E+14
       761.9100124    4.3155727E+14
       789.1200128    3.5547351E+14
       816.3300133    2.9461261E+14
       843.5400137    2.4559044E+14
       870.7500142    2.0584582E+14
       911.5700148    1.5947053E+14
       952.3900155    1.2486716E+14
       993.2000162    9.8742984E+13
      1020.4000166    8.4872480E+13
      1061.2000173    6.8115048E+13
      1088.4000177    5.9087799E+13
      1102.0000179    5.5103285E+13
      1115.7000181    5.1403670E+13
      1129.3000184    4.8015293E+13
      1142.9000186    4.4885248E+13
      1156.5000188    4.1991178E+13
      1170.1000190    3.9312867E+13
      1197.3000195    3.4532160E+13
      1210.9000197    3.2398215E+13
      1224.5000199    3.0416600E+13
      1227.2000200    3.0040216E+13
      1229.9000200    2.9669252E+13
      1232.7000200    2.9290182E+13
      1235.4000201    2.8929987E+13
      1238.1000201    2.8574948E+13
      1240.8000202    2.8224979E+13
      1243.5000202    2.7879998E+13
      1246.3000203    2.7527421E+13
      1249.0000203    2.7192346E+13
      1257.2000204    2.6849625E+13
      1259.9000205    2.6528480E+13
      1262.6000205    2.6209377E+13
      1270.8000207    2.5261265E+13
      1281.6000208    2.4069141E+13
      1289.8000210    2.3540537E+13
      1292.5000210    2.3262099E+13
      1295.2000211    2.2986352E+13
      1298.0000211    2.2703734E+13
      1300.7000212    2.2434674E+13
      1303.4000212    2.2169118E+13
      1306.1000212    2.1907097E+13
      1314.3000214    2.1132835E+13
      1330.6000216    1.9685974E+13
      1341.5000218    1.8782597E+13
      1355.1000220    1.7722132E+13
      1360.6000221    1.7313125E+13
      1371.4000223    1.6541430E+13
      1382.3000225    1.5802751E+13
      1390.5000226    1.5272203E+13
      1395.9000227    1.4934089E+13
      1404.1000228    1.4437102E+13
      1406.8000229    1.4277672E+13
      1409.5000229    1.4120278E+13
      1415.0000230    1.3805834E+13
      1417.7000231    1.3654441E+13
      1420.4000231    1.3504968E+13
      1423.1000231    1.3357385E+13
      1425.9000232    1.3206303E+13
      1428.6000232    1.3062488E+13
      1431.3000233    1.2920480E+13
      1436.7000234    1.2641790E+13
      1439.5000234    1.2500023E+13
      1442.2000235    1.2365059E+13
      1444.9000235    1.2231775E+13
      1447.6000235    1.2100151E+13
      1450.4000236    1.1965376E+13
      1453.1000236    1.1837057E+13
      1455.8000237    7.9778548E+13
      1458.5000237    7.9612990E+13
      1461.2000238    7.9182227E+13
      1466.7000239    7.7896278E+13
      1469.4000239    7.7177333E+13
      1472.1000239    7.6436182E+13
      1477.6000240    7.4904288E+13
      1480.3000241    7.4153189E+13
      1488.4000242    6.6238705E+13
      1491.2000242    6.5514978E+13
      1496.6000243    6.4142531E+13
      1551.0000252    5.1927740E+13
      1632.7000266    3.7117858E+13
      1823.1000296    1.6863226E+13
      2340.2000381    0.0000000E+00
      2829.9000460    0.0000000E+00
      3047.6000496    0.0000000E+00
      3700.7000602    0.0000000E+00
      4000.0000650    0.0000000E+00
      4680.3000761    0.0000000E+00
      5006.8000814    0.0000000E+00
      5387.8000876    0.0000000E+00
 
