       80.0000013    2.2180989E+17
        85.0000014    1.7392376E+17
        90.0000015    1.3986041E+17
        95.2390015    1.1348115E+17
       100.6800016    9.2699834E+16
       114.2900019    5.8203026E+16
       119.7300019    4.8833143E+16
       122.4500020    4.4804090E+16
       125.1700020    4.1148243E+16
       127.8900021    3.7825850E+16
       130.6100021    3.4802376E+16
       133.3300022    3.2047575E+16
       136.0600022    2.9525997E+16
       146.9400024    9.3057622E+16
       149.6600024    8.3493666E+16
       155.1000025    6.7444146E+16
       157.8200026    6.0747433E+16
       160.5500026    5.4777047E+16
       165.9900027    4.4769992E+16
       171.4300028    3.6800250E+16
       176.8700029    3.0413550E+16
       179.5900029    2.7702823E+16
       182.3100030    2.5265459E+16
       185.0400030    2.3063210E+16
       187.7600031    2.1085281E+16
       190.4800031    1.9299588E+16
       195.9200032    1.6224330E+16
       198.6400032    1.4900294E+16
       204.0800033    8.0901103E+16
       206.8000034    7.6069076E+16
       209.5300034    7.1403488E+16
       212.2500035    6.7008877E+16
       214.9700035    6.2887753E+16
       220.4100036    5.5447710E+16
       225.8500037    4.8983565E+16
       236.7400038    3.8468523E+16
       247.6200040    3.0474017E+16
       258.5100042    2.4328314E+16
       272.1100044    1.8555345E+16
       285.7200046    1.4302646E+16
       299.3200049    1.1137758E+16
       312.9300051    8.7532174E+15
       340.1400055    5.5485652E+15
       353.7400058    4.4706307E+15
       380.9500062    2.9646463E+15
       394.5600064    2.4380127E+15
       408.1700066    2.0171819E+15
       435.3800071    1.4046413E+15
       462.5900075    9.9835132E+14
       476.1900077    8.4762119E+14
       489.8000080    7.2267757E+14
       503.4000082    6.1874574E+14
       517.0100084    5.3032662E+14
       557.8300091    3.4346179E+14
       571.4300093    2.9908689E+14
       585.0400095    2.6118099E+14
       612.2500100    2.0082762E+14
       666.6700108    1.2223618E+14
       680.2800111    1.0854530E+14
       707.4900115    8.6093609E+13
       734.7000119    6.8771834E+13
       761.9100124    5.5291324E+13
       789.1200128    4.4716385E+13
       816.3300133    3.6359851E+13
       843.5400137    2.9711713E+13
       870.7500142    2.3100916E+13
       911.5700148    1.7162362E+13
       952.3900155    1.2850807E+13
       993.2000162    9.6903637E+12
      1020.4000166    8.0565659E+12
      1061.2000173    4.9816729E+12
      1088.4000177    4.1214644E+12
      1102.0000179    3.7520139E+12
      1115.7000181    3.4152356E+12
      1129.3000184    3.1125036E+12
      1142.9000186    2.8380926E+12
      1156.5000188    2.5891934E+12
      1170.1000190    2.3632932E+12
      1197.3000195    1.1767556E+12
      1210.9000197    9.5636390E+11
      1224.5000199    7.5855954E+11
      1227.2000200    7.4433089E+11
      1229.9000200    6.1617465E+11
      1232.7000200    6.0411196E+11
      1235.4000201    5.9271833E+11
      1238.1000201    4.6653424E+11
      1240.8000202    4.5767393E+11
      1243.5000202    4.4899300E+11
      1246.3000203    4.4017592E+11
      1249.0000203    3.1825953E+11
      1257.2000204    1.8772935E+11
      1259.9000205    1.8413194E+11
      1262.6000205    1.8060203E+11
      1270.8000207    5.2492788E+10
      1281.6000208    0.0000000E+00
      1289.8000210    0.0000000E+00
      1292.5000210    0.0000000E+00
      1295.2000211    0.0000000E+00
      1298.0000211    0.0000000E+00
      1300.7000212    0.0000000E+00
      1303.4000212    0.0000000E+00
      1306.1000212    0.0000000E+00
      1314.3000214    0.0000000E+00
      1330.6000216    0.0000000E+00
      1341.5000218    0.0000000E+00
      1355.1000220    0.0000000E+00
      1360.6000221    0.0000000E+00
      1371.4000223    0.0000000E+00
      1382.3000225    0.0000000E+00
      1390.5000226    0.0000000E+00
      1395.9000227    0.0000000E+00
      1404.1000228    0.0000000E+00
      1406.8000229    0.0000000E+00
      1409.5000229    0.0000000E+00
      1415.0000230    0.0000000E+00
      1417.7000231    0.0000000E+00
      1420.4000231    0.0000000E+00
      1423.1000231    0.0000000E+00
      1425.9000232    0.0000000E+00
      1428.6000232    0.0000000E+00
      1431.3000233    0.0000000E+00
      1436.7000234    0.0000000E+00
      1439.5000234    0.0000000E+00
      1442.2000235    0.0000000E+00
      1444.9000235    0.0000000E+00
      1447.6000235    0.0000000E+00
      1450.4000236    0.0000000E+00
      1453.1000236    0.0000000E+00
      1455.8000237    0.0000000E+00
      1458.5000237    0.0000000E+00
      1461.2000238    0.0000000E+00
      1466.7000239    0.0000000E+00
      1469.4000239    0.0000000E+00
      1472.1000239    0.0000000E+00
      1477.6000240    0.0000000E+00
      1480.3000241    0.0000000E+00
      1488.4000242    0.0000000E+00
      1491.2000242    0.0000000E+00
      1496.6000243    0.0000000E+00
      1551.0000252    0.0000000E+00
      1632.7000266    0.0000000E+00
      1823.1000296    0.0000000E+00
      2340.2000381    0.0000000E+00
 
