       80.0000013    1.0090555E+19
        85.0000014    8.2702686E+18
        90.0000015    6.7864969E+18
        95.2390015    5.5280938E+18
       100.6800016    4.4801872E+18
       114.2900019    2.6862883E+18
       119.7300019    2.2023053E+18
       122.4500020    1.9964737E+18
       125.1700020    1.8112990E+18
       127.8900021    1.6445617E+18
       130.6100021    1.4942964E+18
       133.3300022    1.3587612E+18
       136.0600022    1.2359849E+18
       146.9400024    2.3650349E+18
       149.6600024    2.2728972E+18
       155.1000025    2.0727776E+18
       157.8200026    1.9752068E+18
       160.5500026    1.8813102E+18
       165.9900027    1.7077869E+18
       171.4300028    1.5520899E+18
       176.8700029    1.4126316E+18
       179.5900029    1.3484048E+18
       182.3100030    1.2875439E+18
       185.0400030    1.2296304E+18
       187.7600031    1.1748902E+18
       190.4800031    1.1229215E+18
       195.9200032    1.0266311E+18
       198.6400032    9.8200641E+17
       204.0800033    1.0269928E+18
       206.8000034    9.8589009E+17
       209.5300034    9.4621263E+17
       212.2500035    9.0857394E+17
       214.9700035    8.7286730E+17
       220.4100036    8.0697838E+17
       225.8500037    7.4778178E+17
       236.7400038    6.4620209E+17
       247.6200040    5.6283938E+17
       258.5100042    4.9344453E+17
       272.1100044    4.2197105E+17
       285.7200046    3.6341007E+17
       299.3200049    3.1482842E+17
       312.9300051    2.7399242E+17
       340.1400055    2.0979709E+17
       353.7400058    1.8437042E+17
       380.9500062    1.4331837E+17
       394.5600064    1.2671426E+17
       408.1700066    1.1222446E+17
       435.3800071    8.8452472E+16
       462.5900075    7.0134853E+16
       476.1900077    6.2590395E+16
       489.8000080    5.5932607E+16
       503.4000082    5.0057951E+16
       517.0100084    4.4859748E+16
       557.8300091    3.2559168E+16
       571.4300093    2.9342529E+16
       585.0400095    2.6477644E+16
       612.2500100    2.1648287E+16
       666.6700108    1.4700523E+16
       680.2800111    1.3386685E+16
       707.4900115    1.1142438E+16
       734.7000119    9.3188045E+15
       761.9100124    7.8296271E+15
       789.1200128    6.6077079E+15
       816.3300133    5.6003818E+15
       843.5400137    4.7661810E+15
       870.7500142    4.0722993E+15
       911.5700148    3.2389293E+15
       952.3900155    2.5968889E+15
       993.2000162    2.0980223E+15
      1020.4000166    1.8272112E+15
      1061.2000173    1.4935143E+15
      1088.4000177    1.3103402E+15
      1102.0000179    1.2286311E+15
      1115.7000181    1.1522561E+15
      1129.3000184    1.0818518E+15
      1142.9000186    1.0164075E+15
      1156.5000188    9.5552929E+14
      1170.1000190    8.9885794E+14
      1197.3000195    7.9685240E+14
      1210.9000197    7.5094483E+14
      1224.5000199    7.0809220E+14
      1227.2000200    6.9992773E+14
      1229.9000200    6.9187293E+14
      1232.7000200    6.8363377E+14
      1235.4000201    6.7579707E+14
      1238.1000201    6.6806492E+14
      1240.8000202    6.6043585E+14
      1243.5000202    6.5290818E+14
      1246.3000203    6.4520723E+14
      1249.0000203    6.3788156E+14
      1257.2000204    7.1887800E+14
      1259.9000205    7.1119598E+14
      1262.6000205    7.0324868E+14
      1270.8000207    6.7888656E+14
      1281.6000208    6.4779468E+14
      1289.8000210    6.7333605E+14
      1292.5000210    6.6575328E+14
      1295.2000211    6.5811717E+14
      1298.0000211    6.5021899E+14
      1300.7000212    6.4266166E+14
      1303.4000212    6.3518171E+14
      1306.1000212    6.2778899E+14
      1314.3000214    6.0590815E+14
      1330.6000216    5.6496470E+14
      1341.5000218    5.3938048E+14
      1355.1000220    5.0932913E+14
      1360.6000221    4.9773356E+14
      1371.4000223    4.7584822E+14
      1382.3000225    4.5489099E+14
      1390.5000226    4.3983425E+14
      1395.9000227    4.3023701E+14
      1404.1000228    4.1612807E+14
      1406.8000229    4.1160151E+14
      1409.5000229    4.0713257E+14
      1415.0000230    3.9820380E+14
      1417.7000231    3.9390470E+14
      1420.4000231    3.8965993E+14
      1423.1000231    3.8546872E+14
      1425.9000232    3.8117798E+14
      1428.6000232    3.7709350E+14
      1431.3000233    3.7306026E+14
      1436.7000234    3.6514470E+14
      1439.5000234    3.6111803E+14
      1442.2000235    3.5728447E+14
      1444.9000235    3.5349863E+14
      1447.6000235    3.4975982E+14
      1450.4000236    3.4593153E+14
      1453.1000236    3.4228648E+14
      1455.8000237    1.9700863E+15
      1458.5000237    1.9660491E+15
      1461.2000238    1.9558731E+15
      1466.7000239    1.9259094E+15
      1469.4000239    1.9092481E+15
      1472.1000239    1.8921006E+15
      1477.6000240    1.8567001E+15
      1480.3000241    1.8393495E+15
      1488.4000242    1.7880403E+15
      1491.2000242    1.7706319E+15
      1496.6000243    1.7375761E+15
      1551.0000252    1.4403008E+15
      1632.7000266    1.0950425E+15
      1823.1000296    6.0326668E+14
      2340.2000381    1.5509959E+14
      2829.9000460    5.5074819E+13
      3047.6000496    3.5689161E+13
      3700.7000602    1.1947462E+13
      4000.0000650    7.6390880E+12
      4680.3000761    2.4478676E+12
      5006.8000814    1.4114680E+12
      5387.8000876    5.1330993E+11
 
