       80.0000013    7.9327636E+18
        85.0000014    6.2742504E+18
        90.0000015    4.9805287E+18
        95.2390015    3.9269478E+18
       100.6800016    3.0826565E+18
       114.2900019    1.7177516E+18
       119.7300019    1.3704881E+18
       122.4500020    1.2261282E+18
       125.1700020    1.0981419E+18
       127.8900021    9.8455404E+17
       130.6100021    8.8364403E+17
       133.3300022    7.9391055E+17
       136.0600022    7.1376481E+17
       146.9400024    2.0223929E+18
       149.6600024    1.9348676E+18
       155.1000025    1.7472011E+18
       157.8200026    1.6564578E+18
       160.5500026    1.5694880E+18
       165.9900027    1.4095904E+18
       171.4300028    1.2670349E+18
       176.8700029    1.1401784E+18
       179.5900029    1.0820627E+18
       182.3100030    1.0271967E+18
       185.0400030    9.7519143E+17
       187.7600031    9.2623684E+17
       190.4800031    8.7995963E+17
       195.9200032    7.9479160E+17
       198.6400032    7.5560583E+17
       204.0800033    8.3633459E+17
       206.8000034    8.0303155E+17
       209.5300034    7.7121223E+17
       212.2500035    7.4113956E+17
       214.9700035    7.1262565E+17
       220.4100036    6.5989644E+17
       225.8500037    6.1227391E+17
       236.7400038    5.2973161E+17
       247.6200040    4.6099042E+17
       258.5100042    4.0296002E+17
       272.1100044    3.4239816E+17
       285.7200046    2.9224998E+17
       299.3200049    2.5041652E+17
       312.9300051    2.1523098E+17
       340.1400055    1.6031014E+17
       353.7400058    1.3886249E+17
       380.9500062    1.0487816E+17
       394.5600064    9.1434872E+16
       408.1700066    7.9882440E+16
       435.3800071    6.1357641E+16
       462.5900075    4.7514665E+16
       476.1900077    4.1940351E+16
       489.8000080    3.7089714E+16
       503.4000082    3.2866917E+16
       517.0100084    2.9178082E+16
       557.8300091    2.0646876E+16
       571.4300093    1.8466384E+16
       585.0400095    1.6543758E+16
       612.2500100    1.3347182E+16
       666.6700108    8.8574085E+15
       680.2800111    8.0246917E+15
       707.4900115    6.6158264E+15
       734.7000119    5.4846394E+15
       761.9100124    4.5709420E+15
       789.1200128    3.8286734E+15
       816.3300133    3.2223545E+15
       843.5400137    2.7244835E+15
       870.7500142    2.3136098E+15
       911.5700148    1.8245481E+15
       952.3900155    1.4515435E+15
       993.2000162    1.1643846E+15
      1020.4000166    1.0096284E+15
      1061.2000173    8.2019387E+14
      1088.4000177    7.1687487E+14
      1102.0000179    6.7095617E+14
      1115.7000181    6.2813575E+14
      1129.3000184    5.8875365E+14
      1142.9000186    5.5222777E+14
      1156.5000188    5.1832451E+14
      1170.1000190    4.8683136E+14
      1197.3000195    4.3031885E+14
      1210.9000197    4.0496267E+14
      1224.5000199    3.8133964E+14
      1227.2000200    3.7684409E+14
      1229.9000200    3.7241054E+14
      1232.7000200    3.6787724E+14
      1235.4000201    3.6356700E+14
      1238.1000201    3.5931586E+14
      1240.8000202    3.5512286E+14
      1243.5000202    3.5098718E+14
      1246.3000203    3.4675784E+14
      1249.0000203    3.4273604E+14
      1257.2000204    3.6858191E+14
      1259.9000205    3.6450418E+14
      1262.6000205    3.6034366E+14
      1270.8000207    3.4771740E+14
      1281.6000208    3.3167778E+14
      1289.8000210    3.3797846E+14
      1292.5000210    3.3412352E+14
      1295.2000211    3.3026158E+14
      1298.0000211    3.2627803E+14
      1300.7000212    3.2247208E+14
      1303.4000212    3.1870825E+14
      1306.1000212    3.1499022E+14
      1314.3000214    3.0399175E+14
      1330.6000216    2.8342449E+14
      1341.5000218    2.7057967E+14
      1355.1000220    2.5549906E+14
      1360.6000221    2.4968209E+14
      1371.4000223    2.3870620E+14
      1382.3000225    2.2819935E+14
      1390.5000226    2.2065277E+14
      1395.9000227    2.1584341E+14
      1404.1000228    2.0877435E+14
      1406.8000229    2.0650669E+14
      1409.5000229    2.0426801E+14
      1415.0000230    1.9979564E+14
      1417.7000231    1.9764242E+14
      1420.4000231    1.9551652E+14
      1423.1000231    1.9341758E+14
      1425.9000232    1.9126890E+14
      1428.6000232    1.8922361E+14
      1431.3000233    1.8720407E+14
      1436.7000234    1.8324085E+14
      1439.5000234    1.8122489E+14
      1442.2000235    1.7930569E+14
      1444.9000235    1.7741045E+14
      1447.6000235    1.7553885E+14
      1450.4000236    1.7362251E+14
      1453.1000236    1.7179799E+14
      1455.8000237    1.0457024E+15
      1458.5000237    1.0436775E+15
      1461.2000238    1.0383152E+15
      1466.7000239    1.0223234E+15
      1469.4000239    1.0133938E+15
      1472.1000239    1.0041926E+15
      1477.6000240    9.8518034E+14
      1480.3000241    9.7585851E+14
      1488.4000242    9.4829220E+14
      1491.2000242    9.3894139E+14
      1496.6000243    9.2118995E+14
      1551.0000252    7.6190136E+14
      1632.7000266    5.7775323E+14
      1823.1000296    3.1709042E+14
      2340.2000381    7.9947880E+13
      2829.9000460    2.7658792E+13
      3047.6000496    1.8158792E+13
      3700.7000602    5.0768553E+12
      4000.0000650    3.1114501E+12
      4680.3000761    1.7807542E+11
      5006.8000814    0.0000000E+00
      5387.8000876    0.0000000E+00
 
