       80.0000013    2.2479932E+18
        85.0000014    1.6200865E+18
        90.0000015    1.1803685E+18
        95.2390015    8.5757042E+17
       100.6800016    6.2416849E+17
       114.2900019    3.0205862E+17
       119.7300019    2.3278939E+17
       122.4500020    2.0571670E+17
       125.1700020    1.8260002E+17
       127.8900021    1.6279885E+17
       130.6100021    1.4578210E+17
       133.3300022    1.3110832E+17
       136.0600022    1.1836696E+17
       146.9400024    8.9962564E+17
       149.6600024    8.3162613E+17
       155.1000025    7.0928925E+17
       157.8200026    6.5540445E+17
       160.5500026    6.0581895E+17
       165.9900027    5.1894279E+17
       171.4300028    4.4566326E+17
       176.8700029    3.8365448E+17
       179.5900029    3.5627187E+17
       182.3100030    3.3102821E+17
       185.0400030    3.0765947E+17
       187.7600031    2.8617154E+17
       190.4800031    2.6632584E+17
       195.9200032    2.3103021E+17
       198.6400032    2.1534408E+17
       204.0800033    4.3687923E+17
       206.8000034    4.1682905E+17
       209.5300034    3.9741147E+17
       212.2500035    3.7895280E+17
       214.9700035    3.6141050E+17
       220.4100036    3.2896931E+17
       225.8500037    2.9976470E+17
       236.7400038    2.4964255E+17
       247.6200040    2.0874378E+17
       258.5100042    1.7515129E+17
       272.1100044    1.4137556E+17
       285.7200046    1.1469941E+17
       299.3200049    9.3552213E+16
       312.9300051    7.6679039E+16
       340.1400055    5.2283045E+16
       353.7400058    4.3482674E+16
       380.9500062    3.0482585E+16
       394.5600064    2.5687308E+16
       408.1700066    2.1736641E+16
       435.3800071    1.5753511E+16
       462.5900075    1.1590215E+16
       476.1900077    9.9949655E+15
       489.8000080    8.6475349E+15
       503.4000082    7.5069795E+15
       517.0100084    6.5367126E+15
       557.8300091    4.3934450E+15
       571.4300093    3.8702168E+15
       585.0400095    3.4179371E+15
       612.2500100    2.6860688E+15
       666.6700108    1.7053162E+15
       680.2800111    1.5302287E+15
       707.4900115    1.2385992E+15
       734.7000119    1.0105075E+15
       761.9100124    8.3009081E+14
       789.1200128    6.8627222E+14
       816.3300133    5.7078975E+14
       843.5400137    4.7742293E+14
       870.7500142    4.0144925E+14
       911.5700148    3.1241240E+14
       952.3900155    2.4563503E+14
       993.2000162    1.9497533E+14
      1020.4000166    1.6797362E+14
      1061.2000173    1.3523751E+14
      1088.4000177    1.1754318E+14
      1102.0000179    1.0971840E+14
      1115.7000181    1.0244451E+14
      1129.3000184    9.5774927E+13
      1142.9000186    8.9607111E+13
      1156.5000188    8.3898277E+13
      1170.1000190    7.8609729E+13
      1197.3000195    6.9156498E+13
      1210.9000197    6.4931139E+13
      1224.5000199    6.0853030E+13
      1227.2000200    6.0107157E+13
      1229.9000200    5.9371917E+13
      1232.7000200    5.8620490E+13
      1235.4000201    5.7906376E+13
      1238.1000201    5.7202384E+13
      1240.8000202    5.6508339E+13
      1243.5000202    5.5824089E+13
      1246.3000203    5.5124672E+13
      1249.0000203    5.4459883E+13
      1257.2000204    5.4474895E+13
      1259.9000205    5.3832592E+13
      1262.6000205    5.3191727E+13
      1270.8000207    5.1280857E+13
      1281.6000208    4.8873674E+13
      1289.8000210    4.8125880E+13
      1292.5000210    4.7561004E+13
      1295.2000211    4.7000469E+13
      1298.0000211    4.6425300E+13
      1300.7000212    4.5877356E+13
      1303.4000212    4.5336337E+13
      1306.1000212    4.4802394E+13
      1314.3000214    4.3224207E+13
      1330.6000216    4.0274370E+13
      1341.5000218    3.8432319E+13
      1355.1000220    3.6269766E+13
      1360.6000221    3.5435644E+13
      1371.4000223    3.3861807E+13
      1382.3000225    3.2355249E+13
      1390.5000226    3.1273152E+13
      1395.9000227    3.0583537E+13
      1404.1000228    2.9569883E+13
      1406.8000229    2.9244709E+13
      1409.5000229    2.8923690E+13
      1415.0000230    2.8282355E+13
      1417.7000231    2.7973579E+13
      1420.4000231    2.7668718E+13
      1423.1000231    2.7367716E+13
      1425.9000232    2.7059582E+13
      1428.6000232    2.6766266E+13
      1431.3000233    2.6476643E+13
      1436.7000234    2.5908260E+13
      1439.5000234    2.5619136E+13
      1442.2000235    2.5343885E+13
      1444.9000235    2.5072067E+13
      1447.6000235    2.4803633E+13
      1450.4000236    2.4528783E+13
      1453.1000236    2.4267096E+13
      1455.8000237    1.6098534E+14
      1458.5000237    1.6065875E+14
      1461.2000238    1.5980030E+14
      1466.7000239    1.5723390E+14
      1469.4000239    1.5579875E+14
      1472.1000239    1.5431916E+14
      1477.6000240    1.5126096E+14
      1480.3000241    1.4976147E+14
      1488.4000242    1.4532844E+14
      1491.2000242    1.4382542E+14
      1496.6000243    1.4097343E+14
      1551.0000252    1.1443638E+14
      1632.7000266    8.5336009E+13
      1823.1000296    4.3917685E+13
      2340.2000381    7.4099442E+12
      2829.9000460    0.0000000E+00
      3047.6000496    0.0000000E+00
      3700.7000602    0.0000000E+00
      4000.0000650    0.0000000E+00
      4680.3000761    0.0000000E+00
      5006.8000814    0.0000000E+00
      5387.8000876    0.0000000E+00
 
