       80.0000013    1.1303248E+19
        85.0000014    9.5527934E+18
        90.0000015    8.0666875E+18
        95.2390015    6.7573549E+18
       100.6800016    5.6268986E+18
       114.2900019    3.5860770E+18
       119.7300019    3.0065216E+18
       122.4500020    2.7553198E+18
       125.1700020    2.5266181E+18
       127.8900021    2.3182862E+18
       130.6100021    2.1283983E+18
       133.3300022    1.9552153E+18
       136.0600022    1.7966126E+18
       146.9400024    2.6774043E+18
       149.6600024    2.5703957E+18
       155.1000025    2.3453982E+18
       157.8200026    2.2373477E+18
       160.5500026    2.1340067E+18
       165.9900027    1.9442944E+18
       171.4300028    1.7751630E+18
       176.8700029    1.6243235E+18
       179.5900029    1.5550095E+18
       182.3100030    1.4893912E+18
       185.0400030    1.4269888E+18
       187.7600031    1.3680221E+18
       190.4800031    1.3120386E+18
       195.9200032    1.2082399E+18
       198.6400032    1.1600748E+18
       204.0800033    1.2286385E+18
       206.8000034    1.1823787E+18
       209.5300034    1.1359740E+18
       212.2500035    1.0910922E+18
       214.9700035    1.0480515E+18
       220.4100036    9.6794908E+17
       225.8500037    8.9557737E+17
       236.7400038    7.7110606E+17
       247.6200040    6.6917350E+17
       258.5100042    5.8484034E+17
       272.1100044    4.9884729E+17
       285.7200046    4.2931579E+17
       299.3200049    3.7241177E+17
       312.9300051    3.2517032E+17
       340.1400055    2.5189595E+17
       353.7400058    2.2310560E+17
       380.9500062    1.7663934E+17
       394.5600064    1.5775095E+17
       408.1700066    1.4116799E+17
       435.3800071    1.1363656E+17
       462.5900075    9.2001704E+16
       476.1900077    8.2941814E+16
       489.8000080    7.4856178E+16
       503.4000082    6.7639997E+16
       517.0100084    6.1181805E+16
       557.8300091    4.5569040E+16
       571.4300093    4.1394242E+16
       585.0400095    3.7637718E+16
       612.2500100    3.1213439E+16
       666.6700108    2.1726779E+16
       680.2800111    1.9893805E+16
       707.4900115    1.6728572E+16
       734.7000119    1.4121039E+16
       761.9100124    1.1964922E+16
       789.1200128    1.0175507E+16
       816.3300133    8.6849591E+15
       843.5400137    7.4388458E+15
       870.7500142    6.3933858E+15
       911.5700148    5.1257101E+15
       952.3900155    4.1389134E+15
       993.2000162    3.3651702E+15
      1020.4000166    2.9422494E+15
      1061.2000173    2.4179742E+15
      1088.4000177    2.1285514E+15
      1102.0000179    1.9990386E+15
      1115.7000181    1.8777378E+15
      1129.3000184    1.7657033E+15
      1142.9000186    1.6613665E+15
      1156.5000188    1.5641330E+15
      1170.1000190    1.4734586E+15
      1197.3000195    1.3098373E+15
      1210.9000197    1.2360158E+15
      1224.5000199    1.1669972E+15
      1227.2000200    1.1538352E+15
      1229.9000200    1.1408459E+15
      1232.7000200    1.1275551E+15
      1235.4000201    1.1149097E+15
      1238.1000201    1.1024293E+15
      1240.8000202    1.0901114E+15
      1243.5000202    1.0779538E+15
      1246.3000203    1.0655125E+15
      1249.0000203    1.0536738E+15
      1257.2000204    1.2518129E+15
      1259.9000205    1.2388700E+15
      1262.6000205    1.2252838E+15
      1270.8000207    1.1832358E+15
      1281.6000208    1.1293682E+15
      1289.8000210    1.1983104E+15
      1292.5000210    1.1849652E+15
      1295.2000211    1.1714604E+15
      1298.0000211    1.1574585E+15
      1300.7000212    1.1440448E+15
      1303.4000212    1.1307601E+15
      1306.1000212    1.1176257E+15
      1314.3000214    1.0787388E+15
      1330.6000216    1.0059537E+15
      1341.5000218    9.6046213E+14
      1355.1000220    9.0701616E+14
      1360.6000221    8.8639018E+14
      1371.4000223    8.4745630E+14
      1382.3000225    8.1016800E+14
      1390.5000226    7.8337512E+14
      1395.9000227    7.6629592E+14
      1404.1000228    7.4118613E+14
      1406.8000229    7.3312978E+14
      1409.5000229    7.2517577E+14
      1415.0000230    7.0928352E+14
      1417.7000231    7.0163136E+14
      1420.4000231    6.9407571E+14
      1423.1000231    6.8661522E+14
      1425.9000232    6.7897756E+14
      1428.6000232    6.7170678E+14
      1431.3000233    6.6452721E+14
      1436.7000234    6.5043622E+14
      1439.5000234    6.4326792E+14
      1442.2000235    6.3644329E+14
      1444.9000235    6.2970354E+14
      1447.6000235    6.2304742E+14
      1450.4000236    6.1623184E+14
      1453.1000236    6.0974248E+14
      1455.8000237    3.3000722E+15
      1458.5000237    3.2929976E+15
      1461.2000238    3.2759197E+15
      1466.7000239    3.2262549E+15
      1469.4000239    3.1987572E+15
      1472.1000239    3.1704925E+15
      1477.6000240    3.1121964E+15
      1480.3000241    3.0836362E+15
      1488.4000242    2.9991800E+15
      1491.2000242    2.9705202E+15
      1496.6000243    2.9160847E+15
      1551.0000252    2.4253710E+15
      1632.7000266    1.8523605E+15
      1823.1000296    1.0288808E+15
      2340.2000381    2.6696134E+14
      2829.9000460    9.4829942E+13
      3047.6000496    6.3269088E+13
      3700.7000602    2.1850076E+13
      4000.0000650    1.4240388E+13
      4680.3000761    5.9493287E+12
      5006.8000814    3.5349332E+12
      5387.8000876    2.0887423E+12
 
