       80.0000013    5.1343884E+17
        85.0000014    3.6857805E+17
        90.0000015    2.7389792E+17
        95.2390015    2.0776691E+17
       100.6800016    1.6123345E+17
       114.2900019    9.5811615E+16
       119.7300019    8.0349054E+16
       122.4500020    7.3930896E+16
       125.1700020    6.8204467E+16
       127.8900021    6.3065728E+16
       130.6100021    5.8430591E+16
       133.3300022    5.4230508E+16
       136.0600022    5.0395776E+16
       146.9400024    2.7753529E+17
       149.6600024    2.5121128E+17
       155.1000025    2.0632710E+17
       157.8200026    1.8730924E+17
       160.5500026    1.7018413E+17
       165.9900027    1.4106592E+17
       171.4300028    1.1743629E+17
       176.8700029    9.8167061E+16
       179.5900029    8.9886046E+16
       182.3100030    8.2383048E+16
       185.0400030    7.5554161E+16
       187.7600031    6.9378110E+16
       190.4800031    6.3765425E+16
       195.9200032    5.4011177E+16
       198.6400032    4.9774612E+16
       204.0800033    1.8370855E+17
       206.8000034    1.7356064E+17
       209.5300034    1.6375752E+17
       212.2500035    1.5449748E+17
       214.9700035    1.4577593E+17
       220.4100036    1.2990462E+17
       225.8500037    1.1595202E+17
       236.7400038    9.2855054E+16
       247.6200040    7.4890348E+16
       258.5100042    6.0787291E+16
       272.1100044    4.7253681E+16
       285.7200046    3.7063665E+16
       299.3200049    2.9327297E+16
       312.9300051    2.3390461E+16
       340.1400055    1.5219075E+16
       353.7400058    1.2404920E+16
       380.9500062    8.3964850E+15
       394.5600064    6.9678462E+15
       408.1700066    5.8135088E+15
       435.3800071    4.1086726E+15
       462.5900075    2.9576331E+15
       476.1900077    2.5254727E+15
       489.8000080    2.1647675E+15
       503.4000082    1.8628170E+15
       517.0100084    1.6086089E+15
       557.8300091    1.0570420E+15
       571.4300093    9.2480867E+14
       585.0400095    8.1140281E+14
       612.2500100    6.2987064E+14
       666.6700108    3.9124525E+14
       680.2800111    3.4933241E+14
       707.4900115    2.8029294E+14
       734.7000119    2.2669626E+14
       761.9100124    1.8471149E+14
       789.1200128    1.5154405E+14
       816.3300133    1.2513388E+14
       843.5400137    1.0394740E+14
       870.7500142    8.6832260E+13
       911.5700148    6.5527427E+13
       952.3900155    5.0837406E+13
       993.2000162    3.9805119E+13
      1020.4000166    3.3973189E+13
      1061.2000173    2.6957922E+13
      1088.4000177    2.3196321E+13
      1102.0000179    2.1540853E+13
      1115.7000181    2.0006838E+13
      1129.3000184    1.8604785E+13
      1142.9000186    1.7312390E+13
      1156.5000188    1.6120066E+13
      1170.1000190    1.5019159E+13
      1197.3000195    1.3061055E+13
      1210.9000197    1.2190372E+13
      1224.5000199    1.1383986E+13
      1227.2000200    1.1231075E+13
      1229.9000200    1.1080450E+13
      1232.7000200    1.0926620E+13
      1235.4000201    1.0780534E+13
      1238.1000201    1.0636619E+13
      1240.8000202    1.0494840E+13
      1243.5000202    1.0355161E+13
      1246.3000203    1.0212490E+13
      1249.0000203    1.0076982E+13
      1257.2000204    9.8247199E+12
      1259.9000205    9.6958677E+12
      1262.6000205    9.5683367E+12
      1270.8000207    9.1909175E+12
      1281.6000208    8.7179673E+12
      1289.8000210    8.4549194E+12
      1292.5000210    8.3451749E+12
      1295.2000211    8.2367417E+12
      1298.0000211    8.1257829E+12
      1300.7000212    8.0202700E+12
      1303.4000212    7.9162256E+12
      1306.1000212    7.8136470E+12
      1314.3000214    7.5109525E+12
      1330.6000216    6.9469507E+12
      1341.5000218    6.5959562E+12
      1355.1000220    6.1851786E+12
      1360.6000221    6.0271346E+12
      1371.4000223    5.7295792E+12
      1382.3000225    5.4455813E+12
      1390.5000226    5.2421376E+12
      1395.9000227    5.1127323E+12
      1404.1000228    4.9228897E+12
      1406.8000229    4.8620854E+12
      1409.5000229    4.8021048E+12
      1415.0000230    4.6824193E+12
      1417.7000231    4.6248656E+12
      1420.4000231    4.5680873E+12
      1423.1000231    4.5120723E+12
      1425.9000232    4.4547776E+12
      1428.6000232    4.4002836E+12
      1431.3000233    4.3465197E+12
      1436.7000234    4.2411386E+12
      1439.5000234    4.1876015E+12
      1442.2000235    4.1366766E+12
      1444.9000235    4.0864291E+12
      1447.6000235    4.0368496E+12
      1450.4000236    3.9861281E+12
      1453.1000236    3.9378781E+12
      1455.8000237    2.6803607E+13
      1458.5000237    2.6710494E+13
      1461.2000238    2.1332587E+13
      1466.7000239    2.0896180E+13
      1469.4000239    2.0659470E+13
      1472.1000239    2.0417631E+13
      1477.6000240    1.9921747E+13
      1480.3000241    1.9679897E+13
      1488.4000242    1.8968356E+13
      1491.2000242    1.8728117E+13
      1496.6000243    1.8273570E+13
      1551.0000252    1.2609433E+13
      1632.7000266    7.1214029E+12
      1823.1000296    0.0000000E+00
      2340.2000381    0.0000000E+00
      2829.9000460    0.0000000E+00
      3047.6000496    0.0000000E+00
      3700.7000602    0.0000000E+00
      4000.0000650    0.0000000E+00
 
