       80.0000013    1.4513535E+16
        85.0000014    1.0377128E+16
        90.0000015    7.5177470E+15
        95.2390015    5.4336045E+15
       100.6800016    3.9296833E+15
       114.2900019    1.8408505E+15
       119.7300019    1.3849209E+15
       122.4500020    1.2055083E+15
       125.1700020    1.0516868E+15
       127.8900021    9.1945734E+14
       130.6100021    8.0549850E+14
       133.3300022    7.0704268E+14
       136.0600022    6.2148539E+14
       146.9400024    4.6529025E+14
       149.6600024    4.0922646E+14
       155.1000025    3.1790640E+14
       157.8200026    2.8081751E+14
       160.5500026    2.4829412E+14
       165.9900027    1.9504878E+14
       171.4300028    1.5393042E+14
       176.8700029    1.2195063E+14
       179.5900029    1.0867761E+14
       182.3100030    9.6915174E+13
       185.0400030    8.6440193E+13
       187.7600031    7.7167333E+13
       190.4800031    6.8915921E+13
       195.9200032    5.5589246E+13
       198.6400032    4.9728440E+13
       204.0800033    5.6737330E+14
       206.8000034    5.1257093E+14
       209.5300034    4.6131472E+14
       212.2500035    4.1445069E+14
       214.9700035    3.7176643E+14
       220.4100036    2.9795648E+14
       225.8500037    2.3748614E+14
       236.7400038    1.4735169E+14
       247.6200040    8.1519863E+13
       258.5100042    4.2055036E+13
       272.1100044    7.0221494E+12
 
