       80.0000013    5.0479162E+18
        85.0000014    3.8281339E+18
        90.0000015    2.9211655E+18
        95.2390015    2.2151069E+18
       100.6800016    1.6736847E+18
       114.2900019    8.5649358E+17
       119.7300019    6.6358894E+17
       122.4500020    5.8573025E+17
       125.1700020    5.1799333E+17
       127.8900021    4.5898257E+17
       130.6100021    4.0750495E+17
       133.3300022    3.6253877E+17
       136.0600022    3.2307259E+17
       146.9400024    1.5543981E+18
       149.6600024    1.4667169E+18
       155.1000025    1.2939692E+18
       157.8200026    1.2138945E+18
       160.5500026    1.1384820E+18
       165.9900027    1.0025650E+18
       171.4300028    8.8402748E+17
       176.8700029    7.8059292E+17
       179.5900029    7.3388065E+17
       182.3100030    6.9019121E+17
       185.0400030    6.4916555E+17
       187.7600031    6.1090708E+17
       190.4800031    5.7507880E+17
       195.9200032    5.1005997E+17
       198.6400032    4.8057203E+17
       204.0800033    6.5113958E+17
       206.8000034    6.2466506E+17
       209.5300034    5.9915790E+17
       212.2500035    5.7492456E+17
       214.9700035    5.5185409E+17
       220.4100036    5.0897785E+17
       225.8500037    4.7003995E+17
       236.7400038    4.0214988E+17
       247.6200040    3.4538797E+17
       258.5100042    2.9751410E+17
       272.1100044    2.4786864E+17
       285.7200046    2.0726318E+17
       299.3200049    1.7394545E+17
       312.9300051    1.4645899E+17
       340.1400055    1.0486473E+17
       353.7400058    8.9163873E+16
       380.9500062    6.5057888E+16
       394.5600064    5.5822794E+16
       408.1700066    4.8040901E+16
       435.3800071    3.5893078E+16
       462.5900075    2.7116340E+16
       476.1900077    2.3664449E+16
       489.8000080    2.0703037E+16
       503.4000082    1.8159326E+16
       517.0100084    1.5965417E+16
       557.8300091    1.1003120E+16
       571.4300093    9.7628859E+15
       585.0400095    8.6800215E+15
       612.2500100    6.9039457E+15
       666.6700108    4.4689293E+15
       680.2800111    4.0263200E+15
       707.4900115    3.2850508E+15
       734.7000119    2.6975570E+15
       761.9100124    2.2286962E+15
       789.1200128    1.8520343E+15
       816.3300133    1.5475319E+15
       843.5400137    1.2998842E+15
       870.7500142    1.0973201E+15
       911.5700148    8.5860530E+14
       952.3900155    6.7851907E+14
       993.2000162    5.4120571E+14
      1020.4000166    4.6773516E+14
      1061.2000173    3.7835457E+14
      1088.4000177    3.2988057E+14
      1102.0000179    3.0840268E+14
      1115.7000181    2.8841155E+14
      1129.3000184    2.7005833E+14
      1142.9000186    2.5306477E+14
      1156.5000188    2.3731624E+14
      1170.1000190    2.2270932E+14
      1197.3000195    1.9655208E+14
      1210.9000197    1.8483863E+14
      1224.5000199    1.7393878E+14
      1227.2000200    1.7186590E+14
      1229.9000200    1.6982207E+14
      1232.7000200    1.6773272E+14
      1235.4000201    1.6574660E+14
      1238.1000201    1.6378812E+14
      1240.8000202    1.6185685E+14
      1243.5000202    1.5995233E+14
      1246.3000203    1.5800512E+14
      1249.0000203    1.5615382E+14
      1257.2000204    1.6126644E+14
      1259.9000205    1.5944063E+14
      1262.6000205    1.5760037E+14
      1270.8000207    1.5206714E+14
      1281.6000208    1.4506742E+14
      1289.8000210    1.4514114E+14
      1292.5000210    1.4348055E+14
      1295.2000211    1.4182507E+14
      1298.0000211    1.4012189E+14
      1300.7000212    1.3849695E+14
      1303.4000212    1.3689119E+14
      1306.1000212    1.3530560E+14
      1314.3000214    1.3061647E+14
      1330.6000216    1.2184721E+14
      1341.5000218    1.1636891E+14
      1355.1000220    1.0993502E+14
      1360.6000221    1.0745266E+14
      1371.4000223    1.0276767E+14
      1382.3000225    9.8281376E+13
      1390.5000226    9.5058020E+13
      1395.9000227    9.3003306E+13
      1404.1000228    8.9982400E+13
      1406.8000229    8.9013138E+13
      1409.5000229    8.8056158E+13
      1415.0000230    8.6144008E+13
      1417.7000231    8.5223258E+13
      1420.4000231    8.4314092E+13
      1423.1000231    8.3416343E+13
      1425.9000232    8.2497229E+13
      1428.6000232    8.1622230E+13
      1431.3000233    8.0758153E+13
      1436.7000234    7.9062152E+13
      1439.5000234    7.8199300E+13
      1442.2000235    7.7377770E+13
      1444.9000235    7.6566390E+13
      1447.6000235    7.5765035E+13
      1450.4000236    7.4944428E+13
      1453.1000236    7.4163046E+13
      1455.8000237    4.7392968E+14
      1458.5000237    4.7307273E+14
      1461.2000238    4.7067221E+14
      1466.7000239    4.6341838E+14
      1469.4000239    4.5935071E+14
      1472.1000239    4.5515403E+14
      1477.6000240    4.4647380E+14
      1480.3000241    4.4221557E+14
      1488.4000242    4.2961987E+14
      1491.2000242    4.2534695E+14
      1496.6000243    4.1723547E+14
      1551.0000252    3.4449503E+14
      1632.7000266    2.5940492E+14
      1823.1000296    1.4092679E+14
      2340.2000381    3.3505940E+13
      2829.9000460    9.8950992E+12
      3047.6000496    6.2040881E+12
      3700.7000602    2.8578382E+11
      4000.0000650    0.0000000E+00
      4680.3000761    0.0000000E+00
      5006.8000814    0.0000000E+00
      5387.8000876    0.0000000E+00
 
