       80.0000013    1.0645969E+17
        85.0000014    8.4041163E+16
        90.0000015    6.6773500E+16
        95.2390015    5.2798488E+16
       100.6800016    4.1631496E+16
       114.2900019    2.3592230E+16
       119.7300019    1.8993625E+16
       122.4500020    1.7078409E+16
       125.1700020    1.5377674E+16
       127.8900021    1.3865321E+16
       130.6100021    1.2518646E+16
       133.3300022    1.1317876E+16
       136.0600022    1.0242020E+16
       146.9400024    1.6232872E+16
       149.6600024    1.4474916E+16
       155.1000025    1.1555589E+16
       157.8200026    1.0350378E+16
       160.5500026    9.2833581E+15
       165.9900027    7.5129077E+15
       171.4300028    6.1211085E+15
       176.8700029    5.0191874E+15
       179.5900029    4.5554705E+15
       182.3100030    4.1407125E+15
       185.0400030    3.7678443E+15
       187.7600031    3.4345530E+15
       190.4800031    3.1350182E+15
       195.9200032    2.6223779E+15
       198.6400032    2.4029840E+15
       204.0800033    1.9769891E+16
       206.8000034    1.8483349E+16
       209.5300034    1.7245217E+16
       212.2500035    1.6084706E+16
       214.9700035    1.5002862E+16
       220.4100036    1.3068744E+16
       225.8500037    1.1411197E+16
       236.7400038    8.7675707E+15
       247.6200040    6.8077760E+15
       258.5100042    5.3353243E+15
       272.1100044    3.9834823E+15
       285.7200046    3.0102865E+15
       299.3200049    2.3007831E+15
       312.9300051    1.7760849E+15
       340.1400055    1.0876346E+15
       353.7400058    8.6156353E+14
       380.9500062    5.5211093E+14
       394.5600064    4.4618647E+14
       408.1700066    3.6266912E+14
       435.3800071    2.4216448E+14
       462.5900075    1.6527385E+14
       476.1900077    1.3735942E+14
       489.8000080    1.1454970E+14
       503.4000082    9.5851976E+13
       517.0100084    8.0435309E+13
       557.8300091    4.7280413E+13
       571.4300093    3.9976310E+13
       585.0400095    3.2751305E+13
       612.2500100    2.3462966E+13
       666.6700108    1.0407386E+13
       680.2800111    8.7754172E+12
       707.4900115    5.3975513E+12
       734.7000119    3.0156629E+12
       761.9100124    7.4417478E+11
       789.1200128    0.0000000E+00
       816.3300133    0.0000000E+00
       843.5400137    0.0000000E+00
       870.7500142    0.0000000E+00
       911.5700148    0.0000000E+00
       952.3900155    0.0000000E+00
       993.2000162    0.0000000E+00
      1020.4000166    0.0000000E+00
      1061.2000173    0.0000000E+00
      1088.4000177    0.0000000E+00
      1102.0000179    0.0000000E+00
 
