       80.0000013    1.0813488E+19
        85.0000014    9.0051382E+18
        90.0000015    7.5000085E+18
        95.2390015    6.1984726E+18
       100.6800016    5.0946009E+18
       114.2900019    3.1534494E+18
       119.7300019    2.6158671E+18
       122.4500020    2.3849947E+18
       125.1700020    2.1760058E+18
       127.8900021    1.9866860E+18
       130.6100021    1.8150555E+18
       133.3300022    1.6593442E+18
       136.0600022    1.5174748E+18
       146.9400024    2.5219586E+18
       149.6600024    2.4232945E+18
       155.1000025    2.2122868E+18
       157.8200026    2.1100836E+18
       160.5500026    2.0119713E+18
       165.9900027    1.8311023E+18
       171.4300028    1.6691558E+18
       176.8700029    1.5242592E+18
       179.5900029    1.4575510E+18
       182.3100030    1.3943378E+18
       185.0400030    1.3341752E+18
       187.7600031    1.2772895E+18
       190.4800031    1.2232573E+18
       195.9200032    1.1230410E+18
       198.6400032    1.0765358E+18
       204.0800033    1.1279581E+18
       206.8000034    1.0837097E+18
       209.5300034    1.0403059E+18
       212.2500035    9.9880317E+17
       214.9700035    9.5926267E+17
       220.4100036    8.8607635E+17
       225.8500037    8.2022564E+17
       236.7400038    7.0728711E+17
       247.6200040    6.1489322E+17
       258.5100042    5.3835663E+17
       272.1100044    4.6004803E+17
       285.7200046    3.9638078E+17
       299.3200049    3.4394181E+17
       312.9300051    3.0012386E+17
       340.1400055    2.3160558E+17
       353.7400058    2.0451865E+17
       380.9500062    1.6069550E+17
       394.5600064    1.4288629E+17
       408.1700066    1.2727608E+17
       435.3800071    1.0147018E+17
       462.5900075    8.1351293E+16
       476.1900077    7.2986312E+16
       489.8000080    6.5558351E+16
       503.4000082    5.8963459E+16
       517.0100084    5.3092307E+16
       557.8300091    3.9041936E+16
       571.4300093    3.5324966E+16
       585.0400095    3.1997073E+16
       612.2500100    2.6346143E+16
       666.6700108    1.8109371E+16
       680.2800111    1.6535086E+16
       707.4900115    1.3831587E+16
       734.7000119    1.1620050E+16
       761.9100124    9.8031394E+15
       789.1200128    8.3041212E+15
       816.3300133    7.0622244E+15
       843.5400137    6.0291092E+15
       870.7500142    5.1662336E+15
       911.5700148    4.1251695E+15
       952.3900155    3.3191499E+15
       993.2000162    2.6901383E+15
      1020.4000166    2.3475454E+15
      1061.2000173    1.9241589E+15
      1088.4000177    1.6911036E+15
      1102.0000179    1.5869805E+15
      1115.7000181    1.4895572E+15
      1129.3000184    1.3996629E+15
      1142.9000186    1.3160227E+15
      1156.5000188    1.2381465E+15
      1170.1000190    1.1655862E+15
      1197.3000195    1.0348126E+15
      1210.9000197    9.7588214E+14
      1224.5000199    9.2082777E+14
      1227.2000200    9.1033342E+14
      1229.9000200    8.9997839E+14
      1232.7000200    8.8938458E+14
      1235.4000201    8.7930657E+14
      1238.1000201    8.6936158E+14
      1240.8000202    8.5954751E+14
      1243.5000202    8.4986243E+14
      1246.3000203    8.3995286E+14
      1249.0000203    8.3052460E+14
      1257.2000204    9.6033617E+14
      1259.9000205    9.5025145E+14
      1262.6000205    9.3974260E+14
      1270.8000207    9.0736976E+14
      1281.6000208    8.6597023E+14
      1289.8000210    9.0938591E+14
      1292.5000210    8.9921100E+14
      1295.2000211    8.8893878E+14
      1298.0000211    8.7830061E+14
      1300.7000212    8.6811503E+14
      1303.4000212    8.5803025E+14
      1306.1000212    8.4806102E+14
      1314.3000214    8.1854896E+14
      1330.6000216    7.6331548E+14
      1341.5000218    7.2879622E+14
      1355.1000220    6.8824375E+14
      1360.6000221    6.7259443E+14
      1371.4000223    6.4305539E+14
      1382.3000225    6.1476585E+14
      1390.5000226    5.9443924E+14
      1395.9000227    5.8148220E+14
      1404.1000228    5.6243281E+14
      1406.8000229    5.5632097E+14
      1409.5000229    5.5028671E+14
      1415.0000230    5.3823024E+14
      1417.7000231    5.3242498E+14
      1420.4000231    5.2669295E+14
      1423.1000231    5.2103315E+14
      1425.9000232    5.1523884E+14
      1428.6000232    5.0972293E+14
      1431.3000233    5.0427614E+14
      1436.7000234    4.9358603E+14
      1439.5000234    4.8814780E+14
      1442.2000235    4.8297028E+14
      1444.9000235    4.7785709E+14
      1447.6000235    4.7280735E+14
      1450.4000236    4.6763661E+14
      1453.1000236    4.6271337E+14
      1455.8000237    2.5843403E+15
      1458.5000237    2.5789421E+15
      1461.2000238    2.5655974E+15
      1466.7000239    2.5265239E+15
      1469.4000239    2.5048394E+15
      1472.1000239    2.4825346E+15
      1477.6000240    2.4365065E+15
      1480.3000241    2.4139507E+15
      1488.4000242    2.3472479E+15
      1491.2000242    2.3246140E+15
      1496.6000243    2.2816294E+15
      1551.0000252    1.8945635E+15
      1632.7000266    1.4437189E+15
      1823.1000296    7.9855038E+14
      2340.2000381    2.0521312E+14
      2829.9000460    7.2563565E+13
      3047.6000496    4.8303492E+13
      3700.7000602    1.6507806E+13
      4000.0000650    1.0683654E+13
      4680.3000761    4.3734965E+12
      5006.8000814    2.3519287E+12
      5387.8000876    1.2978599E+12
 
