       80.0000013    6.5427759E+18
        85.0000014    5.0717822E+18
        90.0000015    3.9508108E+18
        95.2390015    3.0575321E+18
       100.6800016    2.3565580E+18
       114.2900019    1.2594099E+18
       119.7300019    9.8984709E+17
       122.4500020    8.7932810E+17
       125.1700020    7.8221291E+17
       127.8900021    6.9677873E+17
       130.6100021    6.2153757E+17
       133.3300022    5.5520190E+17
       136.0600022    4.9645386E+17
       146.9400024    1.8115555E+18
       149.6600024    1.7232677E+18
       155.1000025    1.5407535E+18
       157.8200026    1.4540739E+18
       160.5500026    1.3716124E+18
       165.9900027    1.2212662E+18
       171.4300028    1.0884496E+18
       176.8700029    9.7122013E+17
       179.5900029    9.1783527E+17
       182.3100030    8.6763315E+17
       185.0400030    8.2023588E+17
       187.7600031    7.7579692E+17
       190.4800031    7.3395679E+17
       195.9200032    6.5741841E+17
       198.6400032    6.2242226E+17
       204.0800033    7.4496050E+17
       206.8000034    7.1529629E+17
       209.5300034    6.8685811E+17
       212.2500035    6.5991389E+17
       214.9700035    6.3430895E+17
       220.4100036    5.8681080E+17
       225.8500037    5.4374362E+17
       236.7400038    4.6872016E+17
       247.6200040    4.0592413E+17
       258.5100042    3.5276855E+17
       272.1100044    2.9728616E+17
       285.7200046    2.5147669E+17
       299.3200049    2.1347223E+17
       312.9300051    1.8174458E+17
       340.1400055    1.3286898E+17
       353.7400058    1.1407162E+17
       380.9500062    8.4725720E+16
       394.5600064    7.3294330E+16
       408.1700066    6.3564180E+16
       435.3800071    4.8167650E+16
       462.5900075    3.6852602E+16
       476.1900077    3.2349331E+16
       489.8000080    2.8458217E+16
       503.4000082    2.5093241E+16
       517.0100084    2.2172341E+16
       557.8300091    1.5490634E+16
       571.4300093    1.3801403E+16
       585.0400095    1.2319018E+16
       612.2500100    9.8705049E+15
       666.6700108    6.4710898E+15
       680.2800111    5.8466338E+15
       707.4900115    4.7952408E+15
       734.7000119    3.9562965E+15
       761.9100124    3.2825675E+15
       789.1200128    2.7382041E+15
       816.3300133    2.2957999E+15
       843.5400137    1.9342580E+15
       870.7500142    1.6372296E+15
       911.5700148    1.2854931E+15
       952.3900155    1.0187699E+15
       993.2000162    8.1450209E+14
      1020.4000166    7.0485970E+14
      1061.2000173    5.7112294E+14
      1088.4000177    4.9842421E+14
      1102.0000179    4.6617354E+14
      1115.7000181    4.3613343E+14
      1129.3000184    4.0853568E+14
      1142.9000186    3.8296630E+14
      1156.5000188    3.5925653E+14
      1170.1000190    3.3725325E+14
      1197.3000195    2.9782213E+14
      1210.9000197    2.8015260E+14
      1224.5000199    2.6370374E+14
      1227.2000200    2.6057489E+14
      1229.9000200    2.5748965E+14
      1232.7000200    2.5433546E+14
      1235.4000201    2.5133691E+14
      1238.1000201    2.4837987E+14
      1240.8000202    2.4546372E+14
      1243.5000202    2.4258781E+14
      1246.3000203    2.3964716E+14
      1249.0000203    2.3685124E+14
      1257.2000204    2.4936416E+14
      1259.9000205    2.4657099E+14
      1262.6000205    2.4373862E+14
      1270.8000207    2.3518452E+14
      1281.6000208    2.2434218E+14
      1289.8000210    2.2645514E+14
      1292.5000210    2.2386692E+14
      1295.2000211    2.2128056E+14
      1298.0000211    2.1861639E+14
      1300.7000212    2.1607286E+14
      1303.4000212    2.1355851E+14
      1306.1000212    2.1107531E+14
      1314.3000214    2.0373112E+14
      1330.6000216    1.8999883E+14
      1341.5000218    1.8142266E+14
      1355.1000220    1.7135342E+14
      1360.6000221    1.6746931E+14
      1371.4000223    1.6014022E+14
      1382.3000225    1.5312384E+14
      1390.5000226    1.4808390E+14
      1395.9000227    1.4487178E+14
      1404.1000228    1.4015009E+14
      1406.8000229    1.3863535E+14
      1409.5000229    1.3713959E+14
      1415.0000230    1.3415191E+14
      1417.7000231    1.3271342E+14
      1420.4000231    1.3129313E+14
      1423.1000231    1.2989079E+14
      1425.9000232    1.2845517E+14
      1428.6000232    1.2708858E+14
      1431.3000233    1.2573909E+14
      1436.7000234    1.2309073E+14
      1439.5000234    1.2174351E+14
      1442.2000235    1.2046090E+14
      1444.9000235    1.1919424E+14
      1447.6000235    1.1794333E+14
      1450.4000236    1.1666241E+14
      1453.1000236    1.1544285E+14
      1455.8000237    7.2090885E+14
      1458.5000237    7.1957312E+14
      1461.2000238    7.1591172E+14
      1466.7000239    7.0490533E+14
      1469.4000239    6.9874400E+14
      1472.1000239    6.9239060E+14
      1477.6000240    6.7925518E+14
      1480.3000241    6.7281294E+14
      1488.4000242    6.5375925E+14
      1491.2000242    6.4729586E+14
      1496.6000243    6.3502601E+14
      1551.0000252    5.2496788E+14
      1632.7000266    3.9782289E+14
      1823.1000296    2.1688392E+14
      2340.2000381    5.4442284E+13
      2829.9000460    1.7625571E+13
      3047.6000496    1.1358271E+13
      3700.7000602    2.7920952E+12
      4000.0000650    9.0498086E+11
      4680.3000761    0.0000000E+00
      5006.8000814    0.0000000E+00
      5387.8000876    0.0000000E+00
 
