       80.0000013    9.1247733E+18
        85.0000014    7.3514331E+18
        90.0000015    5.9369103E+18
        95.2390015    4.7609838E+18
       100.6800016    3.8000386E+18
       114.2900019    2.2001566E+18
       119.7300019    1.7804191E+18
       122.4500020    1.6038160E+18
       125.1700020    1.4460233E+18
       127.8900021    1.3049007E+18
       130.6100021    1.1785691E+18
       133.3300022    1.0653760E+18
       136.0600022    9.6351358E+17
       146.9400024    2.2014375E+18
       149.6600024    2.1130577E+18
       155.1000025    1.9204199E+18
       157.8200026    1.8264577E+18
       160.5500026    1.7360574E+18
       165.9900027    1.5691042E+18
       171.4300028    1.4194899E+18
       176.8700029    1.2857054E+18
       179.5900029    1.2241892E+18
       182.3100030    1.1659673E+18
       185.0400030    1.1106390E+18
       187.7600031    1.0584180E+18
       190.4800031    1.0089183E+18
       195.9200032    9.1743745E+17
       198.6400032    8.7516102E+17
       204.0800033    9.2929046E+17
       206.8000034    8.9203591E+17
       209.5300034    8.5638294E+17
       212.2500035    8.2269033E+17
       214.9700035    7.9077522E+17
       220.4100036    7.3189101E+17
       225.8500037    6.7890857E+17
       236.7400038    5.8762293E+17
       247.6200040    5.1219739E+17
       258.5100042    4.4894974E+17
       272.1100044    3.8330223E+17
       285.7200046    3.2912328E+17
       299.3200049    2.8394714E+17
       312.9300051    2.4586789E+17
       340.1400055    1.8601754E+17
       353.7400058    1.6240685E+17
       380.9500062    1.2455919E+17
       394.5600064    1.0939265E+17
       408.1700066    9.6247357E+16
       435.3800071    7.4906893E+16
       462.5900075    5.8700946E+16
       476.1900077    5.2099057E+16
       489.8000080    4.6313311E+16
       503.4000082    4.1242273E+16
       517.0100084    3.6784106E+16
       557.8300091    2.6356303E+16
       571.4300093    2.3661056E+16
       585.0400095    2.1272928E+16
       612.2500100    1.7275803E+16
       666.6700108    1.1596239E+16
       680.2800111    1.0532932E+16
       707.4900115    8.7255600E+15
       734.7000119    7.2658993E+15
       761.9100124    6.0805479E+15
       789.1200128    5.1128219E+15
       816.3300133    4.3187042E+15
       843.5400137    3.6638256E+15
       870.7500142    3.1212037E+15
       911.5700148    2.4723287E+15
       952.3900155    1.9746731E+15
       993.2000162    1.5898094E+15
      1020.4000166    1.3816002E+15
      1061.2000173    1.1258406E+15
      1088.4000177    9.8587297E+14
      1102.0000179    9.2354561E+14
      1115.7000181    8.6535196E+14
      1129.3000184    8.1176640E+14
      1142.9000186    7.6200921E+14
      1156.5000188    7.1577200E+14
      1170.1000190    6.7277421E+14
      1197.3000195    5.9549520E+14
      1210.9000197    5.6076737E+14
      1224.5000199    5.2838137E+14
      1227.2000200    5.2221457E+14
      1229.9000200    5.1613169E+14
      1232.7000200    5.0991076E+14
      1235.4000201    5.0399482E+14
      1238.1000201    4.9815890E+14
      1240.8000202    4.9240179E+14
      1243.5000202    4.8672227E+14
      1246.3000203    4.8091306E+14
      1249.0000203    4.7538792E+14
      1257.2000204    5.2295076E+14
      1259.9000205    5.1725875E+14
      1262.6000205    5.1141179E+14
      1270.8000207    4.9357831E+14
      1281.6000208    4.7087028E+14
      1289.8000210    4.8453133E+14
      1292.5000210    4.7903445E+14
      1295.2000211    4.7351330E+14
      1298.0000211    4.6781032E+14
      1300.7000212    4.6235749E+14
      1303.4000212    4.5696268E+14
      1306.1000212    4.5163209E+14
      1314.3000214    4.3585899E+14
      1330.6000216    4.0635367E+14
      1341.5000218    3.8792202E+14
      1355.1000220    3.6627753E+14
      1360.6000221    3.5792737E+14
      1371.4000223    3.4216988E+14
      1382.3000225    3.2708354E+14
      1390.5000226    3.1624653E+14
      1395.9000227    3.0933968E+14
      1404.1000228    2.9918702E+14
      1406.8000229    2.9593002E+14
      1409.5000229    2.9271457E+14
      1415.0000230    2.8629064E+14
      1417.7000231    2.8319780E+14
      1420.4000231    2.8014411E+14
      1423.1000231    2.7712906E+14
      1425.9000232    2.7404255E+14
      1428.6000232    2.7110449E+14
      1431.3000233    2.6820341E+14
      1436.7000234    2.6251008E+14
      1439.5000234    2.5961401E+14
      1442.2000235    2.5685691E+14
      1444.9000235    2.5413422E+14
      1447.6000235    2.5144545E+14
      1450.4000236    2.4869240E+14
      1453.1000236    2.4607123E+14
      1455.8000237    1.4575091E+15
      1458.5000237    1.4545834E+15
      1461.2000238    1.4470598E+15
      1466.7000239    1.4247828E+15
      1469.4000239    1.4123726E+15
      1472.1000239    1.3995932E+15
      1477.6000240    1.3732005E+15
      1480.3000241    1.3602624E+15
      1488.4000242    1.3220048E+15
      1491.2000242    1.3090263E+15
      1496.6000243    1.2843858E+15
      1551.0000252    1.0630777E+15
      1632.7000266    8.0675974E+14
      1823.1000296    4.4314268E+14
      2340.2000381    1.1341982E+14
      2829.9000460    3.9977539E+13
      3047.6000496    2.6533475E+13
      3700.7000602    8.1313635E+12
      4000.0000650    5.1048984E+12
      4680.3000761    1.2955274E+12
      5006.8000814    4.6697300E+11
      5387.8000876    0.0000000E+00
 
