       80.0000013    3.5790002E+18
        85.0000014    2.6494893E+18
        90.0000015    1.9767511E+18
        95.2390015    1.4666436E+18
       100.6800016    1.0857151E+18
       114.2900019    5.3423380E+17
       119.7300019    4.0983616E+17
       122.4500020    3.6047489E+17
       125.1700020    3.1797808E+17
       127.8900021    2.8132328E+17
       130.6100021    2.4964767E+17
       133.3300022    2.2222200E+17
       136.0600022    1.9834747E+17
       146.9400024    1.2461512E+18
       149.6600024    1.1643467E+18
       155.1000025    1.0108371E+18
       157.8200026    9.4152253E+17
       160.5500026    8.7698896E+17
       165.9900027    7.6225437E+17
       171.4300028    6.6375277E+17
       176.8700029    5.7902406E+17
       179.5900029    5.4115719E+17
       182.3100030    5.0597910E+17
       185.0400030    4.7316576E+17
       187.7600031    4.4276821E+17
       190.4800031    4.1448750E+17
       195.9200032    3.6365560E+17
       198.6400032    3.4082452E+17
       204.0800033    5.5023321E+17
       206.8000034    5.2677204E+17
       209.5300034    5.0408406E+17
       212.2500035    4.8250061E+17
       214.9700035    4.6194947E+17
       220.4100036    4.2379109E+17
       225.8500037    3.8921461E+17
       236.7400038    3.2922154E+17
       247.6200040    2.7948646E+17
       258.5100042    2.3796345E+17
       272.1100044    1.9544577E+17
       285.7200046    1.6118710E+17
       299.3200049    1.3350255E+17
       312.9300051    1.1100486E+17
       340.1400055    7.7668007E+16
       353.7400058    6.5346746E+16
       380.9500062    4.6769381E+16
       394.5600064    3.9778424E+16
       408.1700066    3.3950312E+16
       435.3800071    2.4983385E+16
       462.5900075    1.8621260E+16
       476.1900077    1.6150742E+16
       489.8000080    1.4047551E+16
       503.4000082    1.2254196E+16
       517.0100084    1.0718182E+16
       557.8300091    7.2860824E+15
       571.4300093    6.4388115E+15
       585.0400095    5.7030202E+15
       612.2500100    4.5050621E+15
       666.6700108    2.8835409E+15
       680.2800111    2.5918396E+15
       707.4900115    2.1057343E+15
       734.7000119    1.7228260E+15
       761.9100124    1.4188861E+15
       789.1200128    1.1758690E+15
       816.3300133    9.8021978E+14
       843.5400137    8.2167207E+14
       870.7500142    6.9239081E+14
       911.5700148    5.4052838E+14
       952.3900155    4.2633208E+14
       993.2000162    3.3948160E+14
      1020.4000166    2.9309330E+14
      1061.2000173    2.3673843E+14
      1088.4000177    2.0621301E+14
      1102.0000179    1.9269653E+14
      1115.7000181    1.8012064E+14
      1129.3000184    1.6842473E+14
      1142.9000186    1.5774376E+14
      1156.5000188    1.4784898E+14
      1170.1000190    1.3867453E+14
      1197.3000195    1.2225363E+14
      1210.9000197    1.1490388E+14
      1224.5000199    1.0806684E+14
      1227.2000200    1.0676686E+14
      1229.9000200    1.0548519E+14
      1232.7000200    1.0417504E+14
      1235.4000201    1.0292971E+14
      1238.1000201    1.0170180E+14
      1240.8000202    1.0049102E+14
      1243.5000202    9.9297094E+13
      1246.3000203    9.8076467E+13
      1249.0000203    9.6916054E+13
      1257.2000204    9.8408413E+13
      1259.9000205    9.7276513E+13
      1262.6000205    9.6141652E+13
      1270.8000207    9.2743896E+13
      1281.6000208    8.8453937E+13
      1289.8000210    8.7776238E+13
      1292.5000210    8.6764018E+13
      1295.2000211    8.5757276E+13
      1298.0000211    8.4722869E+13
      1300.7000212    8.3736645E+13
      1303.4000212    8.2762418E+13
      1306.1000212    8.1800613E+13
      1314.3000214    7.8956640E+13
      1330.6000216    7.3637827E+13
      1341.5000218    7.0314642E+13
      1355.1000220    6.6411343E+13
      1360.6000221    6.4905219E+13
      1371.4000223    6.2062487E+13
      1382.3000225    5.9340078E+13
      1390.5000226    5.7383930E+13
      1395.9000227    5.6136938E+13
      1404.1000228    5.4303503E+13
      1406.8000229    5.3715218E+13
      1409.5000229    5.3134383E+13
      1415.0000230    5.1973794E+13
      1417.7000231    5.1414928E+13
      1420.4000231    5.0863083E+13
      1423.1000231    5.0318163E+13
      1425.9000232    4.9760266E+13
      1428.6000232    4.9229146E+13
      1431.3000233    4.8704652E+13
      1436.7000234    4.7675160E+13
      1439.5000234    4.7151392E+13
      1442.2000235    4.6652702E+13
      1444.9000235    4.6160178E+13
      1447.6000235    4.5673731E+13
      1450.4000236    4.5175594E+13
      1453.1000236    4.4701265E+13
      1455.8000237    2.9140873E+14
      1458.5000237    2.9086364E+14
      1461.2000238    2.8936195E+14
      1466.7000239    2.8483428E+14
      1469.4000239    2.8229646E+14
      1472.1000239    2.7967837E+14
      1477.6000240    2.7426371E+14
      1480.3000241    2.7160771E+14
      1488.4000242    2.6375233E+14
      1491.2000242    2.6108791E+14
      1496.6000243    2.5603063E+14
      1551.0000252    2.1072968E+14
      1632.7000266    1.5857573E+14
      1823.1000296    8.4344736E+13
      2340.2000381    1.9054614E+13
      2829.9000460    4.5951919E+12
      3047.6000496    2.0175554E+12
      3700.7000602    0.0000000E+00
      4000.0000650    0.0000000E+00
      4680.3000761    0.0000000E+00
      5006.8000814    0.0000000E+00
      5387.8000876    0.0000000E+00
 
