       12.5000002    3.5671197E+18
        15.0000002    5.0363652E+18
        20.0000003    3.4447719E+18
        25.0000004    1.9234062E+18
        30.0000005    2.1306668E+18
        35.0000006    2.0617645E+18
        40.0000007    1.8761206E+18
        45.0000007    1.6084511E+18
        50.0000008    1.3046467E+18
        55.0000009    1.0287618E+18
        60.0000010    8.2279740E+17
        65.0000011    6.8426079E+17
        70.0000011    5.8927020E+17
        75.0000012    4.1310843E+18
        80.0000013    3.7560780E+18
        85.0000014    2.9570447E+18
        90.0000015    2.2215670E+18
        95.2390015    1.5936085E+18
       100.6800016    1.0966872E+18
       114.2900019    3.9842755E+17
       119.7300019    2.5792273E+17
       122.4500020    2.0553636E+17
       125.1700020    1.6219018E+17
       127.8900021    1.2605403E+17
       130.6100021    9.5453389E+16
       133.3300022    6.8681286E+16
       136.0600022    4.3253838E+16
 
