       12.5000002    3.0271760E+18
        15.0000002    4.5184397E+18
        20.0000003    3.7115480E+18
        25.0000004    2.4971723E+18
        30.0000005    2.0410666E+18
        35.0000006    1.7570358E+18
        40.0000007    1.6524169E+18
        45.0000007    1.5426868E+18
        50.0000008    1.3986930E+18
        55.0000009    1.2088986E+18
        60.0000010    9.9911000E+17
        65.0000011    8.0945139E+17
        70.0000011    6.6093815E+17
        75.0000012    5.5304066E+18
        80.0000013    5.5910683E+18
        85.0000014    4.9542394E+18
        90.0000015    4.2387399E+18
        95.2390015    3.4906553E+18
       100.6800016    2.7587244E+18
       114.2900019    1.4500207E+18
       119.7300019    1.1092456E+18
       122.4500020    9.6845884E+17
       125.1700020    8.4466036E+17
       127.8900021    7.3600697E+17
       130.6100021    6.4081888E+17
       133.3300022    5.5757087E+17
       136.0600022    4.8463342E+17
       146.9400024    2.7652252E+17
       149.6600024    2.4035712E+17
       155.1000025    1.8176946E+17
       157.8200026    1.5816665E+17
       160.5500026    1.3761547E+17
       165.9900027    3.7281337E+17
       171.4300028    2.9720916E+17
       176.8700029    3.1803827E+17
       179.5900029    2.7764093E+17
       182.3100030    2.3926235E+17
       185.0400030    2.0320241E+17
       187.7600031    1.6959159E+17
       190.4800031    1.3786938E+17
       195.9200032    7.6456019E+16
       198.6400032    4.0527432E+16
 
