       12.5000002    3.2008031E+18
        15.0000002    2.7741344E+18
        20.0000003    2.4758764E+18
        25.0000004    2.3351909E+18
        30.0000005    2.8528905E+18
        35.0000006    2.6730117E+18
        40.0000007    2.3231570E+18
        45.0000007    1.8903996E+18
        50.0000008    1.4757783E+18
        55.0000009    1.1487792E+18
        60.0000010    9.3354021E+17
        65.0000011    8.0755927E+17
        70.0000011    7.3178367E+17
        75.0000012    4.3161181E+18
        80.0000013    4.8091781E+18
        85.0000014    4.8797041E+18
        90.0000015    4.9383102E+18
        95.2390015    4.9088356E+18
       100.6800016    4.6570497E+18
       114.2900019    3.8071008E+18
       119.7300019    3.4763344E+18
       122.4500020    3.3154151E+18
       125.1700020    3.1578876E+18
       127.8900021    3.0040706E+18
       130.6100021    2.8542827E+18
       133.3300022    2.7088140E+18
       136.0600022    2.5674111E+18
       146.9400024    2.0532459E+18
       149.6600024    1.9375227E+18
       155.1000025    1.7215460E+18
       157.8200026    1.6211763E+18
       160.5500026    1.5254218E+18
       165.9900027    1.8596822E+18
       171.4300028    1.7047620E+18
       176.8700029    1.7785201E+18
       179.5900029    1.7116914E+18
       182.3100030    1.6403097E+18
       185.0400030    1.5685373E+18
       187.7600031    1.4990452E+18
       190.4800031    1.4325386E+18
       195.9200032    1.3093137E+18
       198.6400032    1.2523373E+18
       204.0800033    1.1469428E+18
       206.8000034    1.0982515E+18
       209.5300034    1.0518564E+18
       212.2500035    1.0079384E+18
       214.9700035    9.6617255E+17
       220.4100036    8.8854771E+17
       225.8500037    8.1798669E+17
       236.7400038    7.9901098E+17
       247.6200040    6.7654050E+17
       258.5100042    5.7363006E+17
       272.1100044    4.7009870E+17
       285.7200046    3.8852869E+17
       299.3200049    3.2380511E+17
       312.9300051    2.7182039E+17
       340.1400055    1.9487481E+17
       353.7400058    1.6595247E+17
       380.9500062    1.2083537E+17
       394.5600064    1.0303762E+17
       408.1700066    8.7672472E+16
       435.3800071    6.2743850E+16
       462.5900075    4.3745513E+16
       476.1900077    3.5968324E+16
       489.8000080    2.9115029E+16
       503.4000082    2.3046472E+16
       517.0100084    1.7596640E+16
 
