       12.5000002    2.2011769E+18
        15.0000002    3.2713154E+18
        20.0000003    3.2380274E+18
        25.0000004    2.6855604E+18
        30.0000005    2.8845042E+18
        35.0000006    2.2026567E+18
        40.0000007    1.7003692E+18
        45.0000007    1.3880897E+18
        50.0000008    1.1990232E+18
        55.0000009    1.0878485E+18
        60.0000010    1.0055546E+18
        65.0000011    9.1836537E+17
        70.0000011    8.1841880E+17
        75.0000012    5.3624622E+18
        80.0000013    5.8499357E+18
        85.0000014    5.7448345E+18
        90.0000015    5.5741578E+18
        95.2390015    5.2599031E+18
       100.6800016    4.7065513E+18
       114.2900019    3.2949637E+18
       119.7300019    2.8257166E+18
       122.4500020    2.6123135E+18
       125.1700020    2.4125099E+18
       127.8900021    2.2258208E+18
       130.6100021    2.0517218E+18
       133.3300022    1.8896549E+18
       136.0600022    1.7385122E+18
       146.9400024    1.2389502E+18
       149.6600024    1.1368086E+18
       155.1000025    9.5589844E+17
       157.8200026    8.7608489E+17
       160.5500026    8.0244874E+17
       165.9900027    1.2056788E+18
       171.4300028    1.0889253E+18
       176.8700029    1.2104327E+18
       179.5900029    1.1573300E+18
       182.3100030    1.1006801E+18
       185.0400030    1.0437529E+18
       187.7600031    9.8861660E+17
       190.4800031    9.3579002E+17
       195.9200032    8.3772932E+17
       198.6400032    7.9234168E+17
       204.0800033    7.0836490E+17
       206.8000034    6.6958499E+17
       209.5300034    6.3266992E+17
       212.2500035    5.9778255E+17
       214.9700035    5.6468244E+17
       220.4100036    5.0346916E+17
       225.8500037    4.4834301E+17
       236.7400038    4.2530027E+17
       247.6200040    3.4888353E+17
       258.5100042    2.8679105E+17
       272.1100044    2.2447765E+17
       285.7200046    1.7455589E+17
       299.3200049    1.3373776E+17
       312.9300051    9.9591212E+16
       340.1400055    4.3661358E+16
       353.7400058    1.2180461E+16
 
