       12.5000002    4.1693690E+18
        15.0000002    5.1239117E+18
        20.0000003    2.5749301E+18
        25.0000004    2.1539009E+18
        30.0000005    2.6581263E+18
        35.0000006    2.2352034E+18
        40.0000007    1.7306554E+18
        45.0000007    1.3082799E+18
        50.0000008    1.0266397E+18
        55.0000009    8.4331394E+17
        60.0000010    6.9747465E+17
        65.0000011    5.5962056E+17
        70.0000011    4.2746552E+17
        75.0000012    1.3078787E+18
        80.0000013    7.7057871E+17
        85.0000014    3.3817748E+17
 
