       12.5000002    2.4183819E+18
        15.0000002    3.9985098E+18
        20.0000003    3.4764089E+18
        25.0000004    2.7858156E+18
        30.0000005    2.4842338E+18
        35.0000006    1.8342438E+18
        40.0000007    1.5396739E+18
        45.0000007    1.3878619E+18
        50.0000008    1.2870137E+18
        55.0000009    1.1904307E+18
        60.0000010    1.0669622E+18
        65.0000011    9.2087810E+17
        70.0000011    7.7356910E+17
        75.0000012    5.7278454E+18
        80.0000013    6.0901702E+18
        85.0000014    5.7592903E+18
        90.0000015    5.3206440E+18
        95.2390015    4.7486571E+18
       100.6800016    4.0359468E+18
       114.2900019    2.5169891E+18
       119.7300019    2.0639687E+18
       122.4500020    1.8661803E+18
       125.1700020    1.6857876E+18
       127.8900021    1.5215271E+18
       130.6100021    1.3721874E+18
       133.3300022    1.2366121E+18
       136.0600022    1.1132746E+18
       146.9400024    7.2865714E+17
       149.6600024    6.5479704E+17
       155.1000025    5.2847999E+17
       157.8200026    4.7471806E+17
       160.5500026    4.2626825E+17
       165.9900027    8.2344666E+17
       171.4300028    7.2745826E+17
       176.8700029    8.3244231E+17
       179.5900029    7.8287839E+17
       182.3100030    7.3181371E+17
       185.0400030    6.8167281E+17
       187.7600031    6.3393174E+17
       190.4800031    5.8880353E+17
       195.9200032    5.0649797E+17
       198.6400032    4.6910567E+17
       204.0800033    4.0121891E+17
       206.8000034    3.7047680E+17
       209.5300034    3.4160204E+17
       212.2500035    3.1468823E+17
       214.9700035    2.8951461E+17
       220.4100036    2.4397369E+17
       225.8500037    2.0420730E+17
       236.7400038    2.1644117E+17
       247.6200040    1.5551874E+17
       258.5100042    1.0044495E+17
       272.1100044    1.1573880E+16
 
