       12.5000002    7.1270483E+02
        15.0000002    2.0149728E+02
        20.0000003    2.3082479E+01
        25.0000004    1.3411259E+01
        30.0000005    8.9531794E+00
        35.0000006    5.2781801E+00
        40.0000007    2.8662314E+00
        45.0000007    1.3981092E+00
        50.0000008    6.2411267E-01
        55.0000009    2.6573488E-01
        60.0000010    1.2037474E-01
        65.0000011    6.5890633E-02
        70.0000011    4.3498360E-02
        75.0000012    1.3911930E-01
        80.0000013    1.2052429E-01
        85.0000014    9.7902700E-02
        90.0000015    8.0438949E-02
        95.2390015    6.4204291E-02
       100.6800016    4.7363661E-02
       114.2900019    1.8391782E-02
       119.7300019    1.1860138E-02
       122.4500020    9.3783606E-03
       125.1700020    7.3278453E-03
       127.8900021    5.6472989E-03
       130.6100021    4.2814235E-03
       133.3300022    3.1808175E-03
       136.0600022    2.2988073E-03
       146.9400024    2.4180699E-04
 
