       12.5000002    1.8829751E+03
        15.0000002    8.9853656E+02
        20.0000003    7.5832664E+01
        25.0000004    2.2587259E+01
        30.0000005    1.4994296E+01
        35.0000006    8.9830103E+00
        40.0000007    5.8813286E+00
        45.0000007    3.8279715E+00
        50.0000008    2.3030620E+00
        55.0000009    1.2489535E+00
        60.0000010    6.1804962E-01
        65.0000011    2.9201439E-01
        70.0000011    1.4110918E-01
        75.0000012    2.9613647E-01
        80.0000013    2.3524489E-01
        85.0000014    1.9648451E-01
        90.0000015    1.7241831E-01
        95.2390015    1.3740526E-01
       100.6800016    1.0227805E-01
       114.2900019    5.4352500E-02
       119.7300019    4.2900980E-02
       122.4500020    3.8032655E-02
       125.1700020    3.3639707E-02
       127.8900021    2.9674470E-02
       130.6100021    2.6099605E-02
       133.3300022    2.2883881E-02
       136.0600022    1.9989612E-02
       146.9400024    1.1278175E-02
       149.6600024    9.6914675E-03
       155.1000025    7.0810048E-03
       157.8200026    6.0197175E-03
       160.5500026    5.0949263E-03
       165.9900027    4.3459460E-03
       171.4300028    3.1176929E-03
       176.8700029    2.3861742E-03
       179.5900029    2.0067832E-03
       182.3100030    1.6738529E-03
       185.0400030    1.3862661E-03
       187.7600031    1.1419836E-03
       190.4800031    9.3451492E-04
       195.9200032    6.0877169E-04
       198.6400032    4.8102011E-04
       204.0800033    2.7545562E-04
       206.8000034    1.8925339E-04
       209.5300034    1.0325674E-04
 
