       12.5000002    3.7366696E+02
        15.0000002    8.0164825E+01
        20.0000003    2.1123297E+01
        25.0000004    1.0027000E+01
        30.0000005    7.0356674E+00
        35.0000006    3.6661599E+00
        40.0000007    1.6645448E+00
        45.0000007    6.9304127E-01
        50.0000008    2.8062525E-01
        55.0000009    1.2328360E-01
        60.0000010    6.7396067E-02
        65.0000011    4.4540938E-02
        70.0000011    3.0950535E-02
        75.0000012    1.0407161E-01
        80.0000013    8.7675124E-02
        85.0000014    6.8018690E-02
        90.0000015    5.2297261E-02
        95.2390015    3.7667565E-02
       100.6800016    2.4163909E-02
       114.2900019    5.4857992E-03
       119.7300019    2.3177892E-03
       122.4500020    1.2249590E-03
 
