       80.0000013    4.7417765E+17
        85.0000014    3.4024686E+17
        90.0000015    2.5294957E+17
        95.2390015    1.9203696E+17
       100.6800016    1.4913858E+17
       114.2900019    8.8533939E+16
       119.7300019    7.4103940E+16
       122.4500020    6.8098210E+16
       125.1700020    6.2731962E+16
       127.8900021    5.7910805E+16
       130.6100021    5.3558225E+16
       133.3300022    4.9611833E+16
       136.0600022    4.6007703E+16
       146.9400024    2.3983809E+17
       149.6600024    2.1619323E+17
       155.1000025    1.7611556E+17
       157.8200026    1.5923225E+17
       160.5500026    1.4408629E+17
       165.9900027    1.1847812E+17
       171.4300028    9.7854430E+16
       176.8700029    8.1163337E+16
       179.5900029    7.4031243E+16
       182.3100030    6.7593199E+16
       185.0400030    6.1755183E+16
       187.7600031    5.6494110E+16
       190.4800031    5.1730759E+16
       195.9200032    4.3495971E+16
       198.6400032    3.9938493E+16
       204.0800033    1.5486340E+17
       206.8000034    1.4588179E+17
       209.5300034    1.3722752E+17
       212.2500035    1.2907217E+17
       214.9700035    1.2140924E+17
       220.4100036    1.0751450E+17
       225.8500037    9.5359905E+16
       236.7400038    7.5387559E+16
       247.6200040    6.0010374E+16
       258.5100042    4.8061758E+16
       272.1100044    3.6727266E+16
       285.7200046    2.8304891E+16
       299.3200049    2.1996368E+16
       312.9300051    1.7222085E+16
       340.1400055    1.0785977E+16
       353.7400058    8.6210140E+15
       380.9500062    5.6065274E+15
       394.5600064    4.5589902E+15
       408.1700066    3.7265619E+15
       435.3800071    2.5269397E+15
       462.5900075    1.7443973E+15
       476.1900077    1.4583672E+15
       489.8000080    1.2237346E+15
       503.4000082    1.0306962E+15
       517.0100084    8.7096635E+14
       557.8300091    5.3546938E+14
       571.4300093    4.5789827E+14
       585.0400095    3.9249750E+14
       612.2500100    2.9038495E+14
       666.6700108    1.6257082E+14
       680.2800111    1.4114608E+14
       707.4900115    1.0676796E+14
       734.7000119    8.1043038E+13
       761.9100124    6.2217546E+13
       789.1200128    4.7487079E+13
       816.3300133    3.6237973E+13
       843.5400137    2.7603205E+13
       870.7500142    2.0945658E+13
       911.5700148    1.3666312E+13
       952.3900155    8.6772406E+12
       993.2000162    4.9160064E+12
      1020.4000166    3.2941977E+12
      1061.2000173    1.5323907E+12
      1088.4000177    4.3509812E+11
      1102.0000179    0.0000000E+00
 
