       80.0000013    8.3659503E+16
        85.0000014    6.4258548E+16
        90.0000015    4.9602161E+16
        95.2390015    3.8007806E+16
       100.6800016    2.8980107E+16
       114.2900019    1.5056297E+16
       119.7300019    1.1696310E+16
       122.4500020    1.0328611E+16
       125.1700020    9.1321377E+15
       127.8900021    8.0840680E+15
       130.6100021    7.1647453E+15
       133.3300022    6.3572721E+15
       136.0600022    5.6446409E+15
       146.9400024    7.0659159E+15
       149.6600024    6.1708131E+15
       155.1000025    4.7221002E+15
       157.8200026    4.1393086E+15
       160.5500026    3.6318804E+15
       165.9900027    2.8102567E+15
       171.4300028    2.1855762E+15
       176.8700029    1.7074291E+15
       179.5900029    1.5114168E+15
       182.3100030    1.3391163E+15
       185.0400030    1.1869203E+15
       187.7600031    1.0532848E+15
       190.4800031    9.3533395E+14
       195.9200032    7.3887255E+14
       198.6400032    6.5718503E+14
       204.0800033    5.8894256E+15
       206.8000034    5.3327361E+15
       209.5300034    4.8127610E+15
       212.2500035    4.3376472E+15
       214.9700035    3.9050312E+15
       220.4100036    3.1570447E+15
       225.8500037    2.5442616E+15
       236.7400038    1.6304784E+15
       247.6200040    1.0142793E+15
       258.5100042    5.9117124E+14
       272.1100044    2.1656118E+14
 
