       80.0000013    9.0596394E+18
        85.0000014    7.2877461E+18
        90.0000015    5.8765428E+18
        95.2390015    4.7052660E+18
       100.6800016    3.7497651E+18
       114.2900019    2.1635064E+18
       119.7300019    1.7486234E+18
       122.4500020    1.5742702E+18
       125.1700020    1.4186038E+18
       127.8900021    1.2794835E+18
       130.6100021    1.1550313E+18
       133.3300022    1.0435971E+18
       136.0600022    9.4338249E+17
       146.9400024    2.1862882E+18
       149.6600024    2.0980992E+18
       155.1000025    1.9061344E+18
       157.8200026    1.8125462E+18
       160.5500026    1.7225150E+18
       165.9900027    1.5562460E+18
       171.4300028    1.4072296E+18
       176.8700029    1.2739622E+18
       179.5900029    1.2126779E+18
       182.3100030    1.1546725E+18
       185.0400030    1.0995474E+18
       187.7600031    1.0475170E+18
       190.4800031    9.9819816E+17
       195.9200032    9.0705263E+17
       198.6400032    8.6493350E+17
       204.0800033    9.1560807E+17
       206.8000034    8.7872158E+17
       209.5300034    8.4343365E+17
       212.2500035    8.1008842E+17
       214.9700035    7.7850213E+17
       220.4100036    7.2021936E+17
       225.8500037    6.6777176E+17
       236.7400038    5.7739726E+17
       247.6200040    5.0272424E+17
       258.5100042    4.4011887E+17
       272.1100044    3.7516825E+17
       285.7200046    3.2160626E+17
       299.3200049    2.7698985E+17
       312.9300051    2.3942989E+17
       340.1400055    1.8051909E+17
       353.7400058    1.5733520E+17
       380.9500062    1.2026119E+17
       394.5600064    1.0544250E+17
       408.1700066    9.2619724E+16
       435.3800071    7.1851835E+16
       462.5900075    5.6128544E+16
       476.1900077    4.9737684E+16
       489.8000080    4.4144713E+16
       503.4000082    3.9249305E+16
       517.0100084    3.4951226E+16
       557.8300091    2.4922400E+16
       571.4300093    2.2336955E+16
       585.0400095    2.0048768E+16
       612.2500100    1.6225815E+16
       666.6700108    1.0812709E+16
       680.2800111    9.8026036E+15
       707.4900115    8.0890367E+15
       734.7000119    6.7087765E+15
       761.9100124    5.5910660E+15
       789.1200128    4.6812674E+15
       816.3300133    3.9370089E+15
       843.5400137    3.3252488E+15
       870.7500142    2.8200790E+15
       911.5700148    2.2186341E+15
       952.3900155    1.7600685E+15
       993.2000162    1.4073707E+15
      1020.4000166    1.2175185E+15
      1061.2000173    9.8546347E+14
      1088.4000177    8.5912016E+14
      1102.0000179    8.0303366E+14
      1115.7000181    7.5067955E+14
      1129.3000184    7.0265665E+14
      1142.9000186    6.5815522E+14
      1156.5000188    6.1688595E+14
      1170.1000190    5.7858551E+14
      1197.3000195    5.0995422E+14
      1210.9000197    4.7920611E+14
      1224.5000199    4.5058837E+14
      1227.2000200    4.4514564E+14
      1229.9000200    4.3977908E+14
      1232.7000200    4.3429290E+14
      1235.4000201    4.2907777E+14
      1238.1000201    4.2393518E+14
      1240.8000202    4.1886400E+14
      1243.5000202    4.1386312E+14
      1246.3000203    4.0875009E+14
      1249.0000203    4.0388903E+14
      1257.2000204    4.4051668E+14
      1259.9000205    4.3552539E+14
      1262.6000205    4.3041780E+14
      1270.8000207    4.1489109E+14
      1281.6000208    3.9516887E+14
      1289.8000210    4.0482510E+14
      1292.5000210    4.0006513E+14
      1295.2000211    3.9529312E+14
      1298.0000211    3.9036914E+14
      1300.7000212    3.8566484E+14
      1303.4000212    3.8101343E+14
      1306.1000212    3.7641966E+14
      1314.3000214    3.6283870E+14
      1330.6000216    3.3747867E+14
      1341.5000218    3.2166641E+14
      1355.1000220    3.0312963E+14
      1360.6000221    2.9598784E+14
      1371.4000223    2.8252543E+14
      1382.3000225    2.6965529E+14
      1390.5000226    2.6042204E+14
      1395.9000227    2.5454268E+14
      1404.1000228    2.4590798E+14
      1406.8000229    2.4313994E+14
      1409.5000229    2.4040818E+14
      1415.0000230    2.3495347E+14
      1417.7000231    2.3232864E+14
      1420.4000231    2.2973795E+14
      1423.1000231    2.2718094E+14
      1425.9000232    2.2456424E+14
      1428.6000232    2.2207427E+14
      1431.3000233    2.1961649E+14
      1436.7000234    2.1479559E+14
      1439.5000234    2.1234459E+14
      1442.2000235    2.1001201E+14
      1444.9000235    2.0770933E+14
      1447.6000235    2.0543609E+14
      1450.4000236    2.0310931E+14
      1453.1000236    2.0089475E+14
      1455.8000237    1.2023259E+15
      1458.5000237    1.1995198E+15
      1461.2000238    1.1929080E+15
      1466.7000239    1.1736909E+15
      1469.4000239    1.1630435E+15
      1472.1000239    1.1520961E+15
      1477.6000240    1.1295188E+15
      1480.3000241    1.1184617E+15
      1488.4000242    1.0857929E+15
      1491.2000242    1.0747189E+15
      1496.6000243    1.0537048E+15
      1551.0000252    8.6566589E+14
      1632.7000266    6.4967353E+14
      1823.1000296    3.4760972E+14
      2340.2000381    8.2089047E+13
      2829.9000460    2.6346334E+13
      3047.6000496    1.6159549E+13
      3700.7000602    4.0260170E+12
      4000.0000650    1.7593801E+12
      4680.3000761    0.0000000E+00
      5006.8000814    0.0000000E+00
      5387.8000876    0.0000000E+00
 
