       80.0000013    4.9652219E+18
        85.0000014    3.7629735E+18
        90.0000015    2.8695219E+18
        95.2390015    2.1742869E+18
       100.6800016    1.6413778E+18
       114.2900019    8.3763359E+17
       119.7300019    6.4812032E+17
       122.4500020    5.7167777E+17
       125.1700020    5.0520312E+17
       127.8900021    4.4732088E+17
       130.6100021    3.9685488E+17
       133.3300022    3.5279782E+17
       136.0600022    3.1415342E+17
       146.9400024    1.5176206E+18
       149.6600024    1.4306094E+18
       155.1000025    1.2596730E+18
       157.8200026    1.1805880E+18
       160.5500026    1.1061841E+18
       165.9900027    9.7227546E+17
       171.4300028    8.5570475E+17
       176.8700029    7.5417303E+17
       179.5900029    7.0838449E+17
       182.3100030    6.6559816E+17
       185.0400030    6.2545774E+17
       187.7600031    5.8805950E+17
       190.4800031    5.5306978E+17
       195.9200032    4.8965891E+17
       198.6400032    4.6093919E+17
       204.0800033    6.3260092E+17
       206.8000034    6.0664461E+17
       209.5300034    5.8163615E+17
       212.2500035    5.5787684E+17
       214.9700035    5.3526123E+17
       220.4100036    4.9324164E+17
       225.8500037    4.5509662E+17
       236.7400038    3.8863180E+17
       247.6200040    3.3311292E+17
       258.5100042    2.8633545E+17
       272.1100044    2.3788879E+17
       285.7200046    1.9832754E+17
       299.3200049    1.6592343E+17
       312.9300051    1.3924282E+17
       340.1400055    9.8994736E+16
       353.7400058    8.3857493E+16
       380.9500062    6.0706498E+16
       394.5600064    5.1876088E+16
       408.1700066    4.4457700E+16
       435.3800071    3.2932091E+16
       462.5900075    2.4661958E+16
       476.1900077    2.1427381E+16
       489.8000080    1.8662790E+16
       503.4000082    1.6297204E+16
       517.0100084    1.4264838E+16
       557.8300091    9.7024600E+15
       571.4300093    8.5716987E+15
       585.0400095    7.5883702E+15
       612.2500100    5.9849816E+15
       666.6700108    3.8114665E+15
       680.2800111    3.4204078E+15
       707.4900115    2.7690510E+15
       734.7000119    2.2565549E+15
       761.9100124    1.8504153E+15
       789.1200128    1.5263530E+15
       816.3300133    1.2660918E+15
       843.5400137    1.0557700E+15
       870.7500142    8.8479803E+14
       911.5700148    6.8479636E+14
       952.3900155    5.3523178E+14
       993.2000162    4.2216297E+14
      1020.4000166    3.6209587E+14
      1061.2000173    2.8952482E+14
      1088.4000177    2.5044714E+14
      1102.0000179    2.3320698E+14
      1115.7000181    2.1720613E+14
      1129.3000184    2.0255834E+14
      1142.9000186    1.8903487E+14
      1156.5000188    1.7653867E+14
      1170.1000190    1.6498208E+14
      1197.3000195    1.4437759E+14
      1210.9000197    1.3519261E+14
      1224.5000199    1.2667144E+14
      1227.2000200    1.2505392E+14
      1229.9000200    1.2346003E+14
      1232.7000200    1.2183165E+14
      1235.4000201    1.2028469E+14
      1238.1000201    1.1876020E+14
      1240.8000202    1.1725780E+14
      1243.5000202    1.1577708E+14
      1246.3000203    1.1426415E+14
      1249.0000203    1.1282665E+14
      1257.2000204    1.1530915E+14
      1259.9000205    1.1389820E+14
      1262.6000205    1.1248224E+14
      1270.8000207    1.0824312E+14
      1281.6000208    1.0289967E+14
      1289.8000210    1.0228590E+14
      1292.5000210    1.0102415E+14
      1295.2000211    9.9769305E+13
      1298.0000211    9.8480438E+13
      1300.7000212    9.7252228E+13
      1303.4000212    9.6039638E+13
      1306.1000212    9.4843229E+13
      1314.3000214    9.1310116E+13
      1330.6000216    8.4722022E+13
      1341.5000218    8.0619640E+13
      1355.1000220    7.5815694E+13
      1360.6000221    7.3966476E+13
      1371.4000223    7.0483240E+13
      1382.3000225    6.7156486E+13
      1390.5000226    6.4771844E+13
      1395.9000227    6.3254307E+13
      1404.1000228    6.1026913E+13
      1406.8000229    6.0313211E+13
      1409.5000229    5.9609029E+13
      1415.0000230    5.8203438E+13
      1417.7000231    5.7527299E+13
      1420.4000231    5.6860116E+13
      1423.1000231    5.6201757E+13
      1425.9000232    5.5528189E+13
      1428.6000232    5.4887400E+13
      1431.3000233    5.4255038E+13
      1436.7000234    5.3015109E+13
      1439.5000234    5.2384940E+13
      1442.2000235    5.1785364E+13
      1444.9000235    5.1193607E+13
      1447.6000235    5.0609558E+13
      1450.4000236    5.0011899E+13
      1453.1000236    4.9443202E+13
      1455.8000237    3.1909530E+14
      1458.5000237    3.1822241E+14
      1461.2000238    3.1630870E+14
      1466.7000239    3.1082450E+14
      1469.4000239    3.0779699E+14
      1472.1000239    3.0468743E+14
      1477.6000240    2.9828048E+14
      1480.3000241    2.9514519E+14
      1488.4000242    2.8589087E+14
      1491.2000242    2.8275706E+14
      1496.6000243    2.7681529E+14
      1551.0000252    2.2397781E+14
      1632.7000266    1.6417147E+14
      1823.1000296    8.2278932E+13
      2340.2000381    1.4849375E+13
      2829.9000460    2.4501223E+12
      3047.6000496    3.3784001E+11
      3700.7000602    0.0000000E+00
      4000.0000650    0.0000000E+00
 
