       80.0000013    7.8388791E+18
        85.0000014    6.1907282E+18
        90.0000015    4.9074563E+18
        95.2390015    3.8642383E+18
       100.6800016    3.0296969E+18
       114.2900019    1.6839705E+18
       119.7300019    1.3424168E+18
       122.4500020    1.2005501E+18
       125.1700020    1.0748379E+18
       127.8900021    9.6332158E+17
       130.6100021    8.6429647E+17
       133.3300022    7.7627651E+17
       136.0600022    6.9769270E+17
       146.9400024    2.0048182E+18
       149.6600024    1.9173302E+18
       155.1000025    1.7300000E+18
       157.8200026    1.6394745E+18
       160.5500026    1.5527318E+18
       165.9900027    1.3932896E+18
       171.4300028    1.2511794E+18
       176.8700029    1.1247582E+18
       179.5900029    1.0668584E+18
       182.3100030    1.0122079E+18
       185.0400030    9.6041935E+17
       187.7600031    9.1168151E+17
       190.4800031    8.6562255E+17
       195.9200032    7.8089604E+17
       198.6400032    7.4193409E+17
       204.0800033    8.2100801E+17
       206.8000034    7.8806740E+17
       209.5300034    7.5660130E+17
       212.2500035    7.2686563E+17
       214.9700035    6.9867401E+17
       220.4100036    6.4654878E+17
       225.8500037    5.9948411E+17
       236.7400038    5.1794670E+17
       247.6200040    4.5009673E+17
       258.5100042    3.9287100E+17
       272.1100044    3.3321961E+17
       285.7200046    2.8389591E+17
       299.3200049    2.4281220E+17
       312.9300051    2.0831291E+17
       340.1400055    1.5458922E+17
       353.7400058    1.3366155E+17
       380.9500062    1.0057835E+17
       394.5600064    8.7523153E+16
       408.1700066    7.6321380E+16
       435.3800071    5.8398279E+16
       462.5900075    4.5044122E+16
       476.1900077    3.9678613E+16
       489.8000080    3.5016299E+16
       503.4000082    3.0963540E+16
       517.0100084    2.7428602E+16
       557.8300091    1.9276567E+16
       571.4300093    1.7199843E+16
       585.0400095    1.5371731E+16
       612.2500100    1.2339879E+16
       666.6700108    8.1038157E+15
       680.2800111    7.3222025E+15
       707.4900115    6.0038355E+15
       734.7000119    4.9498661E+15
       761.9100124    4.1023557E+15
       789.1200128    3.4170473E+15
       816.3300133    2.8599213E+15
       843.5400137    2.4046663E+15
       870.7500142    2.0308137E+15
       911.5700148    1.5885390E+15
       952.3900155    1.2537371E+15
       993.2000162    9.9789914E+14
      1020.4000166    8.6087526E+14
      1061.2000173    6.9413617E+14
      1088.4000177    6.0373584E+14
      1102.0000179    5.6369922E+14
      1115.7000181    5.2644924E+14
      1129.3000184    4.9226748E+14
      1142.9000186    4.6063521E+14
      1156.5000188    4.3133883E+14
      1170.1000190    4.0418424E+14
      1197.3000195    3.5561151E+14
      1210.9000197    3.3388750E+14
      1224.5000199    3.1369042E+14
      1227.2000200    3.0985162E+14
      1229.9000200    3.0606732E+14
      1232.7000200    3.0219947E+14
      1235.4000201    2.9852345E+14
      1238.1000201    2.9489930E+14
      1240.8000202    2.9132619E+14
      1243.5000202    2.8780328E+14
      1246.3000203    2.8420208E+14
      1249.0000203    2.8077902E+14
      1257.2000204    2.9915279E+14
      1259.9000205    2.9569655E+14
      1262.6000205    2.9218334E+14
      1270.8000207    2.8155856E+14
      1281.6000208    2.6809620E+14
      1289.8000210    2.7183123E+14
      1292.5000210    2.6860663E+14
      1295.2000211    2.6538229E+14
      1298.0000211    2.6206042E+14
      1300.7000212    2.5888930E+14
      1303.4000212    2.5575525E+14
      1306.1000212    2.5266095E+14
      1314.3000214    2.4351574E+14
      1330.6000216    2.2644450E+14
      1341.5000218    2.1580350E+14
      1355.1000220    2.0333142E+14
      1360.6000221    1.9852696E+14
      1371.4000223    1.8947158E+14
      1382.3000225    1.8081582E+14
      1390.5000226    1.7460674E+14
      1395.9000227    1.7065334E+14
      1404.1000228    1.6484757E+14
      1406.8000229    1.6298651E+14
      1409.5000229    1.6114986E+14
      1415.0000230    1.5748261E+14
      1417.7000231    1.5571797E+14
      1420.4000231    1.5397632E+14
      1423.1000231    1.5225733E+14
      1425.9000232    1.5049825E+14
      1428.6000232    1.4882439E+14
      1431.3000233    1.4717219E+14
      1436.7000234    1.4393152E+14
      1439.5000234    1.4228395E+14
      1442.2000235    1.4062427E+14
      1444.9000235    1.3907651E+14
      1447.6000235    1.3754857E+14
      1450.4000236    1.3598435E+14
      1453.1000236    1.3449589E+14
      1455.8000237    8.2747075E+14
      1458.5000237    8.2552936E+14
      1461.2000238    8.2093837E+14
      1466.7000239    8.0756686E+14
      1469.4000239    8.0015174E+14
      1472.1000239    7.9252595E+14
      1477.6000240    7.7679544E+14
      1480.3000241    7.6909107E+14
      1488.4000242    7.4632962E+14
      1491.2000242    7.3861499E+14
      1496.6000243    7.2397794E+14
      1551.0000252    5.9315330E+14
      1632.7000266    4.4327237E+14
      1823.1000296    2.3460673E+14
      2340.2000381    5.3324276E+13
      2829.9000460    1.5868079E+13
      3047.6000496    9.7155673E+12
      3700.7000602    1.3826910E+12
      4000.0000650    2.9830083E+11
      4680.3000761    0.0000000E+00
      5006.8000814    0.0000000E+00
      5387.8000876    0.0000000E+00
 
