       80.0000013    1.0802951E+19
        85.0000014    8.9902404E+18
        90.0000015    7.4817923E+18
        95.2390015    6.1777974E+18
       100.6800016    5.0723413E+18
       114.2900019    3.1305419E+18
       119.7300019    2.5936256E+18
       122.4500020    2.3632180E+18
       125.1700020    2.1547626E+18
       127.8900021    1.9660329E+18
       130.6100021    1.7950375E+18
       133.3300022    1.6399958E+18
       136.0600022    1.4988237E+18
       146.9400024    2.5048249E+18
       149.6600024    2.4061745E+18
       155.1000025    2.1959292E+18
       157.8200026    2.0942509E+18
       160.5500026    1.9966951E+18
       165.9900027    1.8169397E+18
       171.4300028    1.6560514E+18
       176.8700029    1.5121333E+18
       179.5900029    1.4458805E+18
       182.3100030    1.3831001E+18
       185.0400030    1.3233494E+18
       187.7600031    1.2668526E+18
       190.4800031    1.2131889E+18
       195.9200032    1.1136507E+18
       198.6400032    1.0674570E+18
       204.0800033    1.1146743E+18
       206.8000034    1.0708808E+18
       209.5300034    1.0279583E+18
       212.2500035    9.8693078E+17
       214.9700035    9.4784919E+17
       220.4100036    8.7551665E+17
       225.8500037    8.1042989E+17
       236.7400038    6.9877262E+17
       247.6200040    6.0738053E+17
       258.5100042    5.3162672E+17
       272.1100044    4.5406339E+17
       285.7200046    3.9095338E+17
       299.3200049    3.3893896E+17
       312.9300051    2.9545729E+17
       340.1400055    2.2745551E+17
       353.7400058    2.0058291E+17
       380.9500062    1.5715007E+17
       394.5600064    1.3952408E+17
       408.1700066    1.2409281E+17
       435.3800071    9.8630960E+16
       462.5900075    7.8837037E+16
       476.1900077    7.0626120E+16
       489.8000080    6.3346129E+16
       503.4000082    5.6892524E+16
       517.0100084    5.1155912E+16
       557.8300091    3.7466924E+16
       571.4300093    3.3856259E+16
       585.0400095    3.0628174E+16
       612.2500100    2.5157475E+16
       666.6700108    1.7212066E+16
       680.2800111    1.5697953E+16
       707.4900115    1.3101962E+16
       734.7000119    1.0982600E+16
       761.9100124    9.2447228E+15
       789.1200128    7.8134979E+15
       816.3300133    6.6298033E+15
       843.5400137    5.6467605E+15
       870.7500142    4.8270622E+15
       911.5700148    3.8400959E+15
       952.3900155    3.0778702E+15
       993.2000162    2.4845699E+15
      1020.4000166    2.1621600E+15
      1061.2000173    1.7646389E+15
      1088.4000177    1.5463646E+15
      1102.0000179    1.4489963E+15
      1115.7000181    1.3579889E+15
      1129.3000184    1.2741045E+15
      1142.9000186    1.1961409E+15
      1156.5000188    1.1236303E+15
      1170.1000190    1.0561456E+15
      1197.3000195    9.3472689E+14
      1210.9000197    8.8010967E+14
      1224.5000199    8.2914612E+14
      1227.2000200    8.1943876E+14
      1229.9000200    8.0986246E+14
      1232.7000200    8.0006785E+14
      1235.4000201    7.9075247E+14
      1238.1000201    7.8156225E+14
      1240.8000202    7.7249523E+14
      1243.5000202    7.6354962E+14
      1246.3000203    7.5439893E+14
      1249.0000203    7.4569491E+14
      1257.2000204    8.5592148E+14
      1259.9000205    8.4664274E+14
      1262.6000205    8.3700665E+14
      1270.8000207    8.0740131E+14
      1281.6000208    7.6960633E+14
      1289.8000210    8.0534636E+14
      1292.5000210    7.9607742E+14
      1295.2000211    7.8673332E+14
      1298.0000211    7.7706461E+14
      1300.7000212    7.6781258E+14
      1303.4000212    7.5865584E+14
      1306.1000212    7.4960715E+14
      1314.3000214    7.2283541E+14
      1330.6000216    6.7278925E+14
      1341.5000218    6.4155235E+14
      1355.1000220    6.0489876E+14
      1360.6000221    5.9076711E+14
      1371.4000223    5.6411389E+14
      1382.3000225    5.3861494E+14
      1390.5000226    5.2031056E+14
      1395.9000227    5.0865033E+14
      1404.1000228    4.9151898E+14
      1406.8000229    4.8602544E+14
      1409.5000229    4.8060315E+14
      1415.0000230    4.6977362E+14
      1417.7000231    4.6456131E+14
      1420.4000231    4.5941608E+14
      1423.1000231    4.5433704E+14
      1425.9000232    4.4913872E+14
      1428.6000232    4.4419152E+14
      1431.3000233    4.3930761E+14
      1436.7000234    4.2972607E+14
      1439.5000234    4.2485377E+14
      1442.2000235    4.2021631E+14
      1444.9000235    4.1563771E+14
      1447.6000235    4.1111716E+14
      1450.4000236    4.0648953E+14
      1453.1000236    4.0208460E+14
      1455.8000237    2.2650839E+15
      1458.5000237    2.2597283E+15
      1461.2000238    2.2473874E+15
      1466.7000239    2.2118033E+15
      1469.4000239    2.1921445E+15
      1472.1000239    2.1719495E+15
      1477.6000240    2.1303227E+15
      1480.3000241    2.1099395E+15
      1488.4000242    2.0497044E+15
      1491.2000242    2.0292784E+15
      1496.6000243    1.9905039E+15
      1551.0000252    1.6424727E+15
      1632.7000266    1.2400867E+15
      1823.1000296    6.7190213E+14
      2340.2000381    1.6473723E+14
      2829.9000460    5.5648167E+13
      3047.6000496    3.6234781E+13
      3700.7000602    1.1048196E+13
      4000.0000650    6.7901079E+12
      4680.3000761    2.0244118E+12
      5006.8000814    1.2379435E+12
      5387.8000876    2.8825289E+11
 
