       80.0000013    1.0058438E+19
        85.0000014    8.2341728E+18
        90.0000015    6.7484269E+18
        95.2390015    5.4895938E+18
       100.6800016    4.4425424E+18
       114.2900019    2.6540784E+18
       119.7300019    2.1728503E+18
       122.4500020    1.9684258E+18
       125.1700020    1.7846559E+18
       127.8900021    1.6193090E+18
       130.6100021    1.4704095E+18
       133.3300022    1.3362068E+18
       136.0600022    1.2147279E+18
       146.9400024    2.3490552E+18
       149.6600024    2.2571320E+18
       155.1000025    2.0579178E+18
       157.8200026    1.9608749E+18
       160.5500026    1.8675127E+18
       165.9900027    1.6950082E+18
       171.4300028    1.5402268E+18
       176.8700029    1.4015729E+18
       179.5900029    1.3377093E+18
       182.3100030    1.2771868E+18
       185.0400030    1.2195896E+18
       187.7600031    1.1651426E+18
       190.4800031    1.1134473E+18
       195.9200032    1.0176496E+18
       198.6400032    9.7324729E+17
       204.0800033    1.0139023E+18
       206.8000034    9.7322241E+17
       209.5300034    9.3397727E+17
       212.2500035    8.9675605E+17
       214.9700035    8.6144633E+17
       220.4100036    7.9628247E+17
       225.8500037    7.3772344E+17
       236.7400038    6.3719475E+17
       247.6200040    5.5464837E+17
       258.5100042    4.8589906E+17
       272.1100044    4.1506478E+17
       285.7200046    3.5701524E+17
       299.3200049    3.0886385E+17
       312.9300051    2.6840640E+17
       340.1400055    2.0487664E+17
       353.7400058    1.7975445E+17
       380.9500062    1.3927464E+17
       394.5600064    1.2293910E+17
       408.1700066    1.0870600E+17
       435.3800071    8.5410501E+16
       462.5900075    6.7517509E+16
       476.1900077    6.0165886E+16
       489.8000080    5.3688268E+16
       503.4000082    4.7981163E+16
       517.0100084    4.2938588E+16
       557.8300091    3.1037841E+16
       571.4300093    2.7934289E+16
       585.0400095    2.5173540E+16
       612.2500100    2.0527925E+16
       666.6700108    1.3865667E+16
       680.2800111    1.2609299E+16
       707.4900115    1.0466411E+16
       734.7000119    8.7286003E+15
       761.9100124    7.3123053E+15
       789.1200128    6.1525090E+15
       816.3300133    5.1983460E+15
       843.5400137    4.4098311E+15
       870.7500142    3.7553806E+15
       911.5700148    2.9715816E+15
       952.3900155    2.3699246E+15
       993.2000162    1.9042452E+15
      1020.4000166    1.6523218E+15
      1061.2000173    1.3429923E+15
      1088.4000177    1.1738313E+15
      1102.0000179    1.0985481E+15
      1115.7000181    1.0282890E+15
      1129.3000184    9.6362470E+14
      1142.9000186    9.0361146E+14
      1156.5000188    8.4787480E+14
      1170.1000190    7.9607353E+14
      1197.3000195    7.0305977E+14
      1210.9000197    6.6130363E+14
      1224.5000199    6.2239082E+14
      1227.2000200    6.1498456E+14
      1229.9000200    6.0768009E+14
      1232.7000200    6.0021094E+14
      1235.4000201    5.9310915E+14
      1238.1000201    5.8610439E+14
      1240.8000202    5.7919526E+14
      1243.5000202    5.7238029E+14
      1246.3000203    5.6541084E+14
      1249.0000203    5.5878320E+14
      1257.2000204    6.2484788E+14
      1259.9000205    6.1791882E+14
      1262.6000205    6.1077676E+14
      1270.8000207    5.8894940E+14
      1281.6000208    5.6115271E+14
      1289.8000210    5.8098143E+14
      1292.5000210    5.7421928E+14
      1295.2000211    5.6742081E+14
      1298.0000211    5.6039609E+14
      1300.7000212    5.5367974E+14
      1303.4000212    5.4703525E+14
      1306.1000212    5.4047110E+14
      1314.3000214    5.2105761E+14
      1330.6000216    4.8478702E+14
      1341.5000218    4.6216153E+14
      1355.1000220    4.3562595E+14
      1360.6000221    4.2539920E+14
      1371.4000223    4.0611684E+14
      1382.3000225    3.8767697E+14
      1390.5000226    3.7444448E+14
      1395.9000227    3.6601708E+14
      1404.1000228    3.5363821E+14
      1406.8000229    3.4966939E+14
      1409.5000229    3.4575235E+14
      1415.0000230    3.3793021E+14
      1417.7000231    3.3416580E+14
      1420.4000231    3.3045019E+14
      1423.1000231    3.2678262E+14
      1425.9000232    3.2302929E+14
      1428.6000232    3.1945752E+14
      1431.3000233    3.1593175E+14
      1436.7000234    3.0901548E+14
      1439.5000234    3.0549888E+14
      1442.2000235    3.0215206E+14
      1444.9000235    2.9884795E+14
      1447.6000235    2.9558596E+14
      1450.4000236    2.9224699E+14
      1453.1000236    2.8906892E+14
      1455.8000237    1.6795781E+15
      1458.5000237    1.6756337E+15
      1461.2000238    1.6664398E+15
      1466.7000239    1.6398197E+15
      1469.4000239    1.6250912E+15
      1472.1000239    1.6099544E+15
      1477.6000240    1.5787452E+15
      1480.3000241    1.5634619E+15
      1488.4000242    1.5183033E+15
      1491.2000242    1.5029929E+15
      1496.6000243    1.4739356E+15
      1551.0000252    1.2135617E+15
      1632.7000266    9.1361001E+14
      1823.1000296    4.9233311E+14
      2340.2000381    1.1863311E+14
      2829.9000460    3.9176729E+13
      3047.6000496    2.5175718E+13
      3700.7000602    7.1031844E+12
      4000.0000650    4.2232169E+12
      4680.3000761    1.0810435E+12
      5006.8000814    1.4291414E+11
      5387.8000876    0.0000000E+00
 
