       80.0000013    1.1571719E+19
        85.0000014    9.9166251E+18
        90.0000015    8.4841847E+18
        95.2390015    7.1985994E+18
       100.6800016    6.0686159E+18
       114.2900019    3.9732785E+18
       119.7300019    3.3629369E+18
       122.4500020    3.0959433E+18
       125.1700020    2.8514820E+18
       127.8900021    2.6275838E+18
       130.6100021    2.4224465E+18
       133.3300022    2.2344219E+18
       136.0600022    2.0613994E+18
       146.9400024    2.8202273E+18
       149.6600024    2.7035960E+18
       155.1000025    2.4623217E+18
       157.8200026    2.3474936E+18
       160.5500026    2.2381340E+18
       165.9900027    2.0384102E+18
       171.4300028    1.8613840E+18
       176.8700029    1.7042756E+18
       179.5900029    1.6323120E+18
       182.3100030    1.5643138E+18
       185.0400030    1.4997596E+18
       187.7600031    1.4388543E+18
       190.4800031    1.3811107E+18
       195.9200032    1.2742372E+18
       198.6400032    1.2247182E+18
       204.0800033    1.3139212E+18
       206.8000034    1.2672223E+18
       209.5300034    1.2190886E+18
       212.2500035    1.1718967E+18
       214.9700035    1.1262850E+18
       220.4100036    1.0408225E+18
       225.8500037    9.6318435E+17
       236.7400038    8.2902730E+17
       247.6200040    7.1874127E+17
       258.5100042    6.2732890E+17
       272.1100044    5.3410722E+17
       285.7200046    4.5886719E+17
       299.3200049    3.9750297E+17
       312.9300051    3.4678397E+17
       340.1400055    2.6866421E+17
       353.7400058    2.3817602E+17
       380.9500062    1.8919336E+17
       394.5600064    1.6933886E+17
       408.1700066    1.5191749E+17
       435.3800071    1.2297300E+17
       462.5900075    1.0015548E+17
       476.1900077    9.0565304E+16
       489.8000080    8.1981666E+16
       503.4000082    7.4297737E+16
       517.0100084    6.7399002E+16
       557.8300091    5.0613720E+16
       571.4300093    4.6094177E+16
       585.0400095    4.2013924E+16
       612.2500100    3.5003324E+16
       666.6700108    2.4560676E+16
       680.2800111    2.2528308E+16
       707.4900115    1.9005673E+16
       734.7000119    1.6090036E+16
       761.9100124    1.3668750E+16
       789.1200128    1.1651223E+16
       816.3300133    9.9646420E+15
       843.5400137    8.5499914E+15
       870.7500142    7.3595408E+15
       911.5700148    5.9112515E+15
       952.3900155    4.7798777E+15
       993.2000162    3.8900662E+15
      1020.4000166    3.4026210E+15
      1061.2000173    2.7972354E+15
      1088.4000177    2.4624870E+15
      1102.0000179    2.3125631E+15
      1115.7000181    2.1720737E+15
      1129.3000184    2.0422549E+15
      1142.9000186    1.9213034E+15
      1156.5000188    1.8085416E+15
      1170.1000190    1.7033487E+15
      1197.3000195    1.5134407E+15
      1210.9000197    1.4277247E+15
      1224.5000199    1.3475677E+15
      1227.2000200    1.3322798E+15
      1229.9000200    1.3171918E+15
      1232.7000200    1.3017533E+15
      1235.4000201    1.2870637E+15
      1238.1000201    1.2725655E+15
      1240.8000202    1.2582556E+15
      1243.5000202    1.2441315E+15
      1246.3000203    1.2296773E+15
      1249.0000203    1.2159230E+15
      1257.2000204    1.4753959E+15
      1259.9000205    1.4600662E+15
      1262.6000205    1.4439013E+15
      1270.8000207    1.3937478E+15
      1281.6000208    1.3294589E+15
      1289.8000210    1.4210745E+15
      1292.5000210    1.4050467E+15
      1295.2000211    1.3888071E+15
      1298.0000211    1.3719618E+15
      1300.7000212    1.3558216E+15
      1303.4000212    1.3398363E+15
      1306.1000212    1.3240325E+15
      1314.3000214    1.2772507E+15
      1330.6000216    1.1897282E+15
      1341.5000218    1.1350540E+15
      1355.1000220    1.0708498E+15
      1360.6000221    1.0460816E+15
      1371.4000223    9.9934420E+14
      1382.3000225    9.5460285E+14
      1390.5000226    9.2246831E+14
      1395.9000227    9.0199044E+14
      1404.1000228    8.7189319E+14
      1406.8000229    8.6223925E+14
      1409.5000229    8.5270905E+14
      1415.0000230    8.3367134E+14
      1417.7000231    8.2450642E+14
      1420.4000231    8.1545833E+14
      1423.1000231    8.0652540E+14
      1425.9000232    7.9738148E+14
      1428.6000232    7.8867807E+14
      1431.3000233    7.8008498E+14
      1436.7000234    7.6322320E+14
      1439.5000234    7.5464716E+14
      1442.2000235    7.4648350E+14
      1444.9000235    7.3842239E+14
      1447.6000235    7.3046240E+14
      1450.4000236    7.2231297E+14
      1453.1000236    7.1455465E+14
      1455.8000237    3.7733443E+15
      1458.5000237    3.7643262E+15
      1461.2000238    3.7440062E+15
      1466.7000239    3.6859136E+15
      1469.4000239    3.6539220E+15
      1472.1000239    3.6210888E+15
      1477.6000240    3.5534554E+15
      1480.3000241    3.5203444E+15
      1488.4000242    3.4224769E+15
      1491.2000242    3.3892760E+15
      1496.6000243    3.3262256E+15
      1551.0000252    2.7583324E+15
      1632.7000266    2.0966532E+15
      1823.1000296    1.1505509E+15
      2340.2000381    2.8821385E+14
      2829.9000460    9.9054067E+13
      3047.6000496    6.5119548E+13
      3700.7000602    2.1462040E+13
      4000.0000650    1.3663493E+13
      4680.3000761    4.9380385E+12
      5006.8000814    3.2090969E+12
      5387.8000876    1.9825485E+12
 
