       80.0000013    1.1297012E+19
        85.0000014    9.5454322E+18
        90.0000015    8.0580272E+18
        95.2390015    6.7473158E+18
       100.6800016    5.6155583E+18
       114.2900019    3.5725423E+18
       119.7300019    2.9925944E+18
       122.4500020    2.7412955E+18
       125.1700020    2.5125589E+18
       127.8900021    2.3042504E+18
       130.6100021    2.1144398E+18
       133.3300022    1.9413829E+18
       136.0600022    1.7829516E+18
       146.9400024    2.6601793E+18
       149.6600024    2.5528967E+18
       155.1000025    2.3283124E+18
       157.8200026    2.2206670E+18
       160.5500026    2.1177832E+18
       165.9900027    1.9290416E+18
       171.4300028    1.7608804E+18
       176.8700029    1.6109780E+18
       179.5900029    1.5421137E+18
       182.3100030    1.4769311E+18
       185.0400030    1.4149520E+18
       187.7600031    1.3563923E+18
       190.4800031    1.3008016E+18
       195.9200032    1.1977452E+18
       198.6400032    1.1499301E+18
       204.0800033    1.2151925E+18
       206.8000034    1.1693562E+18
       209.5300034    1.1234125E+18
       212.2500035    1.0789960E+18
       214.9700035    1.0364137E+18
       220.4100036    9.5718535E+17
       225.8500037    8.8561910E+17
       236.7400038    7.6255255E+17
       247.6200040    6.6176760E+17
       258.5100042    5.7836373E+17
       272.1100044    4.9327837E+17
       285.7200046    4.2443104E+17
       299.3200049    3.6804063E+17
       312.9300051    3.2118807E+17
       340.1400055    2.4844515E+17
       353.7400058    2.1984388E+17
       380.9500062    1.7367686E+17
       394.5600064    1.5491672E+17
       408.1700066    1.3845427E+17
       435.3800071    1.1115232E+17
       462.5900075    8.9739047E+16
       476.1900077    8.0787914E+16
       489.8000080    7.2809334E+16
       503.4000082    6.5698105E+16
       517.0100084    5.9342519E+16
       557.8300091    4.4019438E+16
       571.4300093    3.9934176E+16
       585.0400095    3.6263294E+16
       612.2500100    2.9998689E+16
       666.6700108    2.0783985E+16
       680.2800111    1.9009519E+16
       707.4900115    1.5950717E+16
       734.7000119    1.3436553E+16
       761.9100124    1.1362161E+16
       789.1200128    9.6440012E+15
       816.3300133    8.2155149E+15
       843.5400137    7.0234070E+15
       870.7500142    6.0249297E+15
       911.5700148    4.8165583E+15
       952.3900155    3.8780264E+15
       993.2000162    3.1436981E+15
      1020.4000166    2.7430281E+15
      1061.2000173    2.2471843E+15
      1088.4000177    1.9739404E+15
      1102.0000179    1.8517988E+15
      1115.7000181    1.7374843E+15
      1129.3000184    1.6319793E+15
      1142.9000186    1.5337958E+15
      1156.5000188    1.4423648E+15
      1170.1000190    1.3571660E+15
      1197.3000195    1.2036018E+15
      1210.9000197    1.1344009E+15
      1224.5000199    1.0697545E+15
      1227.2000200    1.0574323E+15
      1229.9000200    1.0452738E+15
      1232.7000200    1.0328353E+15
      1235.4000201    1.0210028E+15
      1238.1000201    1.0093265E+15
      1240.8000202    9.9780425E+14
      1243.5000202    9.8643373E+14
      1246.3000203    9.7479994E+14
      1249.0000203    9.6373154E+14
      1257.2000204    1.1365508E+15
      1259.9000205    1.1244993E+15
      1262.6000205    1.1118886E+15
      1270.8000207    1.0729483E+15
      1281.6000208    1.0231268E+15
      1289.8000210    1.0820494E+15
      1292.5000210    1.0697314E+15
      1295.2000211    1.0572813E+15
      1298.0000211    1.0443819E+15
      1300.7000212    1.0320297E+15
      1303.4000212    1.0198001E+15
      1306.1000212    1.0077116E+15
      1314.3000214    9.7193553E+14
      1330.6000216    9.0502531E+14
      1341.5000218    8.6324212E+14
      1355.1000220    8.1419205E+14
      1360.6000221    7.9527453E+14
      1371.4000223    7.5958490E+14
      1382.3000225    7.2542850E+14
      1390.5000226    7.0090189E+14
      1395.9000227    6.8527458E+14
      1404.1000228    6.6231000E+14
      1406.8000229    6.5494473E+14
      1409.5000229    6.4767436E+14
      1415.0000230    6.3315213E+14
      1417.7000231    6.2616160E+14
      1420.4000231    6.1926060E+14
      1423.1000231    6.1244777E+14
      1425.9000232    6.0547442E+14
      1428.6000232    5.9883743E+14
      1431.3000233    5.9228485E+14
      1436.7000234    5.7942820E+14
      1439.5000234    5.7288972E+14
      1442.2000235    5.6666597E+14
      1444.9000235    5.6052071E+14
      1447.6000235    5.5445290E+14
      1450.4000236    5.4824100E+14
      1453.1000236    5.4232753E+14
      1455.8000237    2.9598313E+15
      1458.5000237    2.9528080E+15
      1461.2000238    2.9367848E+15
      1466.7000239    2.8907626E+15
      1469.4000239    2.8653743E+15
      1472.1000239    2.8393044E+15
      1477.6000240    2.7855832E+15
      1480.3000241    2.7592797E+15
      1488.4000242    2.6815397E+15
      1491.2000242    2.6551719E+15
      1496.6000243    2.6051073E+15
      1551.0000252    2.1549334E+15
      1632.7000266    1.6323976E+15
      1823.1000296    8.8926318E+14
      2340.2000381    2.2008785E+14
      2829.9000460    7.4939470E+13
      3047.6000496    4.9013785E+13
      3700.7000602    1.5801774E+13
      4000.0000650    9.9237767E+12
      4680.3000761    3.3105628E+12
      5006.8000814    2.0955026E+12
      5387.8000876    9.4581627E+11
 
