       80.0000013    1.9992138E+17
        85.0000014    1.5659282E+17
        90.0000015    1.2560816E+17
        95.2390015    1.0148619E+17
       100.6800016    8.2406060E+16
       114.2900019    5.0689015E+16
       119.7300019    4.2112670E+16
       122.4500020    3.8438458E+16
       125.1700020    3.5114167E+16
       127.8900021    3.2102660E+16
       130.6100021    2.9371475E+16
       133.3300022    2.6892066E+16
       136.0600022    2.4631313E+16
       146.9400024    6.9633368E+16
       149.6600024    6.2065512E+16
       155.1000025    4.9465345E+16
       157.8200026    4.4250769E+16
       160.5500026    3.9626541E+16
       165.9900027    3.1938822E+16
       171.4300028    2.5884082E+16
       176.8700029    2.1086773E+16
       179.5900029    1.9068347E+16
       182.3100030    1.7264008E+16
       185.0400030    1.5643273E+16
       187.7600031    1.4196231E+16
       190.4800031    1.2897599E+16
       195.9200032    1.0680934E+16
       198.6400032    9.7353938E+15
       204.0800033    5.6422320E+16
       206.8000034    5.2680815E+16
       209.5300034    4.9095866E+16
       212.2500035    4.5741659E+16
       214.9700035    4.2615971E+16
       220.4100036    3.7024216E+16
       225.8500037    3.2225071E+16
       236.7400038    2.4559383E+16
       247.6200040    1.8875108E+16
       258.5100042    1.4614968E+16
       272.1100044    1.0725445E+16
       285.7200046    7.9504961E+15
       299.3200049    5.9503368E+15
       312.9300051    4.4905929E+15
       340.1400055    2.6159011E+15
       353.7400058    2.0166956E+15
       380.9500062    1.2164547E+15
       394.5600064    9.5064893E+14
       408.1700066    7.4534540E+14
       435.3800071    4.6203037E+14
       462.5900075    2.8748518E+14
       476.1900077    2.2669869E+14
       489.8000080    1.7894475E+14
       503.4000082    1.4057701E+14
       517.0100084    1.1034792E+14
       557.8300091    5.0574276E+13
       571.4300093    3.7987421E+13
       585.0400095    2.7667519E+13
       612.2500100    1.1369840E+13
 
