       80.0000013    3.5175538E+18
        85.0000014    2.6001946E+18
        90.0000015    1.9366611E+18
        95.2390015    1.4339796E+18
       100.6800016    1.0590634E+18
       114.2900019    5.1782651E+17
       119.7300019    3.9625444E+17
       122.4500020    3.4811047E+17
       125.1700020    3.0671777E+17
       127.8900021    2.7106492E+17
       130.6100021    2.4029871E+17
       133.3300022    2.1369830E+17
       136.0600022    1.9057519E+17
       146.9400024    1.2019836E+18
       149.6600024    1.1217812E+18
       155.1000025    9.7178535E+17
       157.8200026    9.0421053E+17
       160.5500026    8.4137124E+17
       165.9900027    7.2982840E+17
       171.4300028    6.3426091E+17
       176.8700029    5.5221367E+17
       179.5900029    5.1559890E+17
       182.3100030    4.8161547E+17
       185.0400030    4.4994627E+17
       187.7600031    4.2063549E+17
       190.4800031    3.9339083E+17
       195.9200032    3.4448603E+17
       198.6400032    3.2254995E+17
       204.0800033    5.3057999E+17
       206.8000034    5.0763211E+17
       209.5300034    4.8544019E+17
       212.2500035    4.6433084E+17
       214.9700035    4.4423503E+17
       220.4100036    4.0693410E+17
       225.8500037    3.7315366E+17
       236.7400038    3.1460144E+17
       247.6200040    2.6614184E+17
       258.5100042    2.2576399E+17
       272.1100044    1.8452437E+17
       285.7200046    1.5140385E+17
       299.3200049    1.2473497E+17
       312.9300051    1.0314819E+17
       340.1400055    7.1359443E+16
       353.7400058    5.9693796E+16
       380.9500062    4.2230335E+16
       394.5600064    3.5710046E+16
       408.1700066    3.0302487E+16
       435.3800071    2.2046202E+16
       462.5900075    1.6249954E+16
       476.1900077    1.4017326E+16
       489.8000080    1.2126479E+16
       503.4000082    1.0522419E+16
       517.0100084    9.1554433E+15
       557.8300091    6.1293473E+15
       571.4300093    5.3897104E+15
       585.0400095    4.7503272E+15
       612.2500100    3.7161107E+15
       666.6700108    2.3332571E+15
       680.2800111    2.0871847E+15
       707.4900115    1.6794862E+15
       734.7000119    1.3608161E+15
       761.9100124    1.1097852E+15
       789.1200128    9.1058065E+14
       816.3300133    7.5140728E+14
       843.5400137    6.2339021E+14
       870.7500142    5.1979842E+14
       911.5700148    3.9927016E+14
       952.3900155    3.0971533E+14
       993.2000162    2.4244340E+14
      1020.4000166    2.0689842E+14
      1061.2000173    1.6418113E+14
      1088.4000177    1.4130551E+14
      1102.0000179    1.3124700E+14
      1115.7000181    1.2193223E+14
      1129.3000184    1.1342416E+14
      1142.9000186    1.0558655E+14
      1156.5000188    9.8360464E+13
      1170.1000190    9.1692653E+13
      1197.3000195    7.9843937E+13
      1210.9000197    7.4580035E+13
      1224.5000199    6.9707516E+13
      1227.2000200    6.8783855E+13
      1229.9000200    6.7874094E+13
      1232.7000200    6.6945068E+13
      1235.4000201    6.6062893E+13
      1238.1000201    6.5193913E+13
      1240.8000202    6.4337910E+13
      1243.5000202    6.3494666E+13
      1246.3000203    6.2633433E+13
      1249.0000203    6.1815518E+13
      1257.2000204    6.2026391E+13
      1259.9000205    6.1233219E+13
      1262.6000205    6.0441829E+13
      1270.8000207    5.8084655E+13
      1281.6000208    5.5123389E+13
      1289.8000210    5.4267952E+13
      1292.5000210    5.3573937E+13
      1295.2000211    5.2885665E+13
      1298.0000211    5.2179956E+13
      1300.7000212    5.1508209E+13
      1303.4000212    5.0845513E+13
      1306.1000212    5.0192053E+13
      1314.3000214    4.8264070E+13
      1330.6000216    4.4674983E+13
      1341.5000218    4.2443966E+13
      1355.1000220    3.9835444E+13
      1360.6000221    3.8832540E+13
      1371.4000223    3.6945363E+13
      1382.3000225    3.5145405E+13
      1390.5000226    3.3856703E+13
      1395.9000227    3.3037289E+13
      1404.1000228    3.1835573E+13
      1406.8000229    3.1450777E+13
      1409.5000229    3.1071236E+13
      1415.0000230    3.0314026E+13
      1417.7000231    2.9949960E+13
      1420.4000231    2.9590836E+13
      1423.1000231    2.9236574E+13
      1425.9000232    2.8874249E+13
      1428.6000232    2.8529668E+13
      1431.3000233    2.8189731E+13
      1436.7000234    2.7523505E+13
      1439.5000234    2.7185073E+13
      1442.2000235    2.6863177E+13
      1444.9000235    2.6545580E+13
      1447.6000235    2.6232222E+13
      1450.4000236    2.5911661E+13
      1453.1000236    2.5606736E+13
      1455.8000237    1.6873400E+14
      1458.5000237    1.6820852E+14
      1461.2000238    1.6712882E+14
      1466.7000239    1.6408491E+14
      1469.4000239    1.6241295E+14
      1472.1000239    1.6069823E+14
      1477.6000240    1.5717005E+14
      1480.3000241    1.5544515E+14
      1488.4000242    1.5035862E+14
      1491.2000242    1.4863764E+14
      1496.6000243    1.4537666E+14
      1551.0000252    1.1650262E+14
      1632.7000266    8.4132084E+13
      1823.1000296    4.0805536E+13
      2340.2000381    4.1033049E+12
      2829.9000460    0.0000000E+00
      3047.6000496    0.0000000E+00
 
