       80.0000013    2.1871909E+18
        85.0000014    1.5703225E+18
        90.0000015    1.1397371E+18
        95.2390015    8.2481665E+17
       100.6800016    5.9806313E+17
       114.2900019    2.8735498E+17
       119.7300019    2.2108382E+17
       122.4500020    1.9525969E+17
       125.1700020    1.7324797E+17
       127.8900021    1.5442344E+17
       130.6100021    1.3826900E+17
       133.3300022    1.2435606E+17
       136.0600022    1.1228779E+17
       146.9400024    8.5630337E+17
       149.6600024    7.9047774E+17
       155.1000025    6.7243623E+17
       157.8200026    6.2055447E+17
       160.5500026    5.7286641E+17
       165.9900027    4.8944300E+17
       171.4300028    4.1921698E+17
       176.8700029    3.5991084E+17
       179.5900029    3.3376191E+17
       182.3100030    3.0968030E+17
       185.0400030    2.8741042E+17
       187.7600031    2.6695441E+17
       190.4800031    2.4808185E+17
       195.9200032    2.1457055E+17
       198.6400032    1.9970225E+17
       204.0800033    4.1347447E+17
       206.8000034    3.9398494E+17
       209.5300034    3.7512653E+17
       212.2500035    3.5721325E+17
       214.9700035    3.4020323E+17
       220.4100036    3.0878750E+17
       225.8500037    2.8055836E+17
       236.7400038    2.3226195E+17
       247.6200040    1.9303189E+17
       258.5100042    1.6096867E+17
       272.1100044    1.2891799E+17
       285.7200046    1.0377618E+17
       299.3200049    8.3985259E+16
       312.9300051    6.8306374E+16
       340.1400055    4.5872695E+16
       353.7400058    3.7869568E+16
       380.9500062    2.6166380E+16
       394.5600064    2.1894876E+16
       408.1700066    1.8398893E+16
       435.3800071    1.3153277E+16
       462.5900075    9.5476532E+15
       476.1900077    8.1785685E+15
       489.8000080    7.0287435E+15
       503.4000082    6.0608828E+15
       517.0100084    5.2420430E+15
       557.8300091    3.4516693E+15
       571.4300093    3.0194603E+15
       585.0400095    2.6478312E+15
       612.2500100    2.0511290E+15
       666.6700108    1.2637779E+15
       680.2800111    1.1252772E+15
       707.4900115    8.9718981E+14
       734.7000119    7.2034567E+14
       761.9100124    5.8214423E+14
       789.1200128    4.7334059E+14
       816.3300133    3.8708604E+14
       843.5400137    3.1826083E+14
       870.7500142    2.6300519E+14
       911.5700148    1.9933490E+14
       952.3900155    1.5257883E+14
       993.2000162    1.1786065E+14
      1020.4000166    9.9691828E+13
      1061.2000173    7.8055033E+13
      1088.4000177    6.6574124E+13
      1102.0000179    6.1553034E+13
      1115.7000181    5.6919457E+13
      1129.3000184    5.2701807E+13
      1142.9000186    4.8829773E+13
      1156.5000188    4.5271887E+13
      1170.1000190    4.1999848E+13
      1197.3000195    3.6213784E+13
      1210.9000197    3.3655999E+13
      1224.5000199    3.1296026E+13
      1227.2000200    3.0849525E+13
      1229.9000200    3.0410025E+13
      1232.7000200    2.9961507E+13
      1235.4000201    2.9535884E+13
      1238.1000201    2.9116892E+13
      1240.8000202    2.8704420E+13
      1243.5000202    2.8298353E+13
      1246.3000203    2.7883888E+13
      1249.0000203    2.7490525E+13
      1257.2000204    2.7093700E+13
      1259.9000205    2.6716649E+13
      1262.6000205    2.6342490E+13
      1270.8000207    2.5233801E+13
      1281.6000208    2.3846430E+13
      1289.8000210    2.3224528E+13
      1292.5000210    2.2902032E+13
      1295.2000211    2.2583131E+13
      1298.0000211    2.2256766E+13
      1300.7000212    2.1946509E+13
      1303.4000212    2.1640730E+13
      1306.1000212    2.1339449E+13
      1314.3000214    2.0451697E+13
      1330.6000216    1.8803312E+13
      1341.5000218    1.7781492E+13
      1355.1000220    1.6589743E+13
      1360.6000221    1.6132453E+13
      1371.4000223    1.5273404E+13
      1382.3000225    1.4455904E+13
      1390.5000226    1.3871782E+13
      1395.9000227    1.3500906E+13
      1404.1000228    1.2957782E+13
      1406.8000229    1.2784076E+13
      1409.5000229    1.2612843E+13
      1415.0000230    1.2271521E+13
      1417.7000231    1.2107562E+13
      1420.4000231    1.1945923E+13
      1423.1000231    1.1786568E+13
      1425.9000232    1.1623686E+13
      1428.6000232    1.1468874E+13
      1431.3000233    1.1316241E+13
      1436.7000234    1.1017372E+13
      1439.5000234    1.0865694E+13
      1442.2000235    1.0721516E+13
      1444.9000235    1.0579351E+13
      1447.6000235    1.0439170E+13
      1450.4000236    1.0295858E+13
      1453.1000236    1.0159622E+13
      1455.8000237    6.8050028E+13
      1458.5000237    6.7736613E+13
      1461.2000238    6.7198970E+13
      1466.7000239    6.5764724E+13
      1469.4000239    6.4990850E+13
      1472.1000239    6.4201284E+13
      1477.6000240    6.2583843E+13
      1480.3000241    6.1795281E+13
      1488.4000242    5.9475302E+13
      1491.2000242    5.8691869E+13
      1496.6000243    5.7209275E+13
      1551.0000252    4.4200138E+13
      1632.7000266    2.9948945E+13
      1823.1000296    1.1887142E+13
      2340.2000381    0.0000000E+00
 
