       80.0000013    1.1261930E+18
        85.0000014    7.9009538E+17
        90.0000015    5.6555329E+17
        95.2390015    4.0771461E+17
       100.6800016    2.9794477E+17
       114.2900019    1.5287668E+17
       119.7300019    1.2230276E+17
       122.4500020    1.1029140E+17
       125.1700020    9.9956877E+16
       127.8900021    9.1009361E+16
       130.6100021    8.3214450E+16
       133.3300022    7.6381887E+16
       136.0600022    7.0335995E+16
       146.9400024    5.1973372E+17
       149.6600024    4.7424819E+17
       155.1000025    3.9523351E+17
       157.8200026    3.6124966E+17
       160.5500026    3.3037383E+17
       165.9900027    2.7720860E+17
       171.4300028    2.3335312E+17
       176.8700029    1.9703388E+17
       179.5900029    1.8125085E+17
       182.3100030    1.6685075E+17
       185.0400030    1.5365617E+17
       187.7600031    1.4164572E+17
       190.4800031    1.3066320E+17
       195.9200032    1.1141089E+17
       198.6400032    1.0297895E+17
       204.0800033    2.8222163E+17
       206.8000034    2.6745662E+17
       209.5300034    2.5319769E+17
       212.2500035    2.3970219E+17
       214.9700035    2.2695141E+17
       220.4100036    2.0360356E+17
       225.8500037    1.8288819E+17
       236.7400038    1.4812337E+17
       247.6200040    1.2060836E+17
       258.5100042    9.8671728E+16
       272.1100044    7.7307041E+16
       285.7200046    6.0993694E+16
       299.3200049    4.8464806E+16
       312.9300051    3.8759675E+16
       340.1400055    2.5265749E+16
       353.7400058    2.0581820E+16
       380.9500062    1.3880676E+16
       394.5600064    1.1485787E+16
       408.1700066    9.5494646E+15
       435.3800071    6.6907468E+15
       462.5900075    4.7653290E+15
       476.1900077    4.0447484E+15
       489.8000080    3.4449334E+15
       503.4000082    2.9443850E+15
       517.0100084    2.5244594E+15
       557.8300091    1.6203849E+15
       571.4300093    1.4057733E+15
       585.0400095    1.2226775E+15
       612.2500100    9.3199119E+14
       666.6700108    5.5661545E+14
       680.2800111    4.9187026E+14
       707.4900115    3.8635455E+14
       734.7000119    3.0567463E+14
       761.9100124    2.4346656E+14
       789.1200128    1.9512181E+14
       816.3300133    1.5727095E+14
       843.5400137    1.2742802E+14
       870.7500142    1.0374314E+14
       911.5700148    7.6818753E+13
       952.3900155    5.7359246E+13
       993.2000162    4.3131576E+13
      1020.4000166    3.5782060E+13
      1061.2000173    2.7140779E+13
      1088.4000177    2.2617495E+13
      1102.0000179    2.0655997E+13
      1115.7000181    1.8856332E+13
      1129.3000184    1.7227940E+13
      1142.9000186    1.5742112E+13
      1156.5000188    1.4385451E+13
      1170.1000190    1.3145944E+13
      1197.3000195    1.0976327E+13
      1210.9000197    1.0027788E+13
      1224.5000199    9.1593166E+12
      1227.2000200    8.9957933E+12
      1229.9000200    8.8350927E+12
      1232.7000200    8.6713649E+12
      1235.4000201    8.5162548E+12
      1238.1000201    8.3638139E+12
      1240.8000202    8.2139939E+12
      1243.5000202    8.0667486E+12
      1246.3000203    7.9167194E+12
      1249.0000203    7.7745755E+12
      1257.2000204    7.4773949E+12
      1259.9000205    7.3431059E+12
      1262.6000205    7.2106561E+12
      1270.8000207    6.8210120E+12
      1281.6000208    6.3373794E+12
      1289.8000210    6.0503218E+12
      1292.5000210    5.9395471E+12
      1295.2000211    5.8304632E+12
      1298.0000211    5.7191925E+12
      1300.7000212    5.6137026E+12
      1303.4000212    5.5099832E+12
      1306.1000212    5.4080192E+12
      1314.3000214    5.1088646E+12
      1330.6000216    4.5586994E+12
      1341.5000218    4.2214427E+12
      1355.1000220    3.8322050E+12
      1360.6000221    3.6841256E+12
      1371.4000223    3.4080303E+12
      1382.3000225    3.1480063E+12
      1390.5000226    2.9639757E+12
      1395.9000227    2.8479447E+12
      1404.1000228    2.6792375E+12
      1406.8000229    2.6255976E+12
      1409.5000229    2.5728778E+12
      1415.0000230    2.4682680E+12
      1417.7000231    2.4182496E+12
      1420.4000231    2.3690910E+12
      1423.1000231    2.3207779E+12
      1425.9000232    1.8384247E+12
      1428.6000232    1.7975945E+12
      1431.3000233    1.7575337E+12
      1436.7000234    1.6796657E+12
      1439.5000234    1.6404451E+12
      1442.2000235    1.6033551E+12
      1444.9000235    1.5669690E+12
      1447.6000235    1.5312746E+12
      1450.4000236    1.4949758E+12
      1453.1000236    1.4606530E+12
      1455.8000237    9.8295989E+12
      1458.5000237    9.6861002E+12
      1461.2000238    9.5115763E+12
      1466.7000239    9.1135200E+12
      1469.4000239    8.9115591E+12
      1472.1000239    8.7097003E+12
      1477.6000240    8.3044126E+12
      1480.3000241    8.1096999E+12
      1488.4000242    7.5452908E+12
      1491.2000242    7.3572921E+12
      1496.6000243    7.0049873E+12
      1551.0000252    2.8720156E+12
      1632.7000266    0.0000000E+00
 
