       80.0000013    6.4419067E+18
        85.0000014    4.9884650E+18
        90.0000015    3.8824380E+18
        95.2390015    3.0021555E+18
       100.6800016    2.3121121E+18
       114.2900019    1.2335454E+18
       119.7300019    9.6886958E+17
       122.4500020    8.6039953E+17
       125.1700020    7.6510953E+17
       127.8900021    6.8130255E+17
       130.6100021    6.0751330E+17
       133.3300022    5.4247426E+17
       136.0600022    4.8488951E+17
       146.9400024    1.7860509E+18
       149.6600024    1.6978501E+18
       155.1000025    1.5158902E+18
       157.8200026    1.4295764E+18
       160.5500026    1.3475111E+18
       165.9900027    1.1980093E+18
       171.4300028    1.0660813E+18
       176.8700029    9.4976804E+17
       179.5900029    8.9684834E+17
       182.3100030    8.4711468E+17
       185.0400030    8.0019034E+17
       187.7600031    7.5622348E+17
       190.4800031    7.1485607E+17
       195.9200032    6.3926115E+17
       198.6400032    6.0473408E+17
       204.0800033    7.2764876E+17
       206.8000034    6.9842305E+17
       209.5300034    6.7040866E+17
       212.2500035    6.4387009E+17
       214.9700035    6.1865561E+17
       220.4100036    5.7189757E+17
       225.8500037    5.2952363E+17
       236.7400038    4.5576571E+17
       247.6200040    3.9409538E+17
       258.5100042    3.4195179E+17
       272.1100044    2.8759512E+17
       285.7200046    2.4277986E+17
       299.3200049    2.0565602E+17
       312.9300051    1.7471087E+17
       340.1400055    1.2714960E+17
       353.7400058    1.0890294E+17
       380.9500062    8.0485514E+16
       394.5600064    6.9445069E+16
       408.1700066    6.0064439E+16
       435.3800071    4.5260791E+16
       462.5900075    3.4423957E+16
       476.1900077    3.0124686E+16
       489.8000080    2.6418030E+16
       503.4000082    2.3219824E+16
       517.0100084    2.0450227E+16
       557.8300091    1.4144507E+16
       571.4300093    1.2559031E+16
       585.0400095    1.1171505E+16
       612.2500100    8.8891612E+15
       666.6700108    5.7472144E+15
       680.2800111    5.1746936E+15
       707.4900115    4.2151341E+15
       734.7000119    3.4542342E+15
       761.9100124    2.8469886E+15
       789.1200128    2.3593844E+15
       816.3300133    1.9655381E+15
       843.5400137    1.6456209E+15
       870.7500142    1.3843454E+15
       911.5700148    1.0771394E+15
       952.3900155    8.4612997E+14
       993.2000162    6.7063257E+14
      1020.4000166    5.7704872E+14
      1061.2000173    4.6359951E+14
      1088.4000177    4.0230657E+14
      1102.0000179    3.7521334E+14
      1115.7000181    3.5003614E+14
      1129.3000184    3.2695939E+14
      1142.9000186    3.0562766E+14
      1156.5000188    2.8589212E+14
      1170.1000190    2.6761817E+14
      1197.3000195    2.3497816E+14
      1210.9000197    2.2040081E+14
      1224.5000199    2.0686024E+14
      1227.2000200    2.0428801E+14
      1229.9000200    2.0175272E+14
      1232.7000200    1.9916191E+14
      1235.4000201    1.9670002E+14
      1238.1000201    1.9427328E+14
      1240.8000202    1.9188104E+14
      1243.5000202    1.8952290E+14
      1246.3000203    1.8711277E+14
      1249.0000203    1.8482222E+14
      1257.2000204    1.9268020E+14
      1259.9000205    1.9040207E+14
      1262.6000205    1.8810145E+14
      1270.8000207    1.8117895E+14
      1281.6000208    1.7242903E+14
      1289.8000210    1.7308673E+14
      1292.5000210    1.7100592E+14
      1295.2000211    1.6893084E+14
      1298.0000211    1.6679615E+14
      1300.7000212    1.6476036E+14
      1303.4000212    1.6274893E+14
      1306.1000212    1.6076321E+14
      1314.3000214    1.5489717E+14
      1330.6000216    1.4395027E+14
      1341.5000218    1.3712821E+14
      1355.1000220    1.2913369E+14
      1360.6000221    1.2605451E+14
      1371.4000223    1.2025158E+14
      1382.3000225    1.1470563E+14
      1390.5000226    1.1072784E+14
      1395.9000227    1.0819518E+14
      1404.1000228    1.0447646E+14
      1406.8000229    1.0328448E+14
      1409.5000229    1.0210821E+14
      1415.0000230    9.9759633E+13
      1417.7000231    9.8629595E+13
      1420.4000231    9.7514322E+13
      1423.1000231    9.6413577E+13
      1425.9000232    9.5287230E+13
      1428.6000232    9.4215493E+13
      1431.3000233    9.3157631E+13
      1436.7000234    9.1082885E+13
      1439.5000234    9.0028110E+13
      1442.2000235    8.9024388E+13
      1444.9000235    8.8033576E+13
      1447.6000235    8.7055447E+13
      1450.4000236    8.6054376E+13
      1453.1000236    8.5101623E+13
      1455.8000237    5.3698768E+14
      1458.5000237    5.3567121E+14
      1461.2000238    5.3261762E+14
      1466.7000239    5.2375395E+14
      1469.4000239    5.1884248E+14
      1472.1000239    5.1379248E+14
      1477.6000240    5.0337731E+14
      1480.3000241    4.9827714E+14
      1488.4000242    4.8321291E+14
      1491.2000242    4.7810851E+14
      1496.6000243    4.6842594E+14
      1551.0000252    3.8203241E+14
      1632.7000266    2.8346418E+14
      1823.1000296    1.4735778E+14
      2340.2000381    3.1231503E+13
      2829.9000460    7.9814475E+12
      3047.6000496    4.1333319E+12
      3700.7000602    0.0000000E+00
      4000.0000650    0.0000000E+00
      4680.3000761    0.0000000E+00
      5006.8000814    0.0000000E+00
      5387.8000876    0.0000000E+00
 
