       12.5000002    2.5272442E+01
        15.0000002    3.0963905E+01
        20.0000003    1.1183100E+01
        25.0000004    4.7453642E+00
        30.0000005    2.1651556E+00
        35.0000006    7.0103133E-01
        40.0000007    2.8237867E-01
        45.0000007    1.4883156E-01
        50.0000008    9.5597662E-02
        55.0000009    6.8083972E-02
        60.0000010    4.8398729E-02
        65.0000011    3.2865722E-02
        70.0000011    2.1345656E-02
        75.0000012    9.9914134E-02
        80.0000013    8.8038713E-02
        85.0000014    7.0689090E-02
        90.0000015    5.6466725E-02
        95.2390015    4.3435067E-02
       100.6800016    3.1430118E-02
       114.2900019    1.3330970E-02
       119.7300019    9.4852401E-03
       122.4500020    8.0092121E-03
       125.1700020    6.7677009E-03
       127.8900021    5.7228100E-03
       130.6100021    4.8428513E-03
       133.3300022    4.1013146E-03
       136.0600022    3.4739058E-03
       146.9400024    1.8069358E-03
       149.6600024    1.5377110E-03
       155.1000025    1.1165100E-03
       157.8200026    9.5264596E-04
       160.5500026    8.1309618E-04
       165.9900027    9.8677212E-04
       171.4300028    7.8723411E-04
       176.8700029    7.6208822E-04
       179.5900029    6.8800565E-04
       182.3100030    6.1791134E-04
       185.0400030    5.5344496E-04
       187.7600031    4.9551460E-04
       190.4800031    4.4366592E-04
       195.9200032    3.5616814E-04
       198.6400032    3.1937350E-04
       204.0800033    2.5723426E-04
       206.8000034    2.3106512E-04
       209.5300034    2.0760018E-04
       212.2500035    1.8669866E-04
       214.9700035    1.6799425E-04
       220.4100036    1.3623305E-04
       225.8500037    1.1069350E-04
       236.7400038    7.8758945E-05
       247.6200040    5.4285643E-05
       258.5100042    3.7999860E-05
       272.1100044    2.4803421E-05
       285.7200046    1.6458293E-05
       299.3200049    1.1064177E-05
       312.9300051    7.5056214E-06
       340.1400055    3.5153403E-06
       353.7400058    2.4167423E-06
       380.9500062    1.1421713E-06
       394.5600064    7.8279197E-07
       408.1700066    5.3434673E-07
       435.3800071    2.4434800E-07
       462.5900075    1.0718358E-07
       476.1900077    6.9237821E-08
       489.8000080    4.3566331E-08
       503.4000082    2.6366475E-08
       517.0100084    1.4910043E-08
 
