       12.5000002    1.8854517E+02
        15.0000002    4.1355835E+01
        20.0000003    2.1092999E+01
        25.0000004    9.2042065E+00
        30.0000005    6.9654675E+00
        35.0000006    3.5995529E+00
        40.0000007    1.6856582E+00
        45.0000007    7.6207256E-01
        50.0000008    3.4615272E-01
        55.0000009    1.6918820E-01
        60.0000010    9.7594909E-02
        65.0000011    6.6508748E-02
        70.0000011    4.9235590E-02
        75.0000012    1.6965745E-01
        80.0000013    1.5383226E-01
        85.0000014    1.3103518E-01
        90.0000015    1.1360174E-01
        95.2390015    9.6804433E-02
       100.6800016    7.7699520E-02
       114.2900019    4.1512884E-02
       119.7300019    3.2114055E-02
       122.4500020    2.8228121E-02
       125.1700020    2.4804264E-02
       127.8900021    2.1790121E-02
       130.6100021    1.9138766E-02
       133.3300022    1.6808217E-02
       136.0600022    1.4753913E-02
       146.9400024    8.7843845E-03
       149.6600024    7.7204960E-03
       155.1000025    5.9694499E-03
       157.8200026    5.2519497E-03
       160.5500026    4.6204273E-03
       165.9900027    4.4847797E-03
       171.4300028    3.6051355E-03
       176.8700029    3.2106647E-03
       179.5900029    2.9082000E-03
       182.3100030    2.6269031E-03
       185.0400030    2.3701668E-03
       187.7600031    2.1400640E-03
       190.4800031    1.9340857E-03
       195.9200032    1.5853692E-03
       198.6400032    1.4379121E-03
       204.0800033    1.1869991E-03
       206.8000034    1.0803336E-03
       209.5300034    9.8400528E-04
       212.2500035    8.9752401E-04
       214.9700035    8.1946974E-04
       220.4100036    6.8507204E-04
       225.8500037    5.7470374E-04
       236.7400038    4.5153720E-04
       247.6200040    3.1771651E-04
       258.5100042    2.2552244E-04
       272.1100044    1.4961667E-04
       285.7200046    1.0123330E-04
       299.3200049    6.9833717E-05
       312.9300051    4.9021051E-05
       340.1400055    2.5309109E-05
       353.7400058    1.8547176E-05
       380.9500062    1.0268181E-05
       394.5600064    7.7347995E-06
       408.1700066    5.8653809E-06
       435.3800071    3.4285006E-06
       462.5900075    2.0379123E-06
       476.1900077    1.5790438E-06
       489.8000080    1.2265560E-06
       503.4000082    9.5514508E-07
       517.0100084    7.4514344E-07
       557.8300091    3.5710465E-07
       571.4300093    2.8009211E-07
       585.0400095    2.1978990E-07
       612.2500100    1.3548312E-07
       666.6700108    5.1256418E-08
       680.2800111    4.0084689E-08
       707.4900115    2.4472198E-08
       734.7000119    1.4720992E-08
       761.9100124    8.6942107E-09
       789.1200128    5.0105267E-09
       816.3300133    2.7787281E-09
       843.5400137    1.4412334E-09
       870.7500142    6.4416267E-10
 
