       12.5000002    2.0404963E+03
        15.0000002    1.0259651E+03
        20.0000003    9.7451180E+01
        25.0000004    2.6374491E+01
        30.0000005    1.7809639E+01
        35.0000006    1.0842719E+01
        40.0000007    7.2422729E+00
        45.0000007    5.0161848E+00
        50.0000008    3.3301609E+00
        55.0000009    2.0359814E+00
        60.0000010    1.1450623E+00
        65.0000011    6.0847360E-01
        70.0000011    3.1713912E-01
        75.0000012    6.2942874E-01
        80.0000013    4.7443280E-01
        85.0000014    4.0226036E-01
        90.0000015    3.8772112E-01
        95.2390015    3.1841430E-01
       100.6800016    2.2059476E-01
       114.2900019    1.0410445E-01
       119.7300019    8.4424466E-02
       122.4500020    7.6815791E-02
       125.1700020    7.0213072E-02
       127.8900021    6.4388491E-02
       130.6100021    5.9181474E-02
       133.3300022    5.4477435E-02
       136.0600022    5.0178416E-02
       146.9400024    3.6235869E-02
       149.6600024    3.3386849E-02
       155.1000025    2.8307520E-02
       157.8200026    2.6047643E-02
       160.5500026    2.3949811E-02
       165.9900027    2.4527134E-02
       171.4300028    2.1262495E-02
       176.8700029    1.9417578E-02
       179.5900029    1.8194040E-02
       182.3100030    1.6890824E-02
       185.0400030    1.5559998E-02
       187.7600031    1.4272137E-02
       190.4800031    1.3070223E-02
       195.9200032    1.0950503E-02
       198.6400032    1.0010282E-02
       204.0800033    8.3588017E-03
       206.8000034    7.6437457E-03
       209.5300034    6.9929594E-03
       212.2500035    6.4048935E-03
       214.9700035    5.8711218E-03
       220.4100036    4.9455506E-03
       225.8500037    4.1796747E-03
       236.7400038    3.4889432E-03
       247.6200040    2.6250617E-03
       258.5100042    1.9708963E-03
       272.1100044    1.3853497E-03
       285.7200046    9.8230131E-04
       299.3200049    7.0264621E-04
       312.9300051    5.0671608E-04
       340.1400055    2.7047060E-04
       353.7400058    2.0029528E-04
       380.9500062    1.1293883E-04
       394.5600064    8.6014290E-05
       408.1700066    6.6130975E-05
       435.3800071    4.0187788E-05
       462.5900075    2.5270485E-05
       476.1900077    2.0274018E-05
       489.8000080    1.6376900E-05
       503.4000082    1.3316194E-05
       517.0100084    1.0889571E-05
       557.8300091    6.1379328E-06
       571.4300093    5.1138641E-06
       585.0400095    4.2753954E-06
       612.2500100    3.0171145E-06
       666.6700108    1.5494240E-06
       680.2800111    1.3185038E-06
       707.4900115    1.0141733E-06
       734.7000119    7.5569943E-07
       761.9100124    5.5005501E-07
       789.1200128    4.0352418E-07
       816.3300133    2.9805258E-07
       843.5400137    2.2149385E-07
       870.7500142    1.6550966E-07
       911.5700148    1.0790369E-07
       952.3900155    7.1055702E-08
       993.2000162    7.4847740E-08
      1020.4000166    5.5807220E-08
      1061.2000173    4.3224190E-08
      1088.4000177    3.2374874E-08
      1102.0000179    2.8061155E-08
      1115.7000181    2.4320256E-08
      1129.3000184    2.1119515E-08
      1142.9000186    1.8356276E-08
      1156.5000188    1.5968018E-08
      1170.1000190    1.3901641E-08
      1197.3000195    3.5313054E-08
      1210.9000197    3.1217990E-08
      1224.5000199    2.7580025E-08
      1227.2000200    2.6909706E-08
      1229.9000200    2.6255769E-08
      1232.7000200    2.5594515E-08
      1235.4000201    2.4972794E-08
      1238.1000201    2.4366324E-08
      1240.8000202    2.3774742E-08
      1243.5000202    2.3197682E-08
      1246.3000203    2.2614209E-08
      1249.0000203    2.2065638E-08
      1257.2000204    2.0480760E-08
      1259.9000205    1.9984521E-08
      1262.6000205    1.9500439E-08
      1270.8000207    1.8101707E-08
      1281.6000208    1.6412789E-08
      1289.8000210    1.5237379E-08
      1292.5000210    1.4869221E-08
      1295.2000211    1.4510018E-08
      1298.0000211    1.4146734E-08
      1300.7000212    1.3805092E-08
      1303.4000212    1.3471748E-08
      1306.1000212    1.3146495E-08
      1314.3000214    1.2206247E-08
      1330.6000216    1.0532727E-08
      1341.5000218    9.5437818E-09
      1355.1000220    8.4388665E-09
      1360.6000221    8.0291098E-09
      1371.4000223    7.2812028E-09
      1382.3000225    6.5965278E-09
      1390.5000226    6.1238623E-09
      1395.9000227    5.8310525E-09
      1404.1000228    5.4126539E-09
      1406.8000229    5.2814793E-09
      1409.5000229    5.1534381E-09
      1415.0000230    4.9019939E-09
      1417.7000231    4.7830131E-09
      1420.4000231    4.6668722E-09
      1423.1000231    4.5535025E-09
      1425.9000232    4.4387893E-09
      1428.6000232    4.3308601E-09
      1431.3000233    4.2255048E-09
      1436.7000234    4.0222696E-09
      1439.5000234    3.9206864E-09
      1442.2000235    3.8251091E-09
      1444.9000235    3.7318091E-09
      1447.6000235    3.6407319E-09
      1450.4000236    3.5485732E-09
      1453.1000236    3.4618615E-09
      1455.8000237    3.3772156E-09
      1458.5000237    3.2945857E-09
      1461.2000238    3.2139240E-09
      1466.7000239    3.0555067E-09
      1469.4000239    2.9805389E-09
      1472.1000239    2.9073566E-09
      1477.6000240    2.7636280E-09
      1480.3000241    2.6956113E-09
      1488.4000242    2.5011277E-09
      1491.2000242    2.4371043E-09
      1496.6000243    2.3180611E-09
      1551.0000252    1.3911198E-09
      1632.7000266    6.2633443E-10
      1823.1000296    6.0812730E-11
 
