       12.5000002    1.0793564E+01
        15.0000002    7.6596947E+00
        20.0000003    7.6008546E-01
        25.0000004    1.7743932E-01
        30.0000005    1.5230009E-01
        35.0000006    8.3459757E-02
        40.0000007    4.1621875E-02
        45.0000007    1.9504279E-02
        50.0000008    9.2233913E-03
        55.0000009    4.8318538E-03
        60.0000010    2.8856045E-03
        65.0000011    1.8716989E-03
        70.0000011    1.2469320E-03
        75.0000012    6.6734310E-03
        80.0000013    4.4459281E-03
        85.0000014    2.6003278E-03
        90.0000015    1.4780305E-03
        95.2390015    8.1059046E-04
       100.6800016    4.3414411E-04
       114.2900019    9.5751595E-05
       119.7300019    5.3876422E-05
       122.4500020    4.0700004E-05
       125.1700020    3.0893007E-05
       127.8900021    2.3559314E-05
       130.6100021    1.8047720E-05
       133.3300022    1.3883850E-05
       136.0600022    1.0711075E-05
       146.9400024    3.9046722E-06
       149.6600024    3.0391004E-06
       155.1000025    1.8279972E-06
       157.8200026    1.4072605E-06
       160.5500026    1.0731236E-06
       165.9900027    1.8617693E-06
       171.4300028    8.2971309E-07
       176.8700029    2.4644766E-07
 
