       12.5000002    8.4395306E+02
        15.0000002    2.6613565E+02
        20.0000003    2.6336430E+01
        25.0000004    1.6141621E+01
        30.0000005    1.1104995E+01
        35.0000006    7.0028367E+00
        40.0000007    4.3431973E+00
        45.0000007    2.5065744E+00
        50.0000008    1.3388268E+00
        55.0000009    6.6659129E-01
        60.0000010    3.2141823E-01
        65.0000011    1.6179116E-01
        70.0000011    9.1902919E-02
        75.0000012    2.5075853E-01
        80.0000013    2.2294660E-01
        85.0000014    1.9447598E-01
        90.0000015    1.7389135E-01
        95.2390015    1.4759852E-01
       100.6800016    1.1864053E-01
       114.2900019    7.0454054E-02
       119.7300019    5.7754863E-02
       122.4500020    5.2288279E-02
       125.1700020    4.7321413E-02
       127.8900021    4.2804375E-02
       130.6100021    3.8695700E-02
       133.3300022    3.4959745E-02
       136.0600022    3.1553145E-02
       146.9400024    2.0856459E-02
       149.6600024    1.8785452E-02
       155.1000025    1.5226846E-02
       157.8200026    1.3704716E-02
       160.5500026    1.2328370E-02
       165.9900027    1.1888921E-02
       171.4300028    9.8694032E-03
       176.8700029    8.6896047E-03
       179.5900029    7.9514431E-03
       182.3100030    7.2327279E-03
       185.0400030    6.5562250E-03
       187.7600031    5.9382599E-03
       190.4800031    5.3793453E-03
       195.9200032    4.4241566E-03
       198.6400032    4.0168040E-03
       204.0800033    3.3210835E-03
       206.8000034    3.0250913E-03
       209.5300034    2.7578918E-03
       212.2500035    2.5181791E-03
       214.9700035    2.3020278E-03
       220.4100036    1.9304622E-03
       225.8500037    1.6260759E-03
       236.7400038    1.3966666E-03
       247.6200040    1.0186527E-03
       258.5100042    7.4168819E-04
       272.1100044    5.0350628E-04
       285.7200046    3.4617539E-04
       299.3200049    2.4126649E-04
       312.9300051    1.7041419E-04
       340.1400055    8.8614041E-05
       353.7400058    6.5202541E-05
       380.9500062    3.6628342E-05
       394.5600064    2.7917320E-05
       408.1700066    2.1490987E-05
       435.3800071    1.3072774E-05
       462.5900075    8.1820090E-06
       476.1900077    6.5301374E-06
       489.8000080    5.2366145E-06
       503.4000082    4.2183733E-06
       517.0100084    3.4108134E-06
       557.8300091    1.8389773E-06
       571.4300093    1.5052148E-06
       585.0400095    1.2347922E-06
       612.2500100    8.3648035E-07
       666.6700108    3.9242855E-07
       680.2800111    3.2604930E-07
       707.4900115    2.3013821E-07
       734.7000119    1.6109216E-07
       761.9100124    1.1224495E-07
       789.1200128    7.8583504E-08
       816.3300133    5.5233386E-08
       843.5400137    3.8943295E-08
       870.7500142    2.7522240E-08
       911.5700148    1.6394107E-08
       952.3900155    9.7720916E-09
       993.2000162    7.5887829E-09
      1020.4000166    5.2452860E-09
      1061.2000173    3.3643945E-09
      1088.4000177    2.2863269E-09
      1102.0000179    1.8798181E-09
      1115.7000181    1.5399840E-09
      1129.3000184    1.2601765E-09
      1142.9000186    1.0280837E-09
      1156.5000188    8.3571927E-10
      1170.1000190    6.7642975E-10
      1197.3000195    1.8233290E-09
      1210.9000197    1.4658212E-09
      1224.5000199    1.1650146E-09
      1227.2000200    1.1114090E-09
      1229.9000200    1.0596809E-09
      1232.7000200    1.0079536E-09
      1235.4000201    9.5985875E-10
      1238.1000201    9.1345548E-10
      1240.8000202    8.6868462E-10
      1243.5000202    8.2548823E-10
      1246.3000203    7.8229423E-10
      1249.0000203    7.4213052E-10
      1257.2000204    6.2854383E-10
      1259.9000205    5.9372718E-10
      1262.6000205    5.6010330E-10
      1270.8000207    4.6476809E-10
      1281.6000208    3.5277833E-10
      1289.8000210    2.7592431E-10
      1292.5000210    2.5175576E-10
      1295.2000211    2.2797372E-10
      1298.0000211    2.0356056E-10
      1300.7000212    1.8005090E-10
      1303.4000212    1.5626933E-10
      1306.1000212    1.3172774E-10
      1314.3000214    2.7998428E-11
 
