       12.5000002    3.2578363E+00
        15.0000002    9.3767303E-01
        20.0000003    2.3230311E-01
        25.0000004    1.0379574E-01
        30.0000005    5.4153420E-02
        35.0000006    1.9838896E-02
        40.0000007    8.1148529E-03
        45.0000007    4.1053295E-03
        50.0000008    2.2812271E-03
        55.0000009    1.2526412E-03
        60.0000010    6.6196016E-04
        65.0000011    3.3975558E-04
        70.0000011    1.7231851E-04
        75.0000012    3.0072127E-04
        80.0000013    1.2812721E-04
        85.0000014    5.0960596E-05
        90.0000015    1.9527179E-05
        95.2390015    6.3349166E-06
 
