       12.5000002    5.4600082E+01
        15.0000002    2.9775019E+01
        20.0000003    1.6305737E+01
        25.0000004    6.6980362E+00
        30.0000005    4.5084453E+00
        35.0000006    1.8511825E+00
        40.0000007    7.3872977E-01
        45.0000007    3.2055005E-01
        50.0000008    1.5998395E-01
        55.0000009    9.6865326E-02
        60.0000010    6.8049580E-02
        65.0000011    4.9930599E-02
        70.0000011    3.6053147E-02
        75.0000012    1.3542874E-01
        80.0000013    1.2191458E-01
        85.0000014    1.0189926E-01
        90.0000015    8.5974783E-02
        95.2390015    7.0492648E-02
       100.6800016    5.4092284E-02
       114.2900019    2.5926514E-02
       119.7300019    1.9271767E-02
       122.4500020    1.6618904E-02
       125.1700020    1.4334437E-02
       127.8900021    1.2367466E-02
       130.6100021    1.0673949E-02
       133.3300022    9.2158709E-03
       136.0600022    7.9560764E-03
       146.9400024    4.4511291E-03
       149.6600024    3.8549933E-03
       155.1000025    2.8968854E-03
       157.8200026    2.5136215E-03
       160.5500026    2.1813647E-03
       165.9900027    2.2605089E-03
       171.4300028    1.8084161E-03
       176.8700029    1.6670390E-03
       179.5900029    1.5104088E-03
       182.3100030    1.3637869E-03
       185.0400030    1.2293448E-03
       187.7600031    1.1084476E-03
       190.4800031    9.9997187E-04
       195.9200032    8.1590790E-04
       198.6400032    7.3794281E-04
       204.0800033    6.0516619E-04
       206.8000034    5.4871553E-04
       209.5300034    4.9775670E-04
       212.2500035    4.5204186E-04
       214.9700035    4.1082737E-04
       220.4100036    3.4002675E-04
       225.8500037    2.8213512E-04
       236.7400038    2.0527950E-04
       247.6200040    1.4254262E-04
       258.5100042    1.0043054E-04
       272.1100044    6.6243629E-05
       285.7200046    4.4631655E-05
       299.3200049    3.0651128E-05
       312.9300051    2.1384951E-05
       340.1400055    1.0814572E-05
       353.7400058    7.8040503E-06
       380.9500062    4.1467729E-06
       394.5600064    3.0455035E-06
       408.1700066    2.2449872E-06
       435.3800071    1.2297489E-06
       462.5900075    6.7760499E-07
       476.1900077    5.0339020E-07
       489.8000080    3.7376861E-07
       503.4000082    2.7733523E-07
       517.0100084    2.0542457E-07
       557.8300091    8.2160646E-08
       571.4300093    6.0045863E-08
       585.0400095    4.3611632E-08
       612.2500100    2.2452495E-08
       666.6700108    4.8849027E-09
       680.2800111    3.0242826E-09
       707.4900115    5.3239352E-10
 
