       12.5000002    1.9564833E+03
        15.0000002    9.5000220E+02
        20.0000003    8.3637383E+01
        25.0000004    2.3716644E+01
        30.0000005    1.5692196E+01
        35.0000006    9.4627771E+00
        40.0000007    6.2511539E+00
        45.0000007    4.1536384E+00
        50.0000008    2.5770426E+00
        55.0000009    1.4503002E+00
        60.0000010    7.4657100E-01
        65.0000011    3.6539403E-01
        70.0000011    1.8001342E-01
        75.0000012    3.6645222E-01
        80.0000013    2.8520286E-01
        85.0000014    2.3932271E-01
        90.0000015    2.1576333E-01
        95.2390015    1.7263460E-01
       100.6800016    1.2565975E-01
       114.2900019    6.6441789E-02
       119.7300019    5.3704049E-02
       122.4500020    4.8363026E-02
       125.1700020    4.3547440E-02
       127.8900021    3.9182749E-02
       130.6100021    3.5215311E-02
       133.3300022    3.1604867E-02
       136.0600022    2.8308135E-02
       146.9400024    1.7939363E-02
       149.6600024    1.5937775E-02
       155.1000025    1.2518790E-02
       157.8200026    1.1069335E-02
       160.5500026    9.7687384E-03
       165.9900027    9.0229837E-03
       171.4300028    7.1398648E-03
       176.8700029    5.9607220E-03
       179.5900029    5.3015067E-03
       182.3100030    4.6821446E-03
       185.0400030    4.1167326E-03
       187.7600031    3.6142298E-03
       190.4800031    3.1709420E-03
       195.9200032    2.4401736E-03
       198.6400032    2.1406098E-03
       204.0800033    1.6481980E-03
       206.8000034    1.4468096E-03
       209.5300034    1.2696885E-03
       212.2500035    1.1149300E-03
       214.9700035    9.7906461E-04
       220.4100036    7.5468991E-04
       225.8500037    5.8086152E-04
       236.7400038    3.9271184E-04
       247.6200040    2.1568302E-04
       258.5100042    1.1047166E-04
       272.1100044    3.8820886E-05
 
