       12.5000002    3.9692267E+02
        15.0000002    8.8762535E+01
        20.0000003    2.1915150E+01
        25.0000004    1.0650762E+01
        30.0000005    7.4714870E+00
        35.0000006    4.0932956E+00
        40.0000007    1.9915210E+00
        45.0000007    8.8947594E-01
        50.0000008    3.7996414E-01
        55.0000009    1.6728257E-01
        60.0000010    8.6476944E-02
        65.0000011    5.4933257E-02
        70.0000011    3.8969278E-02
        75.0000012    1.3163231E-01
        80.0000013    1.1502341E-01
        85.0000014    9.3909308E-02
        90.0000015    7.7505246E-02
        95.2390015    6.2018596E-02
       100.6800016    4.5899190E-02
       114.2900019    1.8640948E-02
       119.7300019    1.2536313E-02
       122.4500020    1.0199542E-02
       125.1700020    8.2518775E-03
       127.8900021    6.6364808E-03
       130.6100021    5.3033167E-03
       133.3300022    4.2086486E-03
       136.0600022    3.3115507E-03
       146.9400024    1.1537155E-03
       149.6600024    8.5665029E-04
       155.1000025    4.4155202E-04
       157.8200026    3.0114900E-04
       160.5500026    1.9298277E-04
       165.9900027    7.7245561E-05
 
