       12.5000002    1.4752339E+03
        15.0000002    6.1996729E+02
        20.0000003    4.7934811E+01
        25.0000004    2.0492771E+01
        30.0000005    1.4412156E+01
        35.0000006    9.0875168E+00
        40.0000007    6.0945807E+00
        45.0000007    3.9869876E+00
        50.0000008    2.4309063E+00
        55.0000009    1.3613689E+00
        60.0000010    7.0968968E-01
        65.0000011    3.5855630E-01
        70.0000011    1.8550417E-01
        75.0000012    3.9996174E-01
        80.0000013    3.2554817E-01
        85.0000014    2.8285253E-01
        90.0000015    2.6476383E-01
        95.2390015    2.1997629E-01
       100.6800016    1.6399230E-01
       114.2900019    9.0322658E-02
       119.7300019    7.4850544E-02
       122.4500020    6.8429790E-02
       125.1700020    6.2658079E-02
       127.8900021    5.7425879E-02
       130.6100021    5.2654166E-02
       133.3300022    4.8284262E-02
       136.0600022    4.4257339E-02
       146.9400024    3.1165915E-02
       149.6600024    2.8517522E-02
       155.1000025    2.3845134E-02
       157.8200026    2.1791305E-02
       160.5500026    1.9900844E-02
       165.9900027    1.9898890E-02
       171.4300028    1.7037980E-02
       176.8700029    1.5340117E-02
       179.5900029    1.4264031E-02
       182.3100030    1.3152118E-02
       185.0400030    1.2052143E-02
       187.7600031    1.1011689E-02
       190.4800031    1.0051792E-02
       195.9200032    8.3773388E-03
       198.6400032    7.6457700E-03
       204.0800033    6.3744416E-03
       206.8000034    5.8272821E-03
       209.5300034    5.3305468E-03
       212.2500035    4.8826407E-03
       214.9700035    4.4768620E-03
       220.4100036    3.7749500E-03
       225.8500037    3.1956781E-03
       236.7400038    2.7347358E-03
       247.6200040    2.0563765E-03
       258.5100042    1.5419921E-03
       272.1100044    1.0831294E-03
       285.7200046    7.6841039E-04
       299.3200049    5.5073830E-04
       312.9300051    3.9858752E-04
       340.1400055    2.1528953E-04
       353.7400058    1.6071482E-04
       380.9500062    9.2374357E-05
       394.5600064    7.1104609E-05
       408.1700066    5.5272481E-05
       435.3800071    3.4344223E-05
       462.5900075    2.2066679E-05
       476.1900077    1.7887283E-05
       489.8000080    1.4594025E-05
       503.4000082    1.1981740E-05
       517.0100084    9.8906958E-06
       557.8300091    5.7275756E-06
       571.4300093    4.8143020E-06
       585.0400095    4.0607210E-06
       612.2500100    2.9175192E-06
       666.6700108    1.5564192E-06
       680.2800111    1.3379703E-06
       707.4900115    1.0471537E-06
       734.7000119    7.9768841E-07
       761.9100124    5.9541406E-07
       789.1200128    4.4835201E-07
       816.3300133    3.4026897E-07
       843.5400137    2.6009374E-07
       870.7500142    2.0012413E-07
       911.5700148    1.3660502E-07
       952.3900155    9.4419605E-08
       993.2000162    1.0635219E-07
      1020.4000166    8.2385242E-08
      1061.2000173    6.8146896E-08
      1088.4000177    5.3224937E-08
      1102.0000179    4.7130236E-08
      1115.7000181    4.1749697E-08
      1129.3000184    3.7062204E-08
      1142.9000186    3.2940783E-08
      1156.5000188    2.9312435E-08
      1170.1000190    2.6113975E-08
      1197.3000195    6.6460892E-08
      1210.9000197    6.0106593E-08
      1224.5000199    5.4353549E-08
      1227.2000200    5.3281529E-08
      1229.9000200    5.2231851E-08
      1232.7000200    5.1166467E-08
      1235.4000201    5.0161024E-08
      1238.1000201    4.9176620E-08
      1240.8000202    4.8212815E-08
      1243.5000202    4.7269182E-08
      1246.3000203    4.6311438E-08
      1249.0000203    4.5407557E-08
      1257.2000204    4.2776445E-08
      1259.9000205    4.1946276E-08
      1262.6000205    4.1133369E-08
      1270.8000207    3.8766494E-08
      1281.6000208    3.5869746E-08
      1289.8000210    3.3825824E-08
      1292.5000210    3.3180488E-08
      1295.2000211    3.2548353E-08
      1298.0000211    3.1906449E-08
      1300.7000212    3.1300331E-08
      1303.4000212    3.0706563E-08
      1306.1000212    3.0124873E-08
      1314.3000214    2.8429657E-08
      1330.6000216    2.5356519E-08
      1341.5000218    2.3501759E-08
      1355.1000220    2.1389393E-08
      1360.6000221    2.0593875E-08
      1371.4000223    1.9122732E-08
      1382.3000225    1.7751795E-08
      1390.5000226    1.6790141E-08
      1395.9000227    1.6187512E-08
      1404.1000228    1.5316399E-08
      1406.8000229    1.5040699E-08
      1409.5000229    1.4770322E-08
      1415.0000230    1.4235566E-08
      1417.7000231    1.3980693E-08
      1420.4000231    1.3730714E-08
      1423.1000231    1.3485530E-08
      1425.9000232    1.3236223E-08
      1428.6000232    1.3000503E-08
      1431.3000233    1.2769285E-08
      1436.7000234    1.2319991E-08
      1439.5000234    1.2093734E-08
      1442.2000235    1.1879779E-08
      1444.9000235    1.1669883E-08
      1447.6000235    1.1463965E-08
      1450.4000236    1.1254534E-08
      1453.1000236    1.1056470E-08
      1455.8000237    1.0862144E-08
      1458.5000237    1.0671481E-08
      1461.2000238    1.0484406E-08
      1466.7000239    1.0114132E-08
      1469.4000239    9.9375210E-09
      1472.1000239    9.7642170E-09
      1477.6000240    9.4211465E-09
      1480.3000241    9.2574854E-09
      1488.4000242    8.7845535E-09
      1491.2000242    8.6271585E-09
      1496.6000243    8.3320959E-09
      1551.0000252    5.8967422E-09
      1632.7000266    3.5646606E-09
      1823.1000296    1.1782940E-09
      2340.2000381    8.3456096E-11
      2829.9000460    8.9975024E-12
      3047.6000496    3.4103204E-12
      3700.7000602    3.8897969E-14
      4000.0000650    0.0000000E+00
 
