       12.5000002    2.6172892E+01
        15.0000002    3.1735146E+01
        20.0000003    1.1380320E+01
        25.0000004    4.8372917E+00
        30.0000005    2.2909365E+00
        35.0000006    7.6138777E-01
        40.0000007    3.0731219E-01
        45.0000007    1.5955095E-01
        50.0000008    1.0102551E-01
        55.0000009    7.2027862E-02
        60.0000010    5.2012663E-02
        65.0000011    3.6142364E-02
        70.0000011    2.4082340E-02
        75.0000012    1.0951465E-01
        80.0000013    9.7731389E-02
        85.0000014    7.9736553E-02
        90.0000015    6.4933240E-02
        95.2390015    5.1065784E-02
       100.6800016    3.7788466E-02
       114.2900019    1.6939875E-02
       119.7300019    1.2329199E-02
       122.4500020    1.0530670E-02
       125.1700020    9.0017738E-03
       127.8900021    7.7012065E-03
       130.6100021    6.5940949E-03
       133.3300022    5.6509874E-03
       136.0600022    4.8442711E-03
       146.9400024    2.6456835E-03
       149.6600024    2.2796458E-03
       155.1000025    1.6973114E-03
       157.8200026    1.4666766E-03
       160.5500026    1.2679423E-03
       165.9900027    1.4551225E-03
       171.4300028    1.1767618E-03
       176.8700029    1.1310667E-03
       179.5900029    1.0293613E-03
       182.3100030    9.3259115E-04
       185.0400030    8.4299903E-04
       187.7600031    7.6192652E-04
       190.4800031    6.8885507E-04
       195.9200032    5.6423940E-04
       198.6400032    5.1123078E-04
       204.0800033    4.2066304E-04
       206.8000034    3.8204691E-04
       209.5300034    3.4713032E-04
       212.2500035    3.1576009E-04
       214.9700035    2.8743970E-04
       220.4100036    2.3870196E-04
       225.8500037    1.9876426E-04
       236.7400038    1.4538786E-04
       247.6200040    1.0350251E-04
       258.5100042    7.4914416E-05
       272.1100044    5.1137482E-05
       285.7200046    3.5646688E-05
       299.3200049    2.5307807E-05
       312.9300051    1.8238841E-05
       340.1400055    9.8272531E-06
       353.7400058    7.3209671E-06
       380.9500062    4.1563799E-06
       394.5600064    3.1620064E-06
       408.1700066    2.4190319E-06
       435.3800071    1.4373520E-06
       462.5900075    8.6924297E-07
       476.1900077    6.8009052E-07
       489.8000080    5.3399168E-07
       503.4000082    4.2085128E-07
       517.0100084    3.3276535E-07
       557.8300091    1.6774941E-07
       571.4300093    1.3433883E-07
       585.0400095    1.0787677E-07
       612.2500100    7.0155515E-08
       666.6700108    3.0602383E-08
       680.2800111    2.5016989E-08
       707.4900115    1.6873578E-08
       734.7000119    1.1451281E-08
       761.9100124    7.8221030E-09
       789.1200128    5.3804490E-09
       816.3300133    3.7241303E-09
       843.5400137    2.5919229E-09
       870.7500142    1.8124664E-09
       911.5700148    1.0673734E-09
       952.3900155    6.3246347E-10
       993.2000162    4.2080500E-10
      1020.4000166    2.9503117E-10
      1061.2000173    1.8346184E-10
      1088.4000177    1.2770723E-10
      1102.0000179    1.0641386E-10
      1115.7000181    8.8470224E-11
      1129.3000184    7.3539022E-11
      1142.9000186    6.1027870E-11
      1156.5000188    5.0546303E-11
      1170.1000190    4.1784635E-11
      1197.3000195    1.3372320E-10
      1210.9000197    1.1020099E-10
      1224.5000199    9.0245506E-11
      1227.2000200    8.6742294E-11
      1229.9000200    8.3292054E-11
      1232.7000200    7.9837428E-11
      1235.4000201    7.6621431E-11
      1238.1000201    7.3514965E-11
      1240.8000202    7.0514532E-11
      1243.5000202    6.7616704E-11
      1246.3000203    6.4716371E-11
      1249.0000203    6.2048658E-11
      1257.2000204    5.4409172E-11
      1259.9000205    5.2066709E-11
      1262.6000205    4.9805153E-11
      1270.8000207    4.3405040E-11
      1281.6000208    3.5955808E-11
      1289.8000210    3.0960547E-11
      1292.5000210    2.9428866E-11
      1295.2000211    2.7949780E-11
      1298.0000211    2.6469358E-11
      1300.7000212    2.5091344E-11
      1303.4000212    2.3760030E-11
      1306.1000212    2.2473528E-11
      1314.3000214    1.8822055E-11
      1330.6000216    1.2531212E-11
      1341.5000218    8.8448181E-12
      1355.1000220    4.2997749E-12
      1360.6000221    1.7439356E-12
 
