       12.5000002    5.7597340E+01
        15.0000002    3.0893879E+01
        20.0000003    1.6577051E+01
        25.0000004    6.7418523E+00
        30.0000005    4.6355901E+00
        35.0000006    1.9484946E+00
        40.0000007    7.9186702E-01
        45.0000007    3.4611022E-01
        50.0000008    1.7166886E-01
        55.0000009    1.0253698E-01
        60.0000010    7.1645468E-02
        65.0000011    5.2926105E-02
        70.0000011    3.8762692E-02
        75.0000012    1.4356917E-01
        80.0000013    1.3000205E-01
        85.0000014    1.0954714E-01
        90.0000015    9.3393750E-02
        95.2390015    7.7622771E-02
       100.6800016    6.0488954E-02
       114.2900019    3.0185206E-02
       119.7300019    2.2814834E-02
       122.4500020    1.9841107E-02
       125.1700020    1.7259894E-02
       127.8900021    1.5019575E-02
       130.6100021    1.3075146E-02
       133.3300022    1.1387430E-02
       136.0600022    9.9173570E-03
       146.9400024    5.7487823E-03
       149.6600024    5.0238948E-03
       155.1000025    3.8444928E-03
       157.8200026    3.3665630E-03
       160.5500026    2.9486958E-03
       165.9900027    3.0034878E-03
       171.4300028    2.4268583E-03
       176.8700029    2.2279217E-03
       179.5900029    2.0271845E-03
       182.3100030    1.8389012E-03
       185.0400030    1.6658137E-03
       187.7600031    1.5097004E-03
       190.4800031    1.3691745E-03
       195.9200032    1.1295259E-03
       198.6400032    1.0274601E-03
       204.0800033    8.5266517E-04
       206.8000034    7.7790144E-04
       209.5300034    7.1013329E-04
       212.2500035    6.4908073E-04
       214.9700035    5.9379771E-04
       220.4100036    4.9818947E-04
       225.8500037    4.1925960E-04
       236.7400038    3.2063399E-04
       247.6200040    2.2806881E-04
       258.5100042    1.6433057E-04
       272.1100044    1.1140404E-04
       285.7200046    7.7175959E-05
       299.3200049    5.4563596E-05
       312.9300051    3.9269398E-05
       340.1400055    2.1299438E-05
       353.7400058    1.5989983E-05
       380.9500062    9.2845248E-06
       394.5600064    7.1629606E-06
       408.1700066    5.5648143E-06
       435.3800071    3.4198974E-06
       462.5900075    2.1443561E-06
       476.1900077    1.7091899E-06
       489.8000080    1.3674318E-06
       503.4000082    1.0981892E-06
       517.0100084    8.8485535E-07
       557.8300091    4.7179228E-07
       571.4300093    3.8485274E-07
       585.0400095    3.1474656E-07
       612.2500100    2.1220481E-07
       666.6700108    9.9302056E-08
       680.2800111    8.2591185E-08
       707.4900115    5.7832988E-08
       734.7000119    4.0652118E-08
       761.9100124    2.8719937E-08
       789.1200128    2.0444430E-08
       816.3300133    1.4657968E-08
       843.5400137    1.0580601E-08
       870.7500142    7.6863476E-09
       911.5700148    4.8124105E-09
       952.3900155    3.0504959E-09
       993.2000162    2.3385389E-09
      1020.4000166    1.7282410E-09
      1061.2000173    1.2087503E-09
      1088.4000177    8.9957208E-10
      1102.0000179    7.7724011E-10
      1115.7000181    6.7148326E-10
      1129.3000184    5.8127353E-10
      1142.9000186    5.0361965E-10
      1156.5000188    4.3669462E-10
      1170.1000190    3.7895015E-10
      1197.3000195    1.2534732E-09
      1210.9000197    1.0982258E-09
      1224.5000199    9.6118635E-10
      1227.2000200    9.3606067E-10
      1229.9000200    9.1159086E-10
      1232.7000200    8.8689084E-10
      1235.4000201    8.6370888E-10
      1238.1000201    8.4113549E-10
      1240.8000202    8.1915524E-10
      1243.5000202    7.9775281E-10
      1246.3000203    7.7615198E-10
      1249.0000203    7.5588041E-10
      1257.2000204    6.9752448E-10
      1259.9000205    6.7931977E-10
      1262.6000205    6.6159311E-10
      1270.8000207    6.1055772E-10
      1281.6000208    5.4932303E-10
      1289.8000210    5.0709048E-10
      1292.5000210    4.9387588E-10
      1295.2000211    4.8100596E-10
      1298.0000211    4.6801357E-10
      1300.7000212    4.5581755E-10
      1303.4000212    4.4393911E-10
      1306.1000212    4.3236972E-10
      1314.3000214    3.9904463E-10
      1330.6000216    3.4020436E-10
      1341.5000218    3.0574818E-10
      1355.1000220    2.6756153E-10
      1360.6000221    2.5349065E-10
      1371.4000223    2.2794543E-10
      1382.3000225    2.0472832E-10
      1390.5000226    1.8880274E-10
      1395.9000227    1.7898209E-10
      1404.1000228    1.6501298E-10
      1406.8000229    1.6064963E-10
      1409.5000229    1.5639827E-10
      1415.0000230    1.4807254E-10
      1417.7000231    1.4414388E-10
      1420.4000231    1.4031601E-10
      1423.1000231    1.3658633E-10
      1425.9000232    1.3281952E-10
      1428.6000232    1.2928211E-10
      1431.3000233    1.2583544E-10
      1436.7000234    1.1920498E-10
      1439.5000234    1.1590024E-10
      1442.2000235    1.1279675E-10
      1444.9000235    1.0977286E-10
      1447.6000235    1.0682652E-10
      1450.4000236    1.0385085E-10
      1453.1000236    1.0105641E-10
      1455.8000237    9.8425053E-11
      1458.5000237    9.5772480E-11
      1461.2000238    9.3187978E-11
      1466.7000239    8.8126610E-11
      1469.4000239    8.5738354E-11
      1472.1000239    8.3411424E-11
      1477.6000240    7.8854576E-11
      1480.3000241    7.6704448E-11
      1488.4000242    7.0579952E-11
      1491.2000242    6.8571725E-11
      1496.6000243    6.4848668E-11
      1551.0000252    3.6443484E-11
      1632.7000266    1.4303825E-11
 
