       12.5000002    3.8741457E+00
        15.0000002    1.2042465E+00
        20.0000003    2.5491750E-01
        25.0000004    1.2483224E-01
        30.0000005    7.4702755E-02
        35.0000006    3.0491827E-02
        40.0000007    1.2904049E-02
        45.0000007    6.4545730E-03
        50.0000008    3.7633118E-03
        55.0000009    2.3336033E-03
        60.0000010    1.4544782E-03
        65.0000011    8.9830952E-04
        70.0000011    5.5195112E-04
        75.0000012    1.7311635E-03
        80.0000013    1.0433862E-03
        85.0000014    5.8471796E-04
        90.0000015    3.2777639E-04
        95.2390015    1.8216310E-04
       100.6800016    1.0178685E-04
       114.2900019    2.7492202E-05
       119.7300019    1.7250879E-05
       122.4500020    1.3814903E-05
       125.1700020    1.1136989E-05
       127.8900021    9.0333660E-06
       130.6100021    7.3682963E-06
       133.3300022    6.0407992E-06
       136.0600022    4.9717137E-06
       146.9400024    2.3727343E-06
       149.6600024    1.9860499E-06
       155.1000025    1.3997812E-06
       157.8200026    1.1779447E-06
       160.5500026    9.9186127E-07
       165.9900027    2.0107361E-06
       171.4300028    1.3610398E-06
       176.8700029    1.2297750E-06
       179.5900029    1.0085952E-06
       182.3100030    8.2613519E-07
       185.0400030    6.7570556E-07
       187.7600031    5.5274865E-07
       190.4800031    4.5187380E-07
       195.9200032    3.0123095E-07
       198.6400032    2.4554092E-07
       204.0800033    1.6241965E-07
       206.8000034    1.3172989E-07
       209.5300034    1.0651021E-07
       212.2500035    8.5953346E-08
       214.9700035    6.9144811E-08
       220.4100036    4.4217501E-08
       225.8500037    2.7679706E-08
       236.7400038    4.7137299E-08
       247.6200040    1.0149857E-08
 
