       12.5000002    1.9300619E+01
        15.0000002    1.5021445E+01
        20.0000003    4.3267050E+00
        25.0000004    7.4068797E-01
        30.0000005    2.3615292E-01
        35.0000006    1.5057787E-01
        40.0000007    1.0058384E-01
        45.0000007    6.4595021E-02
        50.0000008    3.9176777E-02
        55.0000009    2.2277273E-02
        60.0000010    1.2267489E-02
        65.0000011    6.8942090E-03
        70.0000011    4.1345051E-03
        75.0000012    3.7283123E-02
        80.0000013    3.0283028E-02
        85.0000014    2.1637587E-02
        90.0000015    1.5098481E-02
        95.2390015    1.0176872E-02
       100.6800016    6.6263126E-03
       114.2900019    2.2839380E-03
       119.7300019    1.5118361E-03
       122.4500020    1.2338541E-03
       125.1700020    1.0091265E-03
       127.8900021    8.2712196E-04
       130.6100021    6.7944860E-04
       133.3300022    5.5940845E-04
       136.0600022    4.6132290E-04
       146.9400024    2.1923026E-04
       149.6600024    1.8318101E-04
       155.1000025    1.2891424E-04
       157.8200026    1.0858756E-04
       160.5500026    9.1662980E-05
       165.9900027    1.9701765E-04
       171.4300028    1.5486233E-04
       176.8700029    1.6306672E-04
       179.5900029    1.4508697E-04
       182.3100030    1.2858144E-04
       185.0400030    1.1376227E-04
       187.7600031    1.0069928E-04
       190.4800031    8.9189474E-05
       195.9200032    7.0142662E-05
       198.6400032    6.2285137E-05
       204.0800033    4.9239545E-05
       206.8000034    4.3836084E-05
       209.5300034    3.9041170E-05
       212.2500035    3.4813347E-05
       214.9700035    3.1067484E-05
       220.4100036    2.4797262E-05
       225.8500037    1.9849600E-05
       236.7400038    1.8813147E-05
       247.6200040    1.3225140E-05
       258.5100042    9.3781027E-06
       272.1100044    6.1763017E-06
       285.7200046    4.1116928E-06
       299.3200049    2.7644455E-06
       312.9300051    1.8740130E-06
       340.1400055    8.8105151E-07
       353.7400058    6.1028669E-07
       380.9500062    2.9790070E-07
       394.5600064    2.0972392E-07
       408.1700066    1.4831043E-07
       435.3800071    7.5030663E-08
       462.5900075    3.8386982E-08
       476.1900077    2.7533398E-08
       489.8000080    1.9760815E-08
       503.4000082    1.4187727E-08
       517.0100084    1.0177190E-08
       557.8300091    3.7077152E-09
       571.4300093    2.6266320E-09
       585.0400095    1.8477946E-09
       612.2500100    8.8763519E-10
       666.6700108    1.5189028E-10
       680.2800111    7.8433954E-11
 
