       12.5000002    8.6714459E+02
        15.0000002    2.7638614E+02
        20.0000003    2.6649038E+01
        25.0000004    1.6160570E+01
        30.0000005    1.1297611E+01
        35.0000006    7.1666260E+00
        40.0000007    4.4769077E+00
        45.0000007    2.6066611E+00
        50.0000008    1.4064029E+00
        55.0000009    7.0766699E-01
        60.0000010    3.4424728E-01
        65.0000011    1.7388795E-01
        70.0000011    9.8399349E-02
        75.0000012    2.6178077E-01
        80.0000013    2.3207012E-01
        85.0000014    2.0294623E-01
        90.0000015    1.8240952E-01
        95.2390015    1.5491398E-01
       100.6800016    1.2425319E-01
       114.2900019    7.4144334E-02
       119.7300019    6.1088905E-02
       122.4500020    5.5467896E-02
       125.1700020    5.0354779E-02
       127.8900021    4.5696728E-02
       130.6100021    4.1450560E-02
       133.3300022    3.7579793E-02
       136.0600022    3.4040309E-02
       146.9400024    2.2841604E-02
       149.6600024    2.0653754E-02
       155.1000025    1.6874228E-02
       157.8200026    1.5248491E-02
       160.5500026    1.3772955E-02
       165.9900027    1.3398048E-02
       171.4300028    1.1221938E-02
       176.8700029    9.9482350E-03
       179.5900029    9.1446945E-03
       182.3100030    8.3522294E-03
       185.0400030    7.5988439E-03
       187.7600031    6.9056712E-03
       190.4800031    6.2757209E-03
       195.9200032    5.1930500E-03
       198.6400032    4.7284784E-03
       204.0800033    3.9310511E-03
       206.8000034    3.5903396E-03
       209.5300034    3.2819926E-03
       212.2500035    3.0046864E-03
       214.9700035    2.7540361E-03
       220.4100036    2.3216759E-03
       225.8500037    1.9658718E-03
       236.7400038    1.7082024E-03
       247.6200040    1.2659080E-03
       258.5100042    9.3618938E-04
       272.1100044    6.4762519E-04
       285.7200046    4.5339932E-04
       299.3200049    3.2145786E-04
       312.9300051    2.3073064E-04
       340.1400055    1.2349282E-04
       353.7400058    9.2065042E-05
       380.9500062    5.3016396E-05
       394.5600064    4.0905765E-05
       408.1700066    3.1885833E-05
       435.3800071    1.9919629E-05
       462.5900075    1.2844822E-05
       476.1900077    1.0420174E-05
       489.8000080    8.5019419E-06
       503.4000082    6.9750204E-06
       517.0100084    5.7493698E-06
       557.8300091    3.3021161E-06
       571.4300093    2.7650458E-06
       585.0400095    2.3223809E-06
       612.2500100    1.6528553E-06
       666.6700108    8.6301804E-07
       680.2800111    7.3769553E-07
       707.4900115    5.5923925E-07
       734.7000119    4.1821363E-07
       761.9100124    3.0993110E-07
       789.1200128    2.3153838E-07
       816.3300133    1.7424750E-07
       843.5400137    1.3202556E-07
       870.7500142    1.0066942E-07
       911.5700148    6.7766813E-08
       952.3900155    4.6178517E-08
       993.2000162    4.7016194E-08
      1020.4000166    3.6177411E-08
      1061.2000173    2.8930224E-08
      1088.4000177    2.2439403E-08
      1102.0000179    1.9800451E-08
      1115.7000181    1.7477793E-08
      1129.3000184    1.5460685E-08
      1142.9000186    1.3692665E-08
      1156.5000188    1.2141093E-08
      1170.1000190    1.0777616E-08
      1197.3000195    2.9813524E-08
      1210.9000197    2.6837480E-08
      1224.5000199    2.4152550E-08
      1227.2000200    2.3653499E-08
      1229.9000200    2.3165274E-08
      1232.7000200    2.2670177E-08
      1235.4000201    2.2203348E-08
      1238.1000201    2.1746695E-08
      1240.8000202    2.1299996E-08
      1243.5000202    2.0863036E-08
      1246.3000203    2.0419950E-08
      1249.0000203    2.0002169E-08
      1257.2000204    1.8788253E-08
      1259.9000205    1.8405947E-08
      1262.6000205    1.8031930E-08
      1270.8000207    1.6944931E-08
      1281.6000208    1.5618845E-08
      1289.8000210    1.4686186E-08
      1292.5000210    1.4392262E-08
      1295.2000211    1.4104615E-08
      1298.0000211    1.3812794E-08
      1300.7000212    1.3537497E-08
      1303.4000212    1.3268056E-08
      1306.1000212    1.3004339E-08
      1314.3000214    1.2237193E-08
      1330.6000216    1.0852174E-08
      1341.5000218    1.0020113E-08
      1355.1000220    9.0763717E-09
      1360.6000221    8.7221075E-09
      1371.4000223    8.0687457E-09
      1382.3000225    7.4620905E-09
      1390.5000226    7.0379054E-09
      1395.9000227    6.7726891E-09
      1404.1000228    6.3901759E-09
      1406.8000229    6.2693339E-09
      1409.5000229    6.1509309E-09
      1415.0000230    5.9170677E-09
      1417.7000231    5.8057568E-09
      1420.4000231    5.6966805E-09
      1423.1000231    5.5897913E-09
      1425.9000232    5.4812035E-09
      1428.6000232    5.3786264E-09
      1431.3000233    5.2780984E-09
      1436.7000234    5.0830149E-09
      1439.5000234    4.9849067E-09
      1442.2000235    4.8922164E-09
      1444.9000235    4.8013655E-09
      1447.6000235    4.7123150E-09
      1450.4000236    4.6218269E-09
      1453.1000236    4.5363273E-09
      1455.8000237    4.4525148E-09
      1458.5000237    4.3703547E-09
      1461.2000238    4.2898125E-09
      1466.7000239    4.1306079E-09
      1469.4000239    4.0547734E-09
      1472.1000239    3.9804240E-09
      1477.6000240    3.8334380E-09
      1480.3000241    3.7634127E-09
      1488.4000242    3.5614109E-09
      1491.2000242    3.4943026E-09
      1496.6000243    3.3686629E-09
      1551.0000252    2.3410174E-09
      1632.7000266    1.3772159E-09
      1823.1000296    4.2696419E-10
      2340.2000381    2.3994858E-11
      2829.9000460    1.5794152E-12
      3047.6000496    3.0453800E-13
 
