       12.5000002    4.8753827E+02
        15.0000002    1.2018153E+02
        20.0000003    2.3294975E+01
        25.0000004    1.2802073E+01
        30.0000005    9.3045921E+00
        35.0000006    5.6198444E+00
        40.0000007    3.1493552E+00
        45.0000007    1.6371640E+00
        50.0000008    8.0285060E-01
        55.0000009    3.8090298E-01
        60.0000010    1.8735436E-01
        65.0000011    1.0468294E-01
        70.0000011    6.8633236E-02
        75.0000012    2.1325769E-01
        80.0000013    1.9378194E-01
        85.0000014    1.6779751E-01
        90.0000015    1.4792143E-01
        95.2390015    1.2733504E-01
       100.6800016    1.0440332E-01
       114.2900019    6.1400447E-02
       119.7300019    4.9597282E-02
       122.4500020    4.4546995E-02
       125.1700020    3.9990894E-02
       127.8900021    3.5882678E-02
       130.6100021    3.2181017E-02
       133.3300022    2.8848575E-02
       136.0600022    2.5840897E-02
       146.9400024    1.6620539E-02
       149.6600024    1.4879948E-02
       155.1000025    1.1927522E-02
       157.8200026    1.0680461E-02
       160.5500026    9.5614959E-03
       165.9900027    9.2070121E-03
       171.4300028    7.5858254E-03
       176.8700029    6.7034001E-03
       179.5900029    6.1203190E-03
       182.3100030    5.5626044E-03
       185.0400030    5.0441460E-03
       187.7600031    4.5740474E-03
       190.4800031    4.1502398E-03
       195.9200032    3.4273802E-03
       198.6400032    3.1196421E-03
       204.0800033    2.5937783E-03
       206.8000034    2.3695468E-03
       209.5300034    2.1667138E-03
       212.2500035    1.9843359E-03
       214.9700035    1.8194810E-03
       220.4100036    1.5349936E-03
       225.8500037    1.3006212E-03
       236.7400038    1.1160544E-03
       247.6200040    8.1535277E-04
       258.5100042    5.9623440E-04
       272.1100044    4.0792939E-04
       285.7200046    2.8320440E-04
       299.3200049    1.9963976E-04
       312.9300051    1.4282110E-04
       340.1400055    7.6384269E-05
       353.7400058    5.7038076E-05
       380.9500062    3.3007513E-05
       394.5600064    2.5530713E-05
       408.1700066    1.9942567E-05
       435.3800071    1.2486794E-05
       462.5900075    8.0456848E-06
       476.1900077    6.5169534E-06
       489.8000080    5.3054296E-06
       503.4000082    4.3401915E-06
       517.0100084    3.5653311E-06
       557.8300091    2.0215502E-06
       571.4300093    1.6844249E-06
       585.0400095    1.4074784E-06
       612.2500100    9.9092483E-07
       666.6700108    5.0573595E-07
       680.2800111    4.2979107E-07
       707.4900115    3.1849035E-07
       734.7000119    2.3456754E-07
       761.9100124    1.7225146E-07
       789.1200128    1.2745845E-07
       816.3300133    9.4981161E-08
       843.5400137    7.1247023E-08
       870.7500142    5.3775302E-08
       911.5700148    3.5644671E-08
       952.3900155    2.3914941E-08
       993.2000162    2.2443565E-08
      1020.4000166    1.7133504E-08
      1061.2000173    1.3269902E-08
      1088.4000177    1.0211640E-08
      1102.0000179    8.9750953E-09
      1115.7000181    7.8907654E-09
      1129.3000184    6.9524972E-09
      1142.9000186    6.1331398E-09
      1156.5000188    5.4166929E-09
      1170.1000190    4.7894342E-09
      1197.3000195    1.4095132E-08
      1210.9000197    1.2627980E-08
      1224.5000199    1.1309719E-08
      1227.2000200    1.1065352E-08
      1229.9000200    1.0826502E-08
      1232.7000200    1.0584514E-08
      1235.4000201    1.0356553E-08
      1238.1000201    1.0133765E-08
      1240.8000202    9.9160342E-09
      1243.5000202    9.7032453E-09
      1246.3000203    9.4876755E-09
      1249.0000203    9.2846077E-09
      1257.2000204    8.6956584E-09
      1259.9000205    8.5105247E-09
      1262.6000205    8.3295726E-09
      1270.8000207    7.8046440E-09
      1281.6000208    7.1663240E-09
      1289.8000210    6.7188370E-09
      1292.5000210    6.5780759E-09
      1295.2000211    6.4404468E-09
      1298.0000211    6.3009500E-09
      1300.7000212    6.1694756E-09
      1303.4000212    6.0409149E-09
      1306.1000212    5.9151999E-09
      1314.3000214    5.5501643E-09
      1330.6000216    4.8937996E-09
      1341.5000218    4.5012851E-09
      1355.1000220    4.0578905E-09
      1360.6000221    3.8919792E-09
      1371.4000223    3.5868077E-09
      1382.3000225    3.3044607E-09
      1390.5000226    3.1076570E-09
      1395.9000227    2.9848817E-09
      1404.1000228    2.8081968E-09
      1406.8000229    2.7524787E-09
      1409.5000229    2.6979330E-09
      1415.0000230    2.5903397E-09
      1417.7000231    2.5391971E-09
      1420.4000231    2.4891249E-09
      1423.1000231    2.4400995E-09
      1425.9000232    2.3903390E-09
      1428.6000232    2.3433748E-09
      1431.3000233    2.2973887E-09
      1436.7000234    2.2082642E-09
      1439.5000234    2.1635025E-09
      1442.2000235    2.1212498E-09
      1444.9000235    2.0798716E-09
      1447.6000235    2.0393485E-09
      1450.4000236    1.9982074E-09
      1453.1000236    1.9593682E-09
      1455.8000237    1.9213287E-09
      1458.5000237    1.8840711E-09
      1461.2000238    1.8475785E-09
      1466.7000239    1.7755393E-09
      1469.4000239    1.7412694E-09
      1472.1000239    1.7076996E-09
      1477.6000240    1.6414194E-09
      1480.3000241    1.6098842E-09
      1488.4000242    1.5190694E-09
      1491.2000242    1.4889517E-09
      1496.6000243    1.4326383E-09
      1551.0000252    9.7610142E-10
      1632.7000266    5.5670590E-10
      1823.1000296    1.5879172E-10
      2340.2000381    5.8495691E-12
 
