       12.5000002    2.5928128E+18
        15.0000002    2.7063632E+18
        20.0000003    2.8627228E+18
        25.0000004    2.5396995E+18
        30.0000005    3.1192741E+18
        35.0000006    2.7166261E+18
        40.0000007    2.2089316E+18
        45.0000007    1.7509582E+18
        50.0000008    1.3940368E+18
        55.0000009    1.1508331E+18
        60.0000010    1.0033490E+18
        65.0000011    9.1192106E+17
        70.0000011    8.4174892E+17
        75.0000012    4.9567084E+18
        80.0000013    5.5020007E+18
        85.0000014    5.5569988E+18
        90.0000015    5.5987017E+18
        95.2390015    5.5432665E+18
       100.6800016    5.2285126E+18
       114.2900019    4.1963617E+18
       119.7300019    3.8068875E+18
       122.4500020    3.6203553E+18
       125.1700020    3.4396239E+18
       127.8900021    3.2649033E+18
       130.6100021    3.0963773E+18
       133.3300022    2.9341710E+18
       136.0600022    2.7778221E+18
       146.9400024    2.2192352E+18
       149.6600024    2.0954245E+18
       155.1000025    1.8659379E+18
       157.8200026    1.7599234E+18
       160.5500026    1.6591148E+18
       165.9900027    2.0800099E+18
       171.4300028    1.9206398E+18
       176.8700029    2.0344556E+18
       179.5900029    1.9659333E+18
       182.3100030    1.8916585E+18
       185.0400030    1.8163986E+18
       187.7600031    1.7431653E+18
       190.4800031    1.6728193E+18
       195.9200032    1.5419007E+18
       198.6400032    1.4811019E+18
       204.0800033    1.3681636E+18
       206.8000034    1.3157753E+18
       209.5300034    1.2657291E+18
       212.2500035    1.2182357E+18
       214.9700035    1.1729587E+18
       220.4100036    1.0885086E+18
       225.8500037    1.0113880E+18
       236.7400038    1.0068124E+18
       247.6200040    8.7143869E+17
       258.5100042    7.5572114E+17
       272.1100044    6.3724904E+17
       285.7200046    5.4210204E+17
       299.3200049    4.6520430E+17
       312.9300051    4.0241627E+17
       340.1400055    3.0769905E+17
       353.7400058    2.7156444E+17
       380.9500062    2.1463625E+17
       394.5600064    1.9196157E+17
       408.1700066    1.7224326E+17
       435.3800071    1.3979979E+17
       462.5900075    1.1442700E+17
       476.1900077    1.0378964E+17
       489.8000080    9.4270959E+16
       503.4000082    8.5743636E+16
       517.0100084    7.8076398E+16
       557.8300091    5.9335085E+16
       571.4300093    5.4256475E+16
       585.0400095    4.9655058E+16
       612.2500100    4.1703355E+16
       666.6700108    2.9715736E+16
       680.2800111    2.7356384E+16
       707.4900115    2.3464411E+16
       734.7000119    2.0051828E+16
       761.9100124    1.7105005E+16
       789.1200128    1.4639896E+16
       816.3300133    1.2569775E+16
       843.5400137    1.0825171E+16
       870.7500142    9.3498958E+15
       911.5700148    7.5443694E+15
       952.3900155    6.1240081E+15
       993.2000162    6.3491975E+15
      1020.4000166    5.4920176E+15
      1061.2000173    4.9658358E+15
      1088.4000177    4.3087890E+15
      1102.0000179    4.0180995E+15
      1115.7000181    3.7478999E+15
      1129.3000184    3.5002000E+15
      1142.9000186    3.2712017E+15
      1156.5000188    3.0593221E+15
      1170.1000190    2.8631261E+15
      1197.3000195    1.0217947E+16
      1210.9000197    9.6596445E+15
      1224.5000199    9.1240900E+15
      1227.2000200    9.0212953E+15
      1229.9000200    8.9197113E+15
      1232.7000200    8.8156469E+15
      1235.4000201    8.7165330E+15
      1238.1000201    8.6186260E+15
      1240.8000202    8.5219179E+15
      1243.5000202    8.4264000E+15
      1246.3000203    8.3285896E+15
      1249.0000203    8.2354613E+15
      1257.2000204    7.9596508E+15
      1259.9000205    7.8711020E+15
      1262.6000205    7.7836543E+15
      1270.8000207    7.5246726E+15
      1281.6000208    7.1982106E+15
      1289.8000210    6.9609662E+15
      1292.5000210    6.8847853E+15
      1295.2000211    6.8095413E+15
      1298.0000211    6.7324874E+15
      1300.7000212    6.6591143E+15
      1303.4000212    6.5866410E+15
      1306.1000212    6.5150552E+15
      1314.3000214    6.3029654E+15
      1330.6000216    5.9040897E+15
      1341.5000218    5.6532566E+15
      1355.1000220    5.3569898E+15
      1360.6000221    5.2421853E+15
      1371.4000223    5.0247408E+15
      1382.3000225    4.8155517E+15
      1390.5000226    4.6646539E+15
      1395.9000227    4.5681986E+15
      1404.1000228    4.4260049E+15
      1406.8000229    4.3802833E+15
      1409.5000229    4.3350944E+15
      1415.0000230    4.2446611E+15
      1417.7000231    4.2010471E+15
      1420.4000231    4.1579380E+15
      1423.1000231    4.1153276E+15
      1425.9000232    4.0716585E+15
      1428.6000232    4.0300438E+15
      1431.3000233    3.9889082E+15
      1436.7000234    3.9080503E+15
      1439.5000234    3.8668527E+15
      1442.2000235    3.8275900E+15
      1444.9000235    3.7887761E+15
      1447.6000235    3.7504057E+15
      1450.4000236    3.7110762E+15
      1453.1000236    3.6735910E+15
      1455.8000237    3.6365322E+15
      1458.5000237    3.5998945E+15
      1461.2000238    3.5636718E+15
      1466.7000239    3.4911489E+15
      1469.4000239    3.4561562E+15
      1472.1000239    3.4215580E+15
      1477.6000240    3.3522805E+15
      1480.3000241    3.3188506E+15
      1488.4000242    3.2207917E+15
      1491.2000242    3.1876565E+15
      1496.6000243    3.1248306E+15
      1551.0000252    2.5639188E+15
      1632.7000266    1.9212287E+15
      1823.1000296    1.0135298E+15
      2340.2000381    2.0090241E+14
      2829.9000460    2.1837537E+13
      3047.6000496    0.0000000E+00
 
