       12.5000002    4.6780674E+18
        15.0000002    4.2341717E+18
        20.0000003    2.1551389E+18
        25.0000004    2.0982652E+18
        30.0000005    2.6322858E+18
        35.0000006    2.6372221E+18
        40.0000007    2.5998689E+18
        45.0000007    2.4382484E+18
        50.0000008    2.1280213E+18
        55.0000009    1.7261868E+18
        60.0000010    1.3333132E+18
        65.0000011    1.0229258E+18
        70.0000011    8.1007516E+17
        75.0000012    3.7538300E+18
        80.0000013    4.1115833E+18
        85.0000014    4.2624509E+18
        90.0000015    4.4997392E+18
        95.2390015    4.5197193E+18
       100.6800016    4.2432009E+18
       114.2900019    3.5997851E+18
       119.7300019    3.4047529E+18
       122.4500020    3.3127491E+18
       125.1700020    3.2229072E+18
       127.8900021    3.1345042E+18
       130.6100021    3.0470700E+18
       133.3300022    2.9602982E+18
       136.0600022    2.8737221E+18
       146.9400024    2.5337294E+18
       149.6600024    2.4504148E+18
       155.1000025    2.2867251E+18
       157.8200026    2.2066372E+18
       160.5500026    2.1276119E+18
       165.9900027    2.5270505E+18
       171.4300028    2.4078296E+18
       176.8700029    2.4942306E+18
       179.5900029    2.4413600E+18
       182.3100030    2.3727953E+18
       185.0400030    2.2953585E+18
       187.7600031    2.2150089E+18
       190.4800031    2.1353780E+18
       195.9200032    1.9829758E+18
       198.6400032    1.9098652E+18
       204.0800033    1.7713259E+18
       206.8000034    1.7064878E+18
       209.5300034    1.6443877E+18
       212.2500035    1.5853601E+18
       214.9700035    1.5290324E+18
       220.4100036    1.4239275E+18
       225.8500037    1.3280300E+18
       236.7400038    1.3662405E+18
       247.6200040    1.2153658E+18
       258.5100042    1.0745696E+18
       272.1100044    9.2165772E+17
       285.7200046    7.9296215E+17
       299.3200049    6.8474856E+17
       312.9300051    5.9357740E+17
       340.1400055    4.5202775E+17
       353.7400058    3.9730052E+17
       380.9500062    3.1143203E+17
       394.5600064    2.7771678E+17
       408.1700066    2.4879053E+17
       435.3800071    2.0223463E+17
       462.5900075    1.6685919E+17
       476.1900077    1.5229581E+17
       489.8000080    1.3938108E+17
       503.4000082    1.2788701E+17
       517.0100084    1.1759425E+17
       557.8300091    9.2445142E+16
       571.4300093    8.5583013E+16
       585.0400095    7.9325976E+16
       612.2500100    6.8380350E+16
       666.6700108    5.1361547E+16
       680.2800111    4.7903480E+16
       707.4900115    4.3436452E+16
       734.7000119    3.8454491E+16
       761.9100124    3.3396467E+16
       789.1200128    2.9111132E+16
       816.3300133    2.5457819E+16
       843.5400137    2.2328440E+16
       870.7500142    1.9636816E+16
       911.5700148    1.6271231E+16
       952.3900155    1.3553229E+16
       993.2000162    1.7487119E+16
      1020.4000166    1.5262710E+16
      1061.2000173    1.4855958E+16
      1088.4000177    1.2994691E+16
      1102.0000179    1.2166690E+16
      1115.7000181    1.1394137E+16
      1129.3000184    1.0683238E+16
      1142.9000186    1.0023561E+16
      1156.5000188    9.4109509E+15
      1170.1000190    8.8416240E+15
      1197.3000195    2.5940722E+16
      1210.9000197    2.4683085E+16
      1224.5000199    2.3472213E+16
      1227.2000200    2.3239005E+16
      1229.9000200    2.3008258E+16
      1232.7000200    2.2771552E+16
      1235.4000201    2.2545827E+16
      1238.1000201    2.2322560E+16
      1240.8000202    2.2101732E+16
      1243.5000202    2.1883314E+16
      1246.3000203    2.1659363E+16
      1249.0000203    2.1445839E+16
      1257.2000204    2.0811709E+16
      1259.9000205    2.0607562E+16
      1262.6000205    2.0405667E+16
      1270.8000207    1.9806109E+16
      1281.6000208    1.9046700E+16
      1289.8000210    1.8492171E+16
      1292.5000210    1.8313616E+16
      1295.2000211    1.8137020E+16
      1298.0000211    1.7955925E+16
      1300.7000212    1.7783246E+16
      1303.4000212    1.7612453E+16
      1306.1000212    1.7443526E+16
      1314.3000214    1.6941696E+16
      1330.6000216    1.5992245E+16
      1341.5000218    1.5391213E+16
      1355.1000220    1.4677139E+16
      1360.6000221    1.4399169E+16
      1371.4000223    1.3870667E+16
      1382.3000225    1.3359648E+16
      1390.5000226    1.2989396E+16
      1395.9000227    1.2751988E+16
      1404.1000228    1.2400917E+16
      1406.8000229    1.2287753E+16
      1409.5000229    1.2175772E+16
      1415.0000230    1.1951258E+16
      1417.7000231    1.1842780E+16
      1420.4000231    1.1735429E+16
      1423.1000231    1.1629193E+16
      1425.9000232    1.1520184E+16
      1428.6000232    1.1416177E+16
      1431.3000233    1.1313245E+16
      1436.7000234    1.1110555E+16
      1439.5000234    1.1007099E+16
      1442.2000235    1.0908383E+16
      1444.9000235    1.0810680E+16
      1447.6000235    1.0713980E+16
      1450.4000236    1.0614744E+16
      1453.1000236    1.0520050E+16
      1455.8000237    1.0426324E+16
      1458.5000237    1.0333555E+16
      1461.2000238    1.0241732E+16
      1466.7000239    1.0057565E+16
      1469.4000239    9.9685482E+15
      1472.1000239    9.8804338E+15
      1477.6000240    9.7036937E+15
      1480.3000241    9.6182593E+15
      1488.4000242    9.3670917E+15
      1491.2000242    9.2820256E+15
      1496.6000243    9.1204618E+15
      1551.0000252    7.6609101E+15
      1632.7000266    5.9443507E+15
      1823.1000296    3.4076072E+15
      2340.2000381    9.1562280E+14
      2829.9000460    3.1871607E+14
      3047.6000496    2.0737048E+14
      3700.7000602    4.8392785E+13
      4000.0000650    2.2550652E+13
      4680.3000761    0.0000000E+00
      5006.8000814    0.0000000E+00
      5387.8000876    0.0000000E+00
 
