       12.5000002    4.4068239E+18
        15.0000002    4.4950072E+18
        20.0000003    3.6804937E+18
        25.0000004    3.2753973E+18
        30.0000005    3.5105125E+18
        35.0000006    2.7570826E+18
        40.0000007    2.1584080E+18
        45.0000007    1.7709732E+18
        50.0000008    1.5101039E+18
        55.0000009    1.3002693E+18
        60.0000010    1.1103477E+18
        65.0000011    9.3671972E+17
        70.0000011    7.8348505E+17
        75.0000012    2.6345703E+18
        80.0000013    2.1117058E+18
        85.0000014    1.5769083E+18
        90.0000015    1.1705607E+18
        95.2390015    8.6539805E+17
       100.6800016    6.4333436E+17
       114.2900019    3.3611930E+17
       119.7300019    2.6862447E+17
       122.4500020    2.4174046E+17
       125.1700020    2.1842414E+17
       127.8900021    1.9809226E+17
       130.6100021    1.8026799E+17
       133.3300022    1.6456064E+17
       136.0600022    1.5060092E+17
       146.9400024    1.0827280E+17
       149.6600024    1.0016981E+17
       155.1000025    8.6111053E+16
       157.8200026    7.9989342E+16
       160.5500026    7.4362720E+16
       165.9900027    1.8354273E+17
       171.4300028    1.5335028E+17
       176.8700029    1.7166883E+17
       179.5900029    1.5680585E+17
       182.3100030    1.4314779E+17
       185.0400030    1.3066209E+17
       187.7600031    1.1936388E+17
       190.4800031    1.0910730E+17
       195.9200032    9.1332737E+16
       198.6400032    8.3639781E+16
       204.0800033    7.0267014E+16
       206.8000034    6.4459732E+16
       209.5300034    5.9145715E+16
       212.2500035    5.4315213E+16
       214.9700035    4.9904196E+16
       220.4100036    4.2188326E+16
       225.8500037    3.5729350E+16
       236.7400038    1.0406887E+17
       247.6200040    8.1262456E+16
       258.5100042    6.2952341E+16
       272.1100044    4.5567593E+16
       285.7200046    3.2809251E+16
       299.3200049    2.3448005E+16
       312.9300051    1.6547321E+16
       340.1400055    7.6182718E+15
       353.7400058    4.6871085E+15
 
