       12.5000002    4.3327746E+18
        15.0000002    6.5351755E+18
        20.0000003    5.2143135E+18
        25.0000004    3.6705283E+18
        30.0000005    3.6011007E+18
        35.0000006    2.9771702E+18
        40.0000007    2.3731405E+18
        45.0000007    1.8139531E+18
        50.0000008    1.3628089E+18
        55.0000009    1.0298341E+18
        60.0000010    7.9290436E+17
        65.0000011    6.2384764E+17
        70.0000011    4.9989100E+17
        75.0000012    6.3851623E+17
        80.0000013    4.6957396E+17
        85.0000014    3.5162808E+17
        90.0000015    2.6899916E+17
        95.2390015    2.0660425E+17
       100.6800016    1.5886362E+17
       114.2900019    8.3823296E+16
       119.7300019    6.4818508E+16
       122.4500020    5.6907621E+16
       125.1700020    4.9889107E+16
       127.8900021    4.3658089E+16
       130.6100021    3.8123199E+16
       133.3300022    3.3204304E+16
       136.0600022    2.8815550E+16
       146.9400024    1.5619458E+16
       149.6600024    1.3150967E+16
       155.1000025    8.9189871E+15
       157.8200026    7.0722301E+15
       160.5500026    5.3272069E+15
       165.9900027    1.9062624E+15
 
