       12.5000002    2.2969930E+18
        15.0000002    3.8101819E+18
        20.0000003    3.4009222E+18
        25.0000004    2.8243672E+18
        30.0000005    2.6662451E+18
        35.0000006    1.9806591E+18
        40.0000007    1.6383842E+18
        45.0000007    1.4615081E+18
        50.0000008    1.3548115E+18
        55.0000009    1.2701657E+18
        60.0000010    1.1687630E+18
        65.0000011    1.0425616E+18
        70.0000011    9.0520793E+17
        75.0000012    6.2943170E+18
        80.0000013    6.8338837E+18
        85.0000014    6.6457638E+18
        90.0000015    6.3623829E+18
        95.2390015    5.9223099E+18
       100.6800016    5.2538844E+18
       114.2900019    3.6617393E+18
       119.7300019    3.1503364E+18
       122.4500020    2.9199703E+18
       125.1700020    2.7053640E+18
       127.8900021    2.5056680E+18
       130.6100021    2.3200427E+18
       133.3300022    2.1476662E+18
       136.0600022    1.9871710E+18
       146.9400024    1.4569554E+18
       149.6600024    1.3482173E+18
       155.1000025    1.1548615E+18
       157.8200026    1.0691050E+18
       160.5500026    9.8964788E+17
       165.9900027    1.5297670E+18
       171.4300028    1.4061988E+18
       176.8700029    1.5882551E+18
       179.5900029    1.5315666E+18
       182.3100030    1.4693622E+18
       185.0400030    1.4059737E+18
       187.7600031    1.3440809E+18
       190.4800031    1.2844720E+18
       195.9200032    1.1732030E+18
       198.6400032    1.1214227E+18
       204.0800033    1.0251115E+18
       206.8000034    9.8039755E+17
       209.5300034    9.3767774E+17
       212.2500035    8.9714747E+17
       214.9700035    8.5853448E+17
       220.4100036    7.8664628E+17
       225.8500037    7.2125358E+17
       236.7400038    7.1150243E+17
       247.6200040    6.1440724E+17
       258.5100042    5.3419480E+17
       272.1100044    4.5282582E+17
       285.7200046    3.8727315E+17
       299.3200049    3.3370549E+17
       312.9300051    2.8924873E+17
       340.1400055    2.2034052E+17
       353.7400058    1.9333256E+17
       380.9500062    1.4998885E+17
       394.5600064    1.3252577E+17
       408.1700066    1.1730777E+17
       435.3800071    9.2365161E+16
       462.5900075    7.3148052E+16
       476.1900077    6.5229807E+16
       489.8000080    5.8239795E+16
       503.4000082    5.2069538E+16
       517.0100084    4.6607770E+16
       557.8300091    3.3676620E+16
       571.4300093    3.0294247E+16
       585.0400095    2.7281929E+16
       612.2500100    2.2206012E+16
       666.6700108    1.4915237E+16
       680.2800111    1.3539809E+16
       707.4900115    1.1223843E+16
       734.7000119    9.3242645E+15
       761.9100124    7.7688823E+15
       789.1200128    6.4989840E+15
       816.3300133    5.4633519E+15
       843.5400137    4.6056319E+15
       870.7500142    3.8962384E+15
       911.5700148    3.0504656E+15
       952.3900155    2.4049068E+15
       993.2000162    2.1624609E+15
      1020.4000166    1.8448333E+15
      1061.2000173    1.5610920E+15
      1088.4000177    1.3367311E+15
      1102.0000179    1.2381630E+15
      1115.7000181    1.1469505E+15
      1129.3000184    1.0636990E+15
      1142.9000186    9.8706348E+14
      1156.5000188    9.1645683E+14
      1170.1000190    8.5134956E+14
      1197.3000195    3.3769006E+15
      1210.9000197    3.1606946E+15
      1224.5000199    2.9547864E+15
      1227.2000200    2.9154268E+15
      1229.9000200    2.8765825E+15
      1232.7000200    2.8368442E+15
      1235.4000201    2.7990474E+15
      1238.1000201    2.7617606E+15
      1240.8000202    2.7249796E+15
      1243.5000202    2.6886992E+15
      1246.3000203    2.6515987E+15
      1249.0000203    2.6163217E+15
      1257.2000204    2.5121234E+15
      1259.9000205    2.4787609E+15
      1262.6000205    2.4458564E+15
      1270.8000207    2.3486677E+15
      1281.6000208    2.2267236E+15
      1289.8000210    2.1385179E+15
      1292.5000210    2.1102700E+15
      1295.2000211    2.0824067E+15
      1298.0000211    2.0539113E+15
      1300.7000212    2.0268139E+15
      1303.4000212    2.0000840E+15
      1306.1000212    1.9737163E+15
      1314.3000214    1.8958033E+15
      1330.6000216    1.7501437E+15
      1341.5000218    1.6591579E+15
      1355.1000220    1.5523365E+15
      1360.6000221    1.5111387E+15
      1371.4000223    1.4334220E+15
      1382.3000225    1.3590582E+15
      1390.5000226    1.3056725E+15
      1395.9000227    1.2716645E+15
      1404.1000228    1.2217013E+15
      1406.8000229    1.2056805E+15
      1409.5000229    1.1898681E+15
      1415.0000230    1.1582895E+15
      1417.7000231    1.1430917E+15
      1420.4000231    1.1280909E+15
      1423.1000231    1.1132838E+15
      1425.9000232    1.0981305E+15
      1428.6000232    1.0837104E+15
      1431.3000233    1.0694757E+15
      1436.7000234    1.0415550E+15
      1439.5000234    1.0273596E+15
      1442.2000235    1.0138502E+15
      1444.9000235    1.0005142E+15
      1447.6000235    9.8734916E+14
      1450.4000236    9.7387451E+14
      1453.1000236    9.6105034E+14
      1455.8000237    9.4839012E+14
      1458.5000237    9.3589156E+14
      1461.2000238    9.2355245E+14
      1466.7000239    8.9890136E+14
      1469.4000239    8.8703322E+14
      1472.1000239    8.7531581E+14
      1477.6000240    8.5190529E+14
      1480.3000241    8.4063361E+14
      1488.4000242    8.0766726E+14
      1491.2000242    7.9656088E+14
      1496.6000243    7.7555003E+14
      1551.0000252    5.9099086E+14
      1632.7000266    3.8783206E+14
      1823.1000296    1.1308153E+14
 
