       80.0000013    6.6591419E-06
        85.0000014    3.8319899E-06
        90.0000015    2.2370455E-06
        95.2390015    1.2904065E-06
       100.6800016    7.3859911E-07
       114.2900019    1.9248296E-07
       119.7300019    1.1431675E-07
       122.4500020    8.8337842E-08
       125.1700020    6.8365686E-08
       127.8900021    5.2976254E-08
       130.6100021    4.1093109E-08
       133.3300022    3.1899692E-08
       136.0600022    2.4752207E-08
       146.9400024    1.6899646E-08
       149.6600024    1.2765659E-08
       155.1000025    7.2504740E-09
       157.8200026    5.4486153E-09
       160.5500026    4.0795323E-09
       165.9900027    2.2669493E-09
       171.4300028    1.2326828E-09
       176.8700029    6.4706118E-10
       179.5900029    4.5928436E-10
       182.3100030    3.1934030E-10
       185.0400030    2.1506159E-10
       187.7600031    1.3799509E-10
       190.4800031    8.0190465E-11
 
