       80.0000013    1.1376214E-04
        85.0000014    6.8300309E-05
        90.0000015    4.2902295E-05
        95.2390015    2.7323427E-05
       100.6800016    1.7599337E-05
       114.2900019    6.3733419E-06
       119.7300019    4.3488590E-06
       122.4500020    3.6066710E-06
       125.1700020    2.9983942E-06
       127.8900021    2.4984001E-06
       130.6100021    2.0862951E-06
       133.3300022    1.7457695E-06
       136.0600022    1.4627780E-06
       146.9400024    3.1521265E-06
       149.6600024    2.5773138E-06
       155.1000025    1.7341808E-06
       157.8200026    1.4276534E-06
       160.5500026    1.1772996E-06
       165.9900027    8.0741688E-07
       171.4300028    5.5873522E-07
       176.8700029    3.8994349E-07
       179.5900029    3.2675396E-07
       182.3100030    2.7434078E-07
       185.0400030    2.3062893E-07
       187.7600031    1.9436699E-07
       190.4800031    1.6410391E-07
       195.9200032    1.1759762E-07
       198.6400032    9.9803366E-08
       204.0800033    4.9405628E-07
       206.8000034    4.3098848E-07
       209.5300034    3.7538874E-07
       212.2500035    3.2712080E-07
       214.9700035    2.8519779E-07
       220.4100036    2.1728545E-07
       225.8500037    1.6614104E-07
       236.7400038    9.8157585E-08
       247.6200040    5.8815200E-08
       258.5100042    3.5651532E-08
       272.1100044    1.9356207E-08
       285.7200046    1.0641457E-08
       299.3200049    5.9094201E-09
       312.9300051    3.3002545E-09
       340.1400055    1.0326691E-09
       353.7400058    5.7337618E-10
       380.9500062    1.6845861E-10
       394.5600064    8.7094457E-11
       408.1700066    4.2226944E-11
       435.3800071    3.6414378E-12
 
