       80.0000013    4.4312444E+00
        85.0000014    3.0976324E+00
        90.0000015    2.1802046E+00
        95.2390015    1.5205082E+00
       100.6800016    1.0547096E+00
       114.2900019    4.3894336E-01
       119.7300019    3.1389049E-01
       122.4500020    2.6626927E-01
       125.1700020    2.2633334E-01
       127.8900021    1.9277157E-01
       130.6100021    1.6450754E-01
       133.3300022    1.4065570E-01
       136.0600022    1.2041803E-01
       146.9400024    9.6877694E-02
       149.6600024    8.6192422E-02
       155.1000025    6.8040922E-02
       157.8200026    6.0549848E-02
       160.5500026    5.3957161E-02
       165.9900027    4.3138478E-02
       171.4300028    3.4764823E-02
       176.8700029    2.8229414E-02
       179.5900029    2.5505794E-02
       182.3100030    2.3083594E-02
       185.0400030    2.0917410E-02
       187.7600031    1.8990414E-02
       190.4800031    1.7266123E-02
       195.9200032    1.4331850E-02
       198.6400032    1.3082635E-02
       204.0800033    1.2639679E-02
       206.8000034    1.1598636E-02
       209.5300034    1.0604210E-02
       212.2500035    9.6876407E-03
       214.9700035    8.8497866E-03
       220.4100036    7.3968749E-03
       225.8500037    6.2026517E-03
       236.7400038    4.4097691E-03
       247.6200040    3.1845456E-03
       258.5100042    2.3335298E-03
       272.1100044    1.6143658E-03
       285.7200046    1.1398070E-03
       299.3200049    8.2030555E-04
       312.9300051    6.0039008E-04
       340.1400055    3.3616112E-04
       353.7400058    2.5628475E-04
       380.9500062    1.5345575E-04
       394.5600064    1.2023868E-04
       408.1700066    9.4884264E-05
       435.3800071    6.0192862E-05
       462.5900075    3.8985352E-05
       476.1900077    3.1588388E-05
       489.8000080    2.5695028E-05
       503.4000082    2.0983847E-05
       517.0100084    1.7195545E-05
       557.8300091    9.6534241E-06
       571.4300093    8.0133696E-06
       585.0400095    6.6702914E-06
       612.2500100    4.6608984E-06
       666.6700108    2.3474886E-06
       680.2800111    1.9895285E-06
       707.4900115    1.4390755E-06
       734.7000119    1.0501387E-06
       761.9100124    7.7279407E-07
       789.1200128    5.7328242E-07
       816.3300133    4.2855800E-07
       843.5400137    3.2272814E-07
       870.7500142    2.4474090E-07
       911.5700148    1.6364899E-07
       952.3900155    1.1098226E-07
       993.2000162    7.6272769E-08
      1020.4000166    5.9815036E-08
      1061.2000173    4.1949320E-08
      1088.4000177    3.3319598E-08
      1102.0000179    2.9748382E-08
      1115.7000181    2.6568920E-08
      1129.3000184    2.3775939E-08
      1142.9000186    2.1300250E-08
      1156.5000188    1.9103165E-08
      1170.1000190    1.7151029E-08
      1197.3000195    1.3868087E-08
      1210.9000197    1.2489375E-08
      1224.5000199    1.1258856E-08
      1227.2000200    1.1030663E-08
      1229.9000200    1.0807506E-08
      1232.7000200    1.0581276E-08
      1235.4000201    1.0368010E-08
      1238.1000201    1.0159426E-08
      1240.8000202    9.9554125E-09
      1243.5000202    9.7558592E-09
      1246.3000203    9.5535153E-09
      1249.0000203    9.3627275E-09
      1257.2000204    1.1324818E-08
      1259.9000205    1.1108702E-08
      1262.6000205    1.0888748E-08
      1270.8000207    1.0231077E-08
      1281.6000208    9.4205035E-09
      1289.8000210    9.8893436E-09
      1292.5000210    9.6929567E-09
      1295.2000211    9.4977395E-09
      1298.0000211    9.2981312E-09
      1300.7000212    9.1091241E-09
      1303.4000212    8.9238483E-09
      1306.1000212    8.7424246E-09
      1314.3000214    8.2150420E-09
      1330.6000216    7.2662321E-09
      1341.5000218    6.6986652E-09
      1355.1000220    6.0572272E-09
      1360.6000221    5.8170935E-09
      1371.4000223    5.3751825E-09
      1382.3000225    4.9660147E-09
      1390.5000226    4.6805995E-09
      1395.9000227    4.5024402E-09
      1404.1000228    4.2458930E-09
      1406.8000229    4.1649466E-09
      1409.5000229    4.0856820E-09
      1415.0000230    3.9292636E-09
      1417.7000231    3.8548791E-09
      1420.4000231    3.7820302E-09
      1423.1000231    3.7106818E-09
      1425.9000232    3.6382408E-09
      1428.6000232    3.5698478E-09
      1431.3000233    3.5028569E-09
      1436.7000234    3.3729579E-09
      1439.5000234    3.3076826E-09
      1442.2000235    3.2460441E-09
      1444.9000235    3.1856586E-09
      1447.6000235    3.1264988E-09
      1450.4000236    3.0664136E-09
      1453.1000236    3.0096678E-09
      1455.8000237    1.5351347E-08
      1458.5000237    1.5194255E-08
      1461.2000238    1.4994212E-08
      1466.7000239    1.4529501E-08
      1469.4000239    1.4292405E-08
      1472.1000239    1.4055131E-08
      1477.6000240    1.3578301E-08
      1480.3000241    1.3349075E-08
      1488.4000242    1.2684021E-08
      1491.2000242    1.2462235E-08
      1496.6000243    1.2046124E-08
      1551.0000252    8.5959018E-09
      1632.7000266    5.2596163E-09
      1823.1000296    1.8046504E-09
      2340.2000381    1.5379532E-10
      2829.9000460    2.2949670E-11
      3047.6000496    1.0851179E-11
      3700.7000602    1.4819639E-12
      4000.0000650    6.5733888E-13
      4680.3000761    1.1995441E-13
      5006.8000814    5.3305447E-14
      5387.8000876    2.2536904E-14
 
