       80.0000013    4.0311605E-01
        85.0000014    2.4909484E-01
        90.0000015    1.5654677E-01
        95.2390015    9.7866222E-02
       100.6800016    6.1106678E-02
       114.2900019    2.0095846E-02
       119.7300019    1.3186339E-02
       122.4500020    1.0729459E-02
       125.1700020    8.7553347E-03
       127.8900021    7.1643023E-03
       130.6100021    5.8782855E-03
       133.3300022    4.8358953E-03
       136.0600022    3.9858865E-03
       146.9400024    8.6610559E-03
       149.6600024    7.7191871E-03
       155.1000025    6.0562883E-03
       157.8200026    5.3581363E-03
       160.5500026    4.7406238E-03
       165.9900027    3.7243324E-03
       171.4300028    2.9386745E-03
       176.8700029    2.3291963E-03
       179.5900029    2.0770486E-03
       182.3100030    1.8541600E-03
       185.0400030    1.6562134E-03
       187.7600031    1.4814958E-03
       190.4800031    1.3264993E-03
       195.9200032    1.0664519E-03
       198.6400032    9.5751899E-04
       204.0800033    8.8748377E-04
       206.8000034    8.0858095E-04
       209.5300034    7.3734176E-04
       212.2500035    6.7345105E-04
       214.9700035    6.1584974E-04
       220.4100036    5.1680149E-04
       225.8500037    4.3555538E-04
       236.7400038    3.1284828E-04
       247.6200040    2.2778586E-04
       258.5100042    1.6769631E-04
       272.1100044    1.1597776E-04
       285.7200046    8.1253704E-05
       299.3200049    5.7603549E-05
       312.9300051    4.1251998E-05
       340.1400055    2.1752385E-05
       353.7400058    1.5995323E-05
       380.9500062    8.8429615E-06
       394.5600064    6.6432240E-06
       408.1700066    5.0232384E-06
       435.3800071    2.9258508E-06
       462.5900075    1.7434775E-06
       476.1900077    1.3567724E-06
       489.8000080    1.0609984E-06
       503.4000082    8.3390859E-07
       517.0100084    6.5839748E-07
       557.8300091    3.3283655E-07
       571.4300093    2.6740219E-07
       585.0400095    2.1565079E-07
       612.2500100    1.4188625E-07
       666.6700108    6.4080396E-08
       680.2800111    5.2961585E-08
       707.4900115    3.6516351E-08
       734.7000119    2.5473284E-08
       761.9100124    1.7966702E-08
       789.1200128    1.2804765E-08
       816.3300133    9.2160821E-09
       843.5400137    6.6951436E-09
       870.7500142    4.9067554E-09
       911.5700148    3.1263889E-09
       952.3900155    2.0267248E-09
       993.2000162    1.3350933E-09
      1020.4000166    1.0192124E-09
      1061.2000173    6.8770090E-10
      1088.4000177    5.3288252E-10
      1102.0000179    4.7004878E-10
      1115.7000181    4.1479870E-10
      1129.3000184    3.6685402E-10
      1142.9000186    3.2486164E-10
      1156.5000188    2.8803121E-10
      1170.1000190    2.5568409E-10
      1197.3000195    2.0218636E-10
      1210.9000197    1.8009938E-10
      1224.5000199    1.6060099E-10
      1227.2000200    1.5700889E-10
      1229.9000200    1.5350358E-10
      1232.7000200    1.4995771E-10
      1235.4000201    1.4662228E-10
      1238.1000201    1.4336697E-10
      1240.8000202    1.4018972E-10
      1243.5000202    1.3708851E-10
      1246.3000203    1.3395066E-10
      1249.0000203    1.3099835E-10
      1257.2000204    1.3317310E-10
      1259.9000205    1.3030263E-10
      1262.6000205    1.2746046E-10
      1270.8000207    1.1914124E-10
      1281.6000208    1.0901649E-10
      1289.8000210    1.0647583E-10
      1292.5000210    1.0417644E-10
      1295.2000211    1.0191609E-10
      1298.0000211    9.9619250E-11
      1300.7000212    9.7452872E-11
      1303.4000212    9.5334879E-11
      1306.1000212    9.3265166E-11
      1314.3000214    8.7267991E-11
      1330.6000216    7.6544548E-11
      1341.5000218    7.0172743E-11
      1355.1000220    6.3014018E-11
      1360.6000221    6.0346526E-11
      1371.4000223    5.5456556E-11
      1382.3000225    5.0952124E-11
      1390.5000226    4.7824085E-11
      1395.9000227    4.5877760E-11
      1404.1000228    4.3083877E-11
      1406.8000229    4.2204573E-11
      1409.5000229    4.1344605E-11
      1415.0000230    3.9650765E-11
      1417.7000231    3.8846776E-11
      1420.4000231    3.8060357E-11
      1423.1000231    3.7291097E-11
      1425.9000232    3.6511034E-11
      1428.6000232    3.5775483E-11
      1431.3000233    3.5055896E-11
      1436.7000234    3.3663135E-11
      1439.5000234    3.2964569E-11
      1442.2000235    3.2305741E-11
      1444.9000235    3.1661097E-11
      1447.6000235    3.1030310E-11
      1450.4000236    3.0390454E-11
      1453.1000236    2.9786909E-11
      1455.8000237    1.8540278E-10
      1458.5000237    1.8331210E-10
      1461.2000238    1.8065811E-10
      1466.7000239    1.7448058E-10
      1469.4000239    1.7132666E-10
      1472.1000239    1.6817157E-10
      1477.6000240    1.6183958E-10
      1480.3000241    1.5880128E-10
      1488.4000242    1.5001286E-10
      1491.2000242    1.4709192E-10
      1496.6000243    1.4162632E-10
      1551.0000252    9.7173228E-11
      1632.7000266    5.6073986E-11
      1823.1000296    1.6778752E-11
      2340.2000381    9.5648402E-13
      2829.9000460    7.4319084E-14
      3047.6000496    1.6404241E-14
      3700.7000602    0.0000000E+00
 
