       80.0000013    1.0860141E-03
        85.0000014    5.8966823E-04
        90.0000015    3.3626601E-04
        95.2390015    1.9647244E-04
       100.6800016    1.1838131E-04
       114.2900019    4.0227518E-05
       119.7300019    2.7653914E-05
       122.4500020    2.3134900E-05
       125.1700020    1.9453821E-05
       127.8900021    1.6433369E-05
       130.6100021    1.3938706E-05
       133.3300022    1.1866140E-05
       136.0600022    1.0129316E-05
       146.9400024    4.4252898E-05
       149.6600024    3.6898749E-05
       155.1000025    2.5814115E-05
       157.8200026    2.1666943E-05
       160.5500026    1.8216433E-05
       165.9900027    1.2978856E-05
       171.4300028    9.3254075E-06
       176.8700029    6.7539195E-06
       179.5900029    5.7642364E-06
       182.3100030    4.9286587E-06
       185.0400030    4.2194019E-06
       187.7600031    3.6206598E-06
       190.4800031    3.1122324E-06
       195.9200032    2.3110827E-06
       198.6400032    1.9963925E-06
       204.0800033    6.4108740E-06
       206.8000034    5.6998410E-06
       209.5300034    5.0630806E-06
       212.2500035    4.5008164E-06
       214.9700035    4.0036571E-06
       220.4100036    3.1761067E-06
       225.8500037    2.5288741E-06
       236.7400038    1.6201529E-06
       247.6200040    1.0527415E-06
       258.5100042    6.9251166E-07
       272.1100044    4.1726065E-07
       285.7200046    2.5559117E-07
       299.3200049    1.5906819E-07
       312.9300051    1.0039640E-07
       340.1400055    4.1605588E-08
       353.7400058    2.7269753E-08
       380.9500062    1.2089534E-08
       394.5600064    8.1658422E-09
       408.1700066    5.5641776E-09
       435.3800071    2.6462712E-09
       462.5900075    1.2936282E-09
       476.1900077    9.1255697E-10
       489.8000080    6.4680827E-10
       503.4000082    4.6057841E-10
       517.0100084    3.2911623E-10
       557.8300091    1.2203638E-10
       571.4300093    8.7949807E-11
       585.0400095    6.3385866E-11
       612.2500100    3.2852557E-11
       666.6700108    8.4873168E-12
       680.2800111    5.9476265E-12
       707.4900115    2.8116786E-12
       734.7000119    1.2074535E-12
       761.9100124    3.9155989E-13
 
