       80.0000013    1.9977655E-01
        85.0000014    1.2054563E-01
        90.0000015    7.4053504E-02
        95.2390015    4.5235895E-02
       100.6800016    2.7589375E-02
       114.2900019    8.5780127E-03
       119.7300019    5.5122427E-03
       122.4500020    4.4406527E-03
       125.1700020    3.5889365E-03
       127.8900021    2.9098380E-03
       130.6100021    2.3667065E-03
       133.3300022    1.9310154E-03
       136.0600022    1.5793295E-03
       146.9400024    4.7304397E-03
       149.6600024    4.1743433E-03
       155.1000025    3.2217950E-03
       157.8200026    2.8296416E-03
       160.5500026    2.4860508E-03
       165.9900027    1.9271835E-03
       171.4300028    1.5012259E-03
       176.8700029    1.1750822E-03
       179.5900029    1.0414514E-03
       182.3100030    9.2405680E-04
       185.0400030    8.2043820E-04
       187.7600031    7.2953547E-04
       190.4800031    6.4937898E-04
       195.9200032    5.1607331E-04
       198.6400032    4.6073503E-04
       204.0800033    4.8368581E-04
       206.8000034    4.4064279E-04
       209.5300034    4.0165737E-04
       212.2500035    3.6662759E-04
       214.9700035    3.3500328E-04
       220.4100036    2.8054361E-04
       225.8500037    2.3581121E-04
       236.7400038    1.6821177E-04
       247.6200040    1.2141943E-04
       258.5100042    8.8499852E-05
       272.1100044    6.0368060E-05
       285.7200046    4.1677569E-05
       299.3200049    2.9104020E-05
       312.9300051    2.0527645E-05
       340.1400055    1.0504782E-05
       353.7400058    7.6133606E-06
       380.9500062    4.0939435E-06
       394.5600064    3.0353569E-06
       408.1700066    2.2662900E-06
       435.3800071    1.2889709E-06
       462.5900075    7.5150786E-07
       476.1900077    5.7889855E-07
       489.8000080    4.4831938E-07
       503.4000082    3.4911247E-07
       517.0100084    2.7320823E-07
       557.8300091    1.3482462E-07
       571.4300093    1.0753225E-07
       585.0400095    8.6120231E-08
       612.2500100    5.5932357E-08
       666.6700108    2.4692277E-08
       680.2800111    2.0303036E-08
       707.4900115    1.3862577E-08
       734.7000119    9.5818615E-09
       761.9100124    6.6994130E-09
       789.1200128    4.7346416E-09
       816.3300133    3.3799206E-09
       843.5400137    2.4356910E-09
       870.7500142    1.7708505E-09
       911.5700148    1.1148071E-09
       952.3900155    7.1389800E-10
       993.2000162    4.6441512E-10
      1020.4000166    3.5151360E-10
      1061.2000173    2.3407912E-10
      1088.4000177    1.7975998E-10
      1102.0000179    1.5784365E-10
      1115.7000181    1.3864768E-10
      1129.3000184    1.2205557E-10
      1142.9000186    1.0758117E-10
      1156.5000188    9.4937037E-11
      1170.1000190    8.3877232E-11
      1197.3000195    6.5696296E-11
      1210.9000197    5.8238150E-11
      1224.5000199    5.1681937E-11
      1227.2000200    5.0477251E-11
      1229.9000200    4.9302666E-11
      1232.7000200    4.8115525E-11
      1235.4000201    4.6999807E-11
      1238.1000201    4.5911823E-11
      1240.8000202    4.4850835E-11
      1243.5000202    4.3816128E-11
      1246.3000203    4.2770114E-11
      1249.0000203    4.1786810E-11
      1257.2000204    4.1458097E-11
      1259.9000205    4.0521399E-11
      1262.6000205    3.9598321E-11
      1270.8000207    3.6909028E-11
      1281.6000208    3.3649823E-11
      1289.8000210    3.2444488E-11
      1292.5000210    3.1713559E-11
      1295.2000211    3.0996778E-11
      1298.0000211    3.0269752E-11
      1300.7000212    2.9584925E-11
      1303.4000212    2.8916107E-11
      1306.1000212    2.8263151E-11
      1314.3000214    2.6374377E-11
      1330.6000216    2.3009200E-11
      1341.5000218    2.1017603E-11
      1355.1000220    1.8788091E-11
      1360.6000221    1.7959679E-11
      1371.4000223    1.6444700E-11
      1382.3000225    1.5053667E-11
      1390.5000226    1.4090472E-11
      1395.9000227    1.3492369E-11
      1404.1000228    1.2635552E-11
      1406.8000229    1.2366338E-11
      1409.5000229    1.2103258E-11
      1415.0000230    1.1585715E-11
      1417.7000231    1.1340367E-11
      1420.4000231    1.1100576E-11
      1423.1000231    1.0866206E-11
      1425.9000232    1.0628743E-11
      1428.6000232    1.0405015E-11
      1431.3000233    1.0186323E-11
      1436.7000234    9.7635632E-12
      1439.5000234    9.5517847E-12
      1442.2000235    9.3522204E-12
      1444.9000235    9.1571134E-12
      1447.6000235    8.9663563E-12
      1450.4000236    8.7730188E-12
      1453.1000236    8.5908069E-12
      1455.8000237    5.4858635E-11
      1458.5000237    5.4191346E-11
      1461.2000238    5.3356940E-11
      1466.7000239    5.1430565E-11
      1469.4000239    5.0450796E-11
      1472.1000239    4.9472187E-11
      1477.6000240    4.7511831E-11
      1480.3000241    4.6572701E-11
      1488.4000242    4.3861456E-11
      1491.2000242    4.2962061E-11
      1496.6000243    4.1281509E-11
      1551.0000252    2.7745698E-11
      1632.7000266    1.5514189E-11
      1823.1000296    4.2930325E-12
      2340.2000381    1.6559360E-13
      2829.9000460    0.0000000E+00
      3047.6000496    0.0000000E+00
 
