       80.0000013    2.5548570E+00
        85.0000014    1.7198681E+00
        90.0000015    1.1688145E+00
        95.2390015    7.8793430E-01
       100.6800016    5.2908021E-01
       114.2900019    2.0511408E-01
       119.7300019    1.4304627E-01
       122.4500020    1.1989779E-01
       125.1700020    1.0073198E-01
       127.8900021    8.4823012E-02
       130.6100021    7.1584463E-02
       133.3300022    6.0541272E-02
       136.0600022    5.1276568E-02
       146.9400024    4.8525356E-02
       149.6600024    4.3431755E-02
       155.1000025    3.4594618E-02
       157.8200026    3.0891838E-02
       160.5500026    2.7608000E-02
       165.9900027    2.2168104E-02
       171.4300028    1.7912600E-02
       176.8700029    1.4562607E-02
       179.5900029    1.3158839E-02
       182.3100030    1.1906601E-02
       185.0400030    1.0783698E-02
       187.7600031    9.7824447E-03
       190.4800031    8.8847252E-03
       195.9200032    7.3535428E-03
       198.6400032    6.7005395E-03
       204.0800033    6.0287742E-03
       206.8000034    5.4964451E-03
       209.5300034    5.0058346E-03
       212.2500035    4.5621810E-03
       214.9700035    4.1612303E-03
       220.4100036    3.4728984E-03
       225.8500037    2.9117723E-03
       236.7400038    2.0747643E-03
       247.6200040    1.5050139E-03
       258.5100042    1.1091838E-03
       272.1100044    7.7332440E-04
       285.7200046    5.4994051E-04
       299.3200049    3.9803202E-04
       312.9300051    2.9235895E-04
       340.1400055    1.6368856E-04
       353.7400058    1.2437142E-04
       380.9500062    7.3562398E-05
       394.5600064    5.7166370E-05
       408.1700066    4.4697576E-05
       435.3800071    2.7783128E-05
       462.5900075    1.7609544E-05
       476.1900077    1.4113876E-05
       489.8000080    1.1357218E-05
       503.4000082    9.1767124E-06
       517.0100084    7.4419681E-06
       557.8300091    4.0560362E-06
       571.4300093    3.3359979E-06
       585.0400095    2.7522324E-06
       612.2500100    1.8909982E-06
       666.6700108    9.2418043E-07
       680.2800111    7.7790952E-07
       707.4900115    5.5543438E-07
       734.7000119    4.0043892E-07
       761.9100124    2.9135313E-07
       789.1200128    2.1383430E-07
       816.3300133    1.5823845E-07
       843.5400137    1.1801626E-07
       870.7500142    8.8674291E-08
       911.5700148    5.8514985E-08
       952.3900155    3.9188471E-08
       993.2000162    2.6611849E-08
      1020.4000166    2.0709711E-08
      1061.2000173    1.4363052E-08
      1088.4000177    1.1326677E-08
      1102.0000179    1.0077168E-08
      1115.7000181    8.9687369E-09
      1129.3000184    7.9985156E-09
      1142.9000186    7.1415331E-09
      1156.5000188    6.3836314E-09
      1170.1000190    5.7125376E-09
      1197.3000195    4.5895501E-09
      1210.9000197    4.1203347E-09
      1224.5000199    3.7029246E-09
      1227.2000200    3.6256711E-09
      1229.9000200    3.5501710E-09
      1232.7000200    3.4736811E-09
      1235.4000201    3.4016214E-09
      1238.1000201    3.3311884E-09
      1240.8000202    3.2623422E-09
      1243.5000202    3.1950442E-09
      1246.3000203    3.1268488E-09
      1249.0000203    3.0625895E-09
      1257.2000204    3.4788008E-09
      1259.9000205    3.4100494E-09
      1262.6000205    3.3407257E-09
      1270.8000207    3.1347909E-09
      1281.6000208    2.8818608E-09
      1289.8000210    2.9543685E-09
      1292.5000210    2.8943890E-09
      1295.2000211    2.8349678E-09
      1298.0000211    2.7743194E-09
      1300.7000212    2.7169533E-09
      1303.4000212    2.6607592E-09
      1306.1000212    2.6057634E-09
      1314.3000214    2.4460320E-09
      1330.6000216    2.1591473E-09
      1341.5000218    1.9878581E-09
      1355.1000220    1.7945967E-09
      1360.6000221    1.7223399E-09
      1371.4000223    1.5895100E-09
      1382.3000225    1.4666957E-09
      1390.5000226    1.3811313E-09
      1395.9000227    1.3277668E-09
      1404.1000228    1.2509872E-09
      1406.8000229    1.2267779E-09
      1409.5000229    1.2030794E-09
      1415.0000230    1.1563364E-09
      1417.7000231    1.1341189E-09
      1420.4000231    1.1123671E-09
      1423.1000231    1.0910701E-09
      1425.9000232    1.0694541E-09
      1428.6000232    1.0490526E-09
      1431.3000233    1.0290757E-09
      1436.7000234    9.9035768E-10
      1439.5000234    9.7091080E-10
      1442.2000235    9.5255326E-10
      1444.9000235    9.3457453E-10
      1447.6000235    9.1696611E-10
      1450.4000236    8.9908792E-10
      1453.1000236    8.8220864E-10
      1455.8000237    4.8374336E-09
      1458.5000237    4.7873501E-09
      1461.2000238    4.7232711E-09
      1466.7000239    4.5738133E-09
      1469.4000239    4.4974295E-09
      1472.1000239    4.4209592E-09
      1477.6000240    4.2672745E-09
      1480.3000241    4.1934136E-09
      1488.4000242    3.9792649E-09
      1491.2000242    3.9079082E-09
      1496.6000243    3.7741228E-09
      1551.0000252    2.6703979E-09
      1632.7000266    1.6150388E-09
      1823.1000296    5.4156429E-10
      2340.2000381    4.3937621E-11
      2829.9000460    6.2196997E-12
      3047.6000496    2.8588527E-12
      3700.7000602    3.5070685E-13
      4000.0000650    1.4379436E-13
      4680.3000761    1.8170802E-14
      5006.8000814    5.4883017E-15
      5387.8000876    0.0000000E+00
 
