       80.0000013    7.0022857E-03
        85.0000014    3.8024408E-03
        90.0000015    2.1264632E-03
        95.2390015    1.1943443E-03
       100.6800016    6.7980035E-04
       114.2900019    1.9512582E-04
       119.7300019    1.2619428E-04
       122.4500020    1.0277401E-04
       125.1700020    8.4367864E-05
       127.8900021    6.9782029E-05
       130.6100021    5.8128917E-05
       133.3300022    4.8744485E-05
       136.0600022    4.1103111E-05
       146.9400024    2.5464312E-04
       149.6600024    2.1584258E-04
       155.1000025    1.5570906E-04
       157.8200026    1.3262425E-04
       160.5500026    1.1311285E-04
       165.9900027    8.2832215E-05
       171.4300028    6.1081897E-05
       176.8700029    4.5338871E-05
       179.5900029    3.9153467E-05
       182.3100030    3.3863274E-05
       185.0400030    2.9315994E-05
       187.7600031    2.5429812E-05
       190.4800031    2.2090320E-05
       195.9200032    1.6739268E-05
       198.6400032    1.4601284E-05
       204.0800033    3.2107509E-05
       206.8000034    2.8810662E-05
       209.5300034    2.5840432E-05
       212.2500035    2.3197597E-05
       214.9700035    2.0840689E-05
       220.4100036    1.6863620E-05
       225.8500037    1.3692876E-05
       236.7400038    9.1158154E-06
       247.6200040    6.1484229E-06
       258.5100042    4.1949233E-06
       272.1100044    2.6432324E-06
       285.7200046    1.6921006E-06
       299.3200049    1.1000169E-06
       312.9300051    7.2499580E-07
       340.1400055    3.2735645E-07
       353.7400058    2.2388691E-07
       380.9500062    1.0802182E-07
       394.5600064    7.6107007E-08
       408.1700066    5.4094627E-08
       435.3800071    2.8008005E-08
       462.5900075    1.4935081E-08
       476.1900077    1.1017856E-08
       489.8000080    8.1773477E-09
       503.4000082    6.1067480E-09
       517.0100084    4.5854165E-09
       557.8300091    2.0037065E-09
       571.4300093    1.5354974E-09
       585.0400095    1.1817433E-09
       612.2500100    7.0897682E-10
       666.6700108    2.6694624E-10
       680.2800111    2.1083869E-10
       707.4900115    1.3270367E-10
       734.7000119    8.4408383E-11
       761.9100124    5.4182440E-11
       789.1200128    3.5050830E-11
       816.3300133    2.2818790E-11
       843.5400137    1.4931952E-11
       870.7500142    9.8033344E-12
       911.5700148    5.2305044E-12
       952.3900155    2.7862335E-12
       993.2000162    1.4714972E-12
      1020.4000166    9.5239550E-13
      1061.2000173    4.8606979E-13
      1088.4000177    3.0208036E-13
      1102.0000179    2.3537829E-13
      1115.7000181    1.8110219E-13
      1129.3000184    1.3765956E-13
      1142.9000186    1.0419439E-13
      1156.5000188    7.5991229E-14
      1170.1000190    5.3291129E-14
      1197.3000195    2.0770217E-14
      1210.9000197    8.2690855E-15
 
