       80.0000013    3.4357848E+00
        85.0000014    2.3582432E+00
        90.0000015    1.6317126E+00
        95.2390015    1.1192482E+00
       100.6800016    7.6410747E-01
       114.2900019    3.0712688E-01
       119.7300019    2.1694840E-01
       122.4500020    1.8295914E-01
       125.1700020    1.5463459E-01
       127.8900021    1.3097543E-01
       130.6100021    1.1116769E-01
       133.3300022    9.4546936E-02
       136.0600022    8.0522418E-02
       146.9400024    6.9120541E-02
       149.6600024    6.1655615E-02
       155.1000025    4.8887599E-02
       157.8200026    4.3586865E-02
       160.5500026    3.8905989E-02
       165.9900027    3.1190244E-02
       171.4300028    2.5186127E-02
       176.8700029    2.0478368E-02
       179.5900029    1.8510338E-02
       182.3100030    1.6756946E-02
       185.0400030    1.5186296E-02
       187.7600031    1.3786991E-02
       190.4800031    1.2533211E-02
       195.9200032    1.0396054E-02
       198.6400032    9.4848964E-03
       204.0800033    8.8581629E-03
       206.8000034    8.0988333E-03
       209.5300034    7.3872660E-03
       212.2500035    6.7381384E-03
       214.9700035    6.1484789E-03
       220.4100036    5.1318081E-03
       225.8500037    4.3003098E-03
       236.7400038    3.0574631E-03
       247.6200040    2.2111391E-03
       258.5100042    1.6241214E-03
       272.1100044    1.1277815E-03
       285.7200046    7.9937861E-04
       299.3200049    5.7733088E-04
       312.9300051    4.2370692E-04
       340.1400055    2.3776686E-04
       353.7400058    1.8116890E-04
       380.9500062    1.0803576E-04
       394.5600064    8.4375279E-05
       408.1700066    6.6326444E-05
       435.3800071    4.1698404E-05
       462.5900075    2.6737873E-05
       476.1900077    2.1553424E-05
       489.8000080    1.7441716E-05
       503.4000082    1.4170720E-05
       517.0100084    1.1553543E-05
       557.8300091    6.3921520E-06
       571.4300093    5.2818905E-06
       585.0400095    4.3771493E-06
       612.2500100    3.0329395E-06
       666.6700108    1.5047956E-06
       680.2800111    1.2710045E-06
       707.4900115    9.1346988E-07
       734.7000119    6.6262908E-07
       761.9100124    4.8493376E-07
       789.1200128    3.5788105E-07
       816.3300133    2.6623559E-07
       843.5400137    1.9957122E-07
       870.7500142    1.5068771E-07
       911.5700148    1.0013898E-07
       952.3900155    6.7516858E-08
       993.2000162    4.6144613E-08
      1020.4000166    3.6059102E-08
      1061.2000173    2.5158421E-08
      1088.4000177    1.9916165E-08
      1102.0000179    1.7752345E-08
      1115.7000181    1.5829080E-08
      1129.3000184    1.4142368E-08
      1142.9000186    1.2649686E-08
      1156.5000188    1.1327101E-08
      1170.1000190    1.0153829E-08
      1197.3000195    8.1852507E-09
      1210.9000197    7.3604718E-09
      1224.5000199    6.6254682E-09
      1227.2000200    6.4892909E-09
      1229.9000200    6.3561596E-09
      1232.7000200    6.2212355E-09
      1235.4000201    6.0940821E-09
      1238.1000201    5.9697571E-09
      1240.8000202    5.8481917E-09
      1243.5000202    5.7293201E-09
      1246.3000203    5.6088223E-09
      1249.0000203    5.4952407E-09
      1257.2000204    6.4372063E-09
      1259.9000205    6.3122814E-09
      1262.6000205    6.1857257E-09
      1270.8000207    5.8085003E-09
      1281.6000208    5.3443117E-09
      1289.8000210    5.5444560E-09
      1292.5000210    5.4331868E-09
      1295.2000211    5.3227609E-09
      1298.0000211    5.2099463E-09
      1300.7000212    5.1031757E-09
      1303.4000212    4.9985460E-09
      1306.1000212    4.8961164E-09
      1314.3000214    4.5984776E-09
      1330.6000216    4.0634083E-09
      1341.5000218    3.7436121E-09
      1355.1000220    3.3824721E-09
      1360.6000221    3.2473548E-09
      1371.4000223    2.9988265E-09
      1382.3000225    2.7688651E-09
      1390.5000226    2.6085478E-09
      1395.9000227    2.5085167E-09
      1404.1000228    2.3645301E-09
      1406.8000229    2.3191138E-09
      1409.5000229    2.2746480E-09
      1415.0000230    2.1869209E-09
      1417.7000231    2.1452125E-09
      1420.4000231    2.1043711E-09
      1423.1000231    2.0643773E-09
      1425.9000232    2.0237774E-09
      1428.6000232    1.9854520E-09
      1431.3000233    1.9479183E-09
      1436.7000234    1.8751545E-09
      1439.5000234    1.8385987E-09
      1442.2000235    1.8040848E-09
      1444.9000235    1.7702775E-09
      1447.6000235    1.7371614E-09
      1450.4000236    1.7035324E-09
      1453.1000236    1.6717773E-09
      1455.8000237    8.8459666E-09
      1458.5000237    8.7549292E-09
      1461.2000238    8.6387093E-09
      1466.7000239    8.3681533E-09
      1469.4000239    8.2299900E-09
      1472.1000239    8.0916935E-09
      1477.6000240    7.8137576E-09
      1480.3000241    7.6801623E-09
      1488.4000242    7.2926887E-09
      1491.2000242    7.1635244E-09
      1496.6000243    6.9212720E-09
      1551.0000252    4.9176663E-09
      1632.7000266    2.9911820E-09
      1823.1000296    1.0144402E-09
      2340.2000381    8.4539875E-11
      2829.9000460    1.2356688E-11
      3047.6000496    5.7774744E-12
      3700.7000602    7.5767626E-13
      4000.0000650    3.2601227E-13
      4680.3000761    5.4328178E-14
      5006.8000814    2.2117455E-14
      5387.8000876    6.7575340E-15
 
