       80.0000013    1.7980642E+00
        85.0000014    1.1856471E+00
        90.0000015    7.9063970E-01
        95.2390015    5.2340108E-01
       100.6800016    3.4543681E-01
       114.2900019    1.2896571E-01
       119.7300019    8.8736653E-02
       122.4500020    7.3895469E-02
       125.1700020    6.1689939E-02
       127.8900021    5.1624350E-02
       130.6100021    4.3301374E-02
       133.3300022    3.6401562E-02
       136.0600022    3.0648101E-02
       146.9400024    3.3320125E-02
       149.6600024    2.9915657E-02
       155.1000025    2.3900477E-02
       157.8200026    2.1355061E-02
       160.5500026    1.9088794E-02
       165.9900027    1.5319680E-02
       171.4300028    1.2360730E-02
       176.8700029    1.0026693E-02
       179.5900029    9.0478500E-03
       182.3100030    8.1744883E-03
       185.0400030    7.3913406E-03
       187.7600031    6.6931853E-03
       190.4800031    6.0674790E-03
       195.9200032    5.0012637E-03
       198.6400032    4.5471559E-03
       204.0800033    3.9593461E-03
       206.8000034    3.6038095E-03
       209.5300034    3.2802392E-03
       212.2500035    2.9894779E-03
       214.9700035    2.7275863E-03
       220.4100036    2.2790325E-03
       225.8500037    1.9137585E-03
       236.7400038    1.3685194E-03
       247.6200040    9.9629955E-04
       258.5100042    7.3659653E-04
       272.1100044    5.1502784E-04
       285.7200046    3.6674575E-04
       299.3200049    2.6536599E-04
       312.9300051    1.9456013E-04
       340.1400055    1.0812841E-04
       353.7400058    8.1737235E-05
       380.9500062    4.7771176E-05
       394.5600064    3.6884343E-05
       408.1700066    2.8649212E-05
       435.3800071    1.7573064E-05
       462.5900075    1.0995474E-05
       476.1900077    8.7582548E-06
       489.8000080    7.0053279E-06
       503.4000082    5.6275121E-06
       517.0100084    4.5381257E-06
       557.8300091    2.4349092E-06
       571.4300093    1.9929705E-06
       585.0400095    1.6365378E-06
       612.2500100    1.1144690E-06
       666.6700108    5.3591629E-07
       680.2800111    4.4939850E-07
       707.4900115    3.1855069E-07
       734.7000119    2.2807197E-07
       761.9100124    1.6484272E-07
       789.1200128    1.2021282E-07
       816.3300133    8.8411959E-08
       843.5400137    6.5548441E-08
       870.7500142    4.8970129E-08
       911.5700148    3.2050551E-08
       952.3900155    2.1298858E-08
       993.2000162    1.4358048E-08
      1020.4000166    1.1121976E-08
      1061.2000173    7.6628783E-09
      1088.4000177    6.0178502E-09
      1102.0000179    5.3432334E-09
      1115.7000181    4.7461048E-09
      1129.3000184    4.2245607E-09
      1142.9000186    3.7648609E-09
      1156.5000188    3.3591501E-09
      1170.1000190    3.0006362E-09
      1197.3000195    2.4024471E-09
      1210.9000197    2.1532391E-09
      1224.5000199    1.9319581E-09
      1227.2000200    1.8910493E-09
      1229.9000200    1.8510837E-09
      1232.7000200    1.8106087E-09
      1235.4000201    1.7724918E-09
      1238.1000201    1.7352487E-09
      1240.8000202    1.6988574E-09
      1243.5000202    1.6632971E-09
      1246.3000203    1.6272754E-09
      1249.0000203    1.5933448E-09
      1257.2000204    1.7565502E-09
      1259.9000205    1.7211904E-09
      1262.6000205    1.6857034E-09
      1270.8000207    1.5806606E-09
      1281.6000208    1.4519138E-09
      1289.8000210    1.4705358E-09
      1292.5000210    1.4403356E-09
      1295.2000211    1.4104716E-09
      1298.0000211    1.3800221E-09
      1300.7000212    1.3512385E-09
      1303.4000212    1.3230550E-09
      1306.1000212    1.2954813E-09
      1314.3000214    1.2154358E-09
      1330.6000216    1.0718066E-09
      1341.5000218    9.8613750E-10
      1355.1000220    8.8956387E-10
      1360.6000221    8.5348134E-10
      1371.4000223    7.8718732E-10
      1382.3000225    7.2593626E-10
      1390.5000226    6.8328920E-10
      1395.9000227    6.5670269E-10
      1404.1000228    6.1846656E-10
      1406.8000229    6.0641442E-10
      1409.5000229    5.9461841E-10
      1415.0000230    5.7135768E-10
      1417.7000231    5.6030425E-10
      1420.4000231    5.4948412E-10
      1423.1000231    5.3889204E-10
      1425.9000232    5.2814286E-10
      1428.6000232    5.1799925E-10
      1431.3000233    5.0806825E-10
      1436.7000234    4.8882498E-10
      1439.5000234    4.7916193E-10
      1442.2000235    4.7004145E-10
      1444.9000235    4.6111051E-10
      1447.6000235    4.5236484E-10
      1450.4000236    4.4348644E-10
      1453.1000236    4.3510537E-10
      1455.8000237    2.4703959E-09
      1458.5000237    2.4446642E-09
      1461.2000238    2.4116746E-09
      1466.7000239    2.3345932E-09
      1469.4000239    2.2951701E-09
      1472.1000239    2.2556956E-09
      1477.6000240    2.1763633E-09
      1480.3000241    2.1382414E-09
      1488.4000242    2.0277486E-09
      1491.2000242    1.9909441E-09
      1496.6000243    1.9219659E-09
      1551.0000252    1.3542457E-09
      1632.7000266    8.1423324E-10
      1823.1000296    2.6950689E-10
      2340.2000381    2.0998221E-11
      2829.9000460    2.8258936E-12
      3047.6000496    1.2662536E-12
      3700.7000602    1.3862045E-13
      4000.0000650    5.2040878E-14
      4680.3000761    6.8948170E-16
      5006.8000814    0.0000000E+00
      5387.8000876    0.0000000E+00
 
