       80.0000013    2.8968615E-02
        85.0000014    1.6339937E-02
        90.0000015    9.4126416E-03
        95.2390015    5.3973822E-03
       100.6800016    3.1001994E-03
       114.2900019    8.5911219E-04
       119.7300019    5.3668738E-04
       122.4500020    4.2817334E-04
       125.1700020    3.4375989E-04
       127.8900021    2.7774126E-04
       130.6100021    2.2582791E-04
       133.3300022    1.8478103E-04
       136.0600022    1.5203792E-04
       146.9400024    8.7988336E-04
       149.6600024    7.5703510E-04
       155.1000025    5.6079839E-04
       157.8200026    4.8364987E-04
       160.5500026    4.1756275E-04
       165.9900027    3.1309313E-04
       171.4300028    2.3621367E-04
       176.8700029    1.7924602E-04
       179.5900029    1.5646475E-04
       182.3100030    1.3675963E-04
       185.0400030    1.1963190E-04
       187.7600031    1.0483251E-04
       190.4800031    9.1976843E-05
       195.9200032    7.1055743E-05
       198.6400032    6.2562867E-05
       204.0800033    1.0137347E-04
       206.8000034    9.1657683E-05
       209.5300034    8.2860286E-05
       212.2500035    7.4982570E-05
       214.9700035    6.7905879E-05
       220.4100036    5.5827204E-05
       225.8500037    4.6041325E-05
       236.7400038    3.1581607E-05
       247.6200040    2.1908203E-05
       258.5100042    1.5347294E-05
       272.1100044    9.9720346E-06
       285.7200046    6.5684940E-06
       299.3200049    4.3854047E-06
       312.9300051    2.9638340E-06
       340.1400055    1.4023641E-06
       353.7400058    9.8062560E-07
       380.9500062    4.9392440E-07
       394.5600064    3.5542138E-07
       408.1700066    2.5798357E-07
       435.3800071    1.3928869E-07
       462.5900075    7.7462872E-08
       476.1900077    5.8363518E-08
       489.8000080    4.4243027E-08
       503.4000082    3.3747611E-08
       517.0100084    2.5884166E-08
       557.8300091    1.2055883E-08
       571.4300093    9.4374704E-09
       585.0400095    7.4196569E-09
       612.2500100    4.6454538E-09
       666.6700108    1.9067561E-09
       680.2800111    1.5394428E-09
       707.4900115    1.0132623E-09
       734.7000119    6.7497302E-10
       761.9100124    4.5467505E-10
       789.1200128    3.0948627E-10
       816.3300133    2.1272117E-10
       843.5400137    1.4754813E-10
       870.7500142    1.0321743E-10
       911.5700148    6.1285234E-11
       952.3900155    3.6978861E-11
       993.2000162    2.2639002E-11
      1020.4000166    1.6441635E-11
      1061.2000173    1.0273711E-11
      1088.4000177    7.5516980E-12
      1102.0000179    6.4843022E-12
      1115.7000181    5.5667853E-12
      1129.3000184    4.7886018E-12
      1142.9000186    4.1225322E-12
      1156.5000188    3.5517578E-12
      1170.1000190    3.0620988E-12
      1197.3000195    2.2800735E-12
      1210.9000197    1.9690000E-12
      1224.5000199    1.7010817E-12
      1227.2000200    1.6524700E-12
      1229.9000200    1.6052689E-12
      1232.7000200    1.5577641E-12
      1235.4000201    1.5133066E-12
      1238.1000201    1.4701349E-12
      1240.8000202    1.4282106E-12
      1243.5000202    1.3874966E-12
      1246.3000203    1.3465142E-12
      1249.0000203    1.3081546E-12
      1257.2000204    1.2290820E-12
      1259.9000205    1.1941963E-12
      1262.6000205    1.1601959E-12
      1270.8000207    1.0625269E-12
      1281.6000208    9.4622997E-13
      1289.8000210    8.7920085E-13
      1292.5000210    8.5412379E-13
      1295.2000211    8.2971976E-13
      1298.0000211    8.0512306E-13
      1300.7000212    7.8208170E-13
      1303.4000212    7.5969125E-13
      1306.1000212    7.3793581E-13
      1314.3000214    6.7558340E-13
      1330.6000216    5.6674359E-13
      1341.5000218    5.0383135E-13
      1355.1000220    4.3490342E-13
      1360.6000221    4.0973453E-13
      1371.4000223    3.6438498E-13
      1382.3000225    3.2358366E-13
      1390.5000226    2.9584562E-13
      1395.9000227    2.7884940E-13
      1404.1000228    2.5482584E-13
      1406.8000229    2.4736037E-13
      1409.5000229    2.4010487E-13
      1415.0000230    2.2595012E-13
      1417.7000231    2.1929667E-13
      1420.4000231    2.1283034E-13
      1423.1000231    2.0654583E-13
      1425.9000232    2.0021517E-13
      1428.6000232    1.9428545E-13
      1431.3000233    1.8852252E-13
      1436.7000234    1.7747846E-13
      1439.5000234    1.7199533E-13
      1442.2000235    1.6685955E-13
      1444.9000235    1.6186835E-13
      1447.6000235    1.5701768E-13
      1450.4000236    1.5213159E-13
      1453.1000236    1.4755517E-13
      1455.8000237    9.7789029E-13
      1458.5000237    9.5667560E-13
      1461.2000238    9.3271267E-13
      1466.7000239    8.8080015E-13
      1469.4000239    8.5521179E-13
      1472.1000239    8.2997818E-13
      1477.6000240    7.8017253E-13
      1480.3000241    7.5661238E-13
      1488.4000242    6.8958869E-13
      1491.2000242    6.6767685E-13
      1496.6000243    6.2717133E-13
      1551.0000252    3.1017851E-13
      1632.7000266    9.5012207E-14
 
