       80.0000013    7.2542691E-01
        85.0000014    4.5820785E-01
        90.0000015    2.9385680E-01
        95.2390015    1.8739972E-01
       100.6800016    1.1933805E-01
       114.2900019    4.1118562E-02
       119.7300019    2.7465321E-02
       122.4500020    2.2543354E-02
       125.1700020    1.8553678E-02
       127.8900021    1.5310056E-02
       130.6100021    1.2665432E-02
       133.3300022    1.0503268E-02
       136.0600022    8.7249922E-03
       146.9400024    1.4366742E-02
       149.6600024    1.2885821E-02
       155.1000025    1.0228380E-02
       157.8200026    9.0993633E-03
       160.5500026    8.0945157E-03
       165.9900027    6.4272601E-03
       171.4300028    5.1251356E-03
       176.8700029    4.1050385E-03
       179.5900029    3.6798527E-03
       182.3100030    3.3021674E-03
       185.0400030    2.9650966E-03
       187.7600031    2.6661111E-03
       190.4800031    2.3995594E-03
       195.9200032    1.9490680E-03
       198.6400032    1.7589144E-03
       204.0800033    1.5303617E-03
       206.8000034    1.3931913E-03
       209.5300034    1.2695530E-03
       212.2500035    1.1588490E-03
       214.9700035    1.0592084E-03
       220.4100036    8.8829262E-04
       225.8500037    7.4854709E-04
       236.7400038    5.3834694E-04
       247.6200040    3.9322252E-04
       258.5100042    2.9089654E-04
       272.1100044    2.0277913E-04
       285.7200046    1.4341186E-04
       299.3200049    1.0273579E-04
       312.9300051    7.4390766E-05
       340.1400055    4.0132447E-05
       353.7400058    2.9849349E-05
       380.9500062    1.6874143E-05
       394.5600064    1.2814061E-05
       408.1700066    9.7915918E-06
       435.3800071    5.8191158E-06
       462.5900075    3.5337785E-06
       476.1900077    2.7748911E-06
       489.8000080    2.1889998E-06
       503.4000082    1.7350510E-06
       517.0100084    1.3811014E-06
       557.8300091    7.1429304E-07
       571.4300093    5.7793852E-07
       585.0400095    4.6927715E-07
       612.2500100    3.1276139E-07
       666.6700108    1.4453101E-07
       680.2800111    1.2007476E-07
       707.4900115    8.3603908E-08
       734.7000119    5.8850652E-08
       761.9100124    4.1857255E-08
       789.1200128    3.0064204E-08
       816.3300133    2.1795666E-08
       843.5400137    1.5941509E-08
       870.7500142    1.1758139E-08
       911.5700148    7.5594304E-09
       952.3900155    4.9420477E-09
       993.2000162    3.2819485E-09
      1020.4000166    2.5186613E-09
      1061.2000173    1.7127617E-09
      1088.4000177    1.3341014E-09
      1102.0000179    1.1798718E-09
      1115.7000181    1.0439435E-09
      1129.3000184    9.2571723E-10
      1142.9000186    8.2193258E-10
      1156.5000188    7.3069845E-10
      1170.1000190    6.5038774E-10
      1197.3000195    5.1711946E-10
      1210.9000197    4.6190510E-10
      1224.5000199    4.1304934E-10
      1227.2000200    4.0403617E-10
      1229.9000200    3.9523668E-10
      1232.7000200    3.8633116E-10
      1235.4000201    3.7795020E-10
      1238.1000201    3.6976680E-10
      1240.8000202    3.6177589E-10
      1243.5000202    3.5397260E-10
      1246.3000203    3.4607339E-10
      1249.0000203    3.3863767E-10
      1257.2000204    3.5313316E-10
      1259.9000205    3.4574660E-10
      1262.6000205    3.3840022E-10
      1270.8000207    3.1681202E-10
      1281.6000208    2.9046512E-10
      1289.8000210    2.8718558E-10
      1292.5000210    2.8113611E-10
      1295.2000211    2.7517619E-10
      1298.0000211    2.6911257E-10
      1300.7000212    2.6338828E-10
      1303.4000212    2.5778824E-10
      1306.1000212    2.5231298E-10
      1314.3000214    2.3643404E-10
      1330.6000216    2.0799207E-10
      1341.5000218    1.9105917E-10
      1355.1000220    1.7200195E-10
      1360.6000221    1.6489078E-10
      1371.4000223    1.5183926E-10
      1382.3000225    1.3979734E-10
      1390.5000226    1.3142314E-10
      1395.9000227    1.2620706E-10
      1404.1000228    1.1871173E-10
      1406.8000229    1.1635078E-10
      1409.5000229    1.1404078E-10
      1415.0000230    1.0948793E-10
      1417.7000231    1.0732553E-10
      1420.4000231    1.0520935E-10
      1423.1000231    1.0313856E-10
      1425.9000232    1.0103778E-10
      1428.6000232    9.9056000E-11
      1431.3000233    9.7116398E-11
      1436.7000234    9.3359875E-11
      1439.5000234    9.1474467E-11
      1442.2000235    8.9695529E-11
      1444.9000235    8.7954123E-11
      1447.6000235    8.6249397E-11
      1450.4000236    8.4519378E-11
      1453.1000236    8.2886809E-11
      1455.8000237    5.0166482E-10
      1458.5000237    4.9626880E-10
      1461.2000238    4.8936022E-10
      1466.7000239    4.7321153E-10
      1469.4000239    4.6495099E-10
      1472.1000239    4.5668075E-10
      1477.6000240    4.4006651E-10
      1480.3000241    4.3208720E-10
      1488.4000242    4.0898063E-10
      1491.2000242    4.0129203E-10
      1496.6000243    3.8689291E-10
      1551.0000252    2.6906422E-10
      1632.7000266    1.5851258E-10
      1823.1000296    4.9846568E-11
      2340.2000381    3.3095013E-12
      2829.9000460    3.6037986E-13
      3047.6000496    1.4183010E-13
      3700.7000602    5.6930159E-16
      4000.0000650    0.0000000E+00
      4680.3000761    0.0000000E+00
 
