       80.0000013    1.1857638E+00
        85.0000014    7.6531023E-01
        90.0000015    5.0050247E-01
        95.2390015    3.2523239E-01
       100.6800016    2.1088977E-01
       114.2900019    7.5717770E-02
       119.7300019    5.1362153E-02
       122.4500020    4.2477094E-02
       125.1700020    3.5220768E-02
       127.8900021    2.9277425E-02
       130.6100021    2.4395907E-02
       133.3300022    2.0375751E-02
       136.0600022    1.7045340E-02
       146.9400024    2.2290293E-02
       149.6600024    2.0036833E-02
       155.1000025    1.5998112E-02
       157.8200026    1.4278695E-02
       160.5500026    1.2745250E-02
       165.9900027    1.0192326E-02
       171.4300028    8.1883753E-03
       176.8700029    6.6097472E-03
       179.5900029    5.9487699E-03
       182.3100030    5.3598019E-03
       185.0400030    4.8324671E-03
       187.7600031    4.3631522E-03
       190.4800031    3.9433111E-03
       195.9200032    3.2300332E-03
       198.6400032    2.9272693E-03
       204.0800033    2.5081413E-03
       206.8000034    2.2820479E-03
       209.5300034    2.0778023E-03
       212.2500035    1.8948619E-03
       214.9700035    1.7302973E-03
       220.4100036    1.4484809E-03
       225.8500037    1.2187123E-03
       236.7400038    8.7466079E-04
       247.6200040    6.3853519E-04
       258.5100042    4.7286530E-04
       272.1100044    3.3072071E-04
       285.7200046    2.3511583E-04
       299.3200049    1.6955455E-04
       312.9300051    1.2372446E-04
       340.1400055    6.7908295E-05
       353.7400058    5.0967461E-05
       380.9500062    2.9340161E-05
       394.5600064    2.2480037E-05
       408.1700066    1.7328137E-05
       435.3800071    1.0472259E-05
       462.5900075    6.4609940E-06
       476.1900077    5.1120151E-06
       489.8000080    4.0624177E-06
       503.4000082    3.2430239E-06
       517.0100084    2.5994093E-06
       557.8300091    1.3710863E-06
       571.4300093    1.1162451E-06
       585.0400095    9.1185029E-07
       612.2500100    6.1479142E-07
       666.6700108    2.9021112E-07
       680.2800111    2.4229996E-07
       707.4900115    1.7030840E-07
       734.7000119    1.2095521E-07
       761.9100124    8.6750603E-08
       789.1200128    6.2799195E-08
       816.3300133    4.5862954E-08
       843.5400137    3.3775791E-08
       870.7500142    2.5073113E-08
       911.5700148    1.6263781E-08
       952.3900155    1.0718903E-08
       993.2000162    7.1710300E-09
      1020.4000166    5.5285536E-09
      1061.2000173    3.7839336E-09
      1088.4000177    2.9593925E-09
      1102.0000179    2.6224434E-09
      1115.7000181    2.3248596E-09
      1129.3000184    2.0655062E-09
      1142.9000186    1.8373861E-09
      1156.5000188    1.6364683E-09
      1170.1000190    1.4592757E-09
      1197.3000195    1.1644571E-09
      1210.9000197    1.0419814E-09
      1224.5000199    9.3342423E-10
      1227.2000200    9.1337643E-10
      1229.9000200    8.9379737E-10
      1232.7000200    8.7397567E-10
      1235.4000201    8.5531532E-10
      1238.1000201    8.3708879E-10
      1240.8000202    8.1928514E-10
      1243.5000202    8.0189383E-10
      1246.3000203    7.8428281E-10
      1249.0000203    7.6769974E-10
      1257.2000204    8.2242063E-10
      1259.9000205    8.0556301E-10
      1262.6000205    7.8872248E-10
      1270.8000207    7.3905382E-10
      1281.6000208    6.7830519E-10
      1289.8000210    6.7873612E-10
      1292.5000210    6.6463907E-10
      1295.2000211    6.5072503E-10
      1298.0000211    6.3655303E-10
      1300.7000212    6.2316508E-10
      1303.4000212    6.1006183E-10
      1306.1000212    5.9724609E-10
      1314.3000214    5.6006022E-10
      1330.6000216    4.9339288E-10
      1341.5000218    4.5366391E-10
      1355.1000220    4.0891240E-10
      1360.6000221    3.9220199E-10
      1371.4000223    3.6151504E-10
      1382.3000225    3.3318034E-10
      1390.5000226    3.1346259E-10
      1395.9000227    3.0117503E-10
      1404.1000228    2.8350983E-10
      1406.8000229    2.7794334E-10
      1409.5000229    2.7249594E-10
      1415.0000230    2.6175642E-10
      1417.7000231    2.5665414E-10
      1420.4000231    2.5166025E-10
      1423.1000231    2.4677227E-10
      1425.9000232    2.4181249E-10
      1428.6000232    2.3713279E-10
      1431.3000233    2.3255181E-10
      1436.7000234    2.2367701E-10
      1439.5000234    2.1922142E-10
      1442.2000235    2.1501660E-10
      1444.9000235    2.1089970E-10
      1447.6000235    2.0686873E-10
      1450.4000236    2.0277716E-10
      1453.1000236    1.9891526E-10
      1455.8000237    1.1675645E-09
      1458.5000237    1.1552864E-09
      1461.2000238    1.1395290E-09
      1466.7000239    1.1026687E-09
      1469.4000239    1.0838072E-09
      1472.1000239    1.0649196E-09
      1477.6000240    1.0269633E-09
      1480.3000241    1.0087269E-09
      1488.4000242    9.5588892E-10
      1491.2000242    9.3829700E-10
      1496.6000243    9.0533553E-10
      1551.0000252    6.3469574E-10
      1632.7000266    3.7867665E-10
      1823.1000296    1.2294356E-10
      2340.2000381    8.9696731E-12
      2829.9000460    1.1179892E-12
      3047.6000496    4.8167129E-13
      3700.7000602    3.9492772E-14
      4000.0000650    9.7115199E-15
      4680.3000761    0.0000000E+00
      5006.8000814    0.0000000E+00
      5387.8000876    0.0000000E+00
 
