       80.0000013    8.5440688E-02
        85.0000014    5.0064720E-02
        90.0000015    2.9886540E-02
        95.2390015    1.7730320E-02
       100.6800016    1.0502575E-02
       114.2900019    3.0609532E-03
       119.7300019    1.9260793E-03
       122.4500020    1.5374804E-03
       125.1700020    1.2324628E-03
       127.8900021    9.9215715E-04
       130.6100021    8.0213300E-04
       133.3300022    6.5131421E-04
       136.0600022    5.3077569E-04
       146.9400024    2.2553077E-03
       149.6600024    1.9663132E-03
       155.1000025    1.4886557E-03
       157.8200026    1.2964749E-03
       160.5500026    1.1299298E-03
       165.9900027    8.6269248E-04
       171.4300028    6.6231895E-04
       176.8700029    5.1119312E-04
       179.5900029    4.4995628E-04
       182.3100030    3.9653888E-04
       185.0400030    3.4971809E-04
       187.7600031    3.0892543E-04
       190.4800031    2.7319911E-04
       195.9200032    2.1436480E-04
       198.6400032    1.9018773E-04
       204.0800033    2.4093023E-04
       206.8000034    2.1899624E-04
       209.5300034    1.9909644E-04
       212.2500035    1.8121536E-04
       214.9700035    1.6508429E-04
       220.4100036    1.3735653E-04
       225.8500037    1.1465779E-04
       236.7400038    8.0574217E-05
       247.6200040    5.7239264E-05
       258.5100042    4.1035230E-05
       272.1100044    2.7409957E-05
       285.7200046    1.8532257E-05
       299.3200049    1.2679318E-05
       312.9300051    8.7673461E-06
       340.1400055    4.3225159E-06
       353.7400058    3.0789790E-06
       380.9500062    1.6035871E-06
       394.5600064    1.1716264E-06
       408.1700066    8.6275270E-07
       435.3800071    4.7842468E-07
       462.5900075    2.7271983E-07
       476.1900077    2.0792055E-07
       489.8000080    1.5945248E-07
       503.4000082    1.2302112E-07
       517.0100084    9.5427467E-08
       557.8300091    4.5965503E-08
       571.4300093    3.6388371E-08
       585.0400095    2.8932842E-08
       612.2500100    1.8531999E-08
       666.6700108    7.9684721E-09
       680.2800111    6.5098864E-09
       707.4900115    4.3880028E-09
       734.7000119    2.9940277E-09
       761.9100124    2.0661415E-09
       789.1200128    1.4409124E-09
       816.3300133    1.0148008E-09
       843.5400137    7.2129497E-10
       870.7500142    5.1711180E-10
       911.5700148    3.1863265E-10
       952.3900155    1.9963409E-10
       993.2000162    1.2702128E-10
      1020.4000166    9.4718754E-11
      1061.2000173    6.1670218E-11
      1088.4000177    4.6649681E-11
      1102.0000179    4.0653148E-11
      1115.7000181    3.5437243E-11
      1129.3000184    3.0960116E-11
      1142.9000186    2.7081410E-11
      1156.5000188    2.3716624E-11
      1170.1000190    2.0793825E-11
      1197.3000195    1.6037871E-11
      1210.9000197    1.4107591E-11
      1224.5000199    1.2422514E-11
      1227.2000200    1.2114196E-11
      1229.9000200    1.1813999E-11
      1232.7000200    1.1511016E-11
      1235.4000201    1.1226664E-11
      1238.1000201    1.0949762E-11
      1240.8000202    1.0680104E-11
      1243.5000202    1.0417488E-11
      1246.3000203    1.0152375E-11
      1249.0000203    9.9035060E-12
      1257.2000204    9.5899877E-12
      1259.9000205    9.3577993E-12
      1262.6000205    9.1301003E-12
      1270.8000207    8.4703945E-12
      1281.6000208    7.6756587E-12
      1289.8000210    7.2955825E-12
      1292.5000210    7.1200133E-12
      1295.2000211    6.9483499E-12
      1298.0000211    6.7746251E-12
      1300.7000212    6.6112844E-12
      1303.4000212    6.4520147E-12
      1306.1000212    6.2967483E-12
      1314.3000214    5.8488427E-12
      1330.6000216    5.0554903E-12
      1341.5000218    4.5890444E-12
      1355.1000220    4.0699315E-12
      1360.6000221    3.8779431E-12
      1371.4000223    3.5282083E-12
      1382.3000225    3.2087694E-12
      1390.5000226    2.9886074E-12
      1395.9000227    2.8523501E-12
      1404.1000228    2.6577978E-12
      1406.8000229    2.5968331E-12
      1409.5000229    2.5373362E-12
      1415.0000230    2.4205252E-12
      1417.7000231    2.3652616E-12
      1420.4000231    2.3113213E-12
      1423.1000231    2.2586707E-12
      1425.9000232    2.2053973E-12
      1428.6000232    2.1552740E-12
      1431.3000233    2.1063440E-12
      1436.7000234    2.0119451E-12
      1439.5000234    1.9647532E-12
      1442.2000235    1.9203443E-12
      1444.9000235    1.8769853E-12
      1447.6000235    1.8346503E-12
      1450.4000236    1.7918016E-12
      1453.1000236    1.7514742E-12
      1455.8000237    1.1441400E-11
      1458.5000237    1.1282281E-11
      1461.2000238    1.1088522E-11
      1466.7000239    1.0647977E-11
      1469.4000239    1.0425509E-11
      1472.1000239    1.0203935E-11
      1477.6000240    9.7615136E-12
      1480.3000241    9.5501489E-12
      1488.4000242    8.9418750E-12
      1491.2000242    8.7407217E-12
      1496.6000243    8.3657144E-12
      1551.0000252    5.3926056E-12
      1632.7000266    2.8082558E-12
      1823.1000296    6.1967662E-13
      2340.2000381    0.0000000E+00
 
