       12.5000002    3.2280787E+18
        15.0000002    4.7503053E+18
        20.0000003    3.8125629E+18
        25.0000004    2.5694130E+18
        30.0000005    2.0757729E+18
        35.0000006    1.7756859E+18
        40.0000007    1.6649606E+18
        45.0000007    1.5559071E+18
        50.0000008    1.4191520E+18
        55.0000009    1.2393420E+18
        60.0000010    1.0357586E+18
        65.0000011    8.4619645E+17
        70.0000011    6.9346679E+17
        75.0000012    5.8364722E+18
        80.0000013    5.9708248E+18
        85.0000014    5.3709565E+18
        90.0000015    4.6802906E+18
        95.2390015    3.9355441E+18
       100.6800016    3.1787184E+18
       114.2900019    1.7779983E+18
       119.7300019    1.4004705E+18
       122.4500020    1.2419241E+18
       125.1700020    1.1008902E+18
       127.8900021    9.7559309E+17
       130.6100021    8.6440807E+17
       133.3300022    7.6585294E+17
       136.0600022    6.7827821E+17
       146.9400024    4.1937631E+17
       149.6600024    3.7240875E+17
       155.1000025    2.9442193E+17
       157.8200026    2.6218463E+17
       160.5500026    2.3365098E+17
       165.9900027    5.8850240E+17
       171.4300028    5.0503710E+17
       176.8700029    5.8223525E+17
       179.5900029    5.3744249E+17
       182.3100030    4.9351294E+17
       185.0400030    4.5172026E+17
       187.7600031    4.1282700E+17
       190.4800031    3.7672677E+17
       195.9200032    3.1241115E+17
       198.6400032    2.8385418E+17
       204.0800033    2.3311517E+17
       206.8000034    2.1062884E+17
       209.5300034    1.8980283E+17
       212.2500035    1.7065833E+17
       214.9700035    1.5299539E+17
       220.4100036    1.2165979E+17
       225.8500037    9.4948266E+16
       236.7400038    1.1170844E+17
       247.6200040    3.9951893E+16
 
