       12.5000002    3.9819113E+18
        15.0000002    3.3164382E+18
        20.0000003    2.1616146E+18
        25.0000004    2.1450037E+18
        30.0000005    2.6752184E+18
        35.0000006    2.6457787E+18
        40.0000007    2.4766703E+18
        45.0000007    2.1504571E+18
        50.0000008    1.7426473E+18
        55.0000009    1.3502253E+18
        60.0000010    1.0459741E+18
        65.0000011    8.4704713E+17
        70.0000011    7.2857207E+17
        75.0000012    3.9208461E+18
        80.0000013    4.3762407E+18
        85.0000014    4.4863945E+18
        90.0000015    4.5981557E+18
        95.2390015    4.5978987E+18
       100.6800016    4.3900390E+18
       114.2900019    3.7356298E+18
       119.7300019    3.4847633E+18
       122.4500020    3.3609181E+18
       125.1700020    3.2380461E+18
       127.8900021    3.1162386E+18
       130.6100021    2.9956736E+18
       133.3300022    2.8765745E+18
       136.0600022    2.7587725E+18
       146.9400024    2.3116957E+18
       149.6600024    2.2066532E+18
       155.1000025    2.0058387E+18
       157.8200026    1.9102879E+18
       160.5500026    1.8177408E+18
       165.9900027    2.1550631E+18
       171.4300028    2.0057232E+18
       176.8700029    2.0691752E+18
       179.5900029    2.0024416E+18
       182.3100030    1.9275793E+18
       185.0400030    1.8501172E+18
       187.7600031    1.7738421E+18
       190.4800031    1.7001761E+18
       195.9200032    1.5625179E+18
       198.6400032    1.4983707E+18
       204.0800033    1.3792182E+18
       206.8000034    1.3240715E+18
       209.5300034    1.2715037E+18
       212.2500035    1.2217375E+18
       214.9700035    1.1744161E+18
       220.4100036    1.0865139E+18
       225.8500037    1.0067000E+18
       236.7400038    1.0251342E+18
       247.6200040    8.8549190E+17
       258.5100042    7.6240487E+17
       272.1100044    6.3465921E+17
       285.7200046    5.3152935E+17
       299.3200049    4.4824670E+17
       312.9300051    3.8066202E+17
       340.1400055    2.8041037E+17
       353.7400058    2.4304449E+17
       380.9500062    1.8556341E+17
       394.5600064    1.6320690E+17
       408.1700066    1.4402797E+17
       435.3800071    1.1299477E+17
       462.5900075    8.9156288E+16
       476.1900077    7.9272314E+16
       489.8000080    7.0486173E+16
       503.4000082    6.2666571E+16
       517.0100084    5.5683598E+16
       557.8300091    3.8873294E+16
       571.4300093    3.4406098E+16
       585.0400095    3.0404213E+16
       612.2500100    2.3619385E+16
       666.6700108    1.3846849E+16
       680.2800111    1.2013773E+16
       707.4900115    8.9590693E+15
       734.7000119    6.4553321E+15
       761.9100124    4.4065334E+15
       789.1200128    2.6785054E+15
       816.3300133    8.9627552E+14
 
