       12.5000002    3.7394954E+18
        15.0000002    5.2518794E+18
        20.0000003    3.5909662E+18
        25.0000004    2.0022544E+18
        30.0000005    2.1806812E+18
        35.0000006    2.1140311E+18
        40.0000007    1.9373104E+18
        45.0000007    1.6806779E+18
        50.0000008    1.3832735E+18
        55.0000009    1.1024058E+18
        60.0000010    8.8380435E+17
        65.0000011    7.3301705E+17
        70.0000011    6.3094581E+17
        75.0000012    4.7054320E+18
        80.0000013    4.4305280E+18
        85.0000014    3.6342130E+18
        90.0000015    2.8647173E+18
        95.2390015    2.1751333E+18
       100.6800016    1.5982109E+18
       114.2900019    7.1474709E+17
       119.7300019    5.1625912E+17
       122.4500020    4.3889230E+17
       125.1700020    3.7331990E+17
       127.8900021    3.1778714E+17
       130.6100021    2.7077494E+17
       133.3300022    2.3097300E+17
       136.0600022    1.9714097E+17
       146.9400024    1.0584567E+17
       149.6600024    9.0609164E+16
       155.1000025    6.5899144E+16
       157.8200026    5.5729683E+16
       160.5500026    4.6588159E+16
       165.9900027    1.1095861E+17
       171.4300028    4.8960183E+16
 
