       12.5000002    2.4860640E+18
        15.0000002    2.6596386E+18
        20.0000003    2.7814637E+18
        25.0000004    2.4041371E+18
        30.0000005    2.9198980E+18
        35.0000006    2.5211868E+18
        40.0000007    2.0278154E+18
        45.0000007    1.5936368E+18
        50.0000008    1.2667561E+18
        55.0000009    1.0547612E+18
        60.0000010    9.3223200E+17
        65.0000011    8.5569705E+17
        70.0000011    7.9173042E+17
        75.0000012    4.8817464E+18
        80.0000013    5.4142289E+18
        85.0000014    5.4370663E+18
        90.0000015    5.4324495E+18
        95.2390015    5.3246028E+18
       100.6800016    4.9657244E+18
       114.2900019    3.8537874E+18
       119.7300019    3.4429838E+18
       122.4500020    3.2482737E+18
       125.1700020    3.0610239E+18
       127.8900021    2.8814085E+18
       130.6100021    2.7095339E+18
       133.3300022    2.5454599E+18
       136.0600022    2.3886175E+18
       146.9400024    1.8396919E+18
       149.6600024    1.7206549E+18
       155.1000025    1.5028387E+18
       157.8200026    1.4035353E+18
       160.5500026    1.3099377E+18
       165.9900027    1.6795162E+18
       171.4300028    1.5323931E+18
       176.8700029    1.6331182E+18
       179.5900029    1.5706305E+18
       182.3100030    1.5042524E+18
       185.0400030    1.4376579E+18
       187.7600031    1.3731999E+18
       190.4800031    1.3114697E+18
       195.9200032    1.1969167E+18
       198.6400032    1.1438472E+18
       204.0800033    1.0454456E+18
       206.8000034    9.9986969E+17
       209.5300034    9.5637349E+17
       212.2500035    9.1513796E+17
       214.9700035    8.7586952E+17
       220.4100036    8.0276004E+17
       225.8500037    7.3619045E+17
       236.7400038    7.0685933E+17
       247.6200040    5.9724571E+17
       258.5100042    5.0712978E+17
       272.1100044    4.1727421E+17
       285.7200046    3.4660410E+17
       299.3200049    2.9030138E+17
       312.9300051    2.4469827E+17
       340.1400055    1.7610792E+17
       353.7400058    1.4989592E+17
       380.9500062    1.0857466E+17
       394.5600064    9.2193998E+16
       408.1700066    7.8065669E+16
       435.3800071    5.5291575E+16
       462.5900075    3.8208944E+16
       476.1900077    3.1332879E+16
       489.8000080    2.5354633E+16
       503.4000082    2.0145207E+16
       517.0100084    1.5562508E+16
       557.8300091    3.3814895E+15
 
