       12.5000002    5.1014701E+18
        15.0000002    5.0168670E+18
        20.0000003    2.2644382E+18
        25.0000004    1.8716725E+18
        30.0000005    2.4007185E+18
        35.0000006    2.4399999E+18
        40.0000007    2.4581935E+18
        45.0000007    2.4010332E+18
        50.0000008    2.2028401E+18
        55.0000009    1.8694813E+18
        60.0000010    1.4849761E+18
        65.0000011    1.1423282E+18
        70.0000011    8.8397828E+17
        75.0000012    3.5908079E+18
        80.0000013    3.8316166E+18
        85.0000014    3.9644046E+18
        90.0000015    4.2511562E+18
        95.2390015    4.2648528E+18
       100.6800016    3.9236059E+18
       114.2900019    3.2328289E+18
       119.7300019    3.0555282E+18
       122.4500020    2.9760151E+18
       125.1700020    2.9002329E+18
       127.8900021    2.8269728E+18
       130.6100021    2.7553646E+18
       133.3300022    2.6847913E+18
       136.0600022    2.6145796E+18
       146.9400024    2.3370944E+18
       149.6600024    2.2681032E+18
       155.1000025    2.1309912E+18
       157.8200026    2.0630913E+18
       160.5500026    1.9955464E+18
       165.9900027    2.3763426E+18
       171.4300028    2.2770361E+18
       176.8700029    2.3628334E+18
       179.5900029    2.3198813E+18
       182.3100030    2.2603471E+18
       185.0400030    2.1902148E+18
       187.7600031    2.1156089E+18
       190.4800031    2.0408412E+18
       195.9200032    1.8963689E+18
       198.6400032    1.8261637E+18
       204.0800033    1.6919649E+18
       206.8000034    1.6288861E+18
       209.5300034    1.5683725E+18
       212.2500035    1.5107765E+18
       214.9700035    1.4557511E+18
       220.4100036    1.3529223E+18
       225.8500037    1.2589583E+18
       236.7400038    1.2864632E+18
       247.6200040    1.1408931E+18
       258.5100042    1.0051332E+18
       272.1100044    8.5733223E+17
       285.7200046    7.3266576E+17
       299.3200049    6.2771834E+17
       312.9300051    5.3931540E+17
       340.1400055    4.0249664E+17
       353.7400058    3.4993511E+17
       380.9500062    2.6820739E+17
       394.5600064    2.3648011E+17
       408.1700066    2.0947804E+17
       435.3800071    1.6653636E+17
       462.5900075    1.3441402E+17
       476.1900077    1.2133263E+17
       489.8000080    1.0980452E+17
       503.4000082    9.9603779E+16
       517.0100084    9.0517501E+16
       557.8300091    6.8521457E+16
       571.4300093    6.2576587E+16
       585.0400095    5.7181150E+16
       612.2500100    4.7812224E+16
       666.6700108    3.3494292E+16
       680.2800111    3.0638714E+16
       707.4900115    2.6296470E+16
       734.7000119    2.2120621E+16
       761.9100124    1.8334679E+16
       789.1200128    1.5190503E+16
       816.3300133    1.2571717E+16
       843.5400137    1.0386520E+16
       870.7500142    8.5608399E+15
       911.5700148    6.3667414E+15
       952.3900155    4.6861765E+15
       993.2000162    4.5366494E+15
      1020.4000166    3.5281712E+15
      1061.2000173    2.6522491E+15
      1088.4000177    1.9422307E+15
      1102.0000179    1.6341226E+15
      1115.7000181    1.3486000E+15
      1129.3000184    1.0839908E+15
      1142.9000186    8.3010236E+14
      1156.5000188    5.7153848E+14
      1170.1000190    2.4686289E+14
 
