       12.5000002    4.4075555E+02
        15.0000002    1.0289215E+02
        20.0000003    2.2296528E+01
        25.0000004    1.1520246E+01
        30.0000005    8.3268728E+00
        35.0000006    4.7791662E+00
        40.0000007    2.4798832E+00
        45.0000007    1.1857207E+00
        50.0000008    5.3797901E-01
        55.0000009    2.4306217E-01
        60.0000010    1.2130644E-01
        65.0000011    7.2766885E-02
        70.0000011    5.0740257E-02
        75.0000012    1.6490605E-01
        80.0000013    1.4725336E-01
        85.0000014    1.2387607E-01
        90.0000015    1.0598019E-01
        95.2390015    8.9078203E-02
       100.6800016    7.0577428E-02
       114.2900019    3.6081843E-02
       119.7300019    2.7222442E-02
       122.4500020    2.3590958E-02
       125.1700020    2.0414552E-02
       127.8900021    1.7641971E-02
       130.6100021    1.5226641E-02
       133.3300022    1.3126526E-02
       136.0600022    1.1297477E-02
       146.9400024    6.1537991E-03
       149.6600024    5.2756513E-03
       155.1000025    3.8686884E-03
       157.8200026    3.3092836E-03
       160.5500026    2.8271049E-03
       165.9900027    2.6432048E-03
       171.4300028    2.0107650E-03
       176.8700029    1.7186271E-03
       179.5900029    1.5149656E-03
       182.3100030    1.3308161E-03
       185.0400030    1.1666698E-03
       187.7600031    1.0226741E-03
       190.4800031    8.9638738E-04
       195.9200032    6.8887748E-04
       198.6400032    6.0387113E-04
       204.0800033    4.6372303E-04
       206.8000034    4.0614171E-04
       209.5300034    3.5534077E-04
       212.2500035    3.1082548E-04
       214.9700035    2.7164773E-04
       220.4100036    2.0678664E-04
       225.8500037    1.5650009E-04
       236.7400038    9.1115500E-05
       247.6200040    4.8743881E-05
       258.5100042    2.4556959E-05
       272.1100044    7.5997077E-06
 
