       12.5000002    1.4041672E+03
        15.0000002    5.7161212E+02
        20.0000003    4.2605869E+01
        25.0000004    1.9206779E+01
        30.0000005    1.3298422E+01
        35.0000006    8.3138676E+00
        40.0000007    5.4482641E+00
        45.0000007    3.4146197E+00
        50.0000008    1.9705354E+00
        55.0000009    1.0386953E+00
        60.0000010    5.1081795E-01
        65.0000011    2.4734388E-01
        70.0000011    1.2693527E-01
        75.0000012    2.9111868E-01
        80.0000013    2.4380851E-01
        85.0000014    2.0959075E-01
        90.0000015    1.8804525E-01
        95.2390015    1.5511322E-01
       100.6800016    1.1943053E-01
       114.2900019    6.7638591E-02
       119.7300019    5.5052500E-02
       122.4500020    4.9682107E-02
       125.1700020    4.4814296E-02
       127.8900021    4.0391870E-02
       130.6100021    3.6370389E-02
       133.3300022    3.2713708E-02
       136.0600022    2.9379537E-02
       146.9400024    1.8929150E-02
       149.6600024    1.6915727E-02
       155.1000025    1.3473325E-02
       157.8200026    1.2010492E-02
       160.5500026    1.0694585E-02
       165.9900027    1.0097405E-02
       171.4300028    8.1869485E-03
       176.8700029    7.0293038E-03
       179.5900029    6.3474360E-03
       182.3100030    5.6954278E-03
       185.0400030    5.0911461E-03
       187.7600031    4.5467652E-03
       190.4800031    4.0605529E-03
       195.9200032    3.2443942E-03
       198.6400032    2.9030221E-03
       204.0800033    2.3306706E-03
       206.8000034    2.0916625E-03
       209.5300034    1.8784930E-03
       212.2500035    1.6895423E-03
       214.9700035    1.5211967E-03
       220.4100036    1.2368696E-03
       225.8500037    1.0094389E-03
       236.7400038    8.0286735E-04
       247.6200040    5.3843192E-04
       258.5100042    3.5853658E-04
       272.1100044    2.1595528E-04
       285.7200046    1.3048369E-04
       299.3200049    7.9157930E-05
       312.9300051    4.8134767E-05
       340.1400055    1.7690862E-05
       353.7400058    1.0507288E-05
       380.9500062    3.1061061E-06
       394.5600064    1.1160398E-06
 
