       12.5000002    2.4989840E+01
        15.0000002    2.0041368E+01
        20.0000003    6.3656225E+00
        25.0000004    1.6070073E+00
        30.0000005    3.5851470E-01
        35.0000006    1.5112513E-01
        40.0000007    9.4141722E-02
        45.0000007    5.9137262E-02
        50.0000008    3.4570444E-02
        55.0000009    1.8021069E-02
        60.0000010    8.6165676E-03
        65.0000011    4.1038096E-03
        70.0000011    2.1267463E-03
        75.0000012    1.6025927E-02
        80.0000013    1.0060339E-02
        85.0000014    5.1037655E-03
        90.0000015    2.2318126E-03
        95.2390015    7.2146230E-04
 
