       12.5000002    4.7522739E+01
        15.0000002    2.9947670E+01
        20.0000003    1.4605492E+01
        25.0000004    5.8251581E+00
        30.0000005    3.5454416E+00
        35.0000006    1.2891635E+00
        40.0000007    4.7230858E-01
        45.0000007    2.0222206E-01
        50.0000008    1.0719391E-01
        55.0000009    6.9691002E-02
        60.0000010    4.9030833E-02
        65.0000011    3.3664741E-02
        70.0000011    2.1909025E-02
        75.0000012    9.0851240E-02
        80.0000013    7.8048281E-02
        85.0000014    6.0978904E-02
        90.0000015    4.7094516E-02
        95.2390015    3.4590539E-02
       100.6800016    2.3556069E-02
       114.2900019    8.1337644E-03
       119.7300019    5.2062571E-03
       122.4500020    4.1456735E-03
       125.1700020    3.2898537E-03
       127.8900021    2.6011202E-03
       130.6100021    2.0484340E-03
       133.3300022    1.6062742E-03
       136.0600022    1.2525432E-03
       146.9400024    4.3934977E-04
       149.6600024    3.3231758E-04
       155.1000025    1.8496794E-04
       157.8200026    1.3569093E-04
       160.5500026    9.8010911E-05
       165.9900027    1.2501844E-04
       171.4300028    6.3684296E-05
       176.8700029    2.0980895E-05
 
