       80.0000013    8.0217169E+18
        85.0000014    6.4090489E+18
        90.0000015    5.0989753E+18
        95.2390015    3.9980271E+18
       100.6800016    3.0949916E+18
       114.2900019    1.6068189E+18
       119.7300019    1.2275489E+18
       122.4500020    1.0708780E+18
       125.1700020    9.3285810E+17
       127.8900021    8.1135135E+17
       130.6100021    7.0446610E+17
       133.3300022    6.1052802E+17
       136.0600022    5.2777025E+17
       146.9400024    1.1103522E+18
       149.6600024    1.0290790E+18
       155.1000025    8.6415271E+17
       157.8200026    7.8594981E+17
       160.5500026    7.1134245E+17
       165.9900027    5.7429121E+17
       171.4300028    4.5115388E+17
       176.8700029    3.3895576E+17
       179.5900029    2.8559888E+17
       182.3100030    2.3285955E+17
       185.0400030    1.7870917E+17
       187.7600031    1.1887449E+17
       190.4800031    9.9302930E+15
 
