       12.5000002    3.2850560E+18
        15.0000002    2.8214991E+18
        20.0000003    2.5022930E+18
        25.0000004    2.3740259E+18
        30.0000005    2.9285478E+18
        35.0000006    2.7186382E+18
        40.0000007    2.3359155E+18
        45.0000007    1.8860649E+18
        50.0000008    1.4690340E+18
        55.0000009    1.1471627E+18
        60.0000010    9.3794210E+17
        65.0000011    8.1513250E+17
        70.0000011    7.3898438E+17
        75.0000012    4.2310695E+18
        80.0000013    4.6982500E+18
        85.0000014    4.7578452E+18
        90.0000015    4.8078614E+18
        95.2390015    4.7716567E+18
       100.6800016    4.5131497E+18
       114.2900019    3.6416784E+18
       119.7300019    3.3032760E+18
       122.4500020    3.1392005E+18
       125.1700020    2.9790355E+18
       127.8900021    2.8231437E+18
       130.6100021    2.6718479E+18
       133.3300022    2.5254471E+18
       136.0600022    2.3836780E+18
       146.9400024    1.8731969E+18
       149.6600024    1.7595116E+18
       155.1000025    1.5486669E+18
       157.8200026    1.4513148E+18
       160.5500026    1.3588405E+18
       165.9900027    1.6791759E+18
       171.4300028    1.5302061E+18
       176.8700029    1.6022602E+18
       179.5900029    1.5383493E+18
       182.3100030    1.4706166E+18
       185.0400030    1.4028009E+18
       187.7600031    1.3372920E+18
       190.4800031    1.2746732E+18
       195.9200032    1.1587609E+18
       198.6400032    1.1051973E+18
       204.0800033    1.0061153E+18
       206.8000034    9.6032459E+17
       209.5300034    9.1667886E+17
       212.2500035    8.7534725E+17
       214.9700035    8.3602830E+17
       220.4100036    7.6291545E+17
       225.8500037    6.9642434E+17
       236.7400038    6.5846185E+17
       247.6200040    5.4680112E+17
       258.5100042    4.5495228E+17
       272.1100044    3.6387420E+17
       285.7200046    2.9293866E+17
       299.3200049    2.3706127E+17
       312.9300051    1.9228345E+17
       340.1400055    1.2554843E+17
       353.7400058    9.9982655E+16
       380.9500062    5.8494427E+16
       394.5600064    4.0611381E+16
       408.1700066    2.2284728E+16
 
