       12.5000002    2.4960629E+18
        15.0000002    2.6608190E+18
        20.0000003    2.8236715E+18
        25.0000004    2.4720226E+18
        30.0000005    2.9967272E+18
        35.0000006    2.5350145E+18
        40.0000007    2.0059475E+18
        45.0000007    1.5678303E+18
        50.0000008    1.2524575E+18
        55.0000009    1.0533956E+18
        60.0000010    9.3712324E+17
        65.0000011    8.5869343E+17
        70.0000011    7.8733698E+17
        75.0000012    4.7179082E+18
        80.0000013    5.1993403E+18
        85.0000014    5.1949429E+18
        90.0000015    5.1609157E+18
        95.2390015    5.0164020E+18
       100.6800016    4.6258395E+18
       114.2900019    3.4673344E+18
       119.7300019    3.0489361E+18
       122.4500020    2.8527401E+18
       125.1700020    2.6654751E+18
       127.8900021    2.4872308E+18
       130.6100021    2.3180228E+18
       133.3300022    2.1577971E+18
       136.0600022    2.0058980E+18
       146.9400024    1.4850470E+18
       149.6600024    1.3745789E+18
       155.1000025    1.1750870E+18
       157.8200026    1.0853726E+18
       160.5500026    1.0015882E+18
       165.9900027    1.3433977E+18
       171.4300028    1.2121985E+18
       176.8700029    1.3049825E+18
       179.5900029    1.2483584E+18
       182.3100030    1.1884859E+18
       185.0400030    1.1285358E+18
       187.7600031    1.0705574E+18
       190.4800031    1.0150438E+18
       195.9200032    9.1201157E+17
       198.6400032    8.6428479E+17
       204.0800033    7.7583169E+17
       206.8000034    7.3489557E+17
       209.5300034    6.9585885E+17
       212.2500035    6.5889135E+17
       214.9700035    6.2373748E+17
       220.4100036    5.5847412E+17
       225.8500037    4.9935235E+17
       236.7400038    4.5447251E+17
       247.6200040    3.6743882E+17
       258.5100042    2.9745363E+17
       272.1100044    2.2809870E+17
       285.7200046    1.7299903E+17
       299.3200049    1.2768690E+17
       312.9300051    8.8496556E+16
 
