       12.5000002    4.6061706E+18
        15.0000002    4.1334040E+18
        20.0000003    2.1209225E+18
        25.0000004    2.0779801E+18
        30.0000005    2.5957430E+18
        35.0000006    2.5899799E+18
        40.0000007    2.5315912E+18
        45.0000007    2.3393237E+18
        50.0000008    2.0042500E+18
        55.0000009    1.5968063E+18
        60.0000010    1.2184496E+18
        65.0000011    9.3310762E+17
        70.0000011    7.4571332E+17
        75.0000012    3.5872218E+18
        80.0000013    3.9465114E+18
        85.0000014    4.0726955E+18
        90.0000015    4.2482405E+18
        95.2390015    4.2509063E+18
       100.6800016    4.0127581E+18
       114.2900019    3.4112384E+18
       119.7300019    3.2083334E+18
       122.4500020    3.1097248E+18
       125.1700020    3.0121061E+18
       127.8900021    2.9151245E+18
       130.6100021    2.8185981E+18
       133.3300022    2.7224988E+18
       136.0600022    2.6265406E+18
       146.9400024    2.2522185E+18
       149.6600024    2.1616579E+18
       155.1000025    1.9855628E+18
       157.8200026    1.9003749E+18
       160.5500026    1.8169916E+18
       165.9900027    2.1442137E+18
       171.4300028    2.0096879E+18
       176.8700029    2.0648596E+18
       179.5900029    2.0034091E+18
       182.3100030    1.9315023E+18
       185.0400030    1.8551212E+18
       187.7600031    1.7787349E+18
       190.4800031    1.7044037E+18
       195.9200032    1.5645836E+18
       198.6400032    1.4989709E+18
       204.0800033    1.3766636E+18
       206.8000034    1.3200081E+18
       209.5300034    1.2660160E+18
       212.2500035    1.2149286E+18
       214.9700035    1.1663869E+18
       220.4100036    1.0763492E+18
       225.8500037    9.9479242E+17
       236.7400038    1.0062036E+18
       247.6200040    8.6902369E+17
       258.5100042    7.4617944E+17
       272.1100044    6.1736011E+17
       285.7200046    5.1262386E+17
       299.3200049    4.2767645E+17
       312.9300051    3.5863767E+17
       340.1400055    2.5652068E+17
       353.7400058    2.1874026E+17
       380.9500062    1.6119859E+17
       394.5600064    1.3907010E+17
       408.1700066    1.2021832E+17
       435.3800071    8.9983877E+16
       462.5900075    6.6972499E+16
       476.1900077    5.7476481E+16
       489.8000080    4.9048514E+16
       503.4000082    4.1548577E+16
       517.0100084    3.4836450E+16
       557.8300091    1.8328747E+16
       571.4300093    1.3611607E+16
       585.0400095    8.8737310E+15
 
