       80.0000013    3.5169667E-01
        85.0000014    1.9619612E-01
        90.0000015    1.0991171E-01
        95.2390015    6.0010016E-02
       100.6800016    3.1959008E-02
       114.2900019    6.3583436E-03
       119.7300019    3.2334346E-03
       122.4500020    2.2824318E-03
       125.1700020    1.5977441E-03
       127.8900021    1.1075608E-03
       130.6100021    7.5892999E-04
       133.3300022    5.1285297E-04
       136.0600022    3.4013810E-04
       146.9400024    4.8713372E-04
       149.6600024    2.2871737E-04
 
