       80.0000013    1.9763713E+00
        85.0000014    1.2653588E+00
        90.0000015    8.1458092E-01
        95.2390015    5.1678097E-01
       100.6800016    3.2450292E-01
       114.2900019    1.0459267E-01
       119.7300019    6.7285776E-02
       122.4500020    5.4080289E-02
       125.1700020    4.3520488E-02
       127.8900021    3.5061996E-02
       130.6100021    2.8275821E-02
       133.3300022    2.2823185E-02
       136.0600022    1.8421529E-02
       146.9400024    1.8461488E-02
       149.6600024    1.6031902E-02
       155.1000025    1.1930099E-02
       157.8200026    1.0266086E-02
       160.5500026    8.8239415E-03
       165.9900027    6.5196208E-03
       171.4300028    4.8105549E-03
       176.8700029    3.5417937E-03
       179.5900029    3.0354278E-03
       182.3100030    2.5987916E-03
       185.0400030    2.2209815E-03
       187.7600031    1.8964976E-03
       190.4800031    1.6167791E-03
       195.9200032    1.1681676E-03
       198.6400032    9.8952767E-04
       204.0800033    7.5040158E-04
       206.8000034    6.3697755E-04
       209.5300034    5.3942553E-04
       212.2500035    4.5610985E-04
       214.9700035    3.8460584E-04
       220.4100036    2.7031358E-04
       225.8500037    1.8546057E-04
       236.7400038    7.3199029E-05
 
