       80.0000013    2.8520374E+00
        85.0000014    1.8849959E+00
        90.0000015    1.2513784E+00
        95.2390015    8.1901163E-01
       100.6800016    5.3066182E-01
       114.2900019    1.8453273E-01
       119.7300019    1.2237018E-01
       122.4500020    9.9878103E-02
       125.1700020    8.1638001E-02
       127.8900021    6.6820845E-02
       130.6100021    5.4764222E-02
       133.3300022    4.4937953E-02
       136.0600022    3.6890354E-02
       146.9400024    3.1840097E-02
       149.6600024    2.7784659E-02
       155.1000025    2.1005670E-02
       157.8200026    1.8259298E-02
       160.5500026    1.5873782E-02
       165.9900027    1.2038860E-02
       171.4300028    9.1595724E-03
       176.8700029    6.9864145E-03
       179.5900029    6.1056283E-03
       182.3100030    5.3373789E-03
       185.0400030    4.6642353E-03
       187.7600031    4.0781563E-03
       190.4800031    3.5654276E-03
       195.9200032    2.7232880E-03
       198.6400032    2.3786197E-03
       204.0800033    1.8871754E-03
       206.8000034    1.6435307E-03
       209.5300034    1.4301364E-03
       212.2500035    1.2451517E-03
       214.9700035    1.0842689E-03
       220.4100036    8.2248164E-04
       225.8500037    6.2379340E-04
       236.7400038    3.5656875E-04
       247.6200040    1.9954190E-04
       258.5100042    1.0584951E-04
       272.1100044    3.8396978E-05
 
