       80.0000013    7.1922827E-01
        85.0000014    4.2495817E-01
        90.0000015    2.5285685E-01
        95.2390015    1.4779444E-01
       100.6800016    8.5150890E-02
       114.2900019    2.1761823E-02
       119.7300019    1.2608154E-02
       122.4500020    9.5827235E-03
       125.1700020    7.2726067E-03
       127.8900021    5.5092671E-03
       130.6100021    4.1642338E-03
       133.3300022    3.1393829E-03
       136.0600022    2.3571504E-03
       146.9400024    3.6816096E-03
       149.6600024    2.9919981E-03
       155.1000025    1.9075035E-03
       157.8200026    1.5001909E-03
       160.5500026    1.1655558E-03
       165.9900027    6.7396840E-04
       171.4300028    3.5232460E-04
       176.8700029    1.3849483E-04
       179.5900029    3.9785955E-05
 
