       80.0000013    1.2619263E+00
        85.0000014    7.7895528E-01
        90.0000015    4.8400584E-01
        95.2390015    2.9614145E-01
       100.6800016    1.7918599E-01
       114.2900019    5.2541178E-02
       119.7300019    3.2463603E-02
       122.4500020    2.5548490E-02
       125.1700020    2.0117259E-02
       127.8900021    1.5846087E-02
       130.6100021    1.2483565E-02
       133.3300022    9.8340465E-03
       136.0600022    7.7381111E-03
       146.9400024    9.4820615E-03
       149.6600024    8.0938833E-03
       155.1000025    5.7769273E-03
       157.8200026    4.8536677E-03
       160.5500026    4.0647062E-03
       165.9900027    2.8333438E-03
       171.4300028    1.9533075E-03
       176.8700029    1.3277801E-03
       179.5900029    1.0874373E-03
       182.3100030    8.8575465E-04
       185.0400030    7.1628101E-04
       187.7600031    5.7523191E-04
       190.4800031    4.5765884E-04
       195.9200032    2.7887020E-04
       198.6400032    2.1183137E-04
       204.0800033    1.4426229E-04
       206.8000034    9.8311393E-05
       209.5300034    5.3173444E-05
 
