       12.5000002    2.0898888E+18
        15.0000002    3.0441126E+18
        20.0000003    3.1003891E+18
        25.0000004    2.6431539E+18
        30.0000005    2.9755281E+18
        35.0000006    2.3122883E+18
        40.0000007    1.7952962E+18
        45.0000007    1.4633846E+18
        50.0000008    1.2587767E+18
        55.0000009    1.1384939E+18
        60.0000010    1.0550104E+18
        65.0000011    9.7236685E+17
        70.0000011    8.7856855E+17
        75.0000012    5.5188568E+18
        80.0000013    6.0649946E+18
        85.0000014    6.0169746E+18
        90.0000015    5.9165760E+18
        95.2390015    5.6794916E+18
       100.6800016    5.1792798E+18
       114.2900019    3.8155588E+18
       119.7300019    3.3453230E+18
       122.4500020    3.1281886E+18
       125.1700020    2.9227856E+18
       127.8900021    2.7288463E+18
       130.6100021    2.5460552E+18
       133.3300022    2.3740551E+18
       136.0600022    2.2118838E+18
       146.9400024    1.6611670E+18
       149.6600024    1.5451427E+18
       155.1000025    1.3359583E+18
       157.8200026    1.2419310E+18
       160.5500026    1.1540814E+18
       165.9900027    1.6017395E+18
       171.4300028    1.4667684E+18
       176.8700029    1.6075131E+18
       179.5900029    1.5488243E+18
       182.3100030    1.4853360E+18
       185.0400030    1.4210294E+18
       187.7600031    1.3584226E+18
       190.4800031    1.2982249E+18
       195.9200032    1.1860205E+18
       198.6400032    1.1338439E+18
       204.0800033    1.0368072E+18
       206.8000034    9.9175069E+17
       209.5300034    9.4869176E+17
       212.2500035    9.0782401E+17
       214.9700035    8.6886955E+17
       220.4100036    7.9627409E+17
       225.8500037    7.3012877E+17
       236.7400038    7.0387092E+17
       247.6200040    6.0063461E+17
       258.5100042    5.1586893E+17
       272.1100044    4.3085445E+17
       285.7200046    3.6334743E+17
       299.3200049    3.0898122E+17
       312.9300051    2.6447271E+17
       340.1400055    1.9661982E+17
       353.7400058    1.7039577E+17
       380.9500062    1.2872769E+17
       394.5600064    1.1208901E+17
       408.1700066    9.7668046E+16
       435.3800071    7.4231500E+16
       462.5900075    5.6415731E+16
       476.1900077    4.9165698E+16
       489.8000080    4.2825475E+16
       503.4000082    3.7287403E+16
       517.0100084    3.2441851E+16
       557.8300091    2.1264420E+16
       571.4300093    1.8434075E+16
       585.0400095    1.5957386E+16
       612.2500100    1.1899575E+16
       666.6700108    6.4196291E+15
       680.2800111    5.4473097E+15
       707.4900115    3.8497942E+15
       734.7000119    2.6005493E+15
       761.9100124    1.5963411E+15
       789.1200128    6.7813588E+14
 
