       12.5000002    4.6957140E+18
        15.0000002    4.2386011E+18
        20.0000003    2.1554144E+18
        25.0000004    2.1000422E+18
        30.0000005    2.6416154E+18
        35.0000006    2.6432949E+18
        40.0000007    2.5974431E+18
        45.0000007    2.4249877E+18
        50.0000008    2.1060308E+18
        55.0000009    1.7007495E+18
        60.0000010    1.3098668E+18
        65.0000011    1.0045557E+18
        70.0000011    7.9728969E+17
        75.0000012    3.7042615E+18
        80.0000013    4.0591025E+18
        85.0000014    4.2030396E+18
        90.0000015    4.4242284E+18
        95.2390015    4.4405490E+18
       100.6800016    4.1759402E+18
       114.2900019    3.5479649E+18
       119.7300019    3.3522785E+18
       122.4500020    3.2591721E+18
       125.1700020    3.1678766E+18
       127.8900021    3.0777551E+18
       130.6100021    2.9884163E+18
       133.3300022    2.8996343E+18
       136.0600022    2.8109872E+18
       146.9400024    2.4630842E+18
       149.6600024    2.3780353E+18
       155.1000025    2.2113137E+18
       157.8200026    2.1299453E+18
       160.5500026    2.0498050E+18
       165.9900027    2.4319933E+18
       171.4300028    2.3089915E+18
       176.8700029    2.3874578E+18
       179.5900029    2.3321758E+18
       182.3100030    2.2624234E+18
       185.0400030    2.1849286E+18
       187.7600031    2.1053057E+18
       190.4800031    2.0267635E+18
       195.9200032    1.8770915E+18
       198.6400032    1.8057137E+18
       204.0800033    1.6710658E+18
       206.8000034    1.6082202E+18
       209.5300034    1.5481077E+18
       212.2500035    1.4910385E+18
       214.9700035    1.4366426E+18
       220.4100036    1.3353070E+18
       225.8500037    1.2430413E+18
       236.7400038    1.2756185E+18
       247.6200040    1.1281942E+18
       258.5100042    9.9172877E+17
       272.1100044    8.4457020E+17
       285.7200046    7.2157402E+17
       299.3200049    6.1892073E+17
       312.9300051    5.3309729E+17
       340.1400055    4.0130666E+17
       353.7400058    3.5089958E+17
       380.9500062    2.7247879E+17
       394.5600064    2.4190929E+17
       408.1700066    2.1577265E+17
       435.3800071    1.7385110E+17
       462.5900075    1.4207614E+17
       476.1900077    1.2900529E+17
       489.8000080    1.1741614E+17
       503.4000082    1.0710377E+17
       517.0100084    9.7873113E+16
       557.8300091    7.5357709E+16
       571.4300093    6.9234010E+16
       585.0400095    6.3663484E+16
       612.2500100    5.3962923E+16
       666.6700108    3.9062015E+16
       680.2800111    3.6075200E+16
       707.4900115    3.1651014E+16
       734.7000119    2.7294476E+16
       761.9100124    2.3241077E+16
       789.1200128    1.9842307E+16
       816.3300133    1.6979464E+16
       843.5400137    1.4559370E+16
       870.7500142    1.2507714E+16
       911.5700148    9.9894518E+15
       952.3900155    8.0044720E+15
       993.2000162    9.0424373E+15
      1020.4000166    7.6741772E+15
      1061.2000173    6.9462232E+15
      1088.4000177    5.8900049E+15
      1102.0000179    5.4275550E+15
      1115.7000181    5.0006739E+15
      1129.3000184    4.6120744E+15
      1142.9000186    4.2553953E+15
      1156.5000188    3.9277946E+15
      1170.1000190    3.6267107E+15
      1197.3000195    1.1592467E+16
      1210.9000197    1.0832159E+16
      1224.5000199    1.0110085E+16
      1227.2000200    9.9720433E+15
      1229.9000200    9.8357854E+15
      1232.7000200    9.6963600E+15
      1235.4000201    9.5637143E+15
      1238.1000201    9.4328230E+15
      1240.8000202    9.3036723E+15
      1243.5000202    9.1762438E+15
      1246.3000203    9.0458958E+15
      1249.0000203    8.9219178E+15
      1257.2000204    8.5555088E+15
      1259.9000205    8.4381225E+15
      1262.6000205    8.3223163E+15
      1270.8000207    7.9800820E+15
      1281.6000208    7.5503072E+15
      1289.8000210    7.2392017E+15
      1292.5000210    7.1395322E+15
      1295.2000211    7.0412011E+15
      1298.0000211    6.9406237E+15
      1300.7000212    6.8449640E+15
      1303.4000212    6.7505880E+15
      1306.1000212    6.6574779E+15
      1314.3000214    6.3822827E+15
      1330.6000216    5.8675851E+15
      1341.5000218    5.5459925E+15
      1355.1000220    5.1684074E+15
      1360.6000221    5.0227941E+15
      1371.4000223    4.7481422E+15
      1382.3000225    4.4854150E+15
      1390.5000226    4.2968673E+15
      1395.9000227    4.1767931E+15
      1404.1000228    4.0004434E+15
      1406.8000229    3.9439130E+15
      1409.5000229    3.8881263E+15
      1415.0000230    3.7767433E+15
      1417.7000231    3.7231517E+15
      1420.4000231    3.6702635E+15
      1423.1000231    3.6180684E+15
      1425.9000232    3.5646621E+15
      1428.6000232    3.5138499E+15
      1431.3000233    3.4637024E+15
      1436.7000234    3.3653648E+15
      1439.5000234    3.3153838E+15
      1442.2000235    3.2678280E+15
      1444.9000235    3.2208923E+15
      1447.6000235    3.1745679E+15
      1450.4000236    3.1271646E+15
      1453.1000236    3.0820597E+15
      1455.8000237    3.0375410E+15
      1458.5000237    2.9936003E+15
      1461.2000238    2.9502299E+15
      1466.7000239    2.8636139E+15
      1469.4000239    2.8219275E+15
      1472.1000239    2.7807803E+15
      1477.6000240    2.6985986E+15
      1480.3000241    2.6590435E+15
      1488.4000242    2.5434088E+15
      1491.2000242    2.5044690E+15
      1496.6000243    2.4308285E+15
      1551.0000252    1.7852872E+15
      1632.7000266    1.0745389E+15
 
