       12.5000002    4.0460403E+18
        15.0000002    3.3838452E+18
        20.0000003    2.2518699E+18
        25.0000004    2.2800548E+18
        30.0000005    2.8374791E+18
        35.0000006    2.7798276E+18
        40.0000007    2.5922666E+18
        45.0000007    2.2560394E+18
        50.0000008    1.8366694E+18
        55.0000009    1.4268979E+18
        60.0000010    1.1025114E+18
        65.0000011    8.8557457E+17
        70.0000011    7.5372367E+17
        75.0000012    3.9656399E+18
        80.0000013    4.4140763E+18
        85.0000014    4.5352345E+18
        90.0000015    4.6712872E+18
        95.2390015    4.6835968E+18
       100.6800016    4.4716552E+18
       114.2900019    3.8165604E+18
       119.7300019    3.5706629E+18
       122.4500020    3.4497139E+18
       125.1700020    3.3298481E+18
       127.8900021    3.2110448E+18
       130.6100021    3.0934050E+18
       133.3300022    2.9770924E+18
       136.0600022    2.8618944E+18
       146.9400024    2.4226650E+18
       149.6600024    2.3188780E+18
       155.1000025    2.1197199E+18
       157.8200026    2.0245855E+18
       160.5500026    1.9321953E+18
       165.9900027    2.3020054E+18
       171.4300028    2.1546603E+18
       176.8700029    2.2289797E+18
       179.5900029    2.1627553E+18
       182.3100030    2.0866123E+18
       185.0400030    2.0067499E+18
       187.7600031    1.9275015E+18
       190.4800031    1.8506620E+18
       195.9200032    1.7065444E+18
       198.6400032    1.6391203E+18
       204.0800033    1.5135564E+18
       206.8000034    1.4553528E+18
       209.5300034    1.3998340E+18
       212.2500035    1.3472437E+18
       214.9700035    1.2972115E+18
       220.4100036    1.2042118E+18
       225.8500037    1.1197083E+18
       236.7400038    1.1451436E+18
       247.6200040    1.0005506E+18
       258.5100042    8.7073913E+17
       272.1100044    7.3403197E+17
       285.7200046    6.2208794E+17
       299.3200049    5.3042231E+17
       312.9300051    4.5506285E+17
       340.1400055    3.4149337E+17
       353.7400058    2.9862117E+17
       380.9500062    2.3222302E+17
       394.5600064    2.0631506E+17
       408.1700066    1.8408520E+17
       435.3800071    1.4815414E+17
       462.5900075    1.2058848E+17
       476.1900077    1.0915102E+17
       489.8000080    9.8962858E+16
       503.4000082    8.9865542E+16
       517.0100084    8.1702029E+16
       557.8300091    6.1767772E+16
       571.4300093    5.6360369E+16
       585.0400095    5.1455628E+16
       612.2500100    4.2963838E+16
       666.6700108    3.0118682E+16
       680.2800111    2.7585675E+16
       707.4900115    2.3513219E+16
       734.7000119    1.9852604E+16
       761.9100124    1.6656423E+16
       789.1200128    1.4000380E+16
       816.3300133    1.1786125E+16
       843.5400137    9.9351581E+15
       870.7500142    8.3841380E+15
       911.5700148    6.5100237E+15
       952.3900155    5.0617457E+15
       993.2000162    5.0854136E+15
      1020.4000166    4.2297751E+15
      1061.2000173    3.5993179E+15
      1088.4000177    2.9797050E+15
      1102.0000179    2.7111348E+15
      1115.7000181    2.4649198E+15
      1129.3000184    2.2423630E+15
      1142.9000186    2.0395288E+15
      1156.5000188    1.8545677E+15
      1170.1000190    1.6858122E+15
      1197.3000195    5.7383517E+15
      1210.9000197    5.2616538E+15
      1224.5000199    4.8134058E+15
      1227.2000200    4.7281625E+15
      1229.9000200    4.6441605E+15
      1232.7000200    4.5583481E+15
      1235.4000201    4.4768444E+15
      1238.1000201    4.3965476E+15
      1240.8000202    4.3174442E+15
      1243.5000202    4.2395190E+15
      1246.3000203    4.1599346E+15
      1249.0000203    4.0843595E+15
      1257.2000204    3.8616848E+15
      1259.9000205    3.7905634E+15
      1262.6000205    3.7205025E+15
      1270.8000207    3.5140571E+15
      1281.6000208    3.2560697E+15
      1289.8000210    3.0701844E+15
      1292.5000210    3.0107823E+15
      1295.2000211    2.9522483E+15
      1298.0000211    2.8924481E+15
      1300.7000212    2.8356378E+15
      1303.4000212    2.7796513E+15
      1306.1000212    2.7244741E+15
      1314.3000214    2.5617177E+15
      1330.6000216    2.2584546E+15
      1341.5000218    2.0695234E+15
      1355.1000220    1.8478930E+15
      1360.6000221    1.7623710E+15
      1371.4000223    1.6007563E+15
      1382.3000225    1.4454323E+15
      1390.5000226    1.3332058E+15
      1395.9000227    1.2612496E+15
      1404.1000228    1.1546194E+15
      1406.8000229    1.1201357E+15
      1409.5000229    1.0859309E+15
      1415.0000230    1.0170314E+15
      1417.7000231    9.8354362E+14
      1420.4000231    9.5024373E+14
      1423.1000231    9.1710443E+14
      1425.9000232    8.8287562E+14
      1428.6000232    8.4996806E+14
      1431.3000233    8.1712028E+14
      1436.7000234    7.5143359E+14
      1439.5000234    7.1727162E+14
      1442.2000235    6.8418084E+14
      1444.9000235    6.5086928E+14
      1447.6000235    6.1724881E+14
      1450.4000236    5.8194223E+14
      1453.1000236    5.4733443E+14
      1455.8000237    5.1200386E+14
      1458.5000237    4.7573068E+14
      1461.2000238    4.3821937E+14
      1466.7000239    3.5604098E+14
      1469.4000239    3.1123293E+14
      1472.1000239    2.6137708E+14
      1477.6000240    1.1913574E+14
 
