       12.5000002    2.5442309E+18
        15.0000002    2.6565276E+18
        20.0000003    2.8177303E+18
        25.0000004    2.4991965E+18
        30.0000005    3.0817436E+18
        35.0000006    2.6667165E+18
        40.0000007    2.1538592E+18
        45.0000007    1.7012107E+18
        50.0000008    1.3559569E+18
        55.0000009    1.1255402E+18
        60.0000010    9.8753207E+17
        65.0000011    9.0062317E+17
        70.0000011    8.3094189E+17
        75.0000012    4.8907437E+18
        80.0000013    5.4215621E+18
        85.0000014    5.4632743E+18
        90.0000015    5.4879022E+18
        95.2390015    5.4135225E+18
       100.6800016    5.0832380E+18
       114.2900019    4.0229707E+18
       119.7300019    3.6261377E+18
       122.4500020    3.4369090E+18
       125.1700020    3.2541492E+18
       127.8900021    3.0780641E+18
       130.6100021    2.9087995E+18
       133.3300022    2.7464665E+18
       136.0600022    2.5905621E+18
       146.9400024    2.0385568E+18
       149.6600024    1.9173594E+18
       155.1000025    1.6939652E+18
       157.8200026    1.5913476E+18
       160.5500026    1.4941347E+18
       165.9900027    1.8948201E+18
       171.4300028    1.7416896E+18
       176.8700029    1.8512007E+18
       179.5900029    1.7856790E+18
       182.3100030    1.7151943E+18
       185.0400030    1.6440453E+18
       187.7600031    1.5749519E+18
       190.4800031    1.5086549E+18
       195.9200032    1.3853952E+18
       198.6400032    1.3281999E+18
       204.0800033    1.2220048E+18
       206.8000034    1.1727590E+18
       209.5300034    1.1257224E+18
       212.2500035    1.0810926E+18
       214.9700035    1.0385536E+18
       220.4100036    9.5923751E+17
       225.8500037    8.8685062E+17
       236.7400038    8.6836178E+17
       247.6200040    7.4411277E+17
       258.5100042    6.3977022E+17
       272.1100044    5.3424408E+17
       285.7200046    4.5038013E+17
       299.3200049    3.8317063E+17
       312.9300051    3.2863166E+17
       340.1400055    2.4679061E+17
       353.7400058    2.1565118E+17
       380.9500062    1.6663715E+17
       394.5600064    1.4713864E+17
       408.1700066    1.3021069E+17
       435.3800071    1.0248289E+17
       462.5900075    8.1016681E+16
       476.1900077    7.2116177E+16
       489.8000080    6.4221851E+16
       503.4000082    5.7220028E+16
       517.0100084    5.0993485E+16
       557.8300091    3.6139238E+16
       571.4300093    3.2229488E+16
       585.0400095    2.8741208E+16
       612.2500100    2.2856379E+16
       666.6700108    1.4431076E+16
       680.2800111    1.2854981E+16
       707.4900115    1.0229556E+16
       734.7000119    8.0959989E+15
       761.9100124    6.3769253E+15
       789.1200128    5.0032412E+15
       816.3300133    3.9038504E+15
       843.5400137    3.0223344E+15
       870.7500142    2.3135690E+15
       911.5700148    1.4963465E+15
       952.3900155    8.8813589E+14
       993.2000162    4.3027268E+14
 
