       12.5000002    3.0301048E+18
        15.0000002    4.4569817E+18
        20.0000003    3.6691970E+18
        25.0000004    2.5774334E+18
        30.0000005    2.1026796E+18
        35.0000006    1.7800692E+18
        40.0000007    1.6713153E+18
        45.0000007    1.5787121E+18
        50.0000008    1.4654712E+18
        55.0000009    1.3087424E+18
        60.0000010    1.1186539E+18
        65.0000011    9.3039911E+17
        70.0000011    7.7019401E+17
        75.0000012    6.3731900E+18
        80.0000013    6.6500838E+18
        85.0000014    6.1210890E+18
        90.0000015    5.4790209E+18
        95.2390015    4.7474037E+18
       100.6800016    3.9528474E+18
       114.2900019    2.3944507E+18
       119.7300019    1.9519204E+18
       122.4500020    1.7617730E+18
       125.1700020    1.5899768E+18
       127.8900021    1.4348943E+18
       130.6100021    1.2950099E+18
       133.3300022    1.1689253E+18
       136.0600022    1.0549569E+18
       146.9400024    7.0371163E+17
       149.6600024    6.3686641E+17
       155.1000025    5.2281352E+17
       157.8200026    4.7431001E+17
       160.5500026    4.3057404E+17
       165.9900027    9.2773321E+17
       171.4300028    8.3286879E+17
       176.8700029    9.8077537E+17
       179.5900029    9.3049930E+17
       182.3100030    8.7836211E+17
       185.0400030    8.2704083E+17
       187.7600031    7.7811325E+17
       190.4800031    7.3181487E+17
       195.9200032    6.4720759E+17
       198.6400032    6.0865741E+17
       204.0800033    5.3838604E+17
       206.8000034    5.0640259E+17
       209.5300034    4.7624264E+17
       212.2500035    4.4800491E+17
       214.9700035    4.2146188E+17
       220.4100036    3.7304375E+17
       225.8500037    3.3022588E+17
       236.7400038    3.8868245E+17
       247.6200040    3.2702967E+17
       258.5100042    2.7532515E+17
       272.1100044    2.2224150E+17
       285.7200046    1.7921383E+17
       299.3200049    1.4419544E+17
       312.9300051    1.1557320E+17
       340.1400055    7.3072168E+16
       353.7400058    5.7469145E+16
       380.9500062    3.4334976E+16
       394.5600064    2.5831437E+16
       408.1700066    1.8835439E+16
       435.3800071    7.8372824E+15
 
