       12.5000002    2.3117584E+18
        15.0000002    3.8028740E+18
        20.0000003    3.3555899E+18
        25.0000004    2.7718045E+18
        30.0000005    2.5755507E+18
        35.0000006    1.9081708E+18
        40.0000007    1.5868754E+18
        45.0000007    1.4237147E+18
        50.0000008    1.3243233E+18
        55.0000009    1.2400634E+18
        60.0000010    1.1339796E+18
        65.0000011    1.0022484E+18
        70.0000011    8.6163009E+17
        75.0000012    6.1164397E+18
        80.0000013    6.6056058E+18
        85.0000014    6.3716655E+18
        90.0000015    6.0344728E+18
        95.2390015    5.5459471E+18
       100.6800016    4.8579216E+18
       114.2900019    3.2788206E+18
       119.7300019    2.7827674E+18
       122.4500020    2.5613560E+18
       125.1700020    2.3563636E+18
       127.8900021    2.1668084E+18
       130.6100021    1.9917315E+18
       133.3300022    1.8302016E+18
       136.0600022    1.6807939E+18
       146.9400024    1.1951860E+18
       149.6600024    1.0973930E+18
       155.1000025    9.2535524E+17
       157.8200026    8.4990758E+17
       160.5500026    7.8052805E+17
       165.9900027    1.2784128E+18
       171.4300028    1.1658516E+18
       176.8700029    1.3274437E+18
       179.5900029    1.2739405E+18
       182.3100030    1.2160284E+18
       185.0400030    1.1574846E+18
       187.7600031    1.1006331E+18
       190.4800031    1.0460967E+18
       195.9200032    9.4478835E+17
       198.6400032    8.9788270E+17
       204.0800033    8.1108946E+17
       206.8000034    7.7100532E+17
       209.5300034    7.3284429E+17
       212.2500035    6.9677241E+17
       214.9700035    6.6253815E+17
       220.4100036    5.9918257E+17
       225.8500037    5.4204188E+17
       236.7400038    5.4513065E+17
       247.6200040    4.6488262E+17
       258.5100042    3.9883087E+17
       272.1100044    3.3187473E+17
       285.7200046    2.7789373E+17
       299.3200049    2.3375442E+17
       312.9300051    1.9716018E+17
       340.1400055    1.4083394E+17
       353.7400058    1.1907830E+17
       380.9500062    8.4948672E+16
       394.5600064    7.1617317E+16
       408.1700066    6.0280076E+16
       435.3800071    4.2448463E+16
       462.5900075    2.9569686E+16
       476.1900077    2.4548418E+16
       489.8000080    2.0282639E+16
       503.4000082    1.6663745E+16
       517.0100084    1.3587508E+16
       557.8300091    6.8274309E+15
       571.4300093    5.1694527E+15
       585.0400095    3.6964832E+15
       612.2500100    4.1220684E+14
 
