       80.0000013    8.5384967E+18
        85.0000014    6.8390503E+18
        90.0000015    5.4799918E+18
        95.2390015    4.3500754E+18
       100.6800016    3.4288421E+18
       114.2900019    1.9086810E+18
       119.7300019    1.5158814E+18
       122.4500020    1.3519414E+18
       125.1700020    1.2063149E+18
       127.8900021    1.0768840E+18
       130.6100021    9.6178714E+17
       133.3300022    8.5938667E+17
       136.0600022    7.6792476E+17
       146.9400024    1.7481900E+18
       149.6600024    1.6657355E+18
       155.1000025    1.4907779E+18
       157.8200026    1.4065030E+18
       160.5500026    1.3258534E+18
       165.9900027    1.1778674E+18
       171.4300028    1.0462845E+18
       176.8700029    9.2953565E+17
       179.5900029    8.7618247E+17
       182.3100030    8.2590221E+17
       185.0400030    7.7833445E+17
       187.7600031    7.3364872E+17
       190.4800031    6.9149977E+17
       195.9200032    6.1420699E+17
       198.6400032    5.7878759E+17
       204.0800033    6.1922832E+17
       206.8000034    5.8924409E+17
       209.5300034    5.6076890E+17
       212.2500035    5.3399930E+17
       214.9700035    5.0874303E+17
       220.4100036    4.6236429E+17
       225.8500037    4.2085230E+17
       236.7400038    3.4977935E+17
       247.6200040    2.9149489E+17
       258.5100042    2.4300195E+17
       272.1100044    1.9322766E+17
       285.7200046    1.5285861E+17
       299.3200049    1.2000595E+17
       312.9300051    9.3186342E+16
       340.1400055    5.3507952E+16
       353.7400058    3.8984795E+16
       380.9500062    1.7011043E+16
       394.5600064    7.4447224E+15
 
