       80.0000013    2.6905415E+18
        85.0000014    1.8842077E+18
        90.0000015    1.3216655E+18
        95.2390015    9.1326164E+17
       100.6800016    6.2374724E+17
       114.2900019    2.4506305E+17
       119.7300019    1.7090072E+17
       122.4500020    1.4329744E+17
       125.1700020    1.2053280E+17
       127.8900021    1.0173768E+17
       130.6100021    8.6195742E+16
       133.3300022    7.3316844E+16
       136.0600022    6.2579331E+16
       146.9400024    3.9071451E+17
       149.6600024    3.3770459E+17
       155.1000025    2.4683270E+17
       157.8200026    2.0846517E+17
       160.5500026    1.7407279E+17
       165.9900027    1.1587584E+17
       171.4300028    6.7851825E+16
       176.8700029    1.9458412E+16
 
