       80.0000013    9.5185997E+18
        85.0000014    7.7829189E+18
        90.0000015    6.3603317E+18
        95.2390015    5.1498640E+18
       100.6800016    4.1406852E+18
       114.2900019    2.4178714E+18
       119.7300019    1.9566488E+18
       122.4500020    1.7614207E+18
       125.1700020    1.5864042E+18
       127.8900021    1.4294194E+18
       130.6100021    1.2885307E+18
       133.3300022    1.1620204E+18
       136.0600022    1.0479665E+18
       146.9400024    1.9675688E+18
       149.6600024    1.8807854E+18
       155.1000025    1.6961918E+18
       157.8200026    1.6070472E+18
       160.5500026    1.5215986E+18
       165.9900027    1.3644152E+18
       171.4300028    1.2241333E+18
       176.8700029    1.0991222E+18
       179.5900029    1.0417755E+18
       182.3100030    9.8758073E+17
       185.0400030    9.3615512E+17
       187.7600031    8.8768920E+17
       190.4800031    8.4181744E+17
       195.9200032    7.5723263E+17
       198.6400032    7.1823707E+17
       204.0800033    7.4447932E+17
       206.8000034    7.0968390E+17
       209.5300034    6.7648607E+17
       212.2500035    6.4523239E+17
       214.9700035    6.1575091E+17
       220.4100036    5.6171001E+17
       225.8500037    5.1351715E+17
       236.7400038    4.3154708E+17
       247.6200040    3.6492224E+17
       258.5100042    3.0987588E+17
       272.1100044    2.5358255E+17
       285.7200046    2.0783603E+17
       299.3200049    1.7028066E+17
       312.9300051    1.3916615E+17
       340.1400055    9.1758953E+16
       353.7400058    7.3814674E+16
       380.9500062    4.6462703E+16
       394.5600064    3.6163762E+16
       408.1700066    2.7627860E+16
       435.3800071    1.4611132E+16
       462.5900075    4.6330854E+15
 
