       80.0000013    1.1439470E+19
        85.0000014    9.7720184E+18
        90.0000015    8.3331623E+18
        95.2390015    7.0458860E+18
       100.6800016    5.9182632E+18
       114.2900019    3.8398316E+18
       119.7300019    3.2384507E+18
       122.4500020    2.9761083E+18
       125.1700020    2.7363430E+18
       127.8900021    2.5171439E+18
       130.6100021    2.3166724E+18
       133.3300022    2.1332520E+18
       136.0600022    1.9647642E+18
       146.9400024    2.7381644E+18
       149.6600024    2.6245824E+18
       155.1000025    2.3891393E+18
       157.8200026    2.2770122E+18
       160.5500026    2.1702046E+18
       165.9900027    1.9750915E+18
       171.4300028    1.8020898E+18
       176.8700029    1.6484824E+18
       179.5900029    1.5780948E+18
       182.3100030    1.5115671E+18
       185.0400030    1.4483905E+18
       187.7600031    1.3887676E+18
       190.4800031    1.3322231E+18
       195.9200032    1.2275250E+18
       198.6400032    1.1789946E+18
       204.0800033    1.2524744E+18
       206.8000034    1.2065033E+18
       209.5300034    1.1595598E+18
       212.2500035    1.1137427E+18
       214.9700035    1.0695729E+18
       220.4100036    9.8699420E+17
       225.8500037    9.1211492E+17
       236.7400038    7.8296402E+17
       247.6200040    6.7700662E+17
       258.5100042    5.8933823E+17
       272.1100044    5.0008847E+17
       285.7200046    4.2817254E+17
       299.3200049    3.6959843E+17
       312.9300051    3.2124184E+17
       340.1400055    2.4687932E+17
       353.7400058    2.1791113E+17
       380.9500062    1.7147858E+17
       394.5600064    1.5271641E+17
       408.1700066    1.3629367E+17
       435.3800071    1.0912810E+17
       462.5900075    8.7862438E+16
       476.1900077    7.8978307E+16
       489.8000080    7.1060986E+16
       503.4000082    6.4005011E+16
       517.0100084    5.7699149E+16
       557.8300091    4.2499298E+16
       571.4300093    3.8449093E+16
       585.0400095    3.4811580E+16
       612.2500100    2.8609677E+16
       666.6700108    1.9515032E+16
       680.2800111    1.7770495E+16
       707.4900115    1.4771773E+16
       734.7000119    1.2318089E+16
       761.9100124    1.0304085E+16
       789.1200128    8.6458835E+15
       816.3300133    7.2764482E+15
       843.5400137    6.1420470E+15
       870.7500142    5.1995411E+15
       911.5700148    4.0712175E+15
       952.3900155    3.2073841E+15
       993.2000162    2.5419691E+15
      1020.4000166    2.1839478E+15
      1061.2000173    1.7471852E+15
      1088.4000177    1.5101712E+15
      1102.0000179    1.4052057E+15
      1115.7000181    1.3075855E+15
      1129.3000184    1.2180621E+15
      1142.9000186    1.1352855E+15
      1156.5000188    1.0587006E+15
      1170.1000190    9.8780215E+14
      1197.3000195    8.6126060E+14
      1210.9000197    8.0481272E+14
      1224.5000199    7.5243445E+14
      1227.2000200    7.4249153E+14
      1229.9000200    7.3269391E+14
      1232.7000200    7.2268435E+14
      1235.4000201    7.1317556E+14
      1238.1000201    7.0380502E+14
      1240.8000202    6.9457064E+14
      1243.5000202    6.8547014E+14
      1246.3000203    6.7617180E+14
      1249.0000203    6.6733766E+14
      1257.2000204    7.7099475E+14
      1259.9000205    7.6137785E+14
      1262.6000205    7.5144520E+14
      1270.8000207    7.2111286E+14
      1281.6000208    6.8263438E+14
      1289.8000210    7.1332978E+14
      1292.5000210    7.0387333E+14
      1295.2000211    6.9437360E+14
      1298.0000211    6.8456974E+14
      1300.7000212    6.7520812E+14
      1303.4000212    6.6595958E+14
      1306.1000212    6.5683525E+14
      1314.3000214    6.2992272E+14
      1330.6000216    5.7994373E+14
      1341.5000218    5.4897608E+14
      1355.1000220    5.1287563E+14
      1360.6000221    4.9902886E+14
      1371.4000223    4.7302646E+14
      1382.3000225    4.4829479E+14
      1390.5000226    4.3063231E+14
      1395.9000227    4.1942215E+14
      1404.1000228    4.0301198E+14
      1406.8000229    3.9776521E+14
      1409.5000229    3.9259393E+14
      1415.0000230    3.8228856E+14
      1417.7000231    3.7733942E+14
      1420.4000231    3.7246111E+14
      1423.1000231    3.6765249E+14
      1425.9000232    3.6273827E+14
      1428.6000232    3.5806830E+14
      1431.3000233    3.5346480E+14
      1436.7000234    3.4445299E+14
      1439.5000234    3.3988053E+14
      1442.2000235    3.3553486E+14
      1444.9000235    3.3125059E+14
      1447.6000235    3.2702673E+14
      1450.4000236    3.2273257E+14
      1453.1000236    3.1862896E+14
      1455.8000237    1.7863913E+15
      1458.5000237    1.7790179E+15
      1461.2000238    1.7661782E+15
      1466.7000239    1.7319658E+15
      1469.4000239    1.7135359E+15
      1472.1000239    1.6947432E+15
      1477.6000240    1.6562558E+15
      1480.3000241    1.6374882E+15
      1488.4000242    1.5822285E+15
      1491.2000242    1.5635473E+15
      1496.6000243    1.5281586E+15
      1551.0000252    1.2150567E+15
      1632.7000266    8.6506265E+14
      1823.1000296    4.0193062E+14
      2340.2000381    5.3601968E+13
 
