       80.0000013    7.4630259E+18
        85.0000014    5.8681293E+18
        90.0000015    4.6304866E+18
        95.2390015    3.6277061E+18
       100.6800016    2.8282919E+18
       114.2900019    1.5472328E+18
       119.7300019    1.2247081E+18
       122.4500020    1.0912549E+18
       125.1700020    9.7331305E+17
       127.8900021    8.6898225E+17
       130.6100021    7.7660960E+17
       133.3300022    6.9475473E+17
       136.0600022    6.2190948E+17
       146.9400024    1.8490527E+18
       149.6600024    1.7633911E+18
       155.1000025    1.5820643E+18
       157.8200026    1.4949772E+18
       160.5500026    1.4117743E+18
       165.9900027    1.2594151E+18
       171.4300028    1.1242546E+18
       176.8700029    1.0045657E+18
       179.5900029    9.4994183E+17
       182.3100030    8.9850455E+17
       185.0400030    8.4987700E+17
       187.7600031    8.0422486E+17
       190.4800031    7.6118778E+17
       195.9200032    6.8231376E+17
       198.6400032    6.4618278E+17
       204.0800033    7.3491268E+17
       206.8000034    7.0443126E+17
       209.5300034    6.7532739E+17
       212.2500035    6.4783658E+17
       214.9700035    6.2178310E+17
       220.4100036    5.7363085E+17
       225.8500037    5.3016980E+17
       236.7400038    4.5489792E+17
       247.6200040    3.9229228E+17
       258.5100042    3.3953737E+17
       272.1100044    2.8465243E+17
       285.7200046    2.3943412E+17
       299.3200049    2.0196829E+17
       312.9300051    1.7072112E+17
       340.1400055    1.2268115E+17
       353.7400058    1.0426845E+17
       380.9500062    7.5678363E+16
       394.5600064    6.4627670E+16
       408.1700066    5.5281641E+16
       435.3800071    4.0657818E+16
       462.5900075    3.0106175E+16
       476.1900077    2.5974412E+16
       489.8000080    2.2445306E+16
       503.4000082    1.9430503E+16
       517.0100084    1.6846928E+16
       557.8300091    1.1089101E+16
       571.4300093    9.6769726E+15
       585.0400095    8.4564347E+15
       612.2500100    6.4861587E+15
       666.6700108    3.8760963E+15
       680.2800111    3.4178343E+15
       707.4900115    2.6659512E+15
       734.7000119    2.0872371E+15
       761.9100124    1.6394259E+15
       789.1200128    1.2911925E+15
       816.3300133    1.0191661E+15
       843.5400137    8.0579458E+14
       870.7500142    6.3780915E+14
       911.5700148    4.4949725E+14
       952.3900155    3.1646084E+14
       993.2000162    2.2197369E+14
      1020.4000166    1.7455893E+14
      1061.2000173    1.2053754E+14
      1088.4000177    9.3223389E+13
      1102.0000179    8.1625786E+13
      1115.7000181    7.1127309E+13
      1129.3000184    6.1747910E+13
      1142.9000186    5.3286078E+13
      1156.5000188    4.5630169E+13
      1170.1000190    3.8674545E+13
      1197.3000195    2.6440861E+13
      1210.9000197    2.0917980E+13
      1224.5000199    1.5541607E+13
      1227.2000200    1.4460993E+13
      1229.9000200    1.3364634E+13
      1232.7000200    1.2202483E+13
      1235.4000201    1.1046011E+13
      1238.1000201    9.8375691E+12
      1240.8000202    8.5505978E+12
      1243.5000202    7.1376526E+12
      1246.3000203    5.4285802E+12
      1249.0000203    3.1873247E+12
 
