       80.0000013    1.0518007E+19
        85.0000014    8.7201437E+18
        90.0000015    7.2301108E+18
        95.2390015    5.9473227E+18
       100.6800016    4.8644038E+18
       114.2900019    2.9749890E+18
       119.7300019    2.4561847E+18
       122.4500020    2.2341445E+18
       125.1700020    2.0335991E+18
       127.8900021    1.8523301E+18
       130.6100021    1.6883582E+18
       133.3300022    1.5399188E+18
       136.0600022    1.4049672E+18
       146.9400024    2.4097372E+18
       149.6600024    2.3143131E+18
       155.1000025    2.1096268E+18
       157.8200026    2.0103664E+18
       160.5500026    1.9150371E+18
       165.9900027    1.7392179E+18
       171.4300028    1.5817276E+18
       176.8700029    1.4407886E+18
       179.5900029    1.3758994E+18
       182.3100030    1.3144127E+18
       185.0400030    1.2558986E+18
       187.7600031    1.2005804E+18
       190.4800031    1.1480484E+18
       195.9200032    1.0506581E+18
       198.6400032    1.0054904E+18
       204.0800033    1.0456379E+18
       206.8000034    1.0031447E+18
       209.5300034    9.6176625E+17
       212.2500035    9.2235337E+17
       214.9700035    8.8489204E+17
       220.4100036    8.1570830E+17
       225.8500037    7.5358733E+17
       236.7400038    6.4727817E+17
       247.6200040    5.6050725E+17
       258.5100042    4.8875491E+17
       272.1100044    4.1545064E+17
       285.7200046    3.5592927E+17
       299.3200049    3.0696447E+17
       312.9300051    2.6610537E+17
       340.1400055    2.0239599E+17
       353.7400058    1.7731618E+17
       380.9500062    1.3697378E+17
       394.5600064    1.2069878E+17
       408.1700066    1.0651430E+17
       435.3800071    8.3280962E+16
       462.5900075    6.5419739E+16
       476.1900077    5.8079486E+16
       489.8000080    5.1613275E+16
       503.4000082    4.5919385E+16
       517.0100084    4.0892976E+16
       557.8300091    2.9064490E+16
       571.4300093    2.5993320E+16
       585.0400095    2.3268971E+16
       612.2500100    1.8706505E+16
       666.6700108    1.2239786E+16
       680.2800111    1.1035801E+16
       707.4900115    8.9989545E+15
       734.7000119    7.3669110E+15
       761.9100124    6.0539862E+15
       789.1200128    4.9936731E+15
       816.3300133    4.1340574E+15
       843.5400137    3.4344931E+15
       870.7500142    2.8630437E+15
       911.5700148    2.1923983E+15
       952.3900155    1.6906033E+15
       993.2000162    1.3122561E+15
      1020.4000166    1.1121503E+15
      1061.2000173    8.7186031E+14
      1088.4000177    7.4346448E+14
      1102.0000179    6.8711900E+14
      1115.7000181    6.3504366E+14
      1129.3000184    5.8754092E+14
      1142.9000186    5.4386547E+14
      1156.5000188    5.0368192E+14
      1170.1000190    4.6668675E+14
      1197.3000195    4.0118733E+14
      1210.9000197    3.7220777E+14
      1224.5000199    3.4546093E+14
      1227.2000200    3.4039995E+14
      1229.9000200    3.3541819E+14
      1232.7000200    3.3033416E+14
      1235.4000201    3.2550963E+14
      1238.1000201    3.2076027E+14
      1240.8000202    3.1608486E+14
      1243.5000202    3.1148210E+14
      1246.3000203    3.0678428E+14
      1249.0000203    3.0232573E+14
      1257.2000204    3.2739529E+14
      1259.9000205    3.2277166E+14
      1262.6000205    3.1808155E+14
      1270.8000207    3.0397665E+14
      1281.6000208    2.8619917E+14
      1289.8000210    2.9055336E+14
      1292.5000210    2.8627954E+14
      1295.2000211    2.8201732E+14
      1298.0000211    2.7763737E+14
      1300.7000212    2.7346530E+14
      1303.4000212    2.6935082E+14
      1306.1000212    2.6529701E+14
      1314.3000214    2.5336507E+14
      1330.6000216    2.3129379E+14
      1341.5000218    2.1767742E+14
      1355.1000220    2.0186598E+14
      1360.6000221    1.9582007E+14
      1371.4000223    1.8449643E+14
      1382.3000225    1.7376413E+14
      1390.5000226    1.6614324E+14
      1395.9000227    1.6130476E+14
      1404.1000228    1.5423790E+14
      1406.8000229    1.5198255E+14
      1409.5000229    1.4976168E+14
      1415.0000230    1.4534196E+14
      1417.7000231    1.4322235E+14
      1420.4000231    1.4113497E+14
      1423.1000231    1.3907932E+14
      1425.9000232    1.3698048E+14
      1428.6000232    1.3498784E+14
      1431.3000233    1.3302539E+14
      1436.7000234    1.2918903E+14
      1439.5000234    1.2724528E+14
      1442.2000235    1.2539973E+14
      1444.9000235    1.2358197E+14
      1447.6000235    1.2179154E+14
      1450.4000236    1.1996320E+14
      1453.1000236    1.1822710E+14
      1455.8000237    7.1182560E+14
      1458.5000237    7.0770297E+14
      1461.2000238    7.0134514E+14
      1466.7000239    6.8510171E+14
      1469.4000239    6.7647460E+14
      1472.1000239    6.6771588E+14
      1477.6000240    6.4984989E+14
      1480.3000241    6.4116258E+14
      1488.4000242    6.1572202E+14
      1491.2000242    6.0712282E+14
      1496.6000243    5.9086496E+14
      1551.0000252    4.4906920E+14
      1632.7000266    2.9604646E+14
      1823.1000296    1.0756078E+14
 
