       12.5000002    5.6930920E+01
        15.0000002    3.0952425E+01
        20.0000003    1.6792610E+01
        25.0000004    6.7701502E+00
        30.0000005    4.6623449E+00
        35.0000006    1.9797717E+00
        40.0000007    8.1230372E-01
        45.0000007    3.5645643E-01
        50.0000008    1.7597066E-01
        55.0000009    1.0410240E-01
        60.0000010    7.2371580E-02
        65.0000011    5.3553309E-02
        70.0000011    3.9440744E-02
        75.0000012    1.4719582E-01
        80.0000013    1.3370906E-01
        85.0000014    1.1306078E-01
        90.0000015    9.6767977E-02
        95.2390015    8.0834106E-02
       100.6800016    6.3366093E-02
       114.2900019    3.2113437E-02
       119.7300019    2.4423379E-02
       122.4500020    2.1305766E-02
       125.1700020    1.8591268E-02
       127.8900021    1.6227895E-02
       130.6100021    1.4170301E-02
       133.3300022    1.2378862E-02
       136.0600022    1.0813612E-02
       146.9400024    6.3439151E-03
       149.6600024    5.5604628E-03
       155.1000025    4.2803227E-03
       157.8200026    3.7592647E-03
       160.5500026    3.3023807E-03
       165.9900027    3.3387213E-03
       171.4300028    2.7048159E-03
       176.8700029    2.4763474E-03
       179.5900029    2.2554558E-03
       182.3100030    2.0483125E-03
       185.0400030    1.8578507E-03
       187.7600031    1.6859913E-03
       190.4800031    1.5311991E-03
       195.9200032    1.2669479E-03
       198.6400032    1.1542751E-03
       204.0800033    9.6108083E-04
       206.8000034    8.7833579E-04
       209.5300034    8.0326240E-04
       212.2500035    7.3556131E-04
       214.9700035    6.7419431E-04
       220.4100036    5.6789053E-04
       225.8500037    4.7991969E-04
       236.7400038    3.7406746E-04
       247.6200040    2.6822515E-04
       258.5100042    1.9469073E-04
       272.1100044    1.3315631E-04
       285.7200046    9.3049901E-05
       299.3200049    6.6361703E-05
       312.9300051    4.8187307E-05
       340.1400055    2.6633041E-05
       353.7400058    2.0196248E-05
       380.9500062    1.1982351E-05
       394.5600064    9.3508843E-06
       408.1700066    7.3515025E-06
       435.3800071    4.6319401E-06
       462.5900075    2.9817152E-06
       476.1900077    2.4091626E-06
       489.8000080    1.9544243E-06
       503.4000082    1.5919981E-06
       517.0100084    1.3013977E-06
       557.8300091    7.2572294E-07
       571.4300093    6.0120612E-07
       585.0400095    4.9947164E-07
       612.2500100    3.4774527E-07
       666.6700108    1.7403411E-07
       680.2800111    1.4728650E-07
       707.4900115    1.0711268E-07
       734.7000119    7.8150187E-08
       761.9100124    5.7285163E-08
       789.1200128    4.2351264E-08
       816.3300133    3.1565360E-08
       843.5400137    2.3708301E-08
       870.7500142    1.7937962E-08
       911.5700148    1.1959206E-08
       952.3900155    8.0906490E-09
       993.2000162    6.9756707E-09
      1020.4000166    5.3969380E-09
      1061.2000173    4.1376689E-09
      1088.4000177    3.2352845E-09
      1102.0000179    2.8669176E-09
      1115.7000181    2.5418085E-09
      1129.3000184    2.2586291E-09
      1142.9000186    2.0096658E-09
      1156.5000188    1.7904654E-09
      1170.1000190    1.5971948E-09
      1197.3000195    5.2363824E-09
      1210.9000197    4.7249000E-09
      1224.5000199    4.2619179E-09
      1227.2000200    4.1757717E-09
      1229.9000200    4.0914721E-09
      1232.7000200    4.0059640E-09
      1235.4000201    3.9253187E-09
      1238.1000201    3.8464130E-09
      1240.8000202    3.7692107E-09
      1243.5000202    3.6936751E-09
      1246.3000203    3.6170638E-09
      1249.0000203    3.5448118E-09
      1257.2000204    3.3347840E-09
      1259.9000205    3.2686087E-09
      1262.6000205    3.2038538E-09
      1270.8000207    3.0155693E-09
      1281.6000208    2.7856726E-09
      1289.8000210    2.6238312E-09
      1292.5000210    2.5727984E-09
      1295.2000211    2.5228410E-09
      1298.0000211    2.4721432E-09
      1300.7000212    2.4243019E-09
      1303.4000212    2.3774636E-09
      1306.1000212    2.3316058E-09
      1314.3000214    2.1981210E-09
      1330.6000216    1.9567554E-09
      1341.5000218    1.8114839E-09
      1355.1000220    1.6464208E-09
      1360.6000221    1.5843675E-09
      1371.4000223    1.4697756E-09
      1382.3000225    1.3631838E-09
      1390.5000226    1.2885292E-09
      1395.9000227    1.2417956E-09
      1404.1000228    1.1743096E-09
      1406.8000229    1.1529679E-09
      1409.5000229    1.1320463E-09
      1415.0000230    1.0906909E-09
      1417.7000231    1.0709914E-09
      1420.4000231    1.0516772E-09
      1423.1000231    1.0327402E-09
      1425.9000232    1.0134918E-09
      1428.6000232    9.9529895E-10
      1431.3000233    9.7745967E-10
      1436.7000234    9.4281249E-10
      1439.5000234    9.2537356E-10
      1442.2000235    9.0888824E-10
      1444.9000235    8.9272090E-10
      1447.6000235    8.7686497E-10
      1450.4000236    8.6074364E-10
      1453.1000236    8.4550211E-10
      1455.8000237    8.3055268E-10
      1458.5000237    8.1588936E-10
      1461.2000238    8.0150631E-10
      1466.7000239    7.7305040E-10
      1469.4000239    7.5948348E-10
      1472.1000239    7.4617429E-10
      1477.6000240    7.1983819E-10
      1480.3000241    7.0727973E-10
      1488.4000242    6.7100769E-10
      1491.2000242    6.5894218E-10
      1496.6000243    6.3633154E-10
      1551.0000252    4.5011814E-10
      1632.7000266    2.7243266E-10
      1823.1000296    9.0825999E-11
      2340.2000381    6.5537580E-12
      2829.9000460    5.6905029E-13
      3047.6000496    6.4191118E-14
      3700.7000602    0.0000000E+00
      4000.0000650    0.0000000E+00
 
