       12.5000002    1.9728407E+01
        15.0000002    1.5524259E+01
        20.0000003    4.5378919E+00
        25.0000004    7.9598498E-01
        30.0000005    2.4835582E-01
        35.0000006    1.5649450E-01
        40.0000007    1.0531090E-01
        45.0000007    6.8436146E-02
        50.0000008    4.2163908E-02
        55.0000009    2.4378376E-02
        60.0000010    1.3598708E-02
        65.0000011    7.6816217E-03
        70.0000011    4.5911609E-03
        75.0000012    4.1165233E-02
        80.0000013    3.3811133E-02
        85.0000014    2.4501106E-02
        90.0000015    1.7372489E-02
        95.2390015    1.1912696E-02
       100.6800016    7.8907553E-03
       114.2900019    2.8422973E-03
       119.7300019    1.9162586E-03
       122.4500020    1.5784516E-03
       125.1700020    1.3029920E-03
       127.8900021    1.0779407E-03
       130.6100021    8.9371973E-04
       133.3300022    7.4263074E-04
       136.0600022    6.1806181E-04
       146.9400024    3.0429091E-04
       149.6600024    2.5640844E-04
       155.1000025    1.8340243E-04
       157.8200026    1.5568906E-04
       160.5500026    1.3241818E-04
       165.9900027    2.6815181E-04
       171.4300028    2.1433661E-04
       176.8700029    2.2708497E-04
       179.5900029    2.0387628E-04
       182.3100030    1.8225588E-04
       185.0400030    1.6262780E-04
       187.7600031    1.4516506E-04
       190.4800031    1.2965126E-04
       195.9200032    1.0368584E-04
       198.6400032    9.2849114E-05
       204.0800033    7.4657772E-05
       206.8000034    6.7036446E-05
       209.5300034    6.0222559E-05
       212.2500035    5.4169101E-05
       214.9700035    4.8764978E-05
       220.4100036    3.9616833E-05
       225.8500037    3.2285992E-05
       236.7400038    2.9062614E-05
       247.6200040    2.0998934E-05
       258.5100042    1.5341560E-05
       272.1100044    1.0516572E-05
       285.7200046    7.3077385E-06
       299.3200049    5.1412344E-06
       312.9300051    3.6554261E-06
       340.1400055    1.9023083E-06
       353.7400058    1.3904364E-06
       380.9500062    7.6025520E-07
       394.5600064    5.6824786E-07
       408.1700066    4.2761556E-07
       435.3800071    2.4684175E-07
       462.5900075    1.4585763E-07
       476.1900077    1.1304316E-07
       489.8000080    8.8040238E-08
       503.4000082    6.8914019E-08
       517.0100084    5.4184373E-08
       557.8300091    2.7034396E-08
       571.4300093    2.1617891E-08
       585.0400095    1.7349006E-08
       612.2500100    1.1296036E-08
       666.6700108    4.9810733E-09
       680.2800111    4.0894634E-09
       707.4900115    2.7818992E-09
       734.7000119    1.9112920E-09
       761.9100124    1.3258967E-09
       789.1200128    9.2837854E-10
       816.3300133    6.5572303E-10
       843.5400137    4.6693510E-10
       870.7500142    3.3504638E-10
       911.5700148    2.0633920E-10
       952.3900155    1.2891227E-10
       993.2000162    8.7102825E-11
      1020.4000166    6.4318356E-11
      1061.2000173    4.2791031E-11
      1088.4000177    3.1877365E-11
      1102.0000179    2.7551402E-11
      1115.7000181    2.3807005E-11
      1129.3000184    2.0609200E-11
      1142.9000186    1.7853250E-11
      1156.5000188    1.5475374E-11
      1170.1000190    1.3421475E-11
      1197.3000195    4.9317782E-11
      1210.9000197    4.3026888E-11
      1224.5000199    3.7484203E-11
      1227.2000200    3.6469518E-11
      1229.9000200    3.5481843E-11
      1232.7000200    3.4485428E-11
      1235.4000201    3.3550766E-11
      1238.1000201    3.2641161E-11
      1240.8000202    3.1755956E-11
      1243.5000202    3.0894516E-11
      1246.3000203    3.0025600E-11
      1249.0000203    2.9210644E-11
      1257.2000204    2.6867397E-11
      1259.9000205    2.6137292E-11
      1262.6000205    2.5426791E-11
      1270.8000207    2.3383752E-11
      1281.6000208    2.0937791E-11
      1289.8000210    1.9250157E-11
      1292.5000210    1.8724196E-11
      1295.2000211    1.8212295E-11
      1298.0000211    1.7695874E-11
      1300.7000212    1.7211444E-11
      1303.4000212    1.6739948E-11
      1306.1000212    1.6281037E-11
      1314.3000214    1.4961015E-11
      1330.6000216    1.2637878E-11
      1341.5000218    1.1282726E-11
      1355.1000220    9.7863289E-12
      1360.6000221    9.2366149E-12
      1371.4000223    8.2412870E-12
      1382.3000225    7.3400635E-12
      1390.5000226    6.7240445E-12
      1395.9000227    6.3451653E-12
      1404.1000228    5.8076972E-12
      1406.8000229    5.6401971E-12
      1409.5000229    5.4771829E-12
      1415.0000230    5.1585086E-12
      1417.7000231    5.0084117E-12
      1420.4000231    4.8623449E-12
      1423.1000231    4.7202030E-12
      1425.9000232    4.0152400E-12
      1428.6000232    3.8906946E-12
      1431.3000233    3.7696673E-12
      1436.7000234    3.5377927E-12
      1439.5000234    3.4227124E-12
      1442.2000235    3.3149533E-12
      1444.9000235    3.2102615E-12
      1447.6000235    3.1085542E-12
      1450.4000236    3.0061468E-12
      1453.1000236    2.9102734E-12
      1455.8000237    2.8171471E-12
      1458.5000237    2.7266943E-12
      1461.2000238    2.6388427E-12
      1466.7000239    2.4676422E-12
      1469.4000239    2.3872683E-12
      1472.1000239    2.3092240E-12
      1477.6000240    2.1571898E-12
      1480.3000241    2.0858406E-12
      1488.4000242    1.8840806E-12
      1491.2000242    1.8184297E-12
      1496.6000243    1.6974358E-12
      1551.0000252    5.9076246E-13
      1632.7000266    0.0000000E+00
 
