**** Ionization Channels of Magnesium with Finite Nuclear Size Effects
-1 0
XeWAVE
0.0375 0.006 0.80 7000
12.50000
15.00000
20.00000
25.00000
30.00000
35.00000
40.00000
45.00000
50.00000
55.00000
60.00000
65.00000
70.00000
75.00000
80.00000
85.00000
90.00000
95.23900
100.6800
114.2900
119.7300
122.4500
125.1700    
127.8900    
130.6100    
133.3300    
136.0600    
146.9400    
149.6600        
155.1000    
157.8200    
160.5500    
165.9900    
171.4300    
176.8700    
179.5900    
182.3100    
185.0400    
187.7600    
190.4800    
195.9200    
198.6400    
204.0800    
206.8000    
209.5300    
212.2500    
214.9700        
220.4100    
225.8500       
236.7400           
247.6200    
258.5100    
272.1100    
285.7200    
299.3200    
312.9300     
340.1400    
353.7400       
380.9500    
394.5600    
408.1700    
435.3800    
462.5900    
476.1900    
489.8000    
503.4000    
517.0100       
557.8300    
571.4300    
585.0400    
612.2500    
666.6700    
680.2800    
707.4900    
734.7000   
761.9100   
789.1200    
816.3300      
843.5400    
870.7500    
911.5700      
952.3900    
993.2000    
1020.400    
1061.200    
1088.400    
1102.000    
1115.700    
1129.300    
1142.900    
1156.500   
1170.100    
1197.300    
1210.900    
1224.500    
1227.200    
1229.900    
1232.700    
1235.400    
1238.100    
1240.800    
1243.500    
1246.300    
1249.000    
1257.200    
1259.900    
1262.600    
1270.800    
1281.600    
1289.800    
1292.500    
1295.200    
1298.000    
1300.700    
1303.400    
1306.100      
1314.300     
1330.600    
1341.500    
1355.100    
1360.600    
1371.400   
1382.300   
1390.500    
1395.900    
1404.100    
1406.800    
1409.500    
1415.000    
1417.700    
1420.400    
1423.100    
1425.900    
1428.600    
1431.300    
1436.700    
1439.500    
1442.200    
1444.900    
1447.600    
1450.400    
1453.100    
1455.800    
1458.500    
1461.200    
1466.700    
1469.400    
1472.100   
1477.600    
1480.300       
1488.400    
1491.200    
1496.600    
1551.000    
1632.700    
1823.100    
2340.200    
2829.900    
3047.600    
3700.700    
4000.000    
4680.300    
5006.800    
5387.800

********    
6802.800    
8163.300    
9523.900    
9986.400    
10068.00    
10884.00    
11181.00   
11192.00    
13606.00

********
H0WAVE
0.0325 0.008 0.90 5000  
********
GePSWAVE
0.045 0.008 0.90 7000  
