       12.5000002    2.1248333E+03
        15.0000002    1.0767894E+03
        20.0000003    1.0356680E+02
        25.0000004    2.6745049E+01
        30.0000005    1.8140165E+01
        35.0000006    1.1145954E+01
        40.0000007    7.4846616E+00
        45.0000007    5.2086082E+00
        50.0000008    3.4818413E+00
        55.0000009    2.1480873E+00
        60.0000010    1.2207104E+00
        65.0000011    6.5565538E-01
        70.0000011    3.4503406E-01
        75.0000012    6.8266600E-01
        80.0000013    5.1116246E-01
        85.0000014    4.3215665E-01
        90.0000015    4.1842642E-01
        95.2390015    3.4494928E-01
       100.6800016    2.3819715E-01
       114.2900019    1.1054187E-01
       119.7300019    8.9362010E-02
       122.4500020    8.1259869E-02
       125.1700020    7.4274279E-02
       127.8900021    6.8147294E-02
       130.6100021    6.2696196E-02
       133.3300022    5.7790425E-02
       136.0600022    5.3319704E-02
       146.9400024    3.8858730E-02
       149.6600024    3.5901513E-02
       155.1000025    3.0617639E-02
       157.8200026    2.8259782E-02
       160.5500026    2.6065918E-02
       165.9900027    2.7032495E-02
       171.4300028    2.3605160E-02
       176.8700029    2.1765316E-02
       179.5900029    2.0492814E-02
       182.3100030    1.9114420E-02
       185.0400030    1.7681981E-02
       187.7600031    1.6278224E-02
       190.4800031    1.4959755E-02
       195.9200032    1.2619733E-02
       198.6400032    1.1572020E-02
       204.0800033    9.7179050E-03
       206.8000034    8.9110229E-03
       209.5300034    8.1747212E-03
       212.2500035    7.5076865E-03
       214.9700035    6.9007021E-03
       220.4100036    5.8442014E-03
       225.8500037    4.9654935E-03
       236.7400038    4.1315383E-03
       247.6200040    3.1433748E-03
       258.5100042    2.3908028E-03
       272.1100044    1.7097724E-03
       285.7200046    1.2343680E-03
       299.3200049    8.9931750E-04
       312.9300051    6.6059729E-04
       340.1400055    3.6543139E-04
       353.7400058    2.7521429E-04
       380.9500062    1.6005836E-04
       394.5600064    1.2361769E-04
       408.1700066    9.6288713E-05
       435.3800071    5.9913287E-05
       462.5900075    3.8490118E-05
       476.1900077    3.1200940E-05
       489.8000080    2.5465559E-05
       503.4000082    2.0924748E-05
       517.0100084    1.7297487E-05
       557.8300091    1.0099510E-05
       571.4300093    8.5239644E-06
       585.0400095    7.2238831E-06
       612.2500100    5.2488335E-06
       666.6700108    2.8800812E-06
       680.2800111    2.4955868E-06
       707.4900115    2.0538564E-06
       734.7000119    1.6113913E-06
       761.9100124    1.2165988E-06
       789.1200128    9.2801196E-07
       816.3300133    7.1420908E-07
       843.5400137    5.5405377E-07
       870.7500142    4.3292405E-07
       911.5700148    3.0267907E-07
       952.3900155    2.1442972E-07
       993.2000162    2.7607808E-07
      1020.4000166    2.1711961E-07
      1061.2000173    1.8868589E-07
      1088.4000177    1.4967677E-07
      1102.0000179    1.3357133E-07
      1115.7000181    1.1925057E-07
      1129.3000184    1.0668429E-07
      1142.9000186    9.5556999E-08
      1156.5000188    8.5690885E-08
      1170.1000190    7.6931940E-08
      1197.3000195    1.7549088E-07
      1210.9000197    1.6006071E-07
      1224.5000199    1.4599941E-07
      1227.2000200    1.4336749E-07
      1229.9000200    1.4078654E-07
      1232.7000200    1.3816287E-07
      1235.4000201    1.3568294E-07
      1238.1000201    1.3325113E-07
      1240.8000202    1.3086655E-07
      1243.5000202    1.2852821E-07
      1246.3000203    1.2615115E-07
      1249.0000203    1.2390420E-07
      1257.2000204    1.1734266E-07
      1259.9000205    1.1526581E-07
      1262.6000205    1.1322894E-07
      1270.8000207    1.0727952E-07
      1281.6000208    9.9957695E-08
      1289.8000210    9.4762484E-08
      1292.5000210    9.3116888E-08
      1295.2000211    9.1502407E-08
      1298.0000211    8.9860315E-08
      1300.7000212    8.8307019E-08
      1303.4000212    8.6783196E-08
      1306.1000212    8.5288015E-08
      1314.3000214    8.0916713E-08
      1330.6000216    7.2935606E-08
      1341.5000218    6.8079800E-08
      1355.1000220    6.2509542E-08
      1360.6000221    6.0399955E-08
      1371.4000223    5.6480104E-08
      1382.3000225    5.2803884E-08
      1390.5000226    5.0210474E-08
      1395.9000227    4.8578833E-08
      1404.1000228    4.6210840E-08
      1406.8000229    4.5458961E-08
      1409.5000229    4.4720426E-08
      1415.0000230    4.3256250E-08
      1417.7000231    4.2556699E-08
      1420.4000231    4.1869516E-08
      1423.1000231    4.1194415E-08
      1425.9000232    4.0506865E-08
      1428.6000232    3.9855742E-08
      1431.3000233    3.9216044E-08
      1436.7000234    3.7970040E-08
      1439.5000234    3.7341053E-08
      1442.2000235    3.6745302E-08
      1444.9000235    3.6159925E-08
      1447.6000235    3.5584723E-08
      1450.4000236    3.4998767E-08
      1453.1000236    3.4443708E-08
      1455.8000237    3.3898264E-08
      1458.5000237    3.3362245E-08
      1461.2000238    3.2835477E-08
      1466.7000239    3.1790339E-08
      1469.4000239    3.1290625E-08
      1472.1000239    3.0799491E-08
      1477.6000240    2.9824893E-08
      1480.3000241    2.9358835E-08
      1488.4000242    2.8007792E-08
      1491.2000242    2.7556698E-08
      1496.6000243    2.6709005E-08
      1551.0000252    1.9594323E-08
      1632.7000266    1.2508055E-08
      1823.1000296    4.7075930E-09
      2340.2000381    4.8950227E-10
      2829.9000460    8.4410270E-11
      3047.6000496    4.2212182E-11
      3700.7000602    6.6291820E-12
      4000.0000650    3.1075615E-12
      4680.3000761    5.7998284E-13
      5006.8000814    2.8444638E-13
      5387.8000876    5.8404704E-14
 
