       12.5000002    4.0814252E+00
        15.0000002    1.3152672E+00
        20.0000003    2.6310614E-01
        25.0000004    1.3262005E-01
        30.0000005    8.3042763E-02
        35.0000006    3.5277743E-02
        40.0000007    1.5274473E-02
        45.0000007    7.6214471E-03
        50.0000008    4.4453475E-03
        55.0000009    2.8124531E-03
        60.0000010    1.8152703E-03
        65.0000011    1.1688800E-03
        70.0000011    7.4987073E-04
        75.0000012    2.7035377E-03
        80.0000013    1.7398269E-03
        85.0000014    1.0303434E-03
        90.0000015    6.0766505E-04
        95.2390015    3.5453550E-04
       100.6800016    2.0722031E-04
       114.2900019    6.1372870E-05
       119.7300019    3.9747247E-05
       122.4500020    3.2327811E-05
       125.1700020    2.6471322E-05
       127.8900021    2.1816351E-05
       130.6100021    1.8090972E-05
       133.3300022    1.5089467E-05
       136.0600022    1.2647238E-05
       146.9400024    6.5670733E-06
       149.6600024    5.6332169E-06
       155.1000025    4.1887565E-06
       157.8200026    3.6291631E-06
       160.5500026    3.1516711E-06
       165.9900027    8.3114473E-06
       171.4300028    6.1640349E-06
       176.8700029    6.2953382E-06
       179.5900029    5.4389893E-06
       182.3100030    4.6996315E-06
       185.0400030    4.0628356E-06
       187.7600031    3.5189933E-06
       190.4800031    3.0523845E-06
       195.9200032    2.3065963E-06
       198.6400032    2.0093498E-06
       204.0800033    1.5310164E-06
       206.8000034    1.3390295E-06
       209.5300034    1.1720235E-06
       212.2500035    1.0276120E-06
       214.9700035    9.0207726E-07
       220.4100036    6.9757829E-07
       225.8500037    5.4187637E-07
       236.7400038    1.0635454E-06
       247.6200040    7.1209985E-07
       258.5100042    4.7895713E-07
       272.1100044    2.9535562E-07
       285.7200046    1.8453964E-07
       299.3200049    1.1682430E-07
       312.9300051    7.4817436E-08
       340.1400055    3.1697372E-08
       353.7400058    2.0930162E-08
       380.9500062    9.3417016E-09
       394.5600064    6.3021472E-09
       408.1700066    4.2739803E-09
       435.3800071    1.9891824E-09
       462.5900075    9.3306751E-10
       476.1900077    6.3904021E-10
       489.8000080    4.3679979E-10
       503.4000082    2.9749966E-10
       517.0100084    2.0151505E-10
       557.8300091    5.8686944E-11
       571.4300093    3.7436755E-11
       585.0400095    2.2980466E-11
       612.2500100    6.4582411E-12
 
