       12.5000002    8.7638806E+02
        15.0000002    2.8121704E+02
        20.0000003    2.7444872E+01
        25.0000004    1.6270657E+01
        30.0000005    1.1229127E+01
        35.0000006    7.1347284E+00
        40.0000007    4.4768777E+00
        45.0000007    2.6187785E+00
        50.0000008    1.4192818E+00
        55.0000009    7.1724671E-01
        60.0000010    3.5022044E-01
        65.0000011    1.7729448E-01
        70.0000011    1.0032836E-01
        75.0000012    2.6605457E-01
        80.0000013    2.3539464E-01
        85.0000014    2.0584285E-01
        90.0000015    1.8514395E-01
        95.2390015    1.5705949E-01
       100.6800016    1.2576321E-01
       114.2900019    7.5164296E-02
       119.7300019    6.2064521E-02
       122.4500020    5.6425270E-02
       125.1700020    5.1293537E-02
       127.8900021    4.6615351E-02
       130.6100021    4.2347018E-02
       133.3300022    3.8451858E-02
       136.0600022    3.4885738E-02
       146.9400024    2.3565417E-02
       149.6600024    2.1345045E-02
       155.1000025    1.7500263E-02
       157.8200026    1.5842332E-02
       160.5500026    1.4335074E-02
       165.9900027    1.3995439E-02
       171.4300028    1.1766044E-02
       176.8700029    1.0462899E-02
       179.5900029    9.6362615E-03
       182.3100030    8.8169910E-03
       185.0400030    8.0349389E-03
       187.7600031    7.3131640E-03
       190.4800031    6.6558095E-03
       195.9200032    5.5230814E-03
       198.6400032    5.0356234E-03
       204.0800033    4.1968669E-03
       206.8000034    3.8377298E-03
       209.5300034    3.5122873E-03
       212.2500035    3.2192378E-03
       214.9700035    2.9540323E-03
       220.4100036    2.4957515E-03
       225.8500037    2.1177416E-03
       236.7400038    1.8502938E-03
       247.6200040    1.3789855E-03
       258.5100042    1.0253062E-03
       272.1100044    7.1374280E-04
       285.7200046    5.0261564E-04
       299.3200049    3.5826466E-04
       312.9300051    2.5840412E-04
       340.1400055    1.3947436E-04
       353.7400058    1.0436534E-04
       380.9500062    6.0515387E-05
       394.5600064    4.6850571E-05
       408.1700066    3.6647340E-05
       435.3800071    2.3067296E-05
       462.5900075    1.5002747E-05
       476.1900077    1.2228591E-05
       489.8000080    1.0027943E-05
       503.4000082    8.2710358E-06
       517.0100084    6.8560876E-06
       557.8300091    4.0107357E-06
       571.4300093    3.3804452E-06
       585.0400095    2.8584407E-06
       612.2500100    2.0628547E-06
       666.6700108    1.1089230E-06
       680.2800111    9.5501298E-07
       707.4900115    7.3902368E-07
       734.7000119    5.6239236E-07
       761.9100124    4.2286166E-07
       789.1200128    3.2059998E-07
       816.3300133    2.4490802E-07
       843.5400137    1.8839447E-07
       870.7500142    1.4586587E-07
       911.5700148    1.0050242E-07
       952.3900155    7.0124180E-08
       993.2000162    7.6118205E-08
      1020.4000166    5.9518367E-08
      1061.2000173    4.9360597E-08
      1088.4000177    3.8932118E-08
      1102.0000179    3.4644543E-08
      1115.7000181    3.0843157E-08
      1129.3000184    2.7517167E-08
      1142.9000186    2.4580443E-08
      1156.5000188    2.1983883E-08
      1170.1000190    1.9685134E-08
      1197.3000195    5.2662259E-08
      1210.9000197    4.7827925E-08
      1224.5000199    4.3432870E-08
      1227.2000200    4.2612136E-08
      1229.9000200    4.1807976E-08
      1232.7000200    4.0991221E-08
      1235.4000201    4.0219899E-08
      1238.1000201    3.9464222E-08
      1240.8000202    3.8723879E-08
      1243.5000202    3.7998561E-08
      1246.3000203    3.7261909E-08
      1249.0000203    3.6566231E-08
      1257.2000204    3.4538555E-08
      1259.9000205    3.3897937E-08
      1262.6000205    3.3270229E-08
      1270.8000207    3.1440202E-08
      1281.6000208    2.9195311E-08
      1289.8000210    2.7607614E-08
      1292.5000210    2.7105642E-08
      1295.2000211    2.6613607E-08
      1298.0000211    2.6113623E-08
      1300.7000212    2.5641185E-08
      1303.4000212    2.5178059E-08
      1306.1000212    2.4724045E-08
      1314.3000214    2.3399089E-08
      1330.6000216    2.0989651E-08
      1341.5000218    1.9530244E-08
      1355.1000220    1.7862730E-08
      1360.6000221    1.7233107E-08
      1371.4000223    1.6066174E-08
      1382.3000225    1.4975454E-08
      1390.5000226    1.4208304E-08
      1395.9000227    1.3726632E-08
      1404.1000228    1.3029015E-08
      1406.8000229    1.2807877E-08
      1409.5000229    1.2590837E-08
      1415.0000230    1.2161062E-08
      1417.7000231    1.1955978E-08
      1420.4000231    1.1754674E-08
      1423.1000231    1.1557072E-08
      1425.9000232    1.1355985E-08
      1428.6000232    1.1165700E-08
      1431.3000233    1.0978901E-08
      1436.7000234    1.0615480E-08
      1439.5000234    1.0432241E-08
      1442.2000235    1.0258820E-08
      1444.9000235    1.0088551E-08
      1447.6000235    9.9213713E-09
      1450.4000236    9.7511972E-09
      1453.1000236    9.5901234E-09
      1455.8000237    9.4319583E-09
      1458.5000237    9.2766452E-09
      1461.2000238    9.1241290E-09
      1466.7000239    8.8218695E-09
      1469.4000239    8.6775156E-09
      1472.1000239    8.5357437E-09
      1477.6000240    8.2547329E-09
      1480.3000241    8.1205043E-09
      1488.4000242    7.7319555E-09
      1491.2000242    7.6024174E-09
      1496.6000243    7.3592563E-09
      1551.0000252    5.3334683E-09
      1632.7000266    3.3483880E-09
      1823.1000296    1.2198076E-09
      2340.2000381    1.1864876E-10
      2829.9000460    1.9156612E-11
      3047.6000496    9.1594397E-12
      3700.7000602    1.1781867E-12
      4000.0000650    4.1326507E-13
      4680.3000761    0.0000000E+00
      5006.8000814    0.0000000E+00
      5387.8000876    0.0000000E+00
 
