       12.5000002    3.0134343E+18
        15.0000002    4.5028506E+18
        20.0000003    3.7601637E+18
        25.0000004    2.6988027E+18
        30.0000005    2.2264581E+18
        35.0000006    1.8537721E+18
        40.0000007    1.7288882E+18
        45.0000007    1.6361526E+18
        50.0000008    1.5319468E+18
        55.0000009    1.3889675E+18
        60.0000010    1.2083849E+18
        65.0000011    1.0205336E+18
        70.0000011    8.5280926E+17
        75.0000012    6.8536177E+18
        80.0000013    7.2537261E+18
        85.0000014    6.8062200E+18
        90.0000015    6.2361864E+18
        95.2390015    5.5449960E+18
       100.6800016    4.7350760E+18
       114.2900019    3.0576371E+18
       119.7300019    2.5606128E+18
       122.4500020    2.3431085E+18
       125.1700020    2.1441428E+18
       127.8900021    1.9622396E+18
       130.6100021    1.7960215E+18
       133.3300022    1.6442060E+18
       136.0600022    1.5051143E+18
       146.9400024    1.0620356E+18
       149.6600024    9.7449935E+17
       155.1000025    8.2189449E+17
       157.8200026    7.5552488E+17
       160.5500026    6.9478717E+17
       165.9900027    1.3061859E+18
       171.4300028    1.1974968E+18
       176.8700029    1.4022228E+18
       179.5900029    1.3470322E+18
       182.3100030    1.2871965E+18
       185.0400030    1.2267772E+18
       187.7600031    1.1681954E+18
       190.4800031    1.1120711E+18
       195.9200032    1.0079630E+18
       198.6400032    9.5982754E+17
       204.0800033    8.7085100E+17
       206.8000034    8.2978892E+17
       209.5300034    7.9070966E+17
       212.2500035    7.5377858E+17
       214.9700035    7.1873385E+17
       220.4100036    6.5387991E+17
       225.8500037    5.9537235E+17
       236.7400038    6.3187552E+17
       247.6200040    5.4935552E+17
       258.5100042    4.8027915E+17
       272.1100044    4.0912862E+17
       285.7200046    3.5086660E+17
       299.3200049    3.0258886E+17
       312.9300051    2.6208761E+17
       340.1400055    1.9871652E+17
       353.7400058    1.7378702E+17
       380.9500062    1.3386125E+17
       394.5600064    1.1785869E+17
       408.1700066    1.0397846E+17
       435.3800071    8.1404980E+16
       462.5900075    6.4203954E+16
       476.1900077    5.7174356E+16
       489.8000080    5.0999399E+16
       503.4000082    4.5573846E+16
       517.0100084    4.0791521E+16
       557.8300091    2.9546227E+16
       571.4300093    2.6622129E+16
       585.0400095    2.4023472E+16
       612.2500100    1.9654640E+16
       666.6700108    1.3391389E+16
       680.2800111    1.2209118E+16
       707.4900115    1.0207912E+16
       734.7000119    8.5674386E+15
       761.9100124    7.2212638E+15
       789.1200128    6.1159379E+15
       816.3300133    5.2035671E+15
       843.5400137    4.4466419E+15
       870.7500142    3.8156073E+15
       911.5700148    3.0551659E+15
       952.3900155    2.4665082E+15
       993.2000162    2.2430583E+15
      1020.4000166    1.9430256E+15
      1061.2000173    1.6842551E+15
      1088.4000177    1.4719234E+15
      1102.0000179    1.3776145E+15
      1115.7000181    1.2897106E+15
      1129.3000184    1.2088956E+15
      1142.9000186    1.1339624E+15
      1156.5000188    1.0644209E+15
      1170.1000190    9.9982705E+14
      1197.3000195    4.0791562E+15
      1210.9000197    3.8599652E+15
      1224.5000199    3.6489344E+15
      1227.2000200    3.6083956E+15
      1229.9000200    3.5683284E+15
      1232.7000200    3.5272773E+15
      1235.4000201    3.4881754E+15
      1238.1000201    3.4495462E+15
      1240.8000202    3.4113878E+15
      1243.5000202    3.3736965E+15
      1246.3000203    3.3350987E+15
      1249.0000203    3.2983470E+15
      1257.2000204    3.1894940E+15
      1259.9000205    3.1545445E+15
      1262.6000205    3.1200283E+15
      1270.8000207    3.0177994E+15
      1281.6000208    2.8889161E+15
      1289.8000210    2.7952399E+15
      1292.5000210    2.7651563E+15
      1295.2000211    2.7354413E+15
      1298.0000211    2.7050096E+15
      1300.7000212    2.6760298E+15
      1303.4000212    2.6474033E+15
      1306.1000212    2.6191258E+15
      1314.3000214    2.5353345E+15
      1330.6000216    2.3776907E+15
      1341.5000218    2.2785091E+15
      1355.1000220    2.1613083E+15
      1360.6000221    2.1158743E+15
      1371.4000223    2.0297892E+15
      1382.3000225    1.9469296E+15
      1390.5000226    1.8871308E+15
      1395.9000227    1.8488934E+15
      1404.1000228    1.7925030E+15
      1406.8000229    1.7743659E+15
      1409.5000229    1.7564371E+15
      1415.0000230    1.7205494E+15
      1417.7000231    1.7032376E+15
      1420.4000231    1.6861235E+15
      1423.1000231    1.6692047E+15
      1425.9000232    1.6518627E+15
      1428.6000232    1.6353339E+15
      1431.3000233    1.6189928E+15
      1436.7000234    1.5868640E+15
      1439.5000234    1.5704901E+15
      1442.2000235    1.5548826E+15
      1444.9000235    1.5394510E+15
      1447.6000235    1.5241932E+15
      1450.4000236    1.5085512E+15
      1453.1000236    1.4936402E+15
      1455.8000237    1.4788963E+15
      1458.5000237    1.4643173E+15
      1461.2000238    1.4499010E+15
      1466.7000239    1.4210301E+15
      1469.4000239    1.4070960E+15
      1472.1000239    1.3933167E+15
      1477.6000240    1.3657181E+15
      1480.3000241    1.3523969E+15
      1488.4000242    1.3133080E+15
      1491.2000242    1.3000947E+15
      1496.6000243    1.2750346E+15
      1551.0000252    1.0508564E+15
      1632.7000266    7.9280929E+14
      1823.1000296    3.9514360E+14
      2340.2000381    6.1798019E+13
      2829.9000460    0.0000000E+00
      3047.6000496    0.0000000E+00
      3700.7000602    0.0000000E+00
      4000.0000650    0.0000000E+00
      4680.3000761    0.0000000E+00
 
