       12.5000002    2.2923506E+18
        15.0000002    3.8231743E+18
        20.0000003    3.4321121E+18
        25.0000004    2.8513330E+18
        30.0000005    2.7023959E+18
        35.0000006    2.0093258E+18
        40.0000007    1.6593879E+18
        45.0000007    1.4769140E+18
        50.0000008    1.3664122E+18
        55.0000009    1.2801924E+18
        60.0000010    1.1791345E+18
        65.0000011    1.0539835E+18
        70.0000011    9.1735526E+17
        75.0000012    6.3435614E+18
        80.0000013    6.8953684E+18
        85.0000014    6.7198544E+18
        90.0000015    6.4522492E+18
        95.2390015    6.0267767E+18
       100.6800016    5.3645892E+18
       114.2900019    3.7702924E+18
       119.7300019    3.2551556E+18
       122.4500020    3.0225459E+18
       125.1700020    2.8054977E+18
       127.8900021    2.6031963E+18
       130.6100021    2.4148357E+18
       133.3300022    2.2396244E+18
       136.0600022    2.0762107E+18
       146.9400024    1.5340834E+18
       149.6600024    1.4223864E+18
       155.1000025    1.2232296E+18
       157.8200026    1.1346499E+18
       160.5500026    1.0524212E+18
       165.9900027    1.6050867E+18
       171.4300028    1.4780750E+18
       176.8700029    1.6657275E+18
       179.5900029    1.6079607E+18
       182.3100030    1.5444067E+18
       185.0400030    1.4795434E+18
       187.7600031    1.4161438E+18
       190.4800031    1.3550357E+18
       195.9200032    1.2408570E+18
       198.6400032    1.1876665E+18
       204.0800033    1.0886215E+18
       206.8000034    1.0425866E+18
       209.5300034    9.9856952E+17
       212.2500035    9.5677447E+17
       214.9700035    9.1692240E+17
       220.4100036    8.4262737E+17
       225.8500037    7.7491449E+17
       236.7400038    7.6213762E+17
       247.6200040    6.5987960E+17
       258.5100042    5.7520995E+17
       272.1100044    4.8921832E+17
       285.7200046    4.1990445E+17
       299.3200049    3.6325610E+17
       312.9300051    3.1624552E+17
       340.1400055    2.4334115E+17
       353.7400058    2.1472469E+17
       380.9500062    1.6866821E+17
       394.5600064    1.5003333E+17
       408.1700066    1.3373637E+17
       435.3800071    1.0686221E+17
       462.5900075    8.5954906E+16
       476.1900077    7.7268497E+16
       489.8000080    6.9555419E+16
       503.4000082    6.2705522E+16
       517.0100084    5.6604031E+16
       557.8300091    4.1974917E+16
       571.4300093    3.8093813E+16
       585.0400095    3.4613047E+16
       612.2500100    2.8685475E+16
       666.6700108    1.9988314E+16
       680.2800111    1.8314836E+16
       707.4900115    1.5484587E+16
       734.7000119    1.3114188E+16
       761.9100124    1.1135327E+16
       789.1200128    9.4949894E+15
       816.3300133    8.1291136E+15
       843.5400137    6.9868311E+15
       870.7500142    6.0275399E+15
       911.5700148    4.8544797E+15
       952.3900155    3.9444990E+15
       993.2000162    3.7844659E+15
      1020.4000166    3.2955306E+15
      1061.2000173    2.9229816E+15
      1088.4000177    2.5577985E+15
      1102.0000179    2.3955607E+15
      1115.7000181    2.2443274E+15
      1129.3000184    2.1052801E+15
      1142.9000186    1.9763445E+15
      1156.5000188    1.8566799E+15
      1170.1000190    1.7455230E+15
      1197.3000195    6.7923050E+15
      1210.9000197    6.4398235E+15
      1224.5000199    6.1001485E+15
      1227.2000200    6.0348505E+15
      1229.9000200    5.9702961E+15
      1232.7000200    5.9041396E+15
      1235.4000201    5.8411072E+15
      1238.1000201    5.7788205E+15
      1240.8000202    5.7172763E+15
      1243.5000202    5.6564698E+15
      1246.3000203    5.5941836E+15
      1249.0000203    5.5348599E+15
      1257.2000204    5.3590562E+15
      1259.9000205    5.3025790E+15
      1262.6000205    5.2467868E+15
      1270.8000207    5.0814520E+15
      1281.6000208    4.8728058E+15
      1289.8000210    4.7210060E+15
      1292.5000210    4.6722292E+15
      1295.2000211    4.6240364E+15
      1298.0000211    4.5746674E+15
      1300.7000212    4.5276396E+15
      1303.4000212    4.4811732E+15
      1306.1000212    4.4352597E+15
      1314.3000214    4.2991337E+15
      1330.6000216    4.0427032E+15
      1341.5000218    3.8811416E+15
      1355.1000220    3.6899793E+15
      1360.6000221    3.6157979E+15
      1371.4000223    3.4751233E+15
      1382.3000225    3.3395623E+15
      1390.5000226    3.2416287E+15
      1395.9000227    3.1789606E+15
      1404.1000228    3.0864730E+15
      1406.8000229    3.0567078E+15
      1409.5000229    3.0272758E+15
      1415.0000230    2.9683359E+15
      1417.7000231    2.9398909E+15
      1420.4000231    2.9117626E+15
      1423.1000231    2.8839468E+15
      1425.9000232    2.8554266E+15
      1428.6000232    2.8282354E+15
      1431.3000233    2.8013449E+15
      1436.7000234    2.7484505E+15
      1439.5000234    2.7214816E+15
      1442.2000235    2.6957666E+15
      1444.9000235    2.6703339E+15
      1447.6000235    2.6451796E+15
      1450.4000236    2.6193841E+15
      1453.1000236    2.5947865E+15
      1455.8000237    2.5704569E+15
      1458.5000237    2.5463922E+15
      1461.2000238    2.5225886E+15
      1466.7000239    2.4748952E+15
      1469.4000239    2.4518658E+15
      1472.1000239    2.4290851E+15
      1477.6000240    2.3834360E+15
      1480.3000241    2.3613915E+15
      1488.4000242    2.2966648E+15
      1491.2000242    2.2747709E+15
      1496.6000243    2.2332273E+15
      1551.0000252    1.8602847E+15
      1632.7000266    1.4273188E+15
      1823.1000296    7.9960419E+14
      2340.2000381    1.7376812E+14
      2829.9000460    2.8894262E+13
      3047.6000496    4.8767592E+11
      3700.7000602    0.0000000E+00
      4000.0000650    0.0000000E+00
      4680.3000761    0.0000000E+00
      5006.8000814    0.0000000E+00
      5387.8000876    0.0000000E+00
 
