       12.5000002    2.6404788E+18
        15.0000002    2.7521680E+18
        20.0000003    2.8997761E+18
        25.0000004    2.5664215E+18
        30.0000005    3.1313580E+18
        35.0000006    2.7307218E+18
        40.0000007    2.2243058E+18
        45.0000007    1.7643787E+18
        50.0000008    1.4033093E+18
        55.0000009    1.1556887E+18
        60.0000010    1.0050855E+18
        65.0000011    9.1230246E+17
        70.0000011    8.4216420E+17
        75.0000012    4.9850081E+18
        80.0000013    5.5350746E+18
        85.0000014    5.5934526E+18
        90.0000015    5.6395722E+18
        95.2390015    5.5886818E+18
       100.6800016    5.2771231E+18
       114.2900019    4.2507389E+18
       119.7300019    3.8628150E+18
       122.4500020    3.6768285E+18
       125.1700020    3.4964794E+18
       127.8900021    3.3219776E+18
       130.6100021    3.1535008E+18
       133.3300022    2.9911999E+18
       136.0600022    2.8346012E+18
       146.9400024    2.2737484E+18
       149.6600024    2.1491091E+18
       155.1000025    1.9177443E+18
       157.8200026    1.8106955E+18
       160.5500026    1.7087994E+18
       165.9900027    2.1352921E+18
       171.4300028    1.9739360E+18
       176.8700029    2.0887266E+18
       179.5900029    2.0192502E+18
       182.3100030    1.9437994E+18
       185.0400030    1.8672732E+18
       187.7600031    1.7927687E+18
       190.4800031    1.7211818E+18
       195.9200032    1.5879198E+18
       198.6400032    1.5260195E+18
       204.0800033    1.4110240E+18
       206.8000034    1.3576798E+18
       209.5300034    1.3067202E+18
       212.2500035    1.2583600E+18
       214.9700035    1.2122565E+18
       220.4100036    1.1262635E+18
       225.8500037    1.0477303E+18
       236.7400038    1.0478303E+18
       247.6200040    9.0939761E+17
       258.5100042    7.9045684E+17
       272.1100044    6.6826166E+17
       285.7200046    5.6982692E+17
       299.3200049    4.9006838E+17
       312.9300051    4.2480876E+17
       340.1400055    3.2616092E+17
       353.7400058    2.8847677E+17
       380.9500062    2.2907067E+17
       394.5600064    2.0539805E+17
       408.1700066    1.8480468E+17
       435.3800071    1.5089448E+17
       462.5900075    1.2432693E+17
       476.1900077    1.1316657E+17
       489.8000080    1.0316331E+17
       503.4000082    9.4185386E+16
       517.0100084    8.6096030E+16
       557.8300091    6.6230956E+16
       571.4300093    6.0818043E+16
       585.0400095    5.5899429E+16
       612.2500100    4.7361090E+16
       666.6700108    3.4365957E+16
       680.2800111    3.1785234E+16
       707.4900115    2.7576134E+16
       734.7000119    2.3810667E+16
       761.9100124    2.0502993E+16
       789.1200128    1.7717025E+16
       816.3300133    1.5360762E+16
       843.5400137    1.3360327E+16
       870.7500142    1.1655891E+16
       911.5700148    9.5498448E+15
       952.3900155    7.8731496E+15
       993.2000162    8.5346884E+15
      1020.4000166    7.4582204E+15
      1061.2000173    6.9236070E+15
      1088.4000177    6.0708724E+15
      1102.0000179    5.6911941E+15
      1115.7000181    5.3367846E+15
      1129.3000184    5.0105067E+15
      1142.9000186    4.7075827E+15
      1156.5000188    4.4261109E+15
      1170.1000190    4.1643624E+15
      1197.3000195    1.4468494E+16
      1210.9000197    1.3752100E+16
      1224.5000199    1.3060991E+16
      1227.2000200    1.2927949E+16
      1229.9000200    1.2796353E+16
      1232.7000200    1.2661415E+16
      1235.4000201    1.2532777E+16
      1238.1000201    1.2405590E+16
      1240.8000202    1.2279846E+16
      1243.5000202    1.2155537E+16
      1246.3000203    1.2028128E+16
      1249.0000203    1.1906706E+16
      1257.2000204    1.1546452E+16
      1259.9000205    1.1430582E+16
      1262.6000205    1.1316050E+16
      1270.8000207    1.0976246E+16
      1281.6000208    1.0546555E+16
      1289.8000210    1.0233307E+16
      1292.5000210    1.0132538E+16
      1295.2000211    1.0032919E+16
      1298.0000211    9.9308116E+15
      1300.7000212    9.8334941E+15
      1303.4000212    9.7372836E+15
      1306.1000212    9.6421661E+15
      1314.3000214    9.3598526E+15
      1330.6000216    8.8267688E+15
      1341.5000218    8.4900277E+15
      1355.1000220    8.0906865E+15
      1360.6000221    7.9354508E+15
      1371.4000223    7.6406443E+15
      1382.3000225    7.3560179E+15
      1390.5000226    7.1500592E+15
      1395.9000227    7.0181151E+15
      1404.1000228    6.8231708E+15
      1406.8000229    6.7603757E+15
      1409.5000229    6.6982570E+15
      1415.0000230    6.5737776E+15
      1417.7000231    6.5136636E+15
      1420.4000231    6.4541934E+15
      1423.1000231    6.3953588E+15
      1425.9000232    6.3350091E+15
      1428.6000232    6.2774464E+15
      1431.3000233    6.2204967E+15
      1436.7000234    6.1084056E+15
      1439.5000234    6.0512192E+15
      1442.2000235    5.9966688E+15
      1444.9000235    5.9426950E+15
      1447.6000235    5.8892908E+15
      1450.4000236    5.8345032E+15
      1453.1000236    5.7822382E+15
      1455.8000237    5.7305225E+15
      1458.5000237    5.6793491E+15
      1461.2000238    5.6287114E+15
      1466.7000239    5.5271929E+15
      1469.4000239    5.4781443E+15
      1472.1000239    5.4296069E+15
      1477.6000240    5.3322883E+15
      1480.3000241    5.2852649E+15
      1488.4000242    5.1470920E+15
      1491.2000242    5.1003193E+15
      1496.6000243    5.0115187E+15
      1551.0000252    4.2112828E+15
      1632.7000266    3.2745172E+15
      1823.1000296    1.8967605E+15
      2340.2000381    5.3536680E+14
      2829.9000460    1.9666033E+14
      3047.6000496    1.1098692E+14
      3700.7000602    2.2031377E+13
      4000.0000650    2.3859912E+12
      4680.3000761    0.0000000E+00
      5006.8000814    0.0000000E+00
      5387.8000876    0.0000000E+00
 
