       12.5000002    4.3868395E+18
        15.0000002    6.6569321E+18
        20.0000003    5.4156517E+18
        25.0000004    3.8990582E+18
        30.0000005    3.8017500E+18
        35.0000006    3.1648615E+18
        40.0000007    2.5929950E+18
        45.0000007    2.0541555E+18
        50.0000008    1.5963717E+18
        55.0000009    1.2398801E+18
        60.0000010    9.7507110E+17
        65.0000011    7.8110900E+17
        70.0000011    6.3769462E+17
        75.0000012    1.0011114E+18
        80.0000013    7.5569310E+17
        85.0000014    5.7605950E+17
        90.0000015    4.4976447E+17
        95.2390015    3.5540614E+17
       100.6800016    2.8416239E+17
       114.2900019    1.7302369E+17
       119.7300019    1.4432358E+17
       122.4500020    1.3214787E+17
       125.1700020    1.2117696E+17
       127.8900021    1.1126394E+17
       130.6100021    1.0228489E+17
       133.3300022    9.4134602E+16
       136.0600022    8.6696251E+16
       146.9400024    6.3012573E+16
       149.6600024    5.8298563E+16
       155.1000025    5.0011170E+16
       157.8200026    4.6368669E+16
       160.5500026    4.3008424E+16
       165.9900027    7.0133904E+16
       171.4300028    5.8823202E+16
       176.8700029    6.1896049E+16
       179.5900029    5.6689926E+16
       182.3100030    5.1922504E+16
       185.0400030    4.7565973E+16
       187.7600031    4.3621891E+16
       190.4800031    4.0039317E+16
       195.9200032    3.3825629E+16
       198.6400032    3.1133756E+16
       204.0800033    2.6449006E+16
       206.8000034    2.4411284E+16
       209.5300034    2.2544103E+16
       212.2500035    2.0844136E+16
       214.9700035    1.9288936E+16
       220.4100036    1.6559517E+16
       225.8500037    1.4262424E+16
       236.7400038    5.8228693E+16
       247.6200040    4.6497492E+16
       258.5100042    3.7009424E+16
       272.1100044    2.7975291E+16
       285.7200046    2.1295794E+16
       299.3200049    1.6326119E+16
       312.9300051    1.2589484E+16
       340.1400055    7.5949141E+15
       353.7400058    5.9297038E+15
       380.9500062    3.6777394E+15
       394.5600064    2.8870129E+15
       408.1700066    2.2637554E+15
       435.3800071    1.3784212E+15
       462.5900075    8.1551477E+14
       476.1900077    6.1489893E+14
       489.8000080    4.5350174E+14
       503.4000082    2.9914883E+14
       517.0100084    1.9881498E+14
 
