       12.5000002    4.3693366E+18
        15.0000002    5.6843080E+18
        20.0000003    3.0055302E+18
        25.0000004    2.2893204E+18
        30.0000005    2.9261100E+18
        35.0000006    2.6783977E+18
        40.0000007    2.2911124E+18
        45.0000007    1.8762361E+18
        50.0000008    1.5128076E+18
        55.0000009    1.2424901E+18
        60.0000010    1.0580331E+18
        65.0000011    9.2944480E+17
        70.0000011    8.3009417E+17
        75.0000012    5.3826350E+18
        80.0000013    5.0651131E+18
        85.0000014    4.2036325E+18
        90.0000015    3.3874843E+18
        95.2390015    2.6660647E+18
       100.6800016    2.0613351E+18
       114.2900019    1.0998990E+18
       119.7300019    8.6737160E+17
       122.4500020    7.7294327E+17
       125.1700020    6.9049152E+17
       127.8900021    6.1840444E+17
       130.6100021    5.5528948E+17
       133.3300022    4.9994419E+17
       136.0600022    4.5116319E+17
       146.9400024    3.0792912E+17
       149.6600024    2.8177411E+17
       155.1000025    2.3778568E+17
       157.8200026    2.1926351E+17
       160.5500026    2.0261589E+17
       165.9900027    6.4031427E+17
       171.4300028    5.6361093E+17
       176.8700029    6.8184186E+17
       179.5900029    6.3978623E+17
       182.3100030    5.9896837E+17
       185.0400030    5.6030542E+17
       187.7600031    5.2434476E+17
       190.4800031    4.9090260E+17
       195.9200032    4.3096358E+17
       198.6400032    4.0411856E+17
       204.0800033    3.5588415E+17
       206.8000034    3.3421869E+17
       209.5300034    3.1395005E+17
       212.2500035    2.9511555E+17
       214.9700035    2.7753632E+17
       220.4100036    2.4578433E+17
       225.8500037    2.1804018E+17
       236.7400038    3.7091472E+17
       247.6200040    3.1686966E+17
       258.5100042    2.7078740E+17
       272.1100044    2.2336601E+17
       285.7200046    1.8504757E+17
       299.3200049    1.5399542E+17
       312.9300051    1.2868207E+17
       340.1400055    9.0980318E+16
       353.7400058    7.6961442E+16
       380.9500062    5.5694245E+16
       394.5600064    4.7635375E+16
       408.1700066    4.0885220E+16
       435.3800071    3.0425456E+16
       462.5900075    2.2927579E+16
       476.1900077    1.9992091E+16
       489.8000080    1.7479479E+16
       503.4000082    1.5325249E+16
       517.0100084    1.3469948E+16
       557.8300091    9.2807081E+15
       571.4300093    8.2346189E+15
       585.0400095    7.3212957E+15
       612.2500100    5.8228579E+15
       666.6700108    3.7656263E+15
       680.2800111    3.3910133E+15
       707.4900115    2.7635516E+15
       734.7000119    2.2648608E+15
       761.9100124    1.8661837E+15
       789.1200128    1.5454884E+15
       816.3300133    1.2859439E+15
       843.5400137    1.0746795E+15
       870.7500142    8.9538371E+14
       911.5700148    6.9198970E+14
       952.3900155    5.3874479E+14
       993.2000162    4.3979297E+14
      1020.4000166    3.7411615E+14
      1061.2000173    2.9688800E+14
      1088.4000177    2.5319247E+14
      1102.0000179    2.3398774E+14
      1115.7000181    2.1621312E+14
      1129.3000184    1.9998972E+14
      1142.9000186    1.8505803E+14
      1156.5000188    1.7130583E+14
      1170.1000190    1.5284002E+14
      1197.3000195    6.5046199E+14
      1210.9000197    6.0443323E+14
      1224.5000199    5.6086746E+14
      1227.2000200    5.5256996E+14
      1229.9000200    5.4439096E+14
      1232.7000200    5.3603383E+14
      1235.4000201    5.2809485E+14
      1238.1000201    5.2027241E+14
      1240.8000202    5.1256546E+14
      1243.5000202    5.0497269E+14
      1246.3000203    4.9721793E+14
      1249.0000203    4.8985360E+14
      1257.2000204    4.3994142E+14
      1259.9000205    4.3327992E+14
      1262.6000205    4.2672037E+14
      1270.8000207    4.0740798E+14
      1281.6000208    3.8331395E+14
      1289.8000210    3.6598688E+14
      1292.5000210    3.6045657E+14
      1295.2000211    3.5501069E+14
      1298.0000211    3.4945085E+14
      1300.7000212    3.4417284E+14
      1303.4000212    3.3897523E+14
      1306.1000212    3.3385683E+14
      1314.3000214    3.1878462E+14
      1330.6000216    2.6400803E+14
      1341.5000218    2.4788305E+14
      1355.1000220    2.2914312E+14
      1360.6000221    2.2197406E+14
      1371.4000223    2.0854341E+14
      1382.3000225    1.9581192E+14
      1390.5000226    1.6103762E+14
      1395.9000227    1.5593959E+14
      1404.1000228    1.4850497E+14
      1406.8000229    1.4613531E+14
      1409.5000229    1.4380337E+14
      1415.0000230    1.3916734E+14
      1417.7000231    1.3694631E+14
      1420.4000231    1.3476058E+14
      1423.1000231    1.3260960E+14
      1425.9000232    1.3041505E+14
      1428.6000232    1.2833310E+14
      1431.3000233    1.2628421E+14
      1436.7000234    9.6916105E+13
      1439.5000234    9.5257719E+13
      1442.2000235    9.3685425E+13
      1444.9000235    9.2139061E+13
      1447.6000235    9.0618173E+13
      1450.4000236    8.9067421E+13
      1453.1000236    8.7597133E+13
      1455.8000237    8.6151038E+13
      1458.5000237    8.4728741E+13
      1461.2000238    8.3329840E+13
      1466.7000239    8.0550946E+13
      1469.4000239    7.9220697E+13
      1472.1000239    7.7912292E+13
      1477.6000240    5.0284726E+13
      1480.3000241    4.9423258E+13
      1488.4000242    4.6926486E+13
      1491.2000242    4.6093082E+13
      1496.6000243    4.4527339E+13
      1551.0000252    0.0000000E+00
      1632.7000266    0.0000000E+00
      1823.1000296    0.0000000E+00
 
