       12.5000002    4.0744982E+18
        15.0000002    3.4208569E+18
        20.0000003    2.2709004E+18
        25.0000004    2.2993957E+18
        30.0000005    2.8309808E+18
        35.0000006    2.7793144E+18
        40.0000007    2.6087167E+18
        45.0000007    2.2875312E+18
        50.0000008    1.8740630E+18
        55.0000009    1.4606615E+18
        60.0000010    1.1271861E+18
        65.0000011    9.0069429E+17
        70.0000011    7.6178048E+17
        75.0000012    4.0332613E+18
        80.0000013    4.4925729E+18
        85.0000014    4.6246471E+18
        90.0000015    4.7767040E+18
        95.2390015    4.7926887E+18
       100.6800016    4.5738900E+18
       114.2900019    3.9203117E+18
       119.7300019    3.6806171E+18
       122.4500020    3.5631521E+18
       125.1700020    3.4468370E+18
       127.8900021    3.3315609E+18
       130.6100021    3.2173365E+18
       133.3300022    3.1042482E+18
       136.0600022    2.9920452E+18
       146.9400024    2.5616911E+18
       149.6600024    2.4592804E+18
       155.1000025    2.2618537E+18
       157.8200026    2.1670952E+18
       160.5500026    2.0747684E+18
       165.9900027    2.4670806E+18
       171.4300028    2.3217656E+18
       176.8700029    2.4032276E+18
       179.5900029    2.3379138E+18
       182.3100030    2.2609078E+18
       185.0400030    2.1789102E+18
       187.7600031    2.0967867E+18
       190.4800031    2.0167644E+18
       195.9200032    1.8659369E+18
       198.6400032    1.7949746E+18
       204.0800033    1.6622792E+18
       206.8000034    1.6006112E+18
       209.5300034    1.5417128E+18
       212.2500035    1.4858584E+18
       214.9700035    1.4326667E+18
       220.4100036    1.3336616E+18
       225.8500037    1.2435652E+18
       236.7400038    1.2843026E+18
       247.6200040    1.1330961E+18
       258.5100042    9.9499872E+17
       272.1100044    8.4769460E+17
       285.7200046    7.2563266E+17
       299.3200049    6.2450027E+17
       312.9300051    5.4042020E+17
       340.1400055    4.1187369E+17
       353.7400058    3.6273607E+17
       380.9500062    2.8600627E+17
       394.5600064    2.5589255E+17
       408.1700066    2.2999708E+17
       435.3800071    1.8806758E+17
       462.5900075    1.5585625E+17
       476.1900077    1.4247437E+17
       489.8000080    1.3053797E+17
       503.4000082    1.1985709E+17
       517.0100084    1.1024601E+17
       557.8300091    8.6590106E+16
       571.4300093    8.0100238E+16
       585.0400095    7.4173699E+16
       612.2500100    6.3794691E+16
       666.6700108    4.7670628E+16
       680.2800111    4.4403691E+16
       707.4900115    3.9699877E+16
       734.7000119    3.4928869E+16
       761.9100124    3.0350425E+16
       789.1200128    2.6465241E+16
       816.3300133    2.3151265E+16
       843.5400137    2.0312597E+16
       870.7500142    1.7871998E+16
       911.5700148    1.4822548E+16
       952.3900155    1.2362316E+16
       993.2000162    1.5212906E+16
      1020.4000166    1.3325702E+16
      1061.2000173    1.2871333E+16
      1088.4000177    1.1304949E+16
      1102.0000179    1.0606628E+16
      1115.7000181    9.9541161E+15
      1129.3000184    9.3529076E+15
      1142.9000186    8.7942301E+15
      1156.5000188    8.2746636E+15
      1170.1000190    7.7910948E+15
      1197.3000195    2.4043551E+16
      1210.9000197    2.2907745E+16
      1224.5000199    2.1811566E+16
      1227.2000200    2.1600295E+16
      1229.9000200    2.1391220E+16
      1232.7000200    2.1176727E+16
      1235.4000201    2.0972141E+16
      1238.1000201    2.0769751E+16
      1240.8000202    2.0569552E+16
      1243.5000202    2.0371528E+16
      1246.3000203    2.0168447E+16
      1249.0000203    1.9974800E+16
      1257.2000204    1.9399590E+16
      1259.9000205    1.9214367E+16
      1262.6000205    1.9031176E+16
      1270.8000207    1.8487034E+16
      1281.6000208    1.7797545E+16
      1289.8000210    1.7293879E+16
      1292.5000210    1.7131666E+16
      1295.2000211    1.6971213E+16
      1298.0000211    1.6806656E+16
      1300.7000212    1.6649726E+16
      1303.4000212    1.6494494E+16
      1306.1000212    1.6340940E+16
      1314.3000214    1.5884666E+16
      1330.6000216    1.5020933E+16
      1341.5000218    1.4473810E+16
      1355.1000220    1.3823394E+16
      1360.6000221    1.3570079E+16
      1371.4000223    1.3088249E+16
      1382.3000225    1.2622089E+16
      1390.5000226    1.2284156E+16
      1395.9000227    1.2067388E+16
      1404.1000228    1.1746715E+16
      1406.8000229    1.1643316E+16
      1409.5000229    1.1540980E+16
      1415.0000230    1.1335757E+16
      1417.7000231    1.1236575E+16
      1420.4000231    1.1138407E+16
      1423.1000231    1.1041242E+16
      1425.9000232    1.0941525E+16
      1428.6000232    1.0846367E+16
      1431.3000233    1.0752176E+16
      1436.7000234    1.0566654E+16
      1439.5000234    1.0471935E+16
      1442.2000235    1.0381539E+16
      1444.9000235    1.0292057E+16
      1447.6000235    1.0203476E+16
      1450.4000236    1.0112558E+16
      1453.1000236    1.0025785E+16
      1455.8000237    9.9398836E+15
      1458.5000237    9.8548433E+15
      1461.2000238    9.7706555E+15
      1466.7000239    9.6017559E+15
      1469.4000239    9.5200957E+15
      1472.1000239    9.4392493E+15
      1477.6000240    9.2770402E+15
      1480.3000241    9.1986088E+15
      1488.4000242    8.9679395E+15
      1491.2000242    8.8897856E+15
      1496.6000243    8.7413070E+15
      1551.0000252    7.3970912E+15
      1632.7000266    5.8077332E+15
      1823.1000296    3.4313589E+15
      2340.2000381    1.0162803E+15
      2829.9000460    3.7543426E+14
      3047.6000496    2.5514122E+14
      3700.7000602    8.1246118E+13
      4000.0000650    4.8413274E+13
      4680.3000761    7.4946314E+12
      5006.8000814    0.0000000E+00
      5387.8000876    0.0000000E+00
 
