       12.5000002    4.6794154E+18
        15.0000002    4.2319128E+18
        20.0000003    2.1422769E+18
        25.0000004    2.0875089E+18
        30.0000005    2.6166576E+18
        35.0000006    2.6233509E+18
        40.0000007    2.5908941E+18
        45.0000007    2.4347756E+18
        50.0000008    2.1287976E+18
        55.0000009    1.7292124E+18
        60.0000010    1.3367328E+18
        65.0000011    1.0256245E+18
        70.0000011    8.1172827E+17
        75.0000012    3.7692221E+18
        80.0000013    4.1303256E+18
        85.0000014    4.2836885E+18
        90.0000015    4.5252045E+18
        95.2390015    4.5453747E+18
       100.6800016    4.2647937E+18
       114.2900019    3.6163724E+18
       119.7300019    3.4214619E+18
       122.4500020    3.3297566E+18
       125.1700020    3.2403265E+18
       127.8900021    3.1524161E+18
       130.6100021    3.0655264E+18
       133.3300022    2.9793458E+18
       136.0600022    2.8933767E+18
       146.9400024    2.5557183E+18
       149.6600024    2.4729179E+18
       155.1000025    2.3101303E+18
       157.8200026    2.2304215E+18
       160.5500026    2.1517283E+18
       165.9900027    2.5552274E+18
       171.4300028    2.4369521E+18
       176.8700029    2.5253514E+18
       179.5900029    2.4731697E+18
       182.3100030    2.4049975E+18
       185.0400030    2.3276419E+18
       187.7600031    2.2471452E+18
       190.4800031    2.1672592E+18
       195.9200032    2.0141734E+18
       198.6400032    1.9406019E+18
       204.0800033    1.8009940E+18
       206.8000034    1.7355989E+18
       209.5300034    1.6729386E+18
       212.2500035    1.6133549E+18
       214.9700035    1.5564753E+18
       220.4100036    1.4502802E+18
       225.8500037    1.3533239E+18
       236.7400038    1.3941391E+18
       247.6200040    1.2421056E+18
       258.5100042    1.0999033E+18
       272.1100044    9.4516569E+17
       285.7200046    8.1469049E+17
       299.3200049    7.0476166E+17
       312.9300051    6.1195367E+17
       340.1400055    4.6743363E+17
       353.7400058    4.1139358E+17
       380.9500062    3.2325759E+17
       394.5600064    2.8858136E+17
       408.1700066    2.5880090E+17
       435.3800071    2.1082002E+17
       462.5900075    1.7433420E+17
       476.1900077    1.5931106E+17
       489.8000080    1.4598736E+17
       503.4000082    1.3412916E+17
       517.0100084    1.2351009E+17
       557.8300091    9.7558026E+16
       571.4300093    9.0473151E+16
       585.0400095    8.4009861E+16
       612.2500100    7.2693481E+16
       666.6700108    5.5052839E+16
       680.2800111    5.1457647E+16
       707.4900115    4.7051010E+16
       734.7000119    4.1913396E+16
       761.9100124    3.6546779E+16
       789.1200128    3.1990737E+16
       816.3300133    2.8096886E+16
       843.5400137    2.4752023E+16
       870.7500142    2.1866503E+16
       911.5700148    1.8244091E+16
       952.3900155    1.5303735E+16
       993.2000162    2.0371870E+16
      1020.4000166    1.7865385E+16
      1061.2000173    1.7634970E+16
      1088.4000177    1.5501850E+16
      1102.0000179    1.4549952E+16
      1115.7000181    1.3659961E+16
      1129.3000184    1.2839301E+16
      1142.9000186    1.2076209E+16
      1156.5000188    1.1366116E+16
      1170.1000190    1.0704854E+16
      1197.3000195    3.0603029E+16
      1210.9000197    2.9192109E+16
      1224.5000199    2.7830924E+16
      1227.2000200    2.7568457E+16
      1229.9000200    2.7308658E+16
      1232.7000200    2.7042046E+16
      1235.4000201    2.6787700E+16
      1238.1000201    2.6536022E+16
      1240.8000202    2.6286999E+16
      1243.5000202    2.6040612E+16
      1246.3000203    2.5787864E+16
      1249.0000203    2.5546764E+16
      1257.2000204    2.4830245E+16
      1259.9000205    2.4599382E+16
      1262.6000205    2.4370963E+16
      1270.8000207    2.3692135E+16
      1281.6000208    2.2831067E+16
      1289.8000210    2.2201401E+16
      1292.5000210    2.1998494E+16
      1295.2000211    2.1797730E+16
      1298.0000211    2.1591769E+16
      1300.7000212    2.1395298E+16
      1303.4000212    2.1200873E+16
      1306.1000212    2.1008517E+16
      1314.3000214    2.0436612E+16
      1330.6000216    1.9352571E+16
      1341.5000218    1.8664946E+16
      1355.1000220    1.7846485E+16
      1360.6000221    1.7527415E+16
      1371.4000223    1.6920026E+16
      1382.3000225    1.6331765E+16
      1390.5000226    1.5904926E+16
      1395.9000227    1.5630952E+16
      1404.1000228    1.5225390E+16
      1406.8000229    1.5094552E+16
      1409.5000229    1.4965026E+16
      1415.0000230    1.4682167E+16
      1417.7000231    1.4556553E+16
      1420.4000231    1.4432192E+16
      1423.1000231    1.4309070E+16
      1425.9000232    1.4182684E+16
      1428.6000232    1.4062045E+16
      1431.3000233    1.3942604E+16
      1436.7000234    1.3707262E+16
      1439.5000234    1.3587064E+16
      1442.2000235    1.3472323E+16
      1444.9000235    1.3358715E+16
      1447.6000235    1.3246226E+16
      1450.4000236    1.3130739E+16
      1453.1000236    1.3020492E+16
      1455.8000237    1.2911326E+16
      1458.5000237    1.2803229E+16
      1461.2000238    1.2696190E+16
      1466.7000239    1.2481370E+16
      1469.4000239    1.2377473E+16
      1472.1000239    1.2274586E+16
      1477.6000240    1.2068084E+16
      1480.3000241    1.1968200E+16
      1488.4000242    1.1674310E+16
      1491.2000242    1.1574690E+16
      1496.6000243    1.1385365E+16
      1551.0000252    9.6673067E+15
      1632.7000266    7.6253955E+15
      1823.1000296    4.5451545E+15
      2340.2000381    1.3626699E+15
      2829.9000460    5.2707117E+14
      3047.6000496    3.6188341E+14
      3700.7000602    1.2614211E+14
      4000.0000650    7.8850046E+13
      4680.3000761    2.5910099E+13
      5006.8000814    1.4008312E+13
      5387.8000876    3.2218570E+12
 
