       12.5000002    7.1059567E+18
        15.0000002    9.0203939E+18
        20.0000003    6.2455526E+18
        25.0000004    4.3984910E+18
        30.0000005    3.5844118E+18
        35.0000006    2.3348995E+18
        40.0000007    1.5996736E+18
        45.0000007    1.1266136E+18
        50.0000008    8.0187046E+17
        55.0000009    5.7276866E+17
        60.0000010    4.0982502E+17
        65.0000011    2.9375013E+17
        70.0000011    2.1100403E+17
        75.0000012    1.5463217E+17
        80.0000013    1.1097616E+17
        85.0000014    7.9931918E+16
        90.0000015    5.7699213E+16
        95.2390015    4.1037025E+16
       100.6800016    2.8768591E+16
       114.2900019    1.1512447E+16
       119.7300019    7.7695690E+15
       122.4500020    6.3061222E+15
       125.1700020    5.0543095E+15
       127.8900021    3.9756856E+15
       130.6100021    3.0341775E+15
       133.3300022    2.1906748E+15
       136.0600022    1.3812204E+15
 
