       12.5000002    3.4253193E+18
        15.0000002    2.9348120E+18
        20.0000003    2.5411544E+18
        25.0000004    2.4402426E+18
        30.0000005    3.0010073E+18
        35.0000006    2.8342144E+18
        40.0000007    2.4991512E+18
        45.0000007    2.0680215E+18
        50.0000008    1.6354546E+18
        55.0000009    1.2756399E+18
        60.0000010    1.0249303E+18
        65.0000011    8.7138825E+17
        70.0000011    7.7926354E+17
        75.0000012    4.4135172E+18
        80.0000013    4.9235460E+18
        85.0000014    5.0264856E+18
        90.0000015    5.1286868E+18
        95.2390015    5.1328991E+18
       100.6800016    4.9048708E+18
       114.2900019    4.1282478E+18
       119.7300019    3.8270715E+18
       122.4500020    3.6796355E+18
       125.1700020    3.5344370E+18
       127.8900021    3.3916632E+18
       130.6100021    3.2515423E+18
       133.3300022    3.1143040E+18
       136.0600022    2.9797084E+18
       146.9400024    2.4787682E+18
       149.6600024    2.3631759E+18
       155.1000025    2.1442042E+18
       157.8200026    2.0408805E+18
       160.5500026    1.9413027E+18
       165.9900027    2.3393152E+18
       171.4300028    2.1802513E+18
       176.8700029    2.2701138E+18
       179.5900029    2.1998058E+18
       182.3100030    2.1210966E+18
       185.0400030    2.0398760E+18
       187.7600031    1.9600434E+18
       190.4800031    1.8829897E+18
       195.9200032    1.7390246E+18
       198.6400032    1.6719369E+18
       204.0800033    1.5472102E+18
       206.8000034    1.4894001E+18
       209.5300034    1.4342307E+18
       212.2500035    1.3819380E+18
       214.9700035    1.3321504E+18
       220.4100036    1.2394806E+18
       225.8500037    1.1550994E+18
       236.7400038    1.1815330E+18
       247.6200040    1.0337952E+18
       258.5100042    9.0250423E+17
       272.1100044    7.6498178E+17
       285.7200046    6.5266055E+17
       299.3200049    5.6074629E+17
       312.9300051    4.8509079E+17
       340.1400055    3.7051704E+17
       353.7400058    3.2692604E+17
       380.9500062    2.5878604E+17
       394.5600064    2.3192030E+17
       408.1700066    2.0871277E+17
       435.3800071    1.7084773E+17
       462.5900075    1.4145647E+17
       476.1900077    1.2916289E+17
       489.8000080    1.1815794E+17
       503.4000082    1.0828326E+17
       517.0100084    9.9379900E+16
       557.8300091    7.7433355E+16
       571.4300093    7.1416841E+16
       585.0400095    6.5929560E+16
       612.2500100    5.6346917E+16
       666.6700108    4.1573041E+16
       680.2800111    3.8603621E+16
       707.4900115    3.3998643E+16
       734.7000119    2.9644811E+16
       761.9100124    2.5663226E+16
       789.1200128    2.2293157E+16
       816.3300133    1.9427913E+16
       843.5400137    1.6982393E+16
       870.7500142    1.4887648E+16
       911.5700148    1.2282593E+16
       952.3900155    1.0192785E+16
       993.2000162    1.1809243E+16
      1020.4000166    1.0334777E+16
      1061.2000173    9.8048563E+15
      1088.4000177    8.6061782E+15
      1102.0000179    8.0720614E+15
      1115.7000181    7.5732213E+15
      1129.3000184    7.1136899E+15
      1142.9000186    6.6868496E+15
      1156.5000188    6.2900285E+15
      1170.1000190    5.9208223E+15
      1197.3000195    1.9342759E+16
      1210.9000197    1.8409675E+16
      1224.5000199    1.7509137E+16
      1227.2000200    1.7335655E+16
      1229.9000200    1.7164009E+16
      1232.7000200    1.6987954E+16
      1235.4000201    1.6820068E+16
      1238.1000201    1.6654022E+16
      1240.8000202    1.6489812E+16
      1243.5000202    1.6327423E+16
      1246.3000203    1.6160931E+16
      1249.0000203    1.6002212E+16
      1257.2000204    1.5530986E+16
      1259.9000205    1.5379324E+16
      1262.6000205    1.5229363E+16
      1270.8000207    1.4784157E+16
      1281.6000208    1.4220531E+16
      1289.8000210    1.3809175E+16
      1292.5000210    1.3676757E+16
      1295.2000211    1.3545811E+16
      1298.0000211    1.3411550E+16
      1300.7000212    1.3283544E+16
      1303.4000212    1.3156954E+16
      1306.1000212    1.3031763E+16
      1314.3000214    1.2659955E+16
      1330.6000216    1.1956892E+16
      1341.5000218    1.1512088E+16
      1355.1000220    1.0983875E+16
      1360.6000221    1.0778327E+16
      1371.4000223    1.0387626E+16
      1382.3000225    1.0009980E+16
      1390.5000226    9.7364353E+15
      1395.9000227    9.5610696E+15
      1404.1000228    9.3017878E+15
      1406.8000229    9.2182228E+15
      1409.5000229    9.1355340E+15
      1415.0000230    8.9697670E+15
      1417.7000231    8.8896804E+15
      1420.4000231    8.8104307E+15
      1423.1000231    8.7320067E+15
      1425.9000232    8.6515411E+15
      1428.6000232    8.5747712E+15
      1431.3000233    8.4987981E+15
      1436.7000234    8.3492060E+15
      1439.5000234    8.2728559E+15
      1442.2000235    8.2000069E+15
      1444.9000235    8.1279094E+15
      1447.6000235    8.0565533E+15
      1450.4000236    7.9833301E+15
      1453.1000236    7.9134601E+15
      1455.8000237    7.8443063E+15
      1458.5000237    7.7758600E+15
      1461.2000238    7.7081139E+15
      1466.7000239    7.5722432E+15
      1469.4000239    7.5065731E+15
      1472.1000239    7.4415704E+15
      1477.6000240    7.3111902E+15
      1480.3000241    7.2481680E+15
      1488.4000242    7.0628939E+15
      1491.2000242    7.0001465E+15
      1496.6000243    6.8809730E+15
      1551.0000252    5.8043380E+15
      1632.7000266    4.5372276E+15
      1823.1000296    2.6574257E+15
      2340.2000381    7.7307264E+14
      2829.9000460    2.9542993E+14
      3047.6000496    1.8158669E+14
      3700.7000602    5.2662444E+13
      4000.0000650    2.6674681E+13
      4680.3000761    0.0000000E+00
      5006.8000814    0.0000000E+00
      5387.8000876    0.0000000E+00
 
