       12.5000002    3.7353285E+18
        15.0000002    3.0521863E+18
        20.0000003    2.1793083E+18
        25.0000004    2.1494390E+18
        30.0000005    2.6405453E+18
        35.0000006    2.4885673E+18
        40.0000007    2.1629303E+18
        45.0000007    1.7321853E+18
        50.0000008    1.3127866E+18
        55.0000009    9.8798480E+17
        60.0000010    7.8280369E+17
        65.0000011    6.6789085E+17
        70.0000011    5.9804437E+17
        75.0000012    3.4401278E+18
        80.0000013    3.7779456E+18
        85.0000014    3.7640590E+18
        90.0000015    3.7241690E+18
        95.2390015    3.5924288E+18
       100.6800016    3.2612947E+18
       114.2900019    2.2223034E+18
       119.7300019    1.8226717E+18
       122.4500020    1.6317620E+18
       125.1700020    1.4477747E+18
       127.8900021    1.2711781E+18
       130.6100021    1.1021801E+18
       133.3300022    9.4066779E+17
       136.0600022    7.8553461E+17
       146.9400024    1.5968460E+17
 
