       12.5000002    3.0050425E+18
        15.0000002    2.5847740E+18
        20.0000003    2.4065962E+18
        25.0000004    2.2039752E+18
        30.0000005    2.6948142E+18
        35.0000006    2.3563337E+18
        40.0000007    1.8702286E+18
        45.0000007    1.4134759E+18
        50.0000008    1.0712844E+18
        55.0000009    8.5814876E+17
        60.0000010    7.4042680E+17
        65.0000011    6.6498085E+17
        70.0000011    5.9463101E+17
        75.0000012    3.6075559E+18
        80.0000013    3.8982701E+18
        85.0000014    3.7795971E+18
        90.0000015    3.5921017E+18
        95.2390015    3.2614335E+18
       100.6800016    2.7287641E+18
       114.2900019    1.3183587E+18
       119.7300019    7.9071262E+17
       122.4500020    5.0680198E+17
 
