       80.0000013    1.9878387E-01
        85.0000014    1.1991786E-01
        90.0000015    7.3626205E-02
        95.2390015    4.4933535E-02
       100.6800016    2.7370343E-02
       114.2900019    8.4748557E-03
       119.7300019    5.4358235E-03
       122.4500020    4.3749539E-03
       125.1700020    3.5325023E-03
       127.8900021    2.8614015E-03
       130.6100021    2.3251656E-03
       133.3300022    1.8954115E-03
       136.0600022    1.5488483E-03
       146.9400024    4.6432503E-03
       149.6600024    4.0955483E-03
       155.1000025    3.1585004E-03
       157.8200026    2.7730851E-03
       160.5500026    2.4355678E-03
       165.9900027    1.8869344E-03
       171.4300028    1.4690990E-03
       176.8700029    1.1493871E-03
       179.5900029    1.0184509E-03
       182.3100030    9.0345467E-04
       185.0400030    8.0197869E-04
       187.7600031    7.1297679E-04
       190.4800031    6.3451298E-04
       195.9200032    5.0406368E-04
       198.6400032    4.4992811E-04
       204.0800033    4.7484107E-04
       206.8000034    4.3255292E-04
       209.5300034    3.9424529E-04
       212.2500035    3.5982014E-04
       214.9700035    3.2874104E-04
       220.4100036    2.7521615E-04
       225.8500037    2.3124862E-04
       236.7400038    1.6480434E-04
       247.6200040    1.1881920E-04
       258.5100042    8.6481043E-05
       272.1100044    5.8867867E-05
       285.7200046    4.0545052E-05
       299.3200049    2.8239021E-05
       312.9300051    1.9861664E-05
       340.1400055    1.0103503E-05
       353.7400058    7.3000765E-06
       380.9500062    3.9014308E-06
       394.5600064    2.8839131E-06
       408.1700066    2.1468779E-06
       435.3800071    1.2141682E-06
       462.5900075    7.0415797E-07
       476.1900077    5.4106511E-07
       489.8000080    4.1800558E-07
       503.4000082    3.2474571E-07
       517.0100084    2.5356343E-07
       557.8300091    1.2432534E-07
       571.4300093    9.8953642E-08
       585.0400095    7.9088018E-08
       612.2500100    5.1157247E-08
       666.6700108    2.2398131E-08
       680.2800111    1.8377026E-08
       707.4900115    1.2491587E-08
       734.7000119    8.5935907E-09
       761.9100124    5.9784560E-09
       789.1200128    4.2027493E-09
       816.3300133    2.9833840E-09
       843.5400137    2.1371926E-09
       870.7500142    1.5441484E-09
       911.5700148    9.6250286E-10
       952.3900155    6.0993682E-10
       993.2000162    3.9245815E-10
      1020.4000166    2.9482111E-10
      1061.2000173    1.9407190E-10
      1088.4000177    1.4787041E-10
      1102.0000179    1.2932823E-10
      1115.7000181    1.1314471E-10
      1129.3000184    9.9206122E-11
      1142.9000186    8.7089926E-11
      1156.5000188    7.6543875E-11
      1170.1000190    6.7352617E-11
      1197.3000195    5.2324110E-11
      1210.9000197    4.6193778E-11
      1224.5000199    4.0824722E-11
      1227.2000200    3.9840402E-11
      1229.9000200    3.8881384E-11
      1232.7000200    3.7912840E-11
      1235.4000201    3.7003251E-11
      1238.1000201    3.6116925E-11
      1240.8000202    3.5253231E-11
      1243.5000202    3.4411553E-11
      1246.3000203    3.3561317E-11
      1249.0000203    3.2762654E-11
      1257.2000204    3.2321226E-11
      1259.9000205    3.1564033E-11
      1262.6000205    3.0819017E-11
      1270.8000207    2.8653201E-11
      1281.6000208    2.6036093E-11
      1289.8000210    2.4999922E-11
      1292.5000210    2.4415974E-11
      1295.2000211    2.3843984E-11
      1298.0000211    2.3264394E-11
      1300.7000212    2.2718931E-11
      1303.4000212    2.2186655E-11
      1306.1000212    2.1667413E-11
      1314.3000214    2.0167736E-11
      1330.6000216    1.7504821E-11
      1341.5000218    1.5934844E-11
      1355.1000220    1.4183286E-11
      1360.6000221    1.3534217E-11
      1371.4000223    1.2349895E-11
      1382.3000225    1.1265757E-11
      1390.5000226    1.0517075E-11
      1395.9000227    1.0053064E-11
      1404.1000228    9.3896028E-12
      1406.8000229    9.1814620E-12
      1409.5000229    8.9782175E-12
      1415.0000230    8.5788425E-12
      1417.7000231    8.3897342E-12
      1420.4000231    8.2050469E-12
      1423.1000231    8.0246729E-12
      1425.9000232    7.8420595E-12
      1428.6000232    7.6701423E-12
      1431.3000233    7.5022219E-12
      1436.7000234    7.1779778E-12
      1439.5000234    7.0157383E-12
      1442.2000235    6.8629750E-12
      1444.9000235    6.7137363E-12
      1447.6000235    6.5679367E-12
      1450.4000236    6.4202797E-12
      1453.1000236    6.2812268E-12
      1455.8000237    4.0270488E-11
      1458.5000237    3.9745093E-11
      1461.2000238    3.9097822E-11
      1466.7000239    3.7616282E-11
      1469.4000239    3.6865781E-11
      1472.1000239    3.6117349E-11
      1477.6000240    3.4620747E-11
      1480.3000241    3.3904848E-11
      1488.4000242    3.1841547E-11
      1491.2000242    3.1158218E-11
      1496.6000243    2.9882916E-11
      1551.0000252    1.9694869E-11
      1632.7000266    1.0667315E-11
      1823.1000296    2.6933273E-12
      2340.2000381    4.7052355E-14
 
