       80.0000013    5.3937470E-06
        85.0000014    3.0279066E-06
        90.0000015    1.7212278E-06
        95.2390015    9.6324254E-07
       100.6800016    5.3248726E-07
       114.2900019    1.2445692E-07
       119.7300019    6.9902121E-08
       122.4500020    5.2346813E-08
       125.1700020    3.9154685E-08
       127.8900021    2.9236892E-08
       130.6100021    2.1780425E-08
       133.3300022    1.6176424E-08
       136.0600022    1.1954689E-08
       146.9400024    5.7363705E-09
       149.6600024    3.9549537E-09
       155.1000025    1.7753613E-09
       157.8200026    1.1358526E-09
       160.5500026    6.8459127E-10
       165.9900027    1.1330161E-10
 
