       80.0000013    8.4679574E-02
        85.0000014    4.9516875E-02
        90.0000015    2.9494280E-02
        95.2390015    1.7456075E-02
       100.6800016    1.0314938E-02
       114.2900019    2.9898828E-03
       119.7300019    1.8780087E-03
       122.4500020    1.4979322E-03
       125.1700020    1.1999090E-03
       127.8900021    9.6534117E-04
       130.6100021    7.8002264E-04
       133.3300022    6.3306297E-04
       136.0600022    5.1570049E-04
       146.9400024    2.2078860E-03
       149.6600024    1.9243290E-03
       155.1000025    1.4560731E-03
       157.8200026    1.2677762E-03
       160.5500026    1.1046360E-03
       165.9900027    8.4293610E-04
       171.4300028    6.4677949E-04
       176.8700029    4.9888389E-04
       179.5900029    4.3897069E-04
       182.3100030    3.8671726E-04
       185.0400030    3.4092454E-04
       187.7600031    3.0103652E-04
       190.4800031    2.6611000E-04
       195.9200032    2.0861297E-04
       198.6400032    1.8499458E-04
       204.0800033    2.3533052E-04
       206.8000034    2.1379208E-04
       209.5300034    1.9425600E-04
       212.2500035    1.7670686E-04
       214.9700035    1.6088045E-04
       220.4100036    1.3369060E-04
       225.8500037    1.1145023E-04
       236.7400038    7.8100500E-05
       247.6200040    5.5317530E-05
       258.5100042    3.9535767E-05
       272.1100044    2.6305226E-05
       285.7200046    1.7715760E-05
       299.3200049    1.2073973E-05
       312.9300051    8.3174145E-06
       340.1400055    4.0714949E-06
       353.7400058    2.8904640E-06
       380.9500062    1.4959696E-06
       394.5600064    1.0897659E-06
       408.1700066    8.0018037E-07
       435.3800071    4.4129203E-07
       462.5900075    2.5020881E-07
       476.1900077    1.9024779E-07
       489.8000080    1.4550434E-07
       503.4000082    1.1195055E-07
       517.0100084    8.6594753E-08
       557.8300091    4.1335682E-08
       571.4300093    3.2617507E-08
       585.0400095    2.5847505E-08
       612.2500100    1.6438353E-08
       666.6700108    6.9572397E-09
       680.2800111    5.6595137E-09
       707.4900115    3.7810599E-09
       734.7000119    2.5560316E-09
       761.9100124    1.7469589E-09
       789.1200128    1.2062744E-09
       816.3300133    8.4095797E-10
       843.5400137    5.9157157E-10
       870.7500142    4.1967477E-10
       911.5700148    2.5448807E-10
       952.3900155    1.5687468E-10
       993.2000162    9.8180936E-11
      1020.4000166    7.2399753E-11
      1061.2000173    4.6340837E-11
      1088.4000177    3.4648038E-11
      1102.0000179    3.0015986E-11
      1115.7000181    2.6007318E-11
      1129.3000184    2.2583921E-11
      1142.9000186    1.9633191E-11
      1156.5000188    1.7086514E-11
      1170.1000190    1.4885745E-11
      1197.3000195    1.1331891E-11
      1210.9000197    9.9011173E-12
      1224.5000199    8.6587404E-12
      1227.2000200    8.4321690E-12
      1229.9000200    8.2118002E-12
      1232.7000200    7.9896315E-12
      1235.4000201    7.7813528E-12
      1238.1000201    7.5787501E-12
      1240.8000202    7.3816613E-12
      1243.5000202    7.1899275E-12
      1246.3000203    6.9965856E-12
      1249.0000203    6.8152923E-12
      1257.2000204    6.5468434E-12
      1259.9000205    6.3788350E-12
      1262.6000205    6.2144040E-12
      1270.8000207    5.7394150E-12
      1281.6000208    5.1696533E-12
      1289.8000210    4.8815704E-12
      1292.5000210    4.7566530E-12
      1295.2000211    4.6347097E-12
      1298.0000211    4.5114793E-12
      1300.7000212    4.3957680E-12
      1303.4000212    4.2830808E-12
      1306.1000212    4.1733600E-12
      1314.3000214    3.8575965E-12
      1330.6000216    3.3012820E-12
      1341.5000218    2.9762041E-12
      1355.1000220    2.6164338E-12
      1360.6000221    2.4839733E-12
      1371.4000223    2.2435975E-12
      1382.3000225    2.0251854E-12
      1390.5000226    1.8753566E-12
      1395.9000227    1.7829422E-12
      1404.1000228    1.6514393E-12
      1406.8000229    1.6103466E-12
      1409.5000229    1.5702990E-12
      1415.0000230    1.4918388E-12
      1417.7000231    1.4547985E-12
      1420.4000231    1.4186964E-12
      1423.1000231    1.3835077E-12
      1425.9000232    1.3479547E-12
      1428.6000232    1.3145531E-12
      1431.3000233    1.2819938E-12
      1436.7000234    1.2193154E-12
      1439.5000234    1.1880515E-12
      1442.2000235    1.1586756E-12
      1444.9000235    1.1300370E-12
      1447.6000235    1.1021168E-12
      1450.4000236    1.0739012E-12
      1453.1000236    1.0473869E-12
      1455.8000237    6.8630887E-12
      1458.5000237    6.7524241E-12
      1461.2000238    6.6213883E-12
      1466.7000239    6.3285336E-12
      1469.4000239    6.1818667E-12
      1472.1000239    6.0362700E-12
      1477.6000240    5.7466419E-12
      1480.3000241    5.6087066E-12
      1488.4000242    5.2131801E-12
      1491.2000242    5.0828430E-12
      1496.6000243    4.8404857E-12
      1551.0000252    2.9540166E-12
      1632.7000266    1.3916499E-12
      1823.1000296    1.9775636E-13
 
