       80.0000013    1.1768560E+00
        85.0000014    7.5897121E-01
        90.0000015    4.9608389E-01
        95.2390015    3.2224879E-01
       100.6800016    2.0892444E-01
       114.2900019    7.5036921E-02
       119.7300019    5.0915562E-02
       122.4500020    4.2114746E-02
       125.1700020    3.4926284E-02
       127.8900021    2.9037626E-02
       130.6100021    2.4200182E-02
       133.3300022    2.0215575E-02
       136.0600022    1.6913956E-02
       146.9400024    2.2204053E-02
       149.6600024    1.9959243E-02
       155.1000025    1.5932815E-02
       157.8200026    1.4217981E-02
       160.5500026    1.2688443E-02
       165.9900027    1.0141860E-02
       171.4300028    8.1430348E-03
       176.8700029    6.5687606E-03
       179.5900029    5.9097670E-03
       182.3100030    5.3226817E-03
       185.0400030    4.7971494E-03
       187.7600031    4.3295547E-03
       190.4800031    3.9113658E-03
       195.9200032    3.2012048E-03
       198.6400032    2.8999124E-03
       204.0800033    2.4829137E-03
       206.8000034    2.2582333E-03
       209.5300034    2.0553528E-03
       212.2500035    1.8737060E-03
       214.9700035    1.7103666E-03
       220.4100036    1.4308012E-03
       225.8500037    1.2030376E-03
       236.7400038    8.6235552E-04
       247.6200040    6.2887836E-04
       258.5100042    4.6528893E-04
       272.1100044    3.2511639E-04
       285.7200046    2.3095970E-04
       299.3200049    1.6645729E-04
       312.9300051    1.2140544E-04
       340.1400055    6.6584340E-05
       353.7400058    4.9956736E-05
       380.9500062    2.8737870E-05
       394.5600064    2.2009595E-05
       408.1700066    1.6957725E-05
       435.3800071    1.0236947E-05
       462.5900075    6.3067660E-06
       476.1900077    4.9857726E-06
       489.8000080    3.9584029E-06
       503.4000082    3.1567683E-06
       517.0100084    2.5274830E-06
       557.8300091    1.3281350E-06
       571.4300093    1.0797711E-06
       585.0400095    8.8078247E-07
       612.2500100    5.9204234E-07
       666.6700108    2.7767638E-07
       680.2800111    2.3145206E-07
       707.4900115    1.6214643E-07
       734.7000119    1.1478107E-07
       761.9100124    8.2057248E-08
       789.1200128    5.9215068E-08
       816.3300133    4.3113797E-08
       843.5400137    3.1657954E-08
       870.7500142    2.3434618E-08
       911.5700148    1.5139856E-08
       952.3900155    9.9404556E-09
       993.2000162    6.6265371E-09
      1020.4000166    5.0971436E-09
      1061.2000173    3.4771757E-09
      1088.4000177    2.7136722E-09
      1102.0000179    2.4021631E-09
      1115.7000181    2.1273265E-09
      1129.3000184    1.8880368E-09
      1142.9000186    1.6777693E-09
      1156.5000188    1.4927526E-09
      1170.1000190    1.3297377E-09
      1197.3000195    1.0588779E-09
      1210.9000197    9.4651254E-10
      1224.5000199    8.4700652E-10
      1227.2000200    8.2864016E-10
      1229.9000200    8.1070650E-10
      1232.7000200    7.9255391E-10
      1235.4000201    7.7546775E-10
      1238.1000201    7.5878193E-10
      1240.8000202    7.4248607E-10
      1243.5000202    7.2657047E-10
      1246.3000203    7.1045669E-10
      1249.0000203    6.9528616E-10
      1257.2000204    7.4204964E-10
      1259.9000205    7.2667222E-10
      1262.6000205    7.1132361E-10
      1270.8000207    6.6609435E-10
      1281.6000208    6.1082150E-10
      1289.8000210    6.0998917E-10
      1292.5000210    5.9718719E-10
      1295.2000211    5.8455696E-10
      1298.0000211    5.7169697E-10
      1300.7000212    5.5955163E-10
      1303.4000212    5.4766708E-10
      1306.1000212    5.3604565E-10
      1314.3000214    5.0233756E-10
      1330.6000216    4.4195278E-10
      1341.5000218    4.0599948E-10
      1355.1000220    3.6553288E-10
      1360.6000221    3.5043191E-10
      1371.4000223    3.2271510E-10
      1382.3000225    2.9714103E-10
      1390.5000226    2.7935551E-10
      1395.9000227    2.6827707E-10
      1404.1000228    2.5235733E-10
      1406.8000229    2.4734267E-10
      1409.5000229    2.4243618E-10
      1415.0000230    2.3276572E-10
      1417.7000231    2.2817261E-10
      1420.4000231    2.2367788E-10
      1423.1000231    2.1927929E-10
      1425.9000232    2.1481693E-10
      1428.6000232    2.1060734E-10
      1431.3000233    2.0648729E-10
      1436.7000234    1.9850760E-10
      1439.5000234    1.9450257E-10
      1442.2000235    1.9072367E-10
      1444.9000235    1.8702447E-10
      1447.6000235    1.8340315E-10
      1450.4000236    1.7972809E-10
      1453.1000236    1.7625999E-10
      1455.8000237    1.0385578E-09
      1458.5000237    1.0273797E-09
      1461.2000238    1.0131083E-09
      1466.7000239    9.7981301E-10
      1469.4000239    9.6279551E-10
      1472.1000239    9.4576214E-10
      1477.6000240    9.1154811E-10
      1480.3000241    8.9511637E-10
      1488.4000242    8.4752788E-10
      1491.2000242    8.3169038E-10
      1496.6000243    8.0202578E-10
      1551.0000252    5.5900301E-10
      1632.7000266    3.3038805E-10
      1823.1000296    1.0464393E-10
      2340.2000381    7.0719953E-12
      2829.9000460    8.1779641E-13
      3047.6000496    3.3955442E-13
      3700.7000602    1.9141098E-14
      4000.0000650    0.0000000E+00
      4680.3000761    0.0000000E+00
      5006.8000814    0.0000000E+00
 
