       80.0000013    1.0410100E-03
        85.0000014    5.6348549E-04
        90.0000015    3.2042054E-04
        95.2390015    1.8673284E-04
       100.6800016    1.1226576E-04
       114.2900019    3.7991620E-05
       119.7300019    2.6076357E-05
       122.4500020    2.1797290E-05
       125.1700020    1.8313207E-05
       127.8900021    1.5455709E-05
       130.6100021    1.3096753E-05
       133.3300022    1.1137923E-05
       136.0600022    9.4973084E-06
       146.9400024    4.0449831E-05
       149.6600024    3.3663717E-05
       155.1000025    2.3461833E-05
       157.8200026    1.9655117E-05
       160.5500026    1.6493286E-05
       165.9900027    1.1705692E-05
       171.4300028    8.3773948E-06
       176.8700029    6.0427055E-06
       179.5900029    5.1465022E-06
       182.3100030    4.3911591E-06
       185.0400030    3.7511343E-06
       187.7600031    3.2117632E-06
       190.4800031    2.7545757E-06
       195.9200032    2.0360742E-06
       198.6400032    1.7546515E-06
       204.0800033    5.7213360E-06
       206.8000034    5.0744084E-06
       209.5300034    4.4961857E-06
       212.2500035    3.9866181E-06
       214.9700035    3.5369653E-06
       220.4100036    2.7907988E-06
       225.8500037    2.2097681E-06
       236.7400038    1.3994323E-06
       247.6200040    8.9842803E-07
       258.5100042    5.8368062E-07
       272.1100044    3.4610164E-07
       285.7200046    2.0855460E-07
       299.3200049    1.2764565E-07
       312.9300051    7.9206146E-08
       340.1400055    3.1694853E-08
       353.7400058    2.0399218E-08
       380.9500062    8.7010621E-09
       394.5600064    5.7558704E-09
       408.1700066    3.8358716E-09
       435.3800071    1.7357559E-09
       462.5900075    7.9969331E-10
       476.1900077    5.4515598E-10
       489.8000080    3.7202991E-10
       503.4000082    2.5400071E-10
       517.0100084    1.7317889E-10
       557.8300091    5.3711733E-11
       571.4300093    3.5854857E-11
       585.0400095    2.3640779E-11
       612.2500100    9.6957789E-12
       666.6700108    7.5182943E-14
 
