       80.0000013    4.0025112E-01
        85.0000014    2.4745390E-01
        90.0000015    1.5558752E-01
        95.2390015    9.7300537E-02
       100.6800016    6.0763761E-02
       114.2900019    1.9970916E-02
       119.7300019    1.3095778E-02
       122.4500020    1.0651422E-02
       125.1700020    8.6876787E-03
       127.8900021    7.1053645E-03
       130.6100021    5.8267512E-03
       133.3300022    4.7907084E-03
       136.0600022    3.9462028E-03
       146.9400024    8.5522095E-03
       149.6600024    7.6179439E-03
       155.1000025    5.9702583E-03
       157.8200026    5.2791797E-03
       160.5500026    4.6683024E-03
       165.9900027    3.6638197E-03
       171.4300028    2.8881943E-03
       176.8700029    2.2871683E-03
       179.5900029    2.0387205E-03
       182.3100030    1.8192152E-03
       185.0400030    1.6243706E-03
       187.7600031    1.4524743E-03
       190.4800031    1.3000518E-03
       195.9200032    1.0444907E-03
       198.6400032    9.3750696E-04
       204.0800033    8.7178074E-04
       206.8000034    7.9421647E-04
       209.5300034    7.2419393E-04
       212.2500035    6.6140230E-04
       214.9700035    6.0479628E-04
       220.4100036    5.0747726E-04
       225.8500037    4.2766047E-04
       236.7400038    3.0712548E-04
       247.6200040    2.2356836E-04
       258.5100042    1.6454012E-04
       272.1100044    1.1373207E-04
       285.7200046    7.9619858E-05
       299.3200049    5.6389996E-05
       312.9300051    4.0334409E-05
       340.1400055    2.1204125E-05
       353.7400058    1.5564114E-05
       380.9500062    8.5696338E-06
       394.5600064    6.4235896E-06
       408.1700066    4.8459488E-06
       435.3800071    2.8090490E-06
       462.5900075    1.6656784E-06
       476.1900077    1.2930541E-06
       489.8000080    1.0087172E-06
       503.4000082    7.9092115E-07
       517.0100084    6.2298858E-07
       557.8300091    3.1281851E-07
       571.4300093    2.5078455E-07
       585.0400095    2.0183056E-07
       612.2500100    1.3226786E-07
       666.6700108    5.9302462E-08
       680.2800111    4.8928790E-08
       707.4900115    3.3623749E-08
       734.7000119    2.3379787E-08
       761.9100124    1.6437795E-08
       789.1200128    1.1678053E-08
       816.3300133    8.3782838E-09
       843.5400137    6.0666423E-09
       870.7500142    4.4311643E-09
       911.5700148    2.8083909E-09
       952.3900155    1.8102501E-09
       993.2000162    1.1852282E-09
      1020.4000166    9.0090529E-10
      1061.2000173    6.0372307E-10
      1088.4000177    4.6556398E-10
      1102.0000179    4.0965192E-10
      1115.7000181    3.6058337E-10
      1129.3000184    3.1808750E-10
      1142.9000186    2.8094296E-10
      1156.5000188    2.4843194E-10
      1170.1000190    2.1993928E-10
      1197.3000195    1.7296747E-10
      1210.9000197    1.5364153E-10
      1224.5000199    1.3661997E-10
      1227.2000200    1.3348862E-10
      1229.9000200    1.3043439E-10
      1232.7000200    1.2734627E-10
      1235.4000201    1.2444283E-10
      1238.1000201    1.2161049E-10
      1240.8000202    1.1884736E-10
      1243.5000202    1.1615164E-10
      1246.3000203    1.1342542E-10
      1249.0000203    1.1086165E-10
      1257.2000204    1.1219088E-10
      1259.9000205    1.0970729E-10
      1262.6000205    1.0725115E-10
      1270.8000207    1.0007351E-10
      1281.6000208    9.1355382E-11
      1289.8000210    8.8948758E-11
      1292.5000210    8.6975989E-11
      1295.2000211    8.5038115E-11
      1298.0000211    8.3070516E-11
      1300.7000212    8.1215840E-11
      1303.4000212    7.9403623E-11
      1306.1000212    7.7633663E-11
      1314.3000214    7.2510449E-11
      1330.6000216    6.3370892E-11
      1341.5000218    5.7954495E-11
      1355.1000220    5.1883584E-11
      1360.6000221    4.9625696E-11
      1371.4000223    4.5493123E-11
      1382.3000225    4.1694582E-11
      1390.5000226    3.9061858E-11
      1395.9000227    3.7425958E-11
      1404.1000228    3.5080865E-11
      1406.8000229    3.4343629E-11
      1409.5000229    3.3623000E-11
      1415.0000230    3.2204774E-11
      1417.7000231    3.1532173E-11
      1420.4000231    3.0874626E-11
      1423.1000231    3.0231779E-11
      1425.9000232    2.9580269E-11
      1428.6000232    2.8966279E-11
      1431.3000233    2.8365948E-11
      1436.7000234    2.7204969E-11
      1439.5000234    2.6623148E-11
      1442.2000235    2.6074738E-11
      1444.9000235    2.5538432E-11
      1447.6000235    2.5013944E-11
      1450.4000236    2.4482218E-11
      1453.1000236    2.3980953E-11
      1455.8000237    1.4979211E-10
      1458.5000237    1.4801239E-10
      1461.2000238    1.4577939E-10
      1466.7000239    1.4061562E-10
      1469.4000239    1.3798714E-10
      1472.1000239    1.3536076E-10
      1477.6000240    1.3009675E-10
      1480.3000241    1.2757366E-10
      1488.4000242    1.2028457E-10
      1491.2000242    1.1786488E-10
      1496.6000243    1.1334119E-10
      1551.0000252    7.6770736E-11
      1632.7000266    4.3439287E-11
      1823.1000296    1.2391950E-11
      2340.2000381    5.9235982E-13
      2829.9000460    2.4268090E-14
      3047.6000496    0.0000000E+00
 
