       80.0000013    2.8359164E-02
        85.0000014    1.5956830E-02
        90.0000015    9.1721555E-03
        95.2390015    5.2494598E-03
       100.6800016    3.0104395E-03
       114.2900019    8.3231897E-04
       119.7300019    5.1977928E-04
       122.4500020    4.1465808E-04
       125.1700020    3.3290684E-04
       127.8900021    2.6898299E-04
       130.6100021    2.1872269E-04
       133.3300022    1.7898448E-04
       136.0600022    1.4728439E-04
       146.9400024    8.5737748E-04
       149.6600024    7.3706353E-04
       155.1000025    5.4509199E-04
       157.8200026    4.6969517E-04
       160.5500026    4.0514875E-04
       165.9900027    3.0320941E-04
       171.4300028    2.2829628E-04
       176.8700029    1.7287047E-04
       179.5900029    1.5073392E-04
       182.3100030    1.3160316E-04
       185.0400030    1.1498976E-04
       187.7600031    1.0064826E-04
       190.4800031    8.8202396E-05
       195.9200032    6.7977897E-05
       198.6400032    5.9780843E-05
       204.0800033    9.7261436E-05
       206.8000034    8.7852080E-05
       209.5300034    7.9340163E-05
       212.2500035    7.1725248E-05
       214.9700035    6.4891021E-05
       220.4100036    5.3242777E-05
       225.8500037    4.3823857E-05
       236.7400038    2.9945539E-05
       247.6200040    2.0696702E-05
       258.5100042    1.4447208E-05
       272.1100044    9.3476019E-06
       285.7200046    6.1324376E-06
       299.3200049    4.0784912E-06
       312.9300051    2.7460953E-06
       340.1400055    1.2898199E-06
       353.7400058    8.9858958E-07
       380.9500062    4.4912335E-07
       394.5600064    3.2186296E-07
       408.1700066    2.3262494E-07
       435.3800071    1.2444066E-07
       462.5900075    6.8501876E-08
       476.1900077    5.1330368E-08
       489.8000080    3.8690015E-08
       503.4000082    2.9337590E-08
       517.0100084    2.2364125E-08
       557.8300091    1.0215717E-08
       571.4300093    7.9429920E-09
       585.0400095    6.2018031E-09
       612.2500100    3.8286778E-09
       666.6700108    1.5265663E-09
       680.2800111    1.2234099E-09
       707.4900115    7.9330192E-10
       734.7000119    5.2049165E-10
       761.9100124    3.4523745E-10
       789.1200128    2.3130825E-10
       816.3300133    1.5642238E-10
       843.5400137    1.0668297E-10
       870.7500142    7.3326234E-11
       911.5700148    4.2324089E-11
       952.3900155    2.4756417E-11
       993.2000162    1.4639423E-11
      1020.4000166    1.0363394E-11
      1061.2000173    6.2043426E-12
      1088.4000177    4.4169876E-12
      1102.0000179    3.7281389E-12
      1115.7000181    3.1430527E-12
      1129.3000184    2.6529857E-12
      1142.9000186    2.2389582E-12
      1156.5000188    1.8889783E-12
      1170.1000190    1.5930012E-12
      1197.3000195    1.1327802E-12
      1210.9000197    9.5342614E-13
      1224.5000199    8.0160092E-13
      1227.2000200    7.7435356E-13
      1229.9000200    7.4799276E-13
      1232.7000200    7.2156137E-13
      1235.4000201    6.9691865E-13
      1238.1000201    6.7307802E-13
      1240.8000202    6.5001352E-13
      1243.5000202    6.2769999E-13
      1246.3000203    6.0532726E-13
      1249.0000203    5.8446916E-13
      1257.2000204    5.3648980E-13
      1259.9000205    5.1787025E-13
      1262.6000205    4.9981655E-13
      1270.8000207    4.4843098E-13
      1281.6000208    3.8817726E-13
      1289.8000210    3.5178330E-13
      1292.5000210    3.3912768E-13
      1295.2000211    3.2687544E-13
      1298.0000211    3.1458890E-13
      1300.7000212    3.0313631E-13
      1303.4000212    2.9206097E-13
      1306.1000212    2.8135174E-13
      1314.3000214    2.5095637E-13
      1330.6000216    1.9907624E-13
      1341.5000218    1.6987682E-13
      1355.1000220    1.3867041E-13
      1360.6000221    1.2750701E-13
      1371.4000223    1.0774607E-13
      1382.3000225    9.0400120E-14
      1390.5000226    7.8872096E-14
      1395.9000227    7.1925051E-14
      1404.1000228    6.2270433E-14
      1406.8000229    5.9312107E-14
      1409.5000229    5.6457063E-14
      1415.0000230    5.2040180E-14
      1417.7000231    4.9466067E-14
      1420.4000231    4.6981516E-14
      1423.1000231    4.4583481E-14
      1425.9000232    4.2184856E-14
      1428.6000232    3.9954019E-14
      1431.3000233    3.7800997E-14
      1436.7000234    3.3717627E-14
      1439.5000234    3.1711707E-14
      1442.2000235    2.9846016E-14
      1444.9000235    2.8045190E-14
      1447.6000235    2.6306838E-14
      1450.4000236    2.4567576E-14
      1453.1000236    2.2949251E-14
      1455.8000237    1.4731247E-13
      1458.5000237    1.3812362E-13
      1461.2000238    1.2868219E-13
      1466.7000239    1.0956933E-13
      1469.4000239    1.0045578E-13
      1472.1000239    9.1568578E-14
      1477.6000240    7.4172209E-14
      1480.3000241    6.5953441E-14
      1488.4000242    4.2207062E-14
      1491.2000242    3.4107499E-14
      1496.6000243    1.7605521E-14
 
