       80.0000013    2.5531833E+00
        85.0000014    1.7167779E+00
        90.0000015    1.1653430E+00
        95.2390015    7.8463840E-01
       100.6800016    5.2623439E-01
       114.2900019    2.0349893E-01
       119.7300019    1.4181185E-01
       122.4500020    1.1882437E-01
       125.1700020    9.9801168E-02
       127.8900021    8.4017761E-02
       130.6100021    7.0889197E-02
       133.3300022    5.9941947E-02
       136.0600022    5.0760921E-02
       146.9400024    4.8238825E-02
       149.6600024    4.3186512E-02
       155.1000025    3.4414627E-02
       157.8200026    3.0737404E-02
       160.5500026    2.7475374E-02
       165.9900027    2.2069607E-02
       171.4300028    1.7838674E-02
       176.8700029    1.4506343E-02
       179.5900029    1.3109442E-02
       182.3100030    1.1863026E-02
       185.0400030    1.0745077E-02
       187.7600031    9.7480118E-03
       190.4800031    8.8538518E-03
       195.9200032    7.3282789E-03
       198.6400032    6.6774818E-03
       204.0800033    5.9983847E-03
       206.8000034    5.4682875E-03
       209.5300034    4.9798717E-03
       212.2500035    4.5382357E-03
       214.9700035    4.1391039E-03
       220.4100036    3.4538459E-03
       225.8500037    2.8951638E-03
       236.7400038    2.0617216E-03
       247.6200040    1.4944198E-03
       258.5100042    1.1003977E-03
       272.1100044    7.6625578E-04
       285.7200046    5.4420956E-04
       299.3200049    3.9337535E-04
       312.9300051    2.8857807E-04
       340.1400055    1.6120879E-04
       353.7400058    1.2236668E-04
       380.9500062    7.2256378E-05
       394.5600064    5.6112629E-05
       408.1700066    4.3846823E-05
       435.3800071    2.7226815E-05
       462.5900075    1.7243212E-05
       476.1900077    1.3815560E-05
       489.8000080    1.1113669E-05
       503.4000082    8.9772511E-06
       517.0100084    7.2781199E-06
       557.8300091    3.9632287E-06
       571.4300093    3.2586190E-06
       585.0400095    2.6874613E-06
       612.2500100    1.8450473E-06
       666.6700108    8.9990203E-07
       680.2800111    7.5701456E-07
       707.4900115    5.3978050E-07
       734.7000119    3.8855885E-07
       761.9100124    2.8223008E-07
       789.1200128    2.0675584E-07
       816.3300133    1.5269690E-07
       843.5400137    1.1364438E-07
       870.7500142    8.5202267E-08
       911.5700148    5.6031933E-08
       952.3900155    3.7393995E-08
       993.2000162    2.5303532E-08
      1020.4000166    1.9645348E-08
      1061.2000173    1.3577583E-08
      1088.4000177    1.0682965E-08
      1102.0000179    9.4938404E-09
      1115.7000181    8.4401623E-09
      1129.3000184    7.5188984E-09
      1142.9000186    6.7060615E-09
      1156.5000188    5.9879932E-09
      1170.1000190    5.3528644E-09
      1197.3000195    4.2917461E-09
      1210.9000197    3.8491028E-09
      1224.5000199    3.4557441E-09
      1227.2000200    3.3829881E-09
      1229.9000200    3.3118979E-09
      1232.7000200    3.2398908E-09
      1235.4000201    3.1720682E-09
      1238.1000201    3.1057903E-09
      1240.8000202    3.0410185E-09
      1243.5000202    2.9777163E-09
      1246.3000203    2.9135832E-09
      1249.0000203    2.8531639E-09
      1257.2000204    3.2310337E-09
      1259.9000205    3.1665304E-09
      1262.6000205    3.1015448E-09
      1270.8000207    2.9086615E-09
      1281.6000208    2.6719718E-09
      1289.8000210    2.7348825E-09
      1292.5000210    2.6788456E-09
      1295.2000211    2.6233551E-09
      1298.0000211    2.5667373E-09
      1300.7000212    2.5131981E-09
      1303.4000212    2.4607647E-09
      1306.1000212    2.4094606E-09
      1314.3000214    2.2605120E-09
      1330.6000216    1.9932269E-09
      1341.5000218    1.8337944E-09
      1355.1000220    1.6540631E-09
      1360.6000221    1.5869094E-09
      1371.4000223    1.4635279E-09
      1382.3000225    1.3495322E-09
      1390.5000226    1.2701618E-09
      1395.9000227    1.2206823E-09
      1404.1000228    1.1495235E-09
      1406.8000229    1.1270943E-09
      1409.5000229    1.1051421E-09
      1415.0000230    1.0618547E-09
      1417.7000231    1.0412851E-09
      1420.4000231    1.0211498E-09
      1423.1000231    1.0014392E-09
      1425.9000232    9.8143649E-10
      1428.6000232    9.6256092E-10
      1431.3000233    9.4408126E-10
      1436.7000234    9.0827390E-10
      1439.5000234    8.9029356E-10
      1442.2000235    8.7332314E-10
      1444.9000235    8.5670560E-10
      1447.6000235    8.4043306E-10
      1450.4000236    8.2391388E-10
      1453.1000236    8.0832024E-10
      1455.8000237    4.4488737E-09
      1458.5000237    4.4022137E-09
      1461.2000238    4.3426764E-09
      1466.7000239    4.2040065E-09
      1469.4000239    4.1331809E-09
      1472.1000239    4.0622932E-09
      1477.6000240    3.9198720E-09
      1480.3000241    3.8514418E-09
      1488.4000242    3.6531016E-09
      1491.2000242    3.5870331E-09
      1496.6000243    3.4631906E-09
      1551.0000252    2.4430835E-09
      1632.7000266    1.4710613E-09
      1823.1000296    4.8810045E-10
      2340.2000381    3.8126922E-11
      2829.9000460    5.1393789E-12
      3047.6000496    2.3055657E-12
      3700.7000602    2.5943090E-13
      4000.0000650    1.0163990E-13
      4680.3000761    8.7887622E-15
      5006.8000814    0.0000000E+00
      5387.8000876    0.0000000E+00
 
