       80.0000013    3.4414835E+00
        85.0000014    2.3605416E+00
        90.0000015    1.6319499E+00
        95.2390015    1.1183112E+00
       100.6800016    7.6262987E-01
       114.2900019    3.0567425E-01
       119.7300019    2.1569563E-01
       122.4500020    1.8181232E-01
       125.1700020    1.5359239E-01
       127.8900021    1.3003406E-01
       130.6100021    1.1032171E-01
       133.3300022    9.3789943E-02
       136.0600022    7.9847820E-02
       146.9400024    6.8663172E-02
       149.6600024    6.1251130E-02
       155.1000025    4.8573755E-02
       157.8200026    4.3311104E-02
       160.5500026    3.8664062E-02
       165.9900027    3.1004239E-02
       171.4300028    2.5043264E-02
       176.8700029    2.0368572E-02
       179.5900029    1.8414013E-02
       182.3100030    1.6672377E-02
       185.0400030    1.5112010E-02
       187.7600031    1.3721630E-02
       190.4800031    1.2475619E-02
       195.9200032    1.0351107E-02
       198.6400032    9.4450675E-03
       204.0800033    8.8061048E-03
       206.8000034    8.0514215E-03
       209.5300034    7.3444457E-03
       212.2500035    6.6995551E-03
       214.9700035    6.1137211E-03
       220.4100036    5.1034903E-03
       225.8500037    4.2770342E-03
       236.7400038    3.0411999E-03
       247.6200040    2.1991974E-03
       258.5100042    1.6149301E-03
       272.1100044    1.1207750E-03
       285.7200046    7.9379627E-04
       299.3200049    5.7275925E-04
       312.9300051    4.1990809E-04
       340.1400055    2.3510437E-04
       353.7400058    1.7893847E-04
       380.9500062    1.0647844E-04
       394.5600064    8.3078041E-05
       408.1700066    6.5247768E-05
       435.3800071    4.0955107E-05
       462.5900075    2.6226859E-05
       476.1900077    2.1129656E-05
       489.8000080    1.7090189E-05
       503.4000082    1.3878848E-05
       517.0100084    1.1310980E-05
       557.8300091    6.2516674E-06
       571.4300093    5.1643460E-06
       585.0400095    4.2786032E-06
       612.2500100    2.9631537E-06
       666.6700108    1.4686422E-06
       680.2800111    1.2401061E-06
       707.4900115    8.9068823E-07
       734.7000119    6.4562261E-07
       761.9100124    4.7207786E-07
       789.1200128    3.4805041E-07
       816.3300133    2.5863096E-07
       843.5400137    1.9362747E-07
       870.7500142    1.4599748E-07
       911.5700148    9.6798956E-08
       952.3900155    6.5099364E-08
       993.2000162    4.4370946E-08
      1020.4000166    3.4607087E-08
      1061.2000173    2.4074239E-08
      1088.4000177    1.9019677E-08
      1102.0000179    1.6936122E-08
      1115.7000181    1.5085863E-08
      1129.3000184    1.3464660E-08
      1142.9000186    1.2031274E-08
      1156.5000188    1.0762414E-08
      1170.1000190    9.6378621E-09
      1197.3000195    7.7536706E-09
      1210.9000197    6.9654060E-09
      1224.5000199    6.2636198E-09
      1227.2000200    6.1336736E-09
      1229.9000200    6.0066578E-09
      1232.7000200    5.8779572E-09
      1235.4000201    5.7566929E-09
      1238.1000201    5.6381482E-09
      1240.8000202    5.5222573E-09
      1243.5000202    5.4089564E-09
      1246.3000203    5.2941278E-09
      1249.0000203    5.1859113E-09
      1257.2000204    6.0589667E-09
      1259.9000205    5.9401621E-09
      1262.6000205    5.8199028E-09
      1270.8000207    5.4617342E-09
      1281.6000208    5.0213682E-09
      1289.8000210    5.2022551E-09
      1292.5000210    5.0968478E-09
      1295.2000211    4.9922835E-09
      1298.0000211    4.8854916E-09
      1300.7000212    4.7844471E-09
      1303.4000212    4.6854507E-09
      1306.1000212    4.5885571E-09
      1314.3000214    4.3071160E-09
      1330.6000216    3.8016070E-09
      1341.5000218    3.4997734E-09
      1355.1000220    3.1592124E-09
      1360.6000221    3.0318814E-09
      1371.4000223    2.7978075E-09
      1382.3000225    2.5813849E-09
      1390.5000226    2.4306059E-09
      1395.9000227    2.3365705E-09
      1404.1000228    2.2012772E-09
      1406.8000229    2.1586188E-09
      1409.5000229    2.1168609E-09
      1415.0000230    2.0344990E-09
      1417.7000231    1.9953523E-09
      1420.4000231    1.9570263E-09
      1423.1000231    1.9195026E-09
      1425.9000232    1.8814170E-09
      1428.6000232    1.8454720E-09
      1431.3000233    1.8102755E-09
      1436.7000234    1.7420614E-09
      1439.5000234    1.7078006E-09
      1442.2000235    1.6754593E-09
      1444.9000235    1.6437859E-09
      1447.6000235    1.6127655E-09
      1450.4000236    1.5812704E-09
      1453.1000236    1.5515356E-09
      1455.8000237    8.2353750E-09
      1458.5000237    8.1494269E-09
      1461.2000238    8.0400344E-09
      1466.7000239    7.7857703E-09
      1469.4000239    7.6560198E-09
      1472.1000239    7.5261815E-09
      1477.6000240    7.2653341E-09
      1480.3000241    7.1399886E-09
      1488.4000242    6.7765709E-09
      1491.2000242    6.6554673E-09
      1496.6000243    6.4283903E-09
      1551.0000252    4.5535375E-09
      1632.7000266    2.7577820E-09
      1823.1000296    9.2673752E-10
      2340.2000381    7.5243763E-11
      2829.9000460    1.0626546E-11
      3047.6000496    4.8781604E-12
      3700.7000602    5.9995607E-13
      4000.0000650    2.5005722E-13
      4680.3000761    3.6887092E-14
      5006.8000814    1.2150727E-14
      5387.8000876    1.7056474E-15
 
