       80.0000013    1.0570973E-04
        85.0000014    6.3420739E-05
        90.0000015    3.9766273E-05
        95.2390015    2.5243722E-05
       100.6800016    1.6180855E-05
       114.2900019    5.7575803E-06
       119.7300019    3.8947751E-06
       122.4500020    3.2152443E-06
       125.1700020    2.6602881E-06
       127.8900021    2.2058362E-06
       130.6100021    1.8327497E-06
       133.3300022    1.5257410E-06
       136.0600022    1.2717031E-06
       146.9400024    2.5988095E-06
       149.6600024    2.1118744E-06
       155.1000025    1.4033110E-06
       157.8200026    1.1479206E-06
       160.5500026    9.4054786E-07
       165.9900027    6.3671661E-07
       171.4300028    4.3484610E-07
       176.8700029    2.9946622E-07
       179.5900029    2.4925953E-07
       182.3100030    2.0786898E-07
       185.0400030    1.7356160E-07
       187.7600031    1.4527652E-07
       190.4800031    1.2181619E-07
       195.9200032    8.6088143E-08
       198.6400032    7.2548886E-08
       204.0800033    3.6777794E-07
       206.8000034    3.1867199E-07
       209.5300034    2.7564312E-07
       212.2500035    2.3850947E-07
       214.9700035    2.0644697E-07
       220.4100036    1.5495797E-07
       225.8500037    1.1664787E-07
       236.7400038    6.6629013E-08
       247.6200040    3.8442483E-08
       258.5100042    2.2322444E-08
       272.1100044    1.1383195E-08
       285.7200046    5.8039538E-09
       299.3200049    2.9412877E-09
       312.9300051    1.4670228E-09
       340.1400055    3.2811631E-10
       353.7400058    1.3691576E-10
 
