       80.0000013    1.7905378E+00
        85.0000014    1.1792346E+00
        90.0000015    7.8549397E-01
        95.2390015    5.1947570E-01
       100.6800016    3.4255621E-01
       114.2900019    1.2772773E-01
       119.7300019    8.7866493E-02
       122.4500020    7.3167101E-02
       125.1700020    6.1080664E-02
       127.8900021    5.1114917E-02
       130.6100021    4.2875506E-02
       133.3300022    3.6045551E-02
       136.0600022    3.0350627E-02
       146.9400024    3.3175882E-02
       149.6600024    2.9793801E-02
       155.1000025    2.3811210E-02
       157.8200026    2.1277694E-02
       160.5500026    1.9021200E-02
       165.9900027    1.5266646E-02
       171.4300028    1.2317677E-02
       176.8700029    9.9905841E-03
       179.5900029    9.0144211E-03
       182.3100030    8.1433449E-03
       185.0400030    7.3621692E-03
       187.7600031    6.6657239E-03
       190.4800031    6.0415198E-03
       195.9200032    4.9778423E-03
       198.6400032    4.5248275E-03
       204.0800033    3.9346959E-03
       206.8000034    3.5804315E-03
       209.5300034    3.2581219E-03
       212.2500035    2.9685528E-03
       214.9700035    2.7077768E-03
       220.4100036    2.2612351E-03
       225.8500037    1.8977203E-03
       236.7400038    1.3554195E-03
       247.6200040    9.8555896E-04
       258.5100042    7.2778435E-04
       272.1100044    5.0815364E-04
       285.7200046    3.6139227E-04
       299.3200049    2.6120062E-04
       312.9300051    1.9132205E-04
       340.1400055    1.0616555E-04
       353.7400058    8.0205369E-05
       380.9500062    4.6831152E-05
       394.5600064    3.6144440E-05
       408.1700066    2.8064584E-05
       435.3800071    1.7203225E-05
       462.5900075    1.0756925E-05
       476.1900077    8.5651382E-06
       489.8000080    6.8481550E-06
       503.4000082    5.4988618E-06
       517.0100084    4.4322451E-06
       557.8300091    2.3739024E-06
       571.4300093    1.9416616E-06
       585.0400095    1.5931820E-06
       612.2500100    1.0830844E-06
       666.6700108    5.1868938E-07
       680.2800111    4.3445058E-07
       707.4900115    3.0720921E-07
       734.7000119    2.1938915E-07
       761.9100124    1.5814541E-07
       789.1200128    1.1501430E-07
       816.3300133    8.4354902E-08
       843.5400137    6.2367171E-08
       870.7500142    4.6464997E-08
       911.5700148    3.0287424E-08
       952.3900155    2.0048029E-08
       993.2000162    1.3463884E-08
      1020.4000166    1.0404153E-08
      1061.2000173    7.1434503E-09
      1088.4000177    5.5975180E-09
      1102.0000179    4.9646656E-09
      1115.7000181    4.4051394E-09
      1129.3000184    3.9169836E-09
      1142.9000186    3.4871814E-09
      1156.5000188    3.1082630E-09
      1170.1000190    2.7737759E-09
      1197.3000195    2.2165145E-09
      1210.9000197    1.9847108E-09
      1224.5000199    1.7790835E-09
      1227.2000200    1.7410908E-09
      1229.9000200    1.7039810E-09
      1232.7000200    1.6664053E-09
      1235.4000201    1.6310256E-09
      1238.1000201    1.5964633E-09
      1240.8000202    1.5626979E-09
      1243.5000202    1.5297095E-09
      1246.3000203    1.4962994E-09
      1249.0000203    1.4648346E-09
      1257.2000204    1.6092647E-09
      1259.9000205    1.5765590E-09
      1262.6000205    1.5437630E-09
      1270.8000207    1.4467677E-09
      1281.6000208    1.3279835E-09
      1289.8000210    1.3426341E-09
      1292.5000210    1.3148198E-09
      1295.2000211    1.2873269E-09
      1298.0000211    1.2593040E-09
      1300.7000212    1.2328210E-09
      1303.4000212    1.2068956E-09
      1306.1000212    1.1815361E-09
      1314.3000214    1.1079455E-09
      1330.6000216    9.7600095E-10
      1341.5000218    8.9736846E-10
      1355.1000220    8.0879359E-10
      1360.6000221    7.7571893E-10
      1371.4000223    7.1498057E-10
      1382.3000225    6.5889838E-10
      1390.5000226    6.1987210E-10
      1395.9000227    5.9555239E-10
      1404.1000228    5.6058996E-10
      1406.8000229    5.4957311E-10
      1409.5000229    5.3879207E-10
      1415.0000230    5.1753757E-10
      1417.7000231    5.0743987E-10
      1420.4000231    4.9755677E-10
      1423.1000231    4.8788346E-10
      1425.9000232    4.7806814E-10
      1428.6000232    4.6880722E-10
      1431.3000233    4.5974174E-10
      1436.7000234    4.4217949E-10
      1439.5000234    4.3336257E-10
      1442.2000235    4.2504200E-10
      1444.9000235    4.1689552E-10
      1447.6000235    4.0891918E-10
      1450.4000236    4.0082307E-10
      1453.1000236    3.9318157E-10
      1455.8000237    2.2414057E-09
      1458.5000237    2.2177136E-09
      1461.2000238    2.1874320E-09
      1466.7000239    2.1167914E-09
      1469.4000239    2.0806876E-09
      1472.1000239    2.0445468E-09
      1477.6000240    1.9719362E-09
      1480.3000241    1.9370536E-09
      1488.4000242    1.8359808E-09
      1491.2000242    1.8023260E-09
      1496.6000243    1.7392616E-09
      1551.0000252    1.2210151E-09
      1632.7000266    7.2985412E-10
      1823.1000296    2.3784077E-10
      2340.2000381    1.7521698E-11
      2829.9000460    2.2203196E-12
      3047.6000496    9.6865875E-13
      3700.7000602    9.1537983E-14
      4000.0000650    3.0024418E-14
      4680.3000761    0.0000000E+00
      5006.8000814    0.0000000E+00
      5387.8000876    0.0000000E+00
 
