       80.0000013    4.4414759E+00
        85.0000014    3.1044085E+00
        90.0000015    2.1843185E+00
        95.2390015    1.5226341E+00
       100.6800016    1.0554780E+00
       114.2900019    4.3830478E-01
       119.7300019    3.1312495E-01
       122.4500020    2.6548675E-01
       125.1700020    2.2555478E-01
       127.8900021    1.9201249E-01
       130.6100021    1.6377883E-01
       133.3300022    1.3996463E-01
       136.0600022    1.1976925E-01
       146.9400024    9.6320018E-02
       149.6600024    8.5679680E-02
       155.1000025    6.7614689E-02
       157.8200026    6.0163494E-02
       160.5500026    5.3608082E-02
       165.9900027    4.2855185E-02
       171.4300028    3.4536410E-02
       176.8700029    2.8046092E-02
       179.5900029    2.5341766E-02
       182.3100030    2.2936918E-02
       185.0400030    2.0786367E-02
       187.7600031    1.8873332E-02
       190.4800031    1.7161535E-02
       195.9200032    1.4248416E-02
       198.6400032    1.3008105E-02
       204.0800033    1.2547863E-02
       206.8000034    1.1514701E-02
       209.5300034    1.0528202E-02
       212.2500035    9.6190786E-03
       214.9700035    8.7880604E-03
       220.4100036    7.3469244E-03
       225.8500037    6.1621862E-03
       236.7400038    4.3829335E-03
       247.6200040    3.1663415E-03
       258.5100042    2.3208093E-03
       272.1100044    1.6058077E-03
       285.7200046    1.1336837E-03
       299.3200049    8.1565941E-04
       312.9300051    5.9669255E-04
       340.1400055    3.3359739E-04
       353.7400058    2.5410001E-04
       380.9500062    1.5184605E-04
       394.5600064    1.1885615E-04
       408.1700066    9.3698080E-05
       435.3800071    5.9325710E-05
       462.5900075    3.8356233E-05
       476.1900077    3.1053980E-05
       489.8000080    2.5241527E-05
       503.4000082    2.0599300E-05
       517.0100084    1.6869713E-05
       557.8300091    9.4553579E-06
       571.4300093    7.8454868E-06
       585.0400095    6.5279260E-06
       612.2500100    4.5582310E-06
       666.6700108    2.2932761E-06
       680.2800111    1.9431329E-06
       707.4900115    1.4048987E-06
       734.7000119    1.0247554E-06
       761.9100124    7.5377227E-07
       789.1200128    5.5889893E-07
       816.3300133    4.1757309E-07
       843.5400137    3.1425893E-07
       870.7500142    2.3814881E-07
       911.5700148    1.5904192E-07
       952.3900155    1.0769838E-07
       993.2000162    7.3889709E-08
      1020.4000166    5.7873340E-08
      1061.2000173    4.0504354E-08
      1088.4000177    3.2124699E-08
      1102.0000179    2.8659754E-08
      1115.7000181    2.5576623E-08
      1129.3000184    2.2869841E-08
      1142.9000186    2.0472001E-08
      1156.5000188    1.8345331E-08
      1170.1000190    1.6456976E-08
      1197.3000195    1.3284428E-08
      1210.9000197    1.1953492E-08
      1224.5000199    1.0766466E-08
      1227.2000200    1.0546436E-08
      1229.9000200    1.0331294E-08
      1232.7000200    1.0113221E-08
      1235.4000201    9.9076765E-09
      1238.1000201    9.7066737E-09
      1240.8000202    9.5101038E-09
      1243.5000202    9.3178611E-09
      1246.3000203    9.1229593E-09
      1249.0000203    8.9392165E-09
      1257.2000204    1.0787042E-08
      1259.9000205    1.0579284E-08
      1262.6000205    1.0367987E-08
      1270.8000207    9.7366302E-09
      1281.6000208    8.9590069E-09
      1289.8000210    9.3936761E-09
      1292.5000210    9.2054986E-09
      1295.2000211    9.0185095E-09
      1298.0000211    8.8273646E-09
      1300.7000212    8.6464089E-09
      1303.4000212    8.4690575E-09
      1306.1000212    8.2954239E-09
      1314.3000214    7.7908489E-09
      1330.6000216    6.8837185E-09
      1341.5000218    6.3415233E-09
      1355.1000220    5.7292064E-09
      1360.6000221    5.5001088E-09
      1371.4000223    5.0787126E-09
      1382.3000225    4.6887974E-09
      1390.5000226    4.4169712E-09
      1395.9000227    4.2473656E-09
      1404.1000228    4.0032364E-09
      1406.8000229    3.9262344E-09
      1409.5000229    3.8508450E-09
      1415.0000230    3.7021104E-09
      1417.7000231    3.6313983E-09
      1420.4000231    3.5621568E-09
      1423.1000231    3.4943535E-09
      1425.9000232    3.4255232E-09
      1428.6000232    3.3605503E-09
      1431.3000233    3.2969198E-09
      1436.7000234    3.1735681E-09
      1439.5000234    3.1115985E-09
      1442.2000235    3.0530916E-09
      1444.9000235    2.9957834E-09
      1447.6000235    2.9396481E-09
      1450.4000236    2.8826441E-09
      1453.1000236    2.8288178E-09
      1455.8000237    1.4465412E-08
      1458.5000237    1.4315184E-08
      1461.2000238    1.4124492E-08
      1466.7000239    1.3682246E-08
      1469.4000239    1.3456783E-08
      1472.1000239    1.3231219E-08
      1477.6000240    1.2778077E-08
      1480.3000241    1.2560302E-08
      1488.4000242    1.1928694E-08
      1491.2000242    1.1718134E-08
      1496.6000243    1.1323186E-08
      1551.0000252    8.0541511E-09
      1632.7000266    4.9056830E-09
      1823.1000296    1.6673262E-09
      2340.2000381    1.3907986E-10
      2829.9000460    2.0269274E-11
      3047.6000496    9.4585850E-12
      3700.7000602    1.2313202E-12
      4000.0000650    5.3264950E-13
      4680.3000761    8.9688192E-14
      5006.8000814    3.8340889E-14
      5387.8000876    1.3478356E-14
 
