       80.0000013    7.1906042E-01
        85.0000014    4.5419854E-01
        90.0000015    2.9134530E-01
        95.2390015    1.8586244E-01
       100.6800016    1.1841055E-01
       114.2900019    4.0841132E-02
       119.7300019    2.7287420E-02
       122.4500020    2.2399338E-02
       125.1700020    1.8436173E-02
       127.8900021    1.5213388E-02
       130.6100021    1.2585236E-02
       133.3300022    1.0436176E-02
       136.0600022    8.6684348E-03
       146.9400024    1.4271737E-02
       149.6600024    1.2795906E-02
       155.1000025    1.0148269E-02
       157.8200026    9.0238843E-03
       160.5500026    8.0234939E-03
       165.9900027    6.3645588E-03
       171.4300028    5.0700163E-03
       176.8700029    4.0567806E-03
       179.5900029    3.6347641E-03
       182.3100030    3.2600781E-03
       185.0400030    2.9258507E-03
       187.7600031    2.6295371E-03
       190.4800031    2.3655014E-03
       195.9200032    1.9195961E-03
       198.6400032    1.7315244E-03
       204.0800033    1.5075990E-03
       206.8000034    1.3720698E-03
       209.5300034    1.2499618E-03
       212.2500035    1.1406720E-03
       214.9700035    1.0423418E-03
       220.4100036    8.7376381E-04
       225.8500037    7.3602167E-04
       236.7400038    5.2900781E-04
       247.6200040    3.8622058E-04
       258.5100042    2.8561550E-04
       272.1100044    1.9902611E-04
       285.7200046    1.4071341E-04
       299.3200049    1.0076980E-04
       312.9300051    7.2939991E-05
       340.1400055    3.9310300E-05
       353.7400058    2.9218389E-05
       380.9500062    1.6489168E-05
       394.5600064    1.2508507E-05
       408.1700066    9.5467631E-06
       435.3800071    5.6580870E-06
       462.5900075    3.4250882E-06
       476.1900077    2.6849032E-06
       489.8000080    2.1142016E-06
       503.4000082    1.6726482E-06
       517.0100084    1.3288792E-06
       557.8300091    6.8322788E-07
       571.4300093    5.5170062E-07
       585.0400095    4.4707880E-07
       612.2500100    2.9679143E-07
       666.6700108    1.3611447E-07
       680.2800111    1.1287800E-07
       707.4900115    7.8318728E-08
       734.7000119    5.4946831E-08
       761.9100124    3.8956848E-08
       789.1200128    2.7896471E-08
       816.3300133    2.0165750E-08
       843.5400137    1.4708496E-08
       870.7500142    1.0819635E-08
       911.5700148    6.9289876E-09
       952.3900155    4.5126178E-09
       993.2000162    2.9853475E-09
      1020.4000166    2.2851347E-09
      1061.2000173    1.5477917E-09
      1088.4000177    1.2022991E-09
      1102.0000179    1.0618125E-09
      1115.7000181    9.3813202E-10
      1129.3000184    8.3067747E-10
      1142.9000186    7.3645351E-10
      1156.5000188    6.5371725E-10
      1170.1000190    5.8097005E-10
      1197.3000195    4.6045937E-10
      1210.9000197    4.1062181E-10
      1224.5000199    3.6657746E-10
      1227.2000200    3.5845807E-10
      1229.9000200    3.5053316E-10
      1232.7000200    3.4251479E-10
      1235.4000201    3.3497069E-10
      1238.1000201    3.2760625E-10
      1240.8000202    3.2041689E-10
      1243.5000202    3.1339809E-10
      1246.3000203    3.0629482E-10
      1249.0000203    2.9961014E-10
      1257.2000204    3.1119182E-10
      1259.9000205    3.0457165E-10
      1262.6000205    2.9799421E-10
      1270.8000207    2.7868596E-10
      1281.6000208    2.5514937E-10
      1289.8000210    2.5166438E-10
      1292.5000210    2.4627295E-10
      1295.2000211    2.4096450E-10
      1298.0000211    2.3556609E-10
      1300.7000212    2.3047174E-10
      1303.4000212    2.2548956E-10
      1306.1000212    2.2061986E-10
      1314.3000214    2.0650524E-10
      1330.6000216    1.8125536E-10
      1341.5000218    1.6624442E-10
      1355.1000220    1.4937264E-10
      1360.6000221    1.4308355E-10
      1371.4000223    1.3155116E-10
      1382.3000225    1.2092374E-10
      1390.5000226    1.1354136E-10
      1395.9000227    1.0894668E-10
      1404.1000228    1.0234950E-10
      1406.8000229    1.0027281E-10
      1409.5000229    9.8241575E-11
      1415.0000230    9.4240102E-11
      1417.7000231    9.2340510E-11
      1420.4000231    9.0482150E-11
      1423.1000231    8.8664222E-11
      1425.9000232    8.6820579E-11
      1428.6000232    8.5081955E-11
      1431.3000233    8.3380899E-11
      1436.7000234    8.0088006E-11
      1439.5000234    7.8436133E-11
      1442.2000235    7.6878073E-11
      1444.9000235    7.5353397E-11
      1447.6000235    7.3861341E-11
      1450.4000236    7.2347670E-11
      1453.1000236    7.0919756E-11
      1455.8000237    4.3070689E-10
      1458.5000237    4.2589474E-10
      1461.2000238    4.1978651E-10
      1466.7000239    4.0557491E-10
      1469.4000239    3.9832029E-10
      1472.1000239    3.9106288E-10
      1477.6000240    3.7649592E-10
      1480.3000241    3.6950479E-10
      1488.4000242    3.4927608E-10
      1491.2000242    3.4255032E-10
      1496.6000243    3.2996150E-10
      1551.0000252    2.2735594E-10
      1632.7000266    1.3202020E-10
      1823.1000296    4.0071554E-11
      2340.2000381    2.3884419E-12
      2829.9000460    2.3175372E-13
      3047.6000496    8.4947715E-14
      3700.7000602    0.0000000E+00
      4000.0000650    0.0000000E+00
 
