       12.5000002    2.1595064E+18
        15.0000002    3.0967160E+18
        20.0000003    3.0465331E+18
        25.0000004    2.5681645E+18
        30.0000005    2.8755629E+18
        35.0000006    2.2359233E+18
        40.0000007    1.7355131E+18
        45.0000007    1.4152371E+18
        50.0000008    1.2203456E+18
        55.0000009    1.1084116E+18
        60.0000010    1.0309225E+18
        65.0000011    9.5185787E+17
        70.0000011    8.6007332E+17
        75.0000012    5.5062569E+18
        80.0000013    6.0547829E+18
        85.0000014    5.9957045E+18
        90.0000015    5.8768253E+18
        95.2390015    5.6196023E+18
       100.6800016    5.1056735E+18
       114.2900019    3.7253466E+18
       119.7300019    3.2524269E+18
       122.4500020    3.0346394E+18
       125.1700020    2.8289997E+18
       127.8900021    2.6352014E+18
       130.6100021    2.4528958E+18
       133.3300022    2.2816861E+18
       136.0600022    2.1205815E+18
       146.9400024    1.5762070E+18
       149.6600024    1.4621510E+18
       155.1000025    1.2571977E+18
       157.8200026    1.1653955E+18
       160.5500026    1.0798301E+18
       165.9900027    1.5109263E+18
       171.4300028    1.3794566E+18
       176.8700029    1.5140656E+18
       179.5900029    1.4567107E+18
       182.3100030    1.3949112E+18
       185.0400030    1.3324404E+18
       187.7600031    1.2716956E+18
       190.4800031    1.2133384E+18
       195.9200032    1.1046789E+18
       198.6400032    1.0542074E+18
       204.0800033    9.6045550E+17
       206.8000034    9.1697930E+17
       209.5300034    8.7546744E+17
       212.2500035    8.3610472E+17
       214.9700035    7.9862182E+17
       220.4100036    7.2887863E+17
       225.8500037    6.6547783E+17
       236.7400038    6.4133675E+17
       247.6200040    5.4460041E+17
       258.5100042    4.6557741E+17
       272.1100044    3.8652087E+17
       285.7200046    3.2378601E+17
       299.3200049    2.7321629E+17
       312.9300051    2.3174338E+17
       340.1400055    1.6837713E+17
       353.7400058    1.4387509E+17
       380.9500062    1.0507088E+17
       394.5600064    8.9684973E+16
       408.1700066    7.6443494E+16
       435.3800071    5.5214334E+16
       462.5900075    3.9454914E+16
       476.1900077    3.3178854E+16
       489.8000080    2.7774748E+16
       503.4000082    2.3129810E+16
       517.0100084    1.9131620E+16
       557.8300091    1.0162504E+16
       571.4300093    7.9306673E+15
       585.0400095    5.9581112E+15
       612.2500100    2.3535199E+15
 
