       12.5000002    3.3073197E+18
        15.0000002    2.7792487E+18
        20.0000003    2.3795708E+18
        25.0000004    2.2870019E+18
        30.0000005    2.9122786E+18
        35.0000006    2.7515600E+18
        40.0000007    2.4085204E+18
        45.0000007    1.9765038E+18
        50.0000008    1.5573463E+18
        55.0000009    1.2202736E+18
        60.0000010    9.9242998E+17
        65.0000011    8.5550801E+17
        70.0000011    7.7235559E+17
        75.0000012    4.2982774E+18
        80.0000013    4.7933710E+18
        85.0000014    4.8795765E+18
        90.0000015    4.9581922E+18
        95.2390015    4.9488579E+18
       100.6800016    4.7186036E+18
       114.2900019    3.9250723E+18
       119.7300019    3.6141079E+18
       122.4500020    3.4620136E+18
       125.1700020    3.3125047E+18
       127.8900021    3.1658678E+18
       130.6100021    3.0224055E+18
       133.3300022    2.8823967E+18
       136.0600022    2.7456221E+18
       146.9400024    2.2420099E+18
       149.6600024    2.1271599E+18
       155.1000025    1.9111450E+18
       157.8200026    1.8099608E+18
       160.5500026    1.7129201E+18
       165.9900027    2.0751196E+18
       171.4300028    1.9198769E+18
       176.8700029    2.0011378E+18
       179.5900029    1.9332192E+18
       182.3100030    1.8588588E+18
       185.0400030    1.7830794E+18
       187.7600031    1.7091319E+18
       190.4800031    1.6380365E+18
       195.9200032    1.5057085E+18
       198.6400032    1.4442760E+18
       204.0800033    1.3303278E+18
       206.8000034    1.2775818E+18
       209.5300034    1.2272720E+18
       212.2500035    1.1796067E+18
       214.9700035    1.1342383E+18
       220.4100036    1.0498244E+18
       225.8500037    9.7298622E+17
       236.7400038    9.7683128E+17
       247.6200040    8.4099713E+17
       258.5100042    7.2373917E+17
       272.1100044    6.0345438E+17
       285.7200046    5.0708428E+17
       299.3200049    4.2961403E+17
       312.9300051    3.6684144E+17
       340.1400055    2.7346000E+17
       353.7400058    2.3840218E+17
       380.9500062    1.8396915E+17
       394.5600064    1.6258502E+17
       408.1700066    1.4413244E+17
       435.3800071    1.1406875E+17
       462.5900075    9.0830338E+16
       476.1900077    8.1169067E+16
       489.8000080    7.2572346E+16
       503.4000082    6.4916524E+16
       517.0100084    5.8076436E+16
       557.8300091    4.1592171E+16
       571.4300093    3.7203226E+16
       585.0400095    3.3265641E+16
       612.2500100    2.6570244E+16
       666.6700108    1.6848421E+16
       680.2800111    1.5009212E+16
       707.4900115    1.1952171E+16
       734.7000119    9.4317321E+15
       761.9100124    7.3819466E+15
       789.1200128    5.7377177E+15
       816.3300133    4.4166647E+15
       843.5400137    3.3524056E+15
       870.7500142    2.4905681E+15
       911.5700148    1.4774343E+15
       952.3900155    6.5242050E+14
 
