       12.5000002    3.9113881E+18
        15.0000002    4.0312978E+18
        20.0000003    3.4996127E+18
        25.0000004    2.9695874E+18
        30.0000005    3.0230954E+18
        35.0000006    2.2804267E+18
        40.0000007    1.7748172E+18
        45.0000007    1.4452658E+18
        50.0000008    1.1692597E+18
        55.0000009    9.1077572E+17
        60.0000010    6.8208252E+17
        65.0000011    4.9677289E+17
        70.0000011    3.5539655E+17
        75.0000012    5.7016474E+17
        80.0000013    3.0472899E+17
        85.0000014    1.2318251E+17
 
