       12.5000002    2.5594445E+18
        15.0000002    2.6547315E+18
        20.0000003    2.7437686E+18
        25.0000004    2.4107337E+18
        30.0000005    2.9910716E+18
        35.0000006    2.5923689E+18
        40.0000007    2.0911190E+18
        45.0000007    1.6493370E+18
        50.0000008    1.3161246E+18
        55.0000009    1.0976427E+18
        60.0000010    9.6912054E+17
        65.0000011    8.8833166E+17
        70.0000011    8.2194273E+17
        75.0000012    4.8712642E+18
        80.0000013    5.4050221E+18
        85.0000014    5.4411400E+18
        90.0000015    5.4546447E+18
        95.2390015    5.3691869E+18
       100.6800016    5.0325373E+18
       114.2900019    3.9623656E+18
       119.7300019    3.5626497E+18
       122.4500020    3.3722984E+18
       125.1700020    3.1886439E+18
       127.8900021    3.0118903E+18
       130.6100021    2.8421889E+18
       133.3300022    2.6796423E+18
       136.0600022    2.5237264E+18
       146.9400024    1.9734392E+18
       149.6600024    1.8530335E+18
       155.1000025    1.6315505E+18
       157.8200026    1.5300235E+18
       160.5500026    1.4339795E+18
       165.9900027    1.8192005E+18
       171.4300028    1.6685864E+18
       176.8700029    1.7733216E+18
       179.5900029    1.7090480E+18
       182.3100030    1.6401294E+18
       185.0400030    1.5706521E+18
       187.7600031    1.5032182E+18
       190.4800031    1.4385283E+18
       195.9200032    1.3182783E+18
       198.6400032    1.2624894E+18
       204.0800033    1.1589228E+18
       206.8000034    1.1109058E+18
       209.5300034    1.0650509E+18
       212.2500035    1.0215519E+18
       214.9700035    9.8010109E+17
       220.4100036    9.0285037E+17
       225.8500037    8.3240369E+17
       236.7400038    8.1211784E+17
       247.6200040    6.9240226E+17
       258.5100042    5.9270549E+17
       272.1100044    4.9250864E+17
       285.7200046    4.1330790E+17
       299.3200049    3.5008770E+17
       312.9300051    2.9891660E+17
       340.1400055    2.2223032E+17
       353.7400058    1.9303942E+17
       380.9500062    1.4704381E+17
       394.5600064    1.2873377E+17
       408.1700066    1.1284416E+17
       435.3800071    8.6873341E+16
       462.5900075    6.6889932E+16
       476.1900077    5.8663872E+16
       489.8000080    5.1411738E+16
       503.4000082    4.5024585E+16
       517.0100084    3.9389746E+16
       557.8300091    2.6188061E+16
       571.4300093    2.2790557E+16
       585.0400095    1.9795706E+16
       612.2500100    1.4838450E+16
       666.6700108    8.0177875E+15
       680.2800111    6.7871951E+15
       707.4900115    4.7480423E+15
       734.7000119    3.1196213E+15
       761.9100124    1.7556467E+15
 
