       12.5000002    3.0662749E+18
        15.0000002    4.5167000E+18
        20.0000003    3.6698661E+18
        25.0000004    2.5446190E+18
        30.0000005    2.0573045E+18
        35.0000006    1.7485169E+18
        40.0000007    1.6414411E+18
        45.0000007    1.5452542E+18
        50.0000008    1.4272980E+18
        55.0000009    1.2666954E+18
        60.0000010    1.0757684E+18
        65.0000011    8.9018495E+17
        70.0000011    7.3500188E+17
        75.0000012    6.2054831E+18
        80.0000013    6.4363168E+18
        85.0000014    5.8780342E+18
        90.0000015    5.2133091E+18
        95.2390015    4.4710148E+18
       100.6800016    3.6838983E+18
       114.2900019    2.1717420E+18
       119.7300019    1.7502301E+18
       122.4500020    1.5705724E+18
       125.1700020    1.4091400E+18
       127.8900021    1.2642263E+18
       130.6100021    1.1342584E+18
       133.3300022    1.0177908E+18
       136.0600022    9.1313602E+17
       146.9400024    5.9517135E+17
       149.6600024    5.3562984E+17
       155.1000025    4.3495704E+17
       157.8200026    3.9254335E+17
       160.5500026    3.5453086E+17
       165.9900027    8.1063508E+17
       171.4300028    7.1993829E+17
       176.8700029    8.4698116E+17
       179.5900029    7.9836343E+17
       182.3100030    7.4883105E+17
       185.0400030    7.0057424E+17
       187.7600031    6.5488383E+17
       190.4800031    6.1187052E+17
       195.9200032    5.3376620E+17
       198.6400032    4.9840381E+17
       204.0800033    4.3434104E+17
       206.8000034    4.0536925E+17
       209.5300034    3.7816754E+17
       212.2500035    3.5281267E+17
       214.9700035    3.2909146E+17
       220.4100036    2.8613345E+17
       225.8500037    2.4853629E+17
       236.7400038    3.0500006E+17
       247.6200040    2.4873465E+17
       258.5100042    2.0171350E+17
       272.1100044    1.5380350E+17
       285.7200046    1.1542538E+17
       299.3200049    8.4593083E+16
       312.9300051    5.9611436E+16
       340.1400055    2.0728942E+16
 
