       12.5000002    5.1397496E+18
        15.0000002    5.0452180E+18
        20.0000003    2.2941391E+18
        25.0000004    1.9326707E+18
        30.0000005    2.5171100E+18
        35.0000006    2.5475627E+18
        40.0000007    2.5487966E+18
        45.0000007    2.4789743E+18
        50.0000008    2.2717624E+18
        55.0000009    1.9292258E+18
        60.0000010    1.5339155E+18
        65.0000011    1.1798752E+18
        70.0000011    9.1102393E+17
        75.0000012    3.6457477E+18
        80.0000013    3.8801309E+18
        85.0000014    4.0207268E+18
        90.0000015    4.3340349E+18
        95.2390015    4.3603245E+18
       100.6800016    4.0045637E+18
       114.2900019    3.2808146E+18
       119.7300019    3.0978707E+18
       122.4500020    3.0165291E+18
       125.1700020    2.9394187E+18
       127.8900021    2.8652470E+18
       130.6100021    2.7930652E+18
       133.3300022    2.7221954E+18
       136.0600022    2.6519135E+18
       146.9400024    2.3755597E+18
       149.6600024    2.3070470E+18
       155.1000025    2.1709612E+18
       157.8200026    2.1035731E+18
       160.5500026    2.0365223E+18
       165.9900027    2.4368790E+18
       171.4300028    2.3404551E+18
       176.8700029    2.4351261E+18
       179.5900029    2.3942176E+18
       182.3100030    2.3357033E+18
       185.0400030    2.2656699E+18
       187.7600031    2.1905352E+18
       190.4800031    2.1149803E+18
       195.9200032    1.9685996E+18
       198.6400032    1.8971555E+18
       204.0800033    1.7601411E+18
       206.8000034    1.6956325E+18
       209.5300034    1.6337070E+18
       212.2500035    1.5747331E+18
       214.9700035    1.5183600E+18
       220.4100036    1.4129269E+18
       225.8500037    1.3164831E+18
       236.7400038    1.3362678E+18
       247.6200040    1.1897663E+18
       258.5100042    1.0527776E+18
       272.1100044    9.0308814E+17
       285.7200046    7.7631946E+17
       299.3200049    6.6908183E+17
       312.9300051    5.7824615E+17
       340.1400055    4.3640606E+17
       353.7400058    3.8138351E+17
       380.9500062    2.9507119E+17
       394.5600064    2.6127939E+17
       408.1700066    2.3238501E+17
       435.3800071    1.8618182E+17
       462.5900075    1.5144628E+17
       476.1900077    1.3727156E+17
       489.8000080    1.2477246E+17
       503.4000082    1.1371025E+17
       517.0100084    1.0385706E+17
       557.8300091    8.0011272E+16
       571.4300093    7.3565643E+16
       585.0400095    6.7712818E+16
       612.2500100    5.7534506E+16
       666.6700108    4.1887721E+16
       680.2800111    3.8741052E+16
       707.4900115    3.4397521E+16
       734.7000119    2.9817935E+16
       761.9100124    2.5385838E+16
       789.1200128    2.1669686E+16
       816.3300133    1.8536521E+16
       843.5400137    1.5883848E+16
       870.7500142    1.3630448E+16
       911.5700148    1.0858878E+16
       952.3900155    8.6687387E+15
       993.2000162    1.0105592E+16
      1020.4000166    8.5208726E+15
      1061.2000173    7.7076485E+15
      1088.4000177    6.4797935E+15
      1102.0000179    5.9437580E+15
      1115.7000181    5.4500080E+15
      1129.3000184    5.0015404E+15
      1142.9000186    4.5908814E+15
      1156.5000188    4.2146077E+15
      1170.1000190    3.8696982E+15
      1197.3000195    1.1880781E+16
      1210.9000197    1.1044520E+16
      1224.5000199    1.0252890E+16
      1227.2000200    1.0101753E+16
      1229.9000200    9.9526268E+15
      1232.7000200    9.8000910E+15
      1235.4000201    9.6550274E+15
      1238.1000201    9.5119341E+15
      1240.8000202    9.3707940E+15
      1243.5000202    9.2315855E+15
      1246.3000203    9.0892374E+15
      1249.0000203    8.9538955E+15
      1257.2000204    8.5541801E+15
      1259.9000205    8.4262147E+15
      1262.6000205    8.3000162E+15
      1270.8000207    7.9273350E+15
      1281.6000208    7.4599115E+15
      1289.8000210    7.1219835E+15
      1292.5000210    7.0138002E+15
      1295.2000211    6.9071100E+15
      1298.0000211    6.7980222E+15
      1300.7000212    6.6943073E+15
      1303.4000212    6.5920221E+15
      1306.1000212    6.4911457E+15
      1314.3000214    6.1932167E+15
      1330.6000216    5.6369239E+15
      1341.5000218    5.2899808E+15
      1355.1000220    4.8832860E+15
      1360.6000221    4.7266389E+15
      1371.4000223    4.4314699E+15
      1382.3000225    4.1494721E+15
      1390.5000226    3.9473031E+15
      1395.9000227    3.8186415E+15
      1404.1000228    3.6297955E+15
      1406.8000229    3.5692864E+15
      1409.5000229    3.5095855E+15
      1415.0000230    3.3904214E+15
      1417.7000231    3.3331010E+15
      1420.4000231    3.2765409E+15
      1423.1000231    3.2207297E+15
      1425.9000232    3.1636302E+15
      1428.6000232    3.1093096E+15
      1431.3000233    3.0557041E+15
      1436.7000234    2.9505948E+15
      1439.5000234    2.8971742E+15
      1442.2000235    2.8463460E+15
      1444.9000235    2.7961789E+15
      1447.6000235    2.7466630E+15
      1450.4000236    2.6959902E+15
      1453.1000236    2.6477692E+15
      1455.8000237    2.6001686E+15
      1458.5000237    2.5531787E+15
      1461.2000238    2.5067896E+15
      1466.7000239    2.4141112E+15
      1469.4000239    2.3694873E+15
      1472.1000239    2.3254258E+15
      1477.6000240    2.2373702E+15
      1480.3000241    2.1949585E+15
      1488.4000242    2.0708342E+15
      1491.2000242    2.0289805E+15
      1496.6000243    1.9497360E+15
      1551.0000252    1.2440473E+15
      1632.7000266    3.0781115E+14
 
