       12.5000002    4.9049734E+02
        15.0000002    1.2248715E+02
        20.0000003    2.3860889E+01
        25.0000004    1.2886424E+01
        30.0000005    9.2390127E+00
        35.0000006    5.6013017E+00
        40.0000007    3.1583259E+00
        45.0000007    1.6515646E+00
        50.0000008    8.1409073E-01
        55.0000009    3.8767818E-01
        60.0000010    1.9086912E-01
        65.0000011    1.0641512E-01
        70.0000011    6.9575928E-02
        75.0000012    2.1628243E-01
        80.0000013    1.9644168E-01
        85.0000014    1.7020106E-01
        90.0000015    1.5012278E-01
        95.2390015    1.2919541E-01
       100.6800016    1.0599607E-01
       114.2900019    6.2752038E-02
       119.7300019    5.0872762E-02
       122.4500020    4.5780040E-02
       125.1700020    4.1178696E-02
       127.8900021    3.7022773E-02
       130.6100021    3.3271510E-02
       133.3300022    2.9888120E-02
       136.0600022    2.6828555E-02
       146.9400024    1.7404567E-02
       149.6600024    1.5615850E-02
       155.1000025    1.2572380E-02
       157.8200026    1.1282704E-02
       160.5500026    1.0123033E-02
       165.9900027    9.7722085E-03
       171.4300028    8.0845682E-03
       176.8700029    7.1605910E-03
       179.5900029    6.5497882E-03
       182.3100030    5.9630037E-03
       185.0400030    5.4156496E-03
       187.7600031    4.9180347E-03
       190.4800031    4.4685104E-03
       195.9200032    3.6998237E-03
       198.6400032    3.3717242E-03
       204.0800033    2.8098330E-03
       206.8000034    2.5697609E-03
       209.5300034    2.3523374E-03
       212.2500035    2.1566120E-03
       214.9700035    1.9794975E-03
       220.4100036    1.6733784E-03
       225.8500037    1.4206854E-03
       236.7400038    1.2305253E-03
       247.6200040    9.0444082E-04
       258.5100042    6.6498650E-04
       272.1100044    4.5780334E-04
       285.7200046    3.1965488E-04
       299.3200049    2.2652619E-04
       312.9300051    1.6285115E-04
       340.1400055    8.7891262E-05
       353.7400058    6.5921471E-05
       380.9500062    3.8499820E-05
       394.5600064    2.9925955E-05
       408.1700066    2.3498429E-05
       435.3800071    1.4883197E-05
       462.5900075    9.7140019E-06
       476.1900077    7.9229512E-06
       489.8000080    6.4967476E-06
       503.4000082    5.3546614E-06
       517.0100084    4.4327840E-06
       557.8300091    2.5753072E-06
       571.4300093    2.1639707E-06
       585.0400095    1.8237006E-06
       612.2500100    1.3064873E-06
       666.6700108    6.9103680E-07
       680.2800111    5.9262436E-07
       707.4900115    4.4924818E-07
       734.7000119    3.3763456E-07
       761.9100124    2.5242480E-07
       789.1200128    1.9022721E-07
       816.3300133    1.4441585E-07
       843.5400137    1.1039695E-07
       870.7500142    8.4943132E-08
       911.5700148    5.7989556E-08
       952.3900155    4.0102908E-08
       993.2000162    4.0527336E-08
      1020.4000166    3.1586165E-08
      1061.2000173    2.5610248E-08
      1088.4000177    2.0142410E-08
      1102.0000179    1.7899701E-08
      1115.7000181    1.5914370E-08
      1129.3000184    1.4180010E-08
      1142.9000186    1.2650946E-08
      1156.5000188    1.1300922E-08
      1170.1000190    1.0107481E-08
      1197.3000195    2.8832860E-08
      1210.9000197    2.6138094E-08
      1224.5000199    2.3691339E-08
      1227.2000200    2.3234936E-08
      1229.9000200    2.2787921E-08
      1232.7000200    2.2334088E-08
      1235.4000201    2.1905674E-08
      1238.1000201    2.1486121E-08
      1240.8000202    2.1075248E-08
      1243.5000202    2.0672877E-08
      1246.3000203    2.0264391E-08
      1249.0000203    1.9878787E-08
      1257.2000204    1.8755795E-08
      1259.9000205    1.8401298E-08
      1262.6000205    1.8054088E-08
      1270.8000207    1.7042648E-08
      1281.6000208    1.5803677E-08
      1289.8000210    1.4928649E-08
      1292.5000210    1.4652218E-08
      1295.2000211    1.4381367E-08
      1298.0000211    1.4106249E-08
      1300.7000212    1.3846392E-08
      1303.4000212    1.3591754E-08
      1306.1000212    1.3342223E-08
      1314.3000214    1.2614570E-08
      1330.6000216    1.1293568E-08
      1341.5000218    1.0494927E-08
      1355.1000220    9.5838875E-09
      1360.6000221    9.2403303E-09
      1371.4000223    8.6042498E-09
      1382.3000225    8.0105309E-09
      1390.5000226    7.5934414E-09
      1395.9000227    7.3317814E-09
      1404.1000228    6.9531247E-09
      1406.8000229    6.8331727E-09
      1409.5000229    6.7154824E-09
      1415.0000230    6.4825483E-09
      1417.7000231    6.3714483E-09
      1420.4000231    6.2624297E-09
      1423.1000231    6.1554504E-09
      1425.9000232    6.0466188E-09
      1428.6000232    5.9436669E-09
      1431.3000233    5.8426313E-09
      1436.7000234    5.6461555E-09
      1439.5000234    5.5471374E-09
      1442.2000235    5.4533347E-09
      1444.9000235    5.3613820E-09
      1447.6000235    5.2711240E-09
      1450.4000236    5.1792783E-09
      1453.1000236    5.0923705E-09
      1455.8000237    5.0070570E-09
      1458.5000237    4.9233071E-09
      1461.2000238    4.8410889E-09
      1466.7000239    4.6782205E-09
      1469.4000239    4.6004716E-09
      1472.1000239    4.5241357E-09
      1477.6000240    4.3728932E-09
      1480.3000241    4.3006811E-09
      1488.4000242    4.0917691E-09
      1491.2000242    4.0221595E-09
      1496.6000243    3.8915475E-09
      1551.0000252    2.8064779E-09
      1632.7000266    1.7497271E-09
      1823.1000296    6.2782790E-10
      2340.2000381    5.8354183E-11
      2829.9000460    8.8475755E-12
      3047.6000496    4.1365761E-12
      3700.7000602    3.3940841E-13
      4000.0000650    5.7578901E-14
      4680.3000761    0.0000000E+00
      5006.8000814    0.0000000E+00
      5387.8000876    0.0000000E+00
 
