       12.5000002    2.7160547E+01
        15.0000002    2.4360489E+01
        20.0000003    8.1890917E+00
        25.0000004    2.7313147E+00
        30.0000005    7.8682572E-01
        35.0000006    2.7380797E-01
        40.0000007    1.5404171E-01
        45.0000007    1.0284419E-01
        50.0000008    7.2313584E-02
        55.0000009    4.9739216E-02
        60.0000010    3.2265969E-02
        65.0000011    1.9925917E-02
        70.0000011    1.2026276E-02
        75.0000012    7.7819668E-02
        80.0000013    6.7346111E-02
        85.0000014    5.2350163E-02
        90.0000015    4.0165376E-02
        95.2390015    2.9719299E-02
       100.6800016    2.0929936E-02
       114.2900019    8.5270973E-03
       119.7300019    6.0043666E-03
       122.4500020    5.0487616E-03
       125.1700020    4.2510177E-03
       127.8900021    3.5842045E-03
       130.6100021    3.0261267E-03
       133.3300022    2.5584653E-03
       136.0600022    2.1647604E-03
       146.9400024    1.1280729E-03
       149.6600024    9.6191256E-04
       155.1000025    7.0252613E-04
       157.8200026    6.0173654E-04
       160.5500026    5.1590655E-04
       165.9900027    7.3013251E-04
       171.4300028    5.9308612E-04
       176.8700029    6.0154934E-04
       179.5900029    5.4680626E-04
       182.3100030    4.9443985E-04
       185.0400030    4.4594490E-04
       187.7600031    4.0212559E-04
       190.4800031    3.6270267E-04
       195.9200032    2.9566186E-04
       198.6400032    2.6724036E-04
       204.0800033    2.1884685E-04
       206.8000034    1.9828419E-04
       209.5300034    1.7973360E-04
       212.2500035    1.6310543E-04
       214.9700035    1.4812883E-04
       220.4100036    1.2244534E-04
       225.8500037    1.0150104E-04
       236.7400038    7.7493460E-05
       247.6200040    5.6163146E-05
       258.5100042    4.1318097E-05
       272.1100044    2.8688386E-05
       285.7200046    2.0263040E-05
       299.3200049    1.4525439E-05
       312.9300051    1.0539337E-05
       340.1400055    5.7228840E-06
       353.7400058    4.2730940E-06
       380.9500062    2.4354451E-06
       394.5600064    1.8570501E-06
       408.1700066    1.4247742E-06
       435.3800071    8.5340577E-07
       462.5900075    5.2215591E-07
       476.1900077    4.1151949E-07
       489.8000080    3.2579908E-07
       503.4000082    2.5915037E-07
       517.0100084    2.0700519E-07
       557.8300091    1.0816247E-07
       571.4300093    8.7806278E-08
       585.0400095    7.1531019E-08
       612.2500100    4.7978705E-08
       666.6700108    2.2435067E-08
       680.2800111    1.8689011E-08
       707.4900115    1.3101568E-08
       734.7000119    9.2663415E-09
       761.9100124    6.6125558E-09
       789.1200128    4.7620965E-09
       816.3300133    3.4589718E-09
       843.5400137    2.5327398E-09
       870.7500142    1.8686381E-09
       911.5700148    1.1999790E-09
       952.3900155    7.8208828E-10
       993.2000162    5.7870997E-10
      1020.4000166    4.3917794E-10
      1061.2000173    3.1201841E-10
      1088.4000177    2.3941607E-10
      1102.0000179    2.1013667E-10
      1115.7000181    1.8450226E-10
      1129.3000184    1.6235448E-10
      1142.9000186    1.4304131E-10
      1156.5000188    1.2617693E-10
      1170.1000190    1.1143107E-10
      1197.3000195    4.0406273E-10
      1210.9000197    3.6010606E-10
      1224.5000199    3.2074934E-10
      1227.2000200    3.1347580E-10
      1229.9000200    3.0637401E-10
      1232.7000200    2.9918679E-10
      1235.4000201    2.9242375E-10
      1238.1000201    2.8582142E-10
      1240.8000202    2.7937613E-10
      1243.5000202    2.7308417E-10
      1246.3000203    2.6671723E-10
      1249.0000203    2.6072633E-10
      1257.2000204    2.4339020E-10
      1259.9000205    2.3795302E-10
      1262.6000205    2.3264458E-10
      1270.8000207    2.1727938E-10
      1281.6000208    1.9866692E-10
      1289.8000210    1.8566884E-10
      1292.5000210    1.8158910E-10
      1295.2000211    1.7760442E-10
      1298.0000211    1.7357001E-10
      1300.7000212    1.6977171E-10
      1303.4000212    1.6606151E-10
      1306.1000212    1.6243724E-10
      1314.3000214    1.5193549E-10
      1330.6000216    1.3313933E-10
      1341.5000218    1.2195647E-10
      1355.1000220    1.0938043E-10
      1360.6000221    1.0469105E-10
      1371.4000223    9.6090441E-11
      1382.3000225    8.8163421E-11
      1390.5000226    8.2656458E-11
      1395.9000227    7.9229012E-11
      1404.1000228    7.4308004E-11
      1406.8000229    7.2759035E-11
      1409.5000229    7.1244038E-11
      1415.0000230    6.8259745E-11
      1417.7000231    6.6843170E-11
      1420.4000231    6.5457494E-11
      1423.1000231    6.4102008E-11
      1425.9000232    6.2727455E-11
      1428.6000232    6.1431325E-11
      1431.3000233    6.0163312E-11
      1436.7000234    5.7709084E-11
      1439.5000234    5.6478135E-11
      1442.2000235    5.5317233E-11
      1444.9000235    5.4181357E-11
      1447.6000235    5.3069927E-11
      1450.4000236    5.1942561E-11
      1453.1000236    5.0879224E-11
      1455.8000237    4.9838685E-11
      1458.5000237    4.8820423E-11
      1461.2000238    4.7823939E-11
      1466.7000239    4.5859379E-11
      1469.4000239    4.4926052E-11
      1472.1000239    4.4012578E-11
      1477.6000240    4.2211373E-11
      1480.3000241    4.1355509E-11
      1488.4000242    3.8894974E-11
      1491.2000242    3.8080396E-11
      1496.6000243    3.6559283E-11
      1551.0000252    2.4336222E-11
      1632.7000266    1.3340553E-11
      1823.1000296    3.3421373E-12
      2340.2000381    0.0000000E+00
 
