       12.5000002    1.1658563E+01
        15.0000002    8.7224932E+00
        20.0000003    1.0059944E+00
        25.0000004    2.0217839E-01
        30.0000005    1.7642009E-01
        35.0000006    1.0485680E-01
        40.0000007    5.7354808E-02
        45.0000007    2.9546317E-02
        50.0000008    1.4842167E-02
        55.0000009    7.7884416E-03
        60.0000010    4.5293099E-03
        65.0000011    2.9297851E-03
        70.0000011    2.0304325E-03
        75.0000012    1.4612881E-02
        80.0000013    1.1065464E-02
        85.0000014    7.3598325E-03
        90.0000015    4.7820327E-03
        95.2390015    3.0228528E-03
       100.6800016    1.8730880E-03
       114.2900019    5.9213606E-04
       119.7300019    3.8298228E-04
       122.4500020    3.0973961E-04
       125.1700020    2.5146495E-04
       127.8900021    2.0494893E-04
       130.6100021    1.6769634E-04
       133.3300022    1.3776236E-04
       136.0600022    1.1354762E-04
       146.9400024    5.4729408E-05
       149.6600024    4.6065998E-05
       155.1000025    3.3029206E-05
       157.8200026    2.8132667E-05
       160.5500026    2.4040321E-05
       165.9900027    6.8359674E-05
       171.4300028    5.2724448E-05
       176.8700029    5.6250366E-05
       179.5900029    4.9556969E-05
       182.3100030    4.3579854E-05
       185.0400030    3.8308004E-05
       187.7600031    3.3718479E-05
       190.4800031    2.9712905E-05
       195.9200032    2.3159138E-05
       198.6400032    2.0483674E-05
       204.0800033    1.6080912E-05
       206.8000034    1.4272625E-05
       209.5300034    1.2676150E-05
       212.2500035    1.1275270E-05
       214.9700035    1.0039686E-05
       220.4100036    7.9843558E-06
       225.8500037    6.3749189E-06
       236.7400038    7.9781666E-06
       247.6200040    5.6412787E-06
       258.5100042    4.0201035E-06
       272.1100044    2.6662087E-06
       285.7200046    1.7906909E-06
       299.3200049    1.2173377E-06
       312.9300051    8.3642448E-07
       340.1400055    4.0694607E-07
       353.7400058    2.8779758E-07
       380.9500062    1.4751272E-07
       394.5600064    1.0681810E-07
       408.1700066    7.7905142E-08
       435.3800071    4.2288168E-08
       462.5900075    2.3528489E-08
       476.1900077    1.7702961E-08
       489.8000080    1.3388743E-08
       503.4000082    1.0180048E-08
       517.0100084    7.7767996E-09
       557.8300091    3.5633461E-09
       571.4300093    2.7705334E-09
       585.0400095    2.1620039E-09
       612.2500100    1.3309895E-09
       666.6700108    5.2358035E-10
       680.2800111    4.1735754E-10
       707.4900115    2.6699890E-10
       734.7000119    1.7201410E-10
       761.9100124    1.1156717E-10
       789.1200128    7.2579089E-11
       816.3300133    4.7306801E-11
       843.5400137    3.0828902E-11
       870.7500142    2.0038160E-11
       911.5700148    1.0378138E-11
       952.3900155    5.2304498E-12
       993.2000162    2.4830062E-12
      1020.4000166    1.4151307E-12
      1061.2000173    5.1330283E-13
      1088.4000177    1.2356464E-13
      1102.0000179    0.0000000E+00
 
