       12.5000002    1.5008577E+03
        15.0000002    6.3243707E+02
        20.0000003    4.9311089E+01
        25.0000004    2.0591179E+01
        30.0000005    1.4366018E+01
        35.0000006    9.0687628E+00
        40.0000007    6.0991168E+00
        45.0000007    4.0025349E+00
        50.0000008    2.4484644E+00
        55.0000009    1.3760538E+00
        60.0000010    7.2004503E-01
        65.0000011    3.6516446E-01
        70.0000011    1.8953994E-01
        75.0000012    4.0772620E-01
        80.0000013    3.3103928E-01
        85.0000014    2.8738874E-01
        90.0000015    2.6925623E-01
        95.2390015    2.2364326E-01
       100.6800016    1.6633953E-01
       114.2900019    9.1281526E-02
       119.7300019    7.5668938E-02
       122.4500020    6.9207944E-02
       125.1700020    6.3407183E-02
       127.8900021    5.8153130E-02
       130.6100021    5.3363703E-02
       133.3300022    4.8978288E-02
       136.0600022    4.4936605E-02
       146.9400024    3.1781789E-02
       149.6600024    2.9115316E-02
       155.1000025    2.4404304E-02
       157.8200026    2.2330230E-02
       160.5500026    2.0419035E-02
       165.9900027    2.0500759E-02
       171.4300028    1.7601980E-02
       176.8700029    1.5898701E-02
       179.5900029    1.4808217E-02
       182.3100030    1.3675912E-02
       185.0400030    1.2550547E-02
       187.7600031    1.1482419E-02
       190.4800031    1.0495033E-02
       195.9200032    8.7688640E-03
       198.6400032    8.0125751E-03
       204.0800033    6.6952482E-03
       206.8000034    6.1272727E-03
       209.5300034    5.6111049E-03
       212.2500035    5.1452029E-03
       214.9700035    4.7226907E-03
       220.4100036    3.9907279E-03
       225.8500037    3.3854144E-03
       236.7400038    2.9034568E-03
       247.6200040    2.1935650E-03
       258.5100042    1.6529734E-03
       272.1100044    1.1681854E-03
       285.7200046    8.3368755E-04
       299.3200049    6.0091936E-04
       312.9300051    4.3722536E-04
       340.1400055    2.3838747E-04
       353.7400058    1.7867843E-04
       380.9500062    1.0341097E-04
       394.5600064    7.9837075E-05
       408.1700066    6.2231593E-05
       435.3800071    3.8868282E-05
       462.5900075    2.5103711E-05
       476.1900077    2.0405610E-05
       489.8000080    1.6697895E-05
       503.4000082    1.3752341E-05
       517.0100084    1.1390793E-05
       557.8300091    6.6730709E-06
       571.4300093    5.6333542E-06
       585.0400095    4.7732315E-06
       612.2500100    3.4628492E-06
       666.6700108    1.8873369E-06
       680.2800111    1.6316910E-06
       707.4900115    1.3011545E-06
       734.7000119    1.0059199E-06
       761.9100124    7.5920434E-07
       789.1200128    5.7827685E-07
       816.3300133    4.4406144E-07
       843.5400137    3.4352146E-07
       870.7500142    2.6755001E-07
       911.5700148    1.8603875E-07
       952.3900155    1.3101669E-07
       993.2000162    1.5577731E-07
      1020.4000166    1.2222957E-07
      1061.2000173    1.0406236E-07
      1088.4000177    8.2351974E-08
      1102.0000179    7.3403235E-08
      1115.7000181    6.5455815E-08
      1129.3000184    5.8490475E-08
      1142.9000186    5.2329767E-08
      1156.5000188    4.6873701E-08
      1170.1000190    4.2035452E-08
      1197.3000195    1.0346594E-07
      1210.9000197    9.4188927E-08
      1224.5000199    8.5742691E-08
      1227.2000200    8.4163318E-08
      1229.9000200    8.2615102E-08
      1232.7000200    8.1041854E-08
      1235.4000201    7.9555363E-08
      1238.1000201    7.8098296E-08
      1240.8000202    7.6669821E-08
      1243.5000202    7.5269867E-08
      1246.3000203    7.3847296E-08
      1249.0000203    7.2503148E-08
      1257.2000204    6.8581308E-08
      1259.9000205    6.7340942E-08
      1262.6000205    6.6124954E-08
      1270.8000207    6.2576134E-08
      1281.6000208    5.8214773E-08
      1289.8000210    5.5124683E-08
      1292.5000210    5.4146700E-08
      1295.2000211    5.3187595E-08
      1298.0000211    5.2212492E-08
      1300.7000212    5.1290652E-08
      1303.4000212    5.0386518E-08
      1306.1000212    4.9499754E-08
      1314.3000214    4.6909307E-08
      1330.6000216    4.2188159E-08
      1341.5000218    3.9321506E-08
      1355.1000220    3.6039015E-08
      1360.6000221    3.4797530E-08
      1371.4000223    3.2493372E-08
      1382.3000225    3.0335741E-08
      1390.5000226    2.8815753E-08
      1395.9000227    2.7860318E-08
      1404.1000228    2.6475005E-08
      1406.8000229    2.6035481E-08
      1409.5000229    2.5603919E-08
      1415.0000230    2.4748790E-08
      1417.7000231    2.4340462E-08
      1420.4000231    2.3939487E-08
      1423.1000231    2.3545720E-08
      1425.9000232    2.3144835E-08
      1428.6000232    2.2765322E-08
      1431.3000233    2.2392602E-08
      1436.7000234    2.1667015E-08
      1439.5000234    2.1300936E-08
      1442.2000235    2.0954328E-08
      1444.9000235    2.0613877E-08
      1447.6000235    2.0279465E-08
      1450.4000236    1.9938922E-08
      1453.1000236    1.9616454E-08
      1455.8000237    1.9299682E-08
      1458.5000237    1.8988496E-08
      1461.2000238    1.8682789E-08
      1466.7000239    1.8076566E-08
      1469.4000239    1.7786867E-08
      1472.1000239    1.7502240E-08
      1477.6000240    1.6937729E-08
      1480.3000241    1.6667920E-08
      1488.4000242    1.5886309E-08
      1491.2000242    1.5625524E-08
      1496.6000243    1.5135706E-08
      1551.0000252    1.1039035E-08
      1632.7000266    6.9903163E-09
      1823.1000296    2.5901004E-09
      2340.2000381    2.6167465E-10
      2829.9000460    4.4077391E-11
      3047.6000496    2.1771491E-11
      3700.7000602    3.2092085E-12
      4000.0000650    1.4536630E-12
      4680.3000761    2.3060308E-13
      5006.8000814    2.7510243E-14
      5387.8000876    0.0000000E+00
 
