       12.5000002    1.9559531E+02
        15.0000002    4.4460968E+01
        20.0000003    2.1638590E+01
        25.0000004    9.2917986E+00
        30.0000005    7.0480428E+00
        35.0000006    3.7256734E+00
        40.0000007    1.7882142E+00
        45.0000007    8.2556057E-01
        50.0000008    3.8001522E-01
        55.0000009    1.8551299E-01
        60.0000010    1.0541751E-01
        65.0000011    7.0957460E-02
        70.0000011    5.2550942E-02
        75.0000012    1.7995855E-01
        80.0000013    1.6385387E-01
        85.0000014    1.4037222E-01
        90.0000015    1.2245772E-01
        95.2390015    1.0524142E-01
       100.6800016    8.5532859E-02
       114.2900019    4.7529291E-02
       119.7300019    3.7405208E-02
       122.4500020    3.3168543E-02
       125.1700020    2.9405022E-02
       127.8900021    2.6064010E-02
       130.6100021    2.3100069E-02
       133.3300022    2.0472296E-02
       136.0600022    1.8135790E-02
       146.9400024    1.1205371E-02
       149.6600024    9.9409409E-03
       155.1000025    7.8325188E-03
       157.8200026    6.9567240E-03
       160.5500026    6.1789472E-03
       165.9900027    5.9980587E-03
       171.4300028    4.8909364E-03
       176.8700029    4.3657655E-03
       179.5900029    3.9764671E-03
       182.3100030    3.6107905E-03
       185.0400030    3.2745567E-03
       187.7600031    2.9714247E-03
       190.4800031    2.6987214E-03
       195.9200032    2.2339609E-03
       198.6400032    2.0361443E-03
       204.0800033    1.6975857E-03
       206.8000034    1.5528341E-03
       209.5300034    1.4216299E-03
       212.2500035    1.3034084E-03
       214.9700035    1.1963203E-03
       220.4100036    1.0109437E-03
       225.8500037    8.5759221E-04
       236.7400038    7.1281893E-04
       247.6200040    5.1578874E-04
       258.5100042    3.7538513E-04
       272.1100044    2.5636976E-04
       285.7200046    1.7829040E-04
       299.3200049    1.2628104E-04
       312.9300051    9.0990427E-05
       340.1400055    4.9586597E-05
       353.7400058    3.7411563E-05
       380.9500062    2.2088003E-05
       394.5600064    1.7241087E-05
       408.1700066    1.3579609E-05
       435.3800071    8.6227610E-06
       462.5900075    5.6168651E-06
       476.1900077    4.5701318E-06
       489.8000080    3.7353561E-06
       503.4000082    3.0666638E-06
       517.0100084    2.5272948E-06
       557.8300091    1.4450303E-06
       571.4300093    1.2071225E-06
       585.0400095    1.0111829E-06
       612.2500100    7.1548811E-07
       666.6700108    3.6910080E-07
       680.2800111    3.1459746E-07
       707.4900115    2.3337782E-07
       734.7000119    1.7281529E-07
       761.9100124    1.2802759E-07
       789.1200128    9.5612457E-08
       816.3300133    7.1947312E-08
       843.5400137    5.4529703E-08
       870.7500142    4.1612005E-08
       911.5700148    2.8076457E-08
       952.3900155    1.9205304E-08
       993.2000162    1.7901927E-08
      1020.4000166    1.3900750E-08
      1061.2000173    1.0967188E-08
      1088.4000177    8.6005434E-09
      1102.0000179    7.6323481E-09
      1115.7000181    6.7766783E-09
      1129.3000184    6.0303686E-09
      1142.9000186    5.3733840E-09
      1156.5000188    4.7942073E-09
      1170.1000190    4.2829100E-09
      1197.3000195    1.3129507E-08
      1210.9000197    1.1877936E-08
      1224.5000199    1.0743133E-08
      1227.2000200    1.0531704E-08
      1229.9000200    1.0324712E-08
      1232.7000200    1.0114654E-08
      1235.4000201    9.9164472E-09
      1238.1000201    9.7224238E-09
      1240.8000202    9.5324983E-09
      1243.5000202    9.3465848E-09
      1246.3000203    9.1579295E-09
      1249.0000203    8.9799217E-09
      1257.2000204    8.4619716E-09
      1259.9000205    8.2986151E-09
      1262.6000205    8.1386862E-09
      1270.8000207    7.6732150E-09
      1281.6000208    7.1038966E-09
      1289.8000210    6.7024195E-09
      1292.5000210    6.5756982E-09
      1295.2000211    6.4515864E-09
      1298.0000211    6.3255730E-09
      1300.7000212    6.2065997E-09
      1303.4000212    6.0900649E-09
      1306.1000212    5.9759144E-09
      1314.3000214    5.6433151E-09
      1330.6000216    5.0406008E-09
      1341.5000218    4.6769495E-09
      1355.1000220    4.2628474E-09
      1360.6000221    4.1069010E-09
      1371.4000223    3.8185006E-09
      1382.3000225    3.5497099E-09
      1390.5000226    3.3611296E-09
      1395.9000227    3.2429330E-09
      1404.1000228    3.0720415E-09
      1406.8000229    3.0179452E-09
      1409.5000229    2.9648881E-09
      1415.0000230    2.8599325E-09
      1417.7000231    2.8099001E-09
      1420.4000231    2.7608222E-09
      1423.1000231    2.7126792E-09
      1425.9000232    2.6637199E-09
      1428.6000232    2.6174221E-09
      1431.3000233    2.5720017E-09
      1436.7000234    2.4837223E-09
      1439.5000234    2.4392555E-09
      1442.2000235    2.3971989E-09
      1444.9000235    2.3559332E-09
      1447.6000235    2.3154421E-09
      1450.4000236    2.2742528E-09
      1453.1000236    2.2352913E-09
      1455.8000237    2.1970576E-09
      1458.5000237    2.1595372E-09
      1461.2000238    2.1227156E-09
      1466.7000239    2.0498114E-09
      1469.4000239    2.0150266E-09
      1472.1000239    1.9808852E-09
      1477.6000240    1.9132760E-09
      1480.3000241    1.8810116E-09
      1488.4000242    1.7877306E-09
      1491.2000242    1.7566700E-09
      1496.6000243    1.6984183E-09
      1551.0000252    1.2161159E-09
      1632.7000266    7.5000572E-10
      1823.1000296    2.6203800E-10
      2340.2000381    2.2326618E-11
      2829.9000460    2.9500970E-12
      3047.6000496    1.2062795E-12
      3700.7000602    0.0000000E+00
      4000.0000650    0.0000000E+00
      4680.3000761    0.0000000E+00
      5006.8000814    0.0000000E+00
      5387.8000876    0.0000000E+00
 
