       12.5000002    3.9127415E-01
        15.0000002    3.6043358E-01
        20.0000003    1.1712179E-01
        25.0000004    3.6009517E-02
        30.0000005    1.4344036E-02
        35.0000006    7.0019597E-03
        40.0000007    3.6857566E-03
        45.0000007    1.8942481E-03
        50.0000008    9.6335448E-04
        55.0000009    4.9896893E-04
        60.0000010    2.6884465E-04
        65.0000011    1.5215790E-04
        70.0000011    9.0418238E-05
        75.0000012    1.2208660E-04
        80.0000013    6.8118163E-05
        85.0000014    3.9033766E-05
        90.0000015    2.3310522E-05
        95.2390015    1.4136282E-05
       100.6800016    8.7108192E-06
       114.2900019    2.8982104E-06
       119.7300019    1.9254892E-06
       122.4500020    1.5771952E-06
       125.1700020    1.2956535E-06
       127.8900021    1.0671986E-06
       130.6100021    8.8118043E-07
       133.3300022    7.2923893E-07
       136.0600022    6.0435855E-07
       146.9400024    2.9123245E-07
       149.6600024    2.4364010E-07
       155.1000025    1.7124025E-07
       157.8200026    1.4384000E-07
       160.5500026    1.2089096E-07
       165.9900027    1.5570326E-07
       171.4300028    1.0695381E-07
       176.8700029    9.1217608E-08
       179.5900029    7.5617820E-08
       182.3100030    6.2695030E-08
       185.0400030    5.1973412E-08
       187.7600031    4.3144773E-08
       190.4800031    3.5841040E-08
       195.9200032    2.4781048E-08
       198.6400032    2.0622263E-08
       204.0800033    1.4296879E-08
       206.8000034    1.1907711E-08
       209.5300034    9.9115152E-09
       212.2500035    8.2546983E-09
       214.9700035    6.8731723E-09
       220.4100036    4.7586268E-09
       225.8500037    3.2848291E-09
       236.7400038    9.4123909E-09
       247.6200040    4.5263437E-09
       258.5100042    1.9819206E-09
       272.1100044    4.8640914E-10
 
