       80.0000013    2.8994443E+18
        85.0000014    2.0975319E+18
        90.0000015    1.5287313E+18
        95.2390015    1.1066488E+18
       100.6800016    7.9878943E+17
       114.2900019    3.7079023E+17
       119.7300019    2.7885620E+17
       122.4500020    2.4309006E+17
       125.1700020    2.1268298E+17
       127.8900021    1.8677722E+17
       130.6100021    1.6465707E+17
       133.3300022    1.4572479E+17
       136.0600022    1.2942512E+17
       146.9400024    8.8943241E+17
       149.6600024    8.1978185E+17
       155.1000025    6.9345504E+17
       157.8200026    6.3766493E+17
       160.5500026    5.8632660E+17
       165.9900027    4.9649939E+17
       171.4300028    4.2098706E+17
       176.8700029    3.5739979E+17
       179.5900029    3.2944753E+17
       182.3100030    3.0376641E+17
       185.0400030    2.8008098E+17
       187.7600031    2.5838899E+17
       190.4800031    2.3844061E+17
       195.9200032    2.0320619E+17
       198.6400032    1.8766648E+17
       204.0800033    3.5614587E+17
       206.8000034    3.3748520E+17
       209.5300034    3.1952602E+17
       212.2500035    3.0252884E+17
       214.9700035    2.8643570E+17
       220.4100036    2.5682820E+17
       225.8500037    2.3036169E+17
       236.7400038    1.8544994E+17
       247.6200040    1.4943390E+17
       258.5100042    1.2043532E+17
       272.1100044    9.2007039E+16
       285.7200046    7.0262951E+16
       299.3200049    5.3636466E+16
       312.9300051    4.0891980E+16
       340.1400055    2.3635948E+16
       353.7400058    1.7889361E+16
       380.9500062    1.0087070E+16
       394.5600064    7.4828461E+15
       408.1700066    5.4807412E+15
       435.3800071    2.7443861E+15
       462.5900075    1.0346349E+15
       476.1900077    1.5152710E+14
 
