       80.0000013    7.0129174E+17
        85.0000014    4.7510001E+17
        90.0000015    3.3050193E+17
        95.2390015    2.3309554E+17
       100.6800016    1.6795915E+17
       114.2900019    8.5411025E+16
       119.7300019    6.8247078E+16
       122.4500020    6.1443849E+16
       125.1700020    5.5534782E+16
       127.8900021    5.0359316E+16
       130.6100021    4.5791485E+16
       133.3300022    4.1731311E+16
       136.0600022    3.8086894E+16
       146.9400024    2.0393700E+17
       149.6600024    1.7957677E+17
       155.1000025    1.3909928E+17
       157.8200026    1.2241384E+17
       160.5500026    1.0767218E+17
       165.9900027    8.3340447E+16
       171.4300028    6.4435363E+16
       176.8700029    4.9732809E+16
       179.5900029    4.3654894E+16
       182.3100030    3.8293490E+16
       185.0400030    3.3547848E+16
       187.7600031    2.9378184E+16
       190.4800031    2.5700283E+16
       195.9200032    1.9596778E+16
       198.6400032    1.7075061E+16
       204.0800033    6.5422308E+16
       206.8000034    5.8621029E+16
       209.5300034    5.2260917E+16
       212.2500035    4.6412173E+16
       214.9700035    4.1034852E+16
       220.4100036    3.1563689E+16
       225.8500037    2.3546946E+16
       236.7400038    1.0409406E+16
 
