       80.0000013    1.1341479E+19
        85.0000014    9.6850438E+18
        90.0000015    8.2563406E+18
        95.2390015    6.9787240E+18
       100.6800016    5.8600616E+18
       114.2900019    3.7994155E+18
       119.7300019    3.2034645E+18
       122.4500020    2.9435243E+18
       125.1700020    2.7059668E+18
       127.8900021    2.4887954E+18
       130.6100021    2.2901850E+18
       133.3300022    2.1084706E+18
       136.0600022    1.9415519E+18
       146.9400024    2.7050922E+18
       149.6600024    2.5929112E+18
       155.1000025    2.3598639E+18
       157.8200026    2.2487381E+18
       160.5500026    2.1428239E+18
       165.9900027    1.9492263E+18
       171.4300028    1.7774639E+18
       176.8700029    1.6248966E+18
       179.5900029    1.5549717E+18
       182.3100030    1.4888759E+18
       185.0400030    1.4261067E+18
       187.7600031    1.3668676E+18
       190.4800031    1.3106885E+18
       195.9200032    1.2066765E+18
       198.6400032    1.1584714E+18
       204.0800033    1.2339878E+18
       206.8000034    1.1880428E+18
       209.5300034    1.1412492E+18
       212.2500035    1.0956484E+18
       214.9700035    1.0517332E+18
       220.4100036    9.6972500E+17
       225.8500037    8.9545588E+17
       236.7400038    7.6756082E+17
       247.6200040    6.6284347E+17
       258.5100042    5.7635764E+17
       272.1100044    4.8847007E+17
       285.7200046    4.1776996E+17
       299.3200049    3.6025718E+17
       312.9300051    3.1281745E+17
       340.1400055    2.3990565E+17
       353.7400058    2.1150548E+17
       380.9500062    1.6597564E+17
       394.5600064    1.4757655E+17
       408.1700066    1.3147308E+17
       435.3800071    1.0484443E+17
       462.5900075    8.4022428E+16
       476.1900077    7.5335504E+16
       489.8000080    6.7602768E+16
       503.4000082    6.0720388E+16
       517.0100084    5.4578950E+16
       557.8300091    3.9826270E+16
       571.4300093    3.5911843E+16
       585.0400095    3.2404287E+16
       612.2500100    2.6445578E+16
       666.6700108    1.7776241E+16
       680.2800111    1.6126138E+16
       707.4900115    1.3302929E+16
       734.7000119    1.1007781E+16
       761.9100124    9.1365186E+15
       789.1200128    7.6063463E+15
       816.3300133    6.3513960E+15
       843.5400137    5.3191017E+15
       870.7500142    4.4673990E+15
       911.5700148    3.4565180E+15
       952.3900155    2.6905608E+15
       993.2000162    2.1065142E+15
      1020.4000166    1.7949156E+15
      1061.2000173    1.4178451E+15
      1088.4000177    1.2148632E+15
      1102.0000179    1.1254144E+15
      1115.7000181    1.0424897E+15
      1129.3000184    9.6668440E+14
      1142.9000186    8.9681313E+14
      1156.5000188    8.3237231E+14
      1170.1000190    7.7290433E+14
      1197.3000195    6.6726095E+14
      1210.9000197    6.2036259E+14
      1224.5000199    5.7698463E+14
      1227.2000200    5.6876628E+14
      1229.9000200    5.6067318E+14
      1232.7000200    5.5241047E+14
      1235.4000201    5.4456618E+14
      1238.1000201    5.3684098E+14
      1240.8000202    5.2923292E+14
      1243.5000202    5.2174004E+14
      1246.3000203    5.1408930E+14
      1249.0000203    5.0682527E+14
      1257.2000204    5.7311829E+14
      1259.9000205    5.6530145E+14
      1262.6000205    5.5729288E+14
      1270.8000207    5.3299527E+14
      1281.6000208    5.0230991E+14
      1289.8000210    5.1924725E+14
      1292.5000210    5.1175831E+14
      1295.2000211    5.0426194E+14
      1298.0000211    4.9654248E+14
      1300.7000212    4.8918211E+14
      1303.4000212    4.8191879E+14
      1306.1000212    4.7475961E+14
      1314.3000214    4.5367709E+14
      1330.6000216    4.1465289E+14
      1341.5000218    3.9056084E+14
      1355.1000220    3.6256815E+14
      1360.6000221    3.5185939E+14
      1371.4000223    3.3179468E+14
      1382.3000225    3.1276807E+14
      1390.5000226    2.9921655E+14
      1395.9000227    2.9063215E+14
      1404.1000228    2.7809016E+14
      1406.8000229    2.7408648E+14
      1409.5000229    2.7014349E+14
      1415.0000230    2.6229521E+14
      1417.7000231    2.5853064E+14
      1420.4000231    2.5482288E+14
      1423.1000231    2.5117101E+14
      1425.9000232    2.4744197E+14
      1428.6000232    2.4390121E+14
      1431.3000233    2.4041363E+14
      1436.7000234    2.3359463E+14
      1439.5000234    2.3013906E+14
      1442.2000235    2.2685764E+14
      1444.9000235    2.2362524E+14
      1447.6000235    2.2044106E+14
      1450.4000236    2.1718906E+14
      1453.1000236    2.1410076E+14
      1455.8000237    1.2293845E+15
      1458.5000237    1.2225465E+15
      1461.2000238    1.2119231E+15
      1466.7000239    1.1847422E+15
      1469.4000239    1.1703018E+15
      1472.1000239    1.1556385E+15
      1477.6000240    1.1257202E+15
      1480.3000241    1.1111676E+15
      1488.4000242    1.0684187E+15
      1491.2000242    1.0539966E+15
      1496.6000243    1.0267161E+15
      1551.0000252    7.8788571E+14
      1632.7000266    5.2788913E+14
      1823.1000296    2.0275940E+14
 
