       80.0000013    1.0995009E+19
        85.0000014    9.2547015E+18
        90.0000015    7.7825478E+18
        95.2390015    6.4904435E+18
       100.6800016    5.3793793E+18
       114.2900019    3.3875076E+18
       119.7300019    2.8261775E+18
       122.4500020    2.5836453E+18
       125.1700020    2.3632952E+18
       127.8900021    2.1629879E+18
       130.6100021    1.9807933E+18
       133.3300022    1.8149725E+18
       136.0600022    1.6634300E+18
       146.9400024    2.5367916E+18
       149.6600024    2.4339246E+18
       155.1000025    2.2173057E+18
       157.8200026    2.1131921E+18
       160.5500026    2.0135776E+18
       165.9900027    1.8306278E+18
       171.4300028    1.6674506E+18
       176.8700029    1.5218846E+18
       179.5900029    1.4549870E+18
       182.3100030    1.3916564E+18
       185.0400030    1.3314326E+18
       187.7600031    1.2745302E+18
       190.4800031    1.2205151E+18
       195.9200032    1.1204004E+18
       198.6400032    1.0739664E+18
       204.0800033    1.1288026E+18
       206.8000034    1.0842214E+18
       209.5300034    1.0399944E+18
       212.2500035    9.9747310E+17
       214.9700035    9.5684773E+17
       220.4100036    8.8151537E+17
       225.8500037    8.1369179E+17
       236.7400038    6.9749431E+17
       247.6200040    6.0273853E+17
       258.5100042    5.2460342E+17
       272.1100044    4.4514993E+17
       285.7200046    3.8103613E+17
       299.3200049    3.2862650E+17
       312.9300051    2.8514607E+17
       340.1400055    2.1776474E+17
       353.7400058    1.9133262E+17
       380.9500062    1.4880811E+17
       394.5600064    1.3161022E+17
       408.1700066    1.1657759E+17
       435.3800071    9.1823867E+16
       462.5900075    7.2633979E+16
       476.1900077    6.4693778E+16
       489.8000080    5.7667942E+16
       503.4000082    5.1454125E+16
       517.0100084    4.5945430E+16
       557.8300091    3.2883066E+16
       571.4300093    2.9465799E+16
       585.0400095    2.6424290E+16
       612.2500100    2.1308297E+16
       666.6700108    1.4002958E+16
       680.2800111    1.2635048E+16
       707.4900115    1.0314873E+16
       734.7000119    8.4499901E+15
       761.9100124    6.9459054E+15
       789.1200128    5.7286075E+15
       816.3300133    4.7399796E+15
       843.5400137    3.9342861E+15
       870.7500142    3.2754245E+15
       911.5700148    2.5014783E+15
       952.3900155    1.9220281E+15
       993.2000162    1.4851637E+15
      1020.4000166    1.2542215E+15
      1061.2000173    9.7716251E+14
      1088.4000177    8.2932785E+14
      1102.0000179    7.6452223E+14
      1115.7000181    7.0465139E+14
      1129.3000184    6.5011081E+14
      1142.9000186    6.0001451E+14
      1156.5000188    5.5397351E+14
      1170.1000190    5.1163550E+14
      1197.3000195    4.3682096E+14
      1210.9000197    4.0379199E+14
      1224.5000199    3.7335547E+14
      1227.2000200    3.6760206E+14
      1229.9000200    3.6194059E+14
      1232.7000200    3.5616493E+14
      1235.4000201    3.5068593E+14
      1238.1000201    3.4529423E+14
      1240.8000202    3.3998830E+14
      1243.5000202    3.3476670E+14
      1246.3000203    3.2943923E+14
      1249.0000203    3.2438499E+14
      1257.2000204    3.5413814E+14
      1259.9000205    3.4883674E+14
      1262.6000205    3.4345937E+14
      1270.8000207    3.2727557E+14
      1281.6000208    3.0694356E+14
      1289.8000210    3.1201662E+14
      1292.5000210    3.0711674E+14
      1295.2000211    3.0223309E+14
      1298.0000211    2.9721714E+14
      1300.7000212    2.9244278E+14
      1303.4000212    2.8773714E+14
      1306.1000212    2.8310371E+14
      1314.3000214    2.6948214E+14
      1330.6000216    2.4435466E+14
      1341.5000218    2.2890134E+14
      1355.1000220    2.1100901E+14
      1360.6000221    2.0418348E+14
      1371.4000223    1.9142555E+14
      1382.3000225    1.7936730E+14
      1390.5000226    1.7080416E+14
      1395.9000227    1.6539124E+14
      1404.1000228    1.5749969E+14
      1406.8000229    1.5498492E+14
      1409.5000229    1.5251041E+14
      1415.0000230    1.4759153E+14
      1417.7000231    1.4523523E+14
      1420.4000231    1.4291653E+14
      1423.1000231    1.4063480E+14
      1425.9000232    1.3830696E+14
      1428.6000232    1.3609866E+14
      1431.3000233    1.3392546E+14
      1436.7000234    1.2968211E+14
      1439.5000234    1.2753472E+14
      1442.2000235    1.2549744E+14
      1444.9000235    1.2349243E+14
      1447.6000235    1.2151915E+14
      1450.4000236    1.1950573E+14
      1453.1000236    1.1759545E+14
      1455.8000237    7.0128937E+14
      1458.5000237    6.9618957E+14
      1461.2000238    6.8890765E+14
      1466.7000239    6.7090402E+14
      1469.4000239    6.6145791E+14
      1472.1000239    6.5190363E+14
      1477.6000240    6.3248098E+14
      1480.3000241    6.2305822E+14
      1488.4000242    5.9544917E+14
      1491.2000242    5.8615647E+14
      1496.6000243    5.6860851E+14
      1551.0000252    4.1681289E+14
      1632.7000266    2.5618097E+14
      1823.1000296    6.2683982E+13
 
