       80.0000013    9.6435966E+18
        85.0000014    7.8594966E+18
        90.0000015    6.4125613E+18
        95.2390015    5.1917185E+18
       100.6800016    4.1805153E+18
       114.2900019    2.4649151E+18
       119.7300019    2.0066920E+18
       122.4500020    1.8126400E+18
       125.1700020    1.6385542E+18
       127.8900021    1.4822498E+18
       130.6100021    1.3417960E+18
       133.3300022    1.2154856E+18
       136.0600022    1.1014112E+18
       146.9400024    2.1961432E+18
       149.6600024    2.1072707E+18
       155.1000025    1.9146381E+18
       157.8200026    1.8208394E+18
       160.5500026    1.7306391E+18
       165.9900027    1.5641217E+18
       171.4300028    1.4149360E+18
       176.8700029    1.2815366E+18
       179.5900029    1.2201900E+18
       182.3100030    1.1621202E+18
       185.0400030    1.1069251E+18
       187.7600031    1.0548175E+18
       190.4800031    1.0054118E+18
       195.9200032    9.1405934E+17
       198.6400032    8.7181851E+17
       204.0800033    9.1302566E+17
       206.8000034    8.7489391E+17
       209.5300034    8.3831886E+17
       212.2500035    8.0374863E+17
       214.9700035    7.7102944E+17
       220.4100036    7.1079180E+17
       225.8500037    6.5678880E+17
       236.7400038    5.6430740E+17
       247.6200040    4.8854013E+17
       258.5100042    4.2552175E+17
       272.1100044    3.6064765E+17
       285.7200046    3.0752309E+17
       299.3200049    2.6350597E+17
       312.9300051    2.2659198E+17
       340.1400055    1.6891139E+17
       353.7400058    1.4627745E+17
       380.9500062    1.1018281E+17
       394.5600064    9.5806401E+16
       408.1700066    8.3403266E+16
       435.3800071    6.3426316E+16
       462.5900075    4.8449598E+16
       476.1900077    4.2418398E+16
       489.8000080    3.7176717E+16
       503.4000082    3.2623418E+16
       517.0100084    2.8658268E+16
       557.8300091    1.9565515E+16
       571.4300093    1.7269403E+16
       585.0400095    1.5258984E+16
       612.2500100    1.1954813E+16
       666.6700108    7.4349411E+15
       680.2800111    6.6193784E+15
       707.4900115    5.2625123E+15
       734.7000119    4.1990481E+15
       761.9100124    3.3617477E+15
       789.1200128    2.6996234E+15
       816.3300133    2.1738357E+15
       843.5400137    1.7546603E+15
       870.7500142    1.4192412E+15
       911.5700148    1.0355911E+15
       952.3900155    7.5767149E+14
       993.2000162    5.5515378E+14
      1020.4000166    4.5126158E+14
      1061.2000173    3.3036519E+14
      1088.4000177    2.6794419E+14
      1102.0000179    2.4113616E+14
      1115.7000181    2.1670969E+14
      1129.3000184    1.9476870E+14
      1142.9000186    1.7490025E+14
      1156.5000188    1.5690146E+14
      1170.1000190    1.4058967E+14
      1197.3000195    1.1238447E+14
      1210.9000197    1.0020801E+14
      1224.5000199    8.9149294E+13
      1227.2000200    8.7076972E+13
      1229.9000200    8.5043507E+13
      1232.7000200    8.2974893E+13
      1235.4000201    8.1018099E+13
      1238.1000201    7.9097762E+13
      1240.8000202    7.7213118E+13
      1243.5000202    7.5363439E+13
      1246.3000203    7.3481396E+13
      1249.0000203    7.1700662E+13
      1257.2000204    7.1373079E+13
      1259.9000205    6.9601283E+13
      1262.6000205    6.7843983E+13
      1270.8000207    6.2661249E+13
      1281.6000208    5.6244698E+13
      1289.8000210    5.3564903E+13
      1292.5000210    5.2063052E+13
      1295.2000211    5.0581696E+13
      1298.0000211    4.9069787E+13
      1300.7000212    4.7636380E+13
      1303.4000212    4.6227228E+13
      1306.1000212    4.4842139E+13
      1314.3000214    4.0778194E+13
      1330.6000216    3.3276679E+13
      1341.5000218    2.8621912E+13
      1355.1000220    2.3117108E+13
      1360.6000221    2.0954881E+13
      1371.4000223    1.6737110E+13
      1382.3000225    1.2334282E+13
      1390.5000226    8.6002662E+12
      1395.9000227    5.4671085E+12
 
