       80.0000013    4.3747217E+18
        85.0000014    3.2641138E+18
        90.0000015    2.4492801E+18
        95.2390015    1.8239680E+18
       100.6800016    1.3519602E+18
       114.2900019    6.5923907E+17
       119.7300019    5.0130446E+17
       122.4500020    4.3849853E+17
       125.1700020    3.8438913E+17
       127.8900021    3.3771197E+17
       130.6100021    2.9739343E+17
       133.3300022    2.6252060E+17
       136.0600022    2.3221304E+17
       146.9400024    1.2438900E+18
       149.6600024    1.1628128E+18
       155.1000025    1.0080714E+18
       157.8200026    9.3762400E+17
       160.5500026    8.7184208E+17
       165.9900027    7.5457188E+17
       171.4300028    6.5368715E+17
       176.8700029    5.6683820E+17
       179.5900029    5.2802410E+17
       182.3100030    4.9197576E+17
       185.0400030    4.5836719E+17
       187.7600031    4.2725328E+17
       190.4800031    3.9833224E+17
       195.9200032    3.4643584E+17
       198.6400032    3.2317588E+17
       204.0800033    4.8518225E+17
       206.8000034    4.6264594E+17
       209.5300034    4.4095065E+17
       212.2500035    4.2037154E+17
       214.9700035    4.0082160E+17
       220.4100036    3.6462815E+17
       225.8500037    3.3195589E+17
       236.7400038    2.7559300E+17
       247.6200040    2.2926699E+17
       258.5100042    1.9096679E+17
       272.1100044    1.5223991E+17
       285.7200046    1.2153856E+17
       299.3200049    9.7184570E+16
       312.9300051    7.7802920E+16
       340.1400055    5.0053583E+16
       353.7400058    4.0212052E+16
       380.9500062    2.6005604E+16
       394.5600064    2.0924250E+16
       408.1700066    1.6836229E+16
       435.3800071    1.0887978E+16
       462.5900075    7.0092685E+15
       476.1900077    5.6069762E+15
       489.8000080    4.4707549E+15
       503.4000082    3.5508017E+15
       517.0100084    2.8042523E+15
       557.8300091    1.3042837E+15
       571.4300093    9.7531198E+14
       585.0400095    7.0248982E+14
       612.2500100    2.5533899E+14
 
