       80.0000013    8.6094256E+18
        85.0000014    6.8890770E+18
        90.0000015    5.5248684E+18
        95.2390015    4.3975306E+18
       100.6800016    3.4820145E+18
       114.2900019    1.9738945E+18
       119.7300019    1.5831223E+18
       122.4500020    1.4195906E+18
       125.1700020    1.2740071E+18
       127.8900021    1.1442881E+18
       130.6100021    1.0286071E+18
       133.3300022    9.2536142E+17
       136.0600022    8.3282288E+17
       146.9400024    2.0093538E+18
       149.6600024    1.9235688E+18
       155.1000025    1.7383797E+18
       157.8200026    1.6484971E+18
       160.5500026    1.5622179E+18
       165.9900027    1.4033309E+18
       171.4300028    1.2614481E+18
       176.8700029    1.1350264E+18
       179.5900029    1.0770579E+18
       182.3100030    1.0222992E+18
       185.0400030    9.7036519E+17
       187.7600031    9.2145019E+17
       190.4800031    8.7518411E+17
       195.9200032    7.8996413E+17
       198.6400032    7.5072111E+17
       204.0800033    8.0784232E+17
       206.8000034    7.7400313E+17
       209.5300034    7.4172505E+17
       212.2500035    7.1127943E+17
       214.9700035    6.8247470E+17
       220.4100036    6.2938884E+17
       225.8500037    5.8166797E+17
       236.7400038    4.9950404E+17
       247.6200040    4.3164624E+17
       258.5100042    3.7476813E+17
       272.1100044    3.1579984E+17
       285.7200046    2.6725846E+17
       299.3200049    2.2696083E+17
       312.9300051    1.9321092E+17
       340.1400055    1.4085307E+17
       353.7400058    1.2055364E+17
       380.9500062    8.8658983E+16
       394.5600064    7.6175351E+16
       408.1700066    6.5533504E+16
       435.3800071    4.8696305E+16
       462.5900075    3.6376002E+16
       476.1900077    3.1503954E+16
       489.8000080    2.7317877E+16
       503.4000082    2.3722154E+16
       517.0100084    2.0624749E+16
       557.8300091    1.3661093E+16
       571.4300093    1.1938638E+16
       585.0400095    1.0444599E+16
       612.2500100    8.0216589E+15
       666.6700108    4.7887210E+15
       680.2800111    4.2182560E+15
       707.4900115    3.2805849E+15
       734.7000119    2.5577220E+15
       761.9100124    1.9980643E+15
       789.1200128    1.5630721E+15
       816.3300133    1.2237896E+15
       843.5400137    9.5833182E+14
       870.7500142    7.5006188E+14
       911.5700148    5.1786407E+14
       952.3900155    3.5515366E+14
       993.2000162    2.4064700E+14
      1020.4000166    1.8362671E+14
      1061.2000173    1.1900509E+14
      1088.4000177    8.6307091E+13
      1102.0000179    7.2308207E+13
      1115.7000181    5.9470013E+13
      1129.3000184    4.7720786E+13
      1142.9000186    3.6631315E+13
      1156.5000188    2.5624662E+13
      1170.1000190    1.2810426E+13
 
