       80.0000013    1.0437355E+19
        85.0000014    8.6505347E+18
        90.0000015    7.1697444E+18
        95.2390015    5.8949799E+18
       100.6800016    4.8188725E+18
       114.2900019    2.9414501E+18
       119.7300019    2.4260202E+18
       122.4500020    2.2054559E+18
       125.1700020    2.0062697E+18
       127.8900021    1.8262582E+18
       130.6100021    1.6634564E+18
       133.3300022    1.5161109E+18
       136.0600022    1.3821910E+18
       146.9400024    2.3696075E+18
       149.6600024    2.2748210E+18
       155.1000025    2.0717937E+18
       157.8200026    1.9733969E+18
       160.5500026    1.8789228E+18
       165.9900027    1.7047484E+18
       171.4300028    1.5488165E+18
       176.8700029    1.4093609E+18
       179.5900029    1.3451876E+18
       182.3100030    1.2844012E+18
       185.0400030    1.2265756E+18
       187.7600031    1.1719294E+18
       190.4800031    1.1200566E+18
       195.9200032    1.0239471E+18
       198.6400032    9.7940201E+17
       204.0800033    1.0210560E+18
       206.8000034    9.7915228E+17
       209.5300034    9.3841936E+17
       212.2500035    8.9966604E+17
       214.9700035    8.6286312E+17
       220.4100036    7.9495955E+17
       225.8500037    7.3405018E+17
       236.7400038    6.2992609E+17
       247.6200040    5.4501926E+17
       258.5100042    4.7483952E+17
       272.1100044    4.0314181E+17
       285.7200046    3.4490130E+17
       299.3200049    2.9695617E+17
       312.9300051    2.5692108E+17
       340.1400055    1.9445550E+17
       353.7400058    1.6986639E+17
       380.9500062    1.3035098E+17
       394.5600064    1.1444060E+17
       408.1700066    1.0059859E+17
       435.3800071    7.8001391E+16
       462.5900075    6.0726452E+16
       476.1900077    5.3662515E+16
       489.8000080    4.7461940E+16
       503.4000082    4.2022415E+16
       517.0100084    3.7239389E+16
       557.8300091    2.6072777E+16
       571.4300093    2.3199517E+16
       585.0400095    2.0662018E+16
       612.2500100    1.6440616E+16
       666.6700108    1.0535574E+16
       680.2800111    9.4493393E+15
       707.4900115    7.6239793E+15
       734.7000119    6.1743687E+15
       761.9100124    5.0184808E+15
       789.1200128    4.0930807E+15
       816.3300133    3.3492627E+15
       843.5400137    2.7490690E+15
       870.7500142    2.2629329E+15
       911.5700148    1.6983538E+15
       952.3900155    1.2813639E+15
       993.2000162    9.7119733E+14
      1020.4000166    8.0911305E+14
      1061.2000173    6.1688119E+14
      1088.4000177    5.1555610E+14
      1102.0000179    4.7147473E+14
      1115.7000181    4.3095866E+14
      1129.3000184    3.9424266E+14
      1142.9000186    3.6069783E+14
      1156.5000188    3.3003589E+14
      1170.1000190    3.0199646E+14
      1197.3000195    2.5286620E+14
      1210.9000197    2.3136970E+14
      1224.5000199    2.1168005E+14
      1227.2000200    2.0797196E+14
      1229.9000200    2.0432762E+14
      1232.7000200    2.0061443E+14
      1235.4000201    1.9709645E+14
      1238.1000201    1.9363880E+14
      1240.8000202    1.9024043E+14
      1243.5000202    1.8690027E+14
      1246.3000203    1.8349674E+14
      1249.0000203    1.8027192E+14
      1257.2000204    1.8946119E+14
      1259.9000205    1.8616437E+14
      1262.6000205    1.8285620E+14
      1270.8000207    1.7299600E+14
      1281.6000208    1.6070139E+14
      1289.8000210    1.5993232E+14
      1292.5000210    1.5701541E+14
      1295.2000211    1.5412348E+14
      1298.0000211    1.5116344E+14
      1300.7000212    1.4835292E+14
      1303.4000212    1.4558818E+14
      1306.1000212    1.4287033E+14
      1314.3000214    1.3490345E+14
      1330.6000216    1.2029550E+14
      1341.5000218    1.1137178E+14
      1355.1000220    1.0110203E+14
      1360.6000221    9.7203121E+13
      1371.4000223    8.9944937E+13
      1382.3000225    8.3121937E+13
      1390.5000226    7.8299661E+13
      1395.9000227    7.5261719E+13
      1404.1000228    7.0847448E+13
      1406.8000229    6.9444538E+13
      1409.5000229    6.8065908E+13
      1415.0000230    6.5330844E+13
      1417.7000231    6.4023249E+13
      1420.4000231    6.2738177E+13
      1423.1000231    6.1475071E+13
      1425.9000232    6.0188254E+13
      1428.6000232    5.8969079E+13
      1431.3000233    5.7770796E+13
      1436.7000234    5.5435336E+13
      1439.5000234    5.4255658E+13
      1442.2000235    5.3137843E+13
      1444.9000235    5.2039015E+13
      1447.6000235    5.0958864E+13
      1450.4000236    4.9858040E+13
      1453.1000236    4.8814791E+13
      1455.8000237    3.0196566E+14
      1458.5000237    2.9824984E+14
      1461.2000238    2.9359108E+14
      1466.7000239    2.8277269E+14
      1469.4000239    2.7723054E+14
      1472.1000239    2.7166525E+14
      1477.6000240    2.6042059E+14
      1480.3000241    2.5498528E+14
      1488.4000242    2.3910283E+14
      1491.2000242    2.3376759E+14
      1496.6000243    2.2370309E+14
      1551.0000252    1.3670809E+14
      1632.7000266    3.1578263E+13
 
