       12.5000002    3.0575316E+18
        15.0000002    4.6287109E+18
        20.0000003    3.8574276E+18
        25.0000004    2.7316151E+18
        30.0000005    2.2524731E+18
        35.0000006    1.8773971E+18
        40.0000007    1.7477576E+18
        45.0000007    1.6468400E+18
        50.0000008    1.5333242E+18
        55.0000009    1.3820765E+18
        60.0000010    1.1959035E+18
        65.0000011    1.0054263E+18
        70.0000011    8.3737081E+17
        75.0000012    6.7626634E+18
        80.0000013    7.1346259E+18
        85.0000014    6.6752676E+18
        90.0000015    6.0974825E+18
        95.2390015    5.4030930E+18
       100.6800016    4.5976826E+18
       114.2900019    2.9434284E+18
       119.7300019    2.4565325E+18
       122.4500020    2.2440384E+18
       125.1700020    2.0500033E+18
       127.8900021    1.8729261E+18
       130.6100021    1.7114084E+18
       133.3300022    1.5641511E+18
       136.0600022    1.4294785E+18
       146.9400024    1.0023050E+18
       149.6600024    9.1830228E+17
       155.1000025    7.7223539E+17
       157.8200026    7.0887638E+17
       160.5500026    6.5099280E+17
       165.9900027    1.2533348E+18
       171.4300028    1.1466366E+18
       176.8700029    1.3458550E+18
       179.5900029    1.2911428E+18
       182.3100030    1.2321534E+18
       185.0400030    1.1727737E+18
       187.7600031    1.1153146E+18
       190.4800031    1.0603416E+18
       195.9200032    9.5852689E+17
       198.6400032    9.1152201E+17
       204.0800033    8.2475700E+17
       206.8000034    7.8477017E+17
       209.5300034    7.4674872E+17
       212.2500035    7.1085035E+17
       214.9700035    6.7681778E+17
       220.4100036    6.1392950E+17
       225.8500037    5.5731104E+17
       236.7400038    5.9551440E+17
       247.6200040    5.1625345E+17
       258.5100042    4.4989841E+17
       272.1100044    3.8157173E+17
       285.7200046    3.2567187E+17
       299.3200049    2.7941980E+17
       312.9300051    2.4070438E+17
       340.1400055    1.8039500E+17
       353.7400058    1.5680546E+17
       380.9500062    1.1926542E+17
       394.5600064    1.0432848E+17
       408.1700066    9.1437431E+16
       435.3800071    7.0631622E+16
       462.5900075    5.4946462E+16
       476.1900077    4.8589699E+16
       489.8000080    4.3036406E+16
       503.4000082    3.8184102E+16
       517.0100084    3.3930867E+16
       557.8300091    2.4037397E+16
       571.4300093    2.1495332E+16
       585.0400095    1.9249180E+16
       612.2500100    1.5505402E+16
       666.6700108    1.0230176E+16
       680.2800111    9.2503674E+15
       707.4900115    7.6023971E+15
       734.7000119    6.2717969E+15
       761.9100124    5.1955785E+15
       789.1200128    4.3233039E+15
       816.3300133    3.6229681E+15
       843.5400137    3.0412387E+15
       870.7500142    2.5627479E+15
       911.5700148    1.9957039E+15
       952.3900155    1.5656957E+15
       993.2000162    1.3527330E+15
      1020.4000166    1.1531527E+15
      1061.2000173    9.5943811E+14
      1088.4000177    8.2129445E+14
      1102.0000179    7.6056925E+14
      1115.7000181    7.0435222E+14
      1129.3000184    6.5301998E+14
      1142.9000186    6.0574709E+14
      1156.5000188    5.6217498E+14
      1170.1000190    5.2198016E+14
      1197.3000195    2.1407832E+15
      1210.9000197    2.0006174E+15
      1224.5000199    1.8672031E+15
      1227.2000200    1.8417119E+15
      1229.9000200    1.8165588E+15
      1232.7000200    1.7908306E+15
      1235.4000201    1.7663637E+15
      1238.1000201    1.7422307E+15
      1240.8000202    1.7184290E+15
      1243.5000202    1.6949553E+15
      1246.3000203    1.6709549E+15
      1249.0000203    1.6481381E+15
      1257.2000204    1.5807662E+15
      1259.9000205    1.5592024E+15
      1262.6000205    1.5379381E+15
      1270.8000207    1.4751526E+15
      1281.6000208    1.3964220E+15
      1289.8000210    1.3395086E+15
      1292.5000210    1.3212886E+15
      1295.2000211    1.3033196E+15
      1298.0000211    1.2849463E+15
      1300.7000212    1.2674775E+15
      1303.4000212    1.2502486E+15
      1306.1000212    1.2332560E+15
      1314.3000214    1.1830634E+15
      1330.6000216    1.0893028E+15
      1341.5000218    1.0307889E+15
      1355.1000220    9.6214804E+14
      1360.6000221    9.3569305E+14
      1371.4000223    8.4699252E+14
      1382.3000225    7.9988478E+14
      1390.5000226    7.6611647E+14
      1395.9000227    7.4462908E+14
      1404.1000228    7.1309617E+14
      1406.8000229    7.0299448E+14
      1409.5000229    6.9302874E+14
      1415.0000230    6.7314083E+14
      1417.7000231    6.6357647E+14
      1420.4000231    6.5414050E+14
      1423.1000231    6.4483102E+14
      1425.9000232    6.3530881E+14
      1428.6000232    6.2625200E+14
      1431.3000233    6.1731652E+14
      1436.7000234    5.9980292E+14
      1439.5000234    5.9090583E+14
      1442.2000235    5.8244333E+14
      1444.9000235    5.7409392E+14
      1447.6000235    5.6585610E+14
      1450.4000236    5.5742907E+14
      1453.1000236    5.4941366E+14
      1455.8000237    5.4150518E+14
      1458.5000237    5.3370217E+14
      1461.2000238    5.2600313E+14
 
