       12.5000002    4.3609465E+18
        15.0000002    5.6647383E+18
        20.0000003    2.9704648E+18
        25.0000004    2.2564947E+18
        30.0000005    2.9330374E+18
        35.0000006    2.6829186E+18
        40.0000007    2.2882532E+18
        45.0000007    1.8664992E+18
        50.0000008    1.5009821E+18
        55.0000009    1.2320879E+18
        60.0000010    1.0493474E+18
        65.0000011    9.2105010E+17
        70.0000011    8.2053172E+17
        75.0000012    5.1675551E+18
        80.0000013    4.8204448E+18
        85.0000014    3.9690715E+18
        90.0000015    3.1728489E+18
        95.2390015    2.4767101E+18
       100.6800016    1.8998251E+18
       114.2900019    9.9545612E+17
       119.7300019    7.7995713E+17
       122.4500020    6.9296858E+17
       125.1700020    6.1730493E+17
       127.8900021    5.5140226E+17
       130.6100021    4.9391420E+17
       133.3300022    4.4368277E+17
       136.0600022    3.9956101E+17
       146.9400024    2.7094975E+17
       149.6600024    2.4763343E+17
       155.1000025    2.0854447E+17
       157.8200026    1.9213172E+17
       160.5500026    1.7740216E+17
       165.9900027    5.6148722E+17
       171.4300028    4.9038208E+17
       176.8700029    5.8917008E+17
       179.5900029    5.5059539E+17
       182.3100030    5.1348396E+17
       185.0400030    4.7852698E+17
       187.7600031    4.4614859E+17
       190.4800031    4.1614392E+17
       195.9200032    3.6262306E+17
       198.6400032    3.3876829E+17
       204.0800033    2.9610800E+17
       206.8000034    2.7703671E+17
       209.5300034    2.5925275E+17
       212.2500035    2.4277978E+17
       214.9700035    2.2745439E+17
       220.4100036    1.9990317E+17
       225.8500037    1.7598548E+17
       236.7400038    3.1577393E+17
       247.6200040    2.6650042E+17
       258.5100042    2.2477613E+17
       272.1100044    1.8224957E+17
       285.7200046    1.4830065E+17
       299.3200049    1.2114982E+17
       312.9300051    9.9324649E+16
       340.1400055    6.7516972E+16
       353.7400058    5.5965640E+16
       380.9500062    3.8844376E+16
       394.5600064    3.2518621E+16
       408.1700066    2.7307376E+16
       435.3800071    1.9427003E+16
       462.5900075    1.3966954E+16
       476.1900077    1.1885174E+16
       489.8000080    1.0133899E+16
       503.4000082    8.6584157E+15
       517.0100084    7.4184747E+15
       557.8300091    4.6942425E+15
       571.4300093    4.0398041E+15
       585.0400095    3.4791570E+15
       612.2500100    2.5851889E+15
       666.6700108    1.4347301E+15
       680.2800111    1.2357732E+15
       707.4900115    9.1311904E+14
       734.7000119    6.7406022E+14
       761.9100124    4.8738343E+14
       789.1200128    3.4828990E+14
       816.3300133    2.4003777E+14
       843.5400137    1.5342343E+14
       870.7500142    8.2192319E+13
 
