       12.5000002    4.5045177E+18
        15.0000002    6.7225884E+18
        20.0000003    5.3691627E+18
        25.0000004    3.8103232E+18
        30.0000005    3.6503739E+18
        35.0000006    3.0263090E+18
        40.0000007    2.4428353E+18
        45.0000007    1.8961915E+18
        50.0000008    1.4447755E+18
        55.0000009    1.1039972E+18
        60.0000010    8.5725946E+17
        65.0000011    6.7946204E+17
        70.0000011    5.4882972E+17
        75.0000012    7.6108449E+17
        80.0000013    5.6548306E+17
        85.0000014    4.2697651E+17
        90.0000015    3.3015266E+17
        95.2390015    2.5755321E+17
       100.6800016    2.0238527E+17
       114.2900019    1.1578122E+17
       119.7300019    9.3530584E+16
       122.4500020    8.4160271E+16
       125.1700020    7.5770396E+16
       127.8900021    6.8245712E+16
       130.6100021    6.1487486E+16
       133.3300022    5.5410468E+16
       136.0600022    4.9921483E+16
       146.9400024    3.2934788E+16
       149.6600024    2.9670789E+16
       155.1000025    2.4058678E+16
       157.8200026    2.1650945E+16
       160.5500026    1.9466611E+16
       165.9900027    2.4756889E+16
       171.4300028    1.9280907E+16
       176.8700029    1.7826767E+16
       179.5900029    1.5614029E+16
       182.3100030    1.3646846E+16
       185.0400030    1.1897673E+16
       187.7600031    1.0355617E+16
       190.4800031    8.9910507E+15
       195.9200032    6.7122323E+15
       198.6400032    5.7618484E+15
       204.0800033    4.1619245E+15
       206.8000034    3.4855249E+15
       209.5300034    2.8726752E+15
       212.2500035    2.3150451E+15
       214.9700035    1.7951039E+15
       220.4100036    7.3643039E+14
 
