       12.5000002    2.5925124E+18
        15.0000002    2.7748861E+18
        20.0000003    2.9219887E+18
        25.0000004    2.5475107E+18
        30.0000005    3.0599576E+18
        35.0000006    2.6672797E+18
        40.0000007    2.1731174E+18
        45.0000007    1.7213616E+18
        50.0000008    1.3656135E+18
        55.0000009    1.1228916E+18
        60.0000010    9.7725075E+17
        65.0000011    8.8896003E+17
        70.0000011    8.2255379E+17
        75.0000012    5.0168583E+18
        80.0000013    5.5752634E+18
        85.0000014    5.6292510E+18
        90.0000015    5.6671512E+18
        95.2390015    5.6071965E+18
       100.6800016    5.2877037E+18
       114.2900019    4.2458988E+18
       119.7300019    3.8532396E+18
       122.4500020    3.6651901E+18
       125.1700020    3.4829807E+18
       127.8900021    3.3068112E+18
       130.6100021    3.1368572E+18
       133.3300022    2.9732490E+18
       136.0600022    2.8155159E+18
       146.9400024    2.2516231E+18
       149.6600024    2.1265397E+18
       155.1000025    1.8945953E+18
       157.8200026    1.7873957E+18
       160.5500026    1.6854289E+18
       165.9900027    2.1020877E+18
       171.4300028    1.9402258E+18
       176.8700029    2.0514516E+18
       179.5900029    1.9819898E+18
       182.3100030    1.9069473E+18
       185.0400030    1.8310265E+18
       187.7600031    1.7572097E+18
       190.4800031    1.6863369E+18
       195.9200032    1.5545004E+18
       198.6400032    1.4932999E+18
       204.0800033    1.3796583E+18
       206.8000034    1.3269629E+18
       209.5300034    1.2766353E+18
       212.2500035    1.2288861E+18
       214.9700035    1.1833758E+18
       220.4100036    1.0985191E+18
       225.8500037    1.0210613E+18
       236.7400038    1.0210045E+18
       247.6200040    8.8454336E+17
       258.5100042    7.6772932E+17
       272.1100044    6.4806198E+17
       285.7200046    5.5190460E+17
       299.3200049    4.7414621E+17
       312.9300051    4.1061489E+17
       340.1400055    3.1468329E+17
       353.7400058    2.7804658E+17
       380.9500062    2.2026389E+17
       394.5600064    1.9722081E+17
       408.1700066    1.7716560E+17
       435.3800071    1.4412754E+17
       462.5900075    1.1824387E+17
       476.1900077    1.0737764E+17
       489.8000080    9.7645377E+16
       503.4000082    8.8919086E+16
       517.0100084    8.1066039E+16
       557.8300091    6.1837801E+16
       571.4300093    5.6617912E+16
       585.0400095    5.1884420E+16
       612.2500100    4.3694180E+16
       666.6700108    3.1315992E+16
       680.2800111    2.8874273E+16
       707.4900115    2.4865230E+16
       734.7000119    2.1326806E+16
       761.9100124    1.8254489E+16
       789.1200128    1.5679854E+16
       816.3300133    1.3513538E+16
       843.5400137    1.1683909E+16
       870.7500142    1.0133094E+16
       911.5700148    8.2290816E+15
       952.3900155    6.7248311E+15
       993.2000162    7.0897906E+15
      1020.4000166    6.1607032E+15
      1061.2000173    5.6306162E+15
      1088.4000177    4.9091895E+15
      1102.0000179    4.5891344E+15
      1115.7000181    4.2910833E+15
      1129.3000184    4.0173315E+15
      1142.9000186    3.7637609E+15
      1156.5000188    3.5286880E+15
      1170.1000190    3.3105850E+15
      1197.3000195    1.1721424E+16
      1210.9000197    1.1108367E+16
      1224.5000199    1.0518661E+16
      1227.2000200    1.0405312E+16
      1229.9000200    1.0293249E+16
      1232.7000200    1.0178397E+16
      1235.4000201    1.0068960E+16
      1238.1000201    9.9608087E+15
      1240.8000202    9.8539360E+15
      1243.5000202    9.7483324E+15
      1246.3000203    9.6401475E+15
      1249.0000203    9.5370951E+15
      1257.2000204    9.2316317E+15
      1259.9000205    9.1334788E+15
      1262.6000205    9.0365038E+15
      1270.8000207    8.7490621E+15
      1281.6000208    8.3861824E+15
      1289.8000210    8.1220774E+15
      1292.5000210    8.0371981E+15
      1295.2000211    7.9533276E+15
      1298.0000211    7.8674024E+15
      1300.7000212    7.7855468E+15
      1303.4000212    7.7046608E+15
      1306.1000212    7.6247314E+15
      1314.3000214    7.3877206E+15
      1330.6000216    6.9411283E+15
      1341.5000218    6.6596925E+15
      1355.1000220    6.3266500E+15
      1360.6000221    6.1974037E+15
      1371.4000223    5.9523012E+15
      1382.3000225    5.7161124E+15
      1390.5000226    5.5454905E+15
      1395.9000227    5.4363146E+15
      1404.1000228    5.2752029E+15
      1406.8000229    5.2233562E+15
      1409.5000229    5.1720920E+15
      1415.0000230    5.0694379E+15
      1417.7000231    5.0198998E+15
      1420.4000231    4.9709157E+15
      1423.1000231    4.9224781E+15
      1425.9000232    4.8728176E+15
      1428.6000232    4.8254731E+15
      1431.3000233    4.7786552E+15
      1436.7000234    4.6865728E+15
      1439.5000234    4.6396282E+15
      1442.2000235    4.5948698E+15
      1444.9000235    4.5506054E+15
      1447.6000235    4.5068294E+15
      1450.4000236    4.4619411E+15
      1453.1000236    4.4191407E+15
      1455.8000237    4.3768103E+15
      1458.5000237    4.3349440E+15
      1461.2000238    4.2935363E+15
      1466.7000239    4.2105819E+15
      1469.4000239    4.1705322E+15
      1472.1000239    4.1309186E+15
      1477.6000240    4.0515514E+15
      1480.3000241    4.0132298E+15
      1488.4000242    3.9007352E+15
      1491.2000242    3.8626925E+15
      1496.6000243    3.7905188E+15
      1551.0000252    3.1435153E+15
      1632.7000266    2.3953438E+15
      1823.1000296    1.3210223E+15
      2340.2000381    3.1980951E+14
      2829.9000460    7.4158466E+13
      3047.6000496    3.4942946E+13
      3700.7000602    0.0000000E+00
      4000.0000650    0.0000000E+00
 
