       12.5000002    2.4340887E+18
        15.0000002    4.0381348E+18
        20.0000003    3.5640672E+18
        25.0000004    2.9038380E+18
        30.0000005    2.7012123E+18
        35.0000006    2.0085812E+18
        40.0000007    1.6588276E+18
        45.0000007    1.4727187E+18
        50.0000008    1.3573008E+18
        55.0000009    1.2669887E+18
        60.0000010    1.1632708E+18
        65.0000011    1.0368375E+18
        70.0000011    9.0010269E+17
        75.0000012    6.3263651E+18
        80.0000013    6.8645502E+18
        85.0000014    6.6774710E+18
        90.0000015    6.3986145E+18
        95.2390015    5.9621513E+18
       100.6800016    5.2927202E+18
       114.2900019    3.6941793E+18
       119.7300019    3.1804908E+18
       122.4500020    2.9490403E+18
       125.1700020    2.7333837E+18
       127.8900021    2.5326695E+18
       130.6100021    2.3460571E+18
       133.3300022    2.1727235E+18
       136.0600022    2.0112979E+18
       146.9400024    1.4776603E+18
       149.6600024    1.3681361E+18
       155.1000025    1.1732857E+18
       157.8200026    1.0868203E+18
       160.5500026    1.0066758E+18
       165.9900027    1.5562037E+18
       171.4300028    1.4311878E+18
       176.8700029    1.6173945E+18
       179.5900029    1.5602192E+18
       182.3100030    1.4975245E+18
       185.0400030    1.4336557E+18
       187.7600031    1.3712989E+18
       190.4800031    1.3112400E+18
       195.9200032    1.1991048E+18
       198.6400032    1.1469018E+18
       204.0800033    1.0497547E+18
       206.8000034    1.0046265E+18
       209.5300034    9.6149151E+17
       212.2500035    9.2054838E+17
       214.9700035    8.8152273E+17
       220.4100036    8.0880914E+17
       225.8500037    7.4259153E+17
       236.7400038    7.2957702E+17
       247.6200040    6.3079834E+17
       258.5100042    5.4905941E+17
       272.1100044    4.6602800E+17
       285.7200046    3.9906235E+17
       299.3200049    3.4430148E+17
       312.9300051    2.9883712E+17
       340.1400055    2.2834199E+17
       353.7400058    2.0070566E+17
       380.9500062    1.5633497E+17
       394.5600064    1.3845685E+17
       408.1700066    1.2285525E+17
       435.3800071    9.7248831E+16
       462.5900075    7.7471186E+16
       476.1900077    6.9302905E+16
       489.8000080    6.2079152E+16
       503.4000082    5.5690152E+16
       517.0100084    5.0022921E+16
       557.8300091    3.6544730E+16
       571.4300093    3.3000315E+16
       585.0400095    2.9834864E+16
       612.2500100    2.4477568E+16
       666.6700108    1.6711708E+16
       680.2800111    1.5233582E+16
       707.4900115    1.2737470E+16
       734.7000119    1.0671705E+16
       761.9100124    8.9659144E+15
       789.1200128    7.5632581E+15
       816.3300133    6.4047664E+15
       843.5400137    5.4438796E+15
       870.7500142    4.6436478E+15
       911.5700148    3.6815944E+15
       952.3900155    2.9400463E+15
       993.2000162    2.7138948E+15
      1020.4000166    2.3361315E+15
      1061.2000173    2.0168350E+15
      1088.4000177    1.7439899E+15
      1102.0000179    1.6235958E+15
      1115.7000181    1.5118694E+15
      1129.3000184    1.4096063E+15
      1142.9000186    1.3152049E+15
      1156.5000188    1.2279855E+15
      1170.1000190    1.1473325E+15
      1197.3000195    4.5309070E+15
      1210.9000197    4.2681331E+15
      1224.5000199    4.0166389E+15
      1227.2000200    3.9684548E+15
      1229.9000200    3.9208687E+15
      1232.7000200    3.8721527E+15
      1235.4000201    3.8257853E+15
      1238.1000201    3.7800125E+15
      1240.8000202    3.7348305E+15
      1243.5000202    3.6902343E+15
      1246.3000203    3.6445989E+15
      1249.0000203    3.6011776E+15
      1257.2000204    3.4727538E+15
      1259.9000205    3.4315793E+15
      1262.6000205    3.3909435E+15
      1270.8000207    3.2707596E+15
      1281.6000208    3.1196090E+15
      1289.8000210    3.0100164E+15
      1292.5000210    2.9748710E+15
      1295.2000211    2.9401800E+15
      1298.0000211    2.9046775E+15
      1300.7000212    2.8708925E+15
      1303.4000212    2.8375426E+15
      1306.1000212    2.8046217E+15
      1314.3000214    2.7072070E+15
      1330.6000216    2.5245018E+15
      1341.5000218    2.4099537E+15
      1355.1000220    2.2750136E+15
      1360.6000221    2.2228304E+15
      1371.4000223    2.1241605E+15
      1382.3000225    2.0294480E+15
      1390.5000226    1.9612598E+15
      1395.9000227    1.9177328E+15
      1404.1000228    1.8536516E+15
      1406.8000229    1.8330690E+15
      1409.5000229    1.8127367E+15
      1415.0000230    1.7720795E+15
      1417.7000231    1.7524870E+15
      1420.4000231    1.7331315E+15
      1423.1000231    1.7140098E+15
      1425.9000232    1.6944233E+15
      1428.6000232    1.6757678E+15
      1431.3000233    1.6573367E+15
      1436.7000234    1.6211353E+15
      1439.5000234    1.6027049E+15
      1442.2000235    1.5851489E+15
      1444.9000235    1.5678025E+15
      1447.6000235    1.5506629E+15
      1450.4000236    1.5331037E+15
      1453.1000236    1.5163767E+15
      1455.8000237    1.4998482E+15
      1458.5000237    1.4835154E+15
      1461.2000238    1.4673758E+15
      1466.7000239    1.4350861E+15
      1469.4000239    1.4195178E+15
      1472.1000239    1.4041327E+15
      1477.6000240    1.3733492E+15
      1480.3000241    1.3585055E+15
      1488.4000242    1.3150073E+15
      1491.2000242    1.3003232E+15
      1496.6000243    1.2725018E+15
      1551.0000252    1.0253748E+15
      1632.7000266    7.0156996E+14
      1823.1000296    3.2533679E+14
      2340.2000381    7.2600015E+12
 
