       12.5000002    5.5012825E+01
        15.0000002    3.0258333E+01
        20.0000003    1.6162539E+01
        25.0000004    6.5921845E+00
        30.0000005    4.4342198E+00
        35.0000006    1.8122631E+00
        40.0000007    7.2041309E-01
        45.0000007    3.1229597E-01
        50.0000008    1.5633729E-01
        55.0000009    9.5160231E-02
        60.0000010    6.7036174E-02
        65.0000011    4.9140282E-02
        70.0000011    3.5368510E-02
        75.0000012    1.3281707E-01
        80.0000013    1.1939712E-01
        85.0000014    9.9591419E-02
        90.0000015    8.3803885E-02
        95.2390015    6.8489350E-02
       100.6800016    5.2378472E-02
       114.2900019    2.4895102E-02
       119.7300019    1.8441161E-02
       122.4500020    1.5874719E-02
       125.1700020    1.3668239E-02
       127.8900021    1.1771478E-02
       130.6100021    1.0141079E-02
       133.3300022    8.7395869E-03
       136.0600022    7.5306771E-03
       146.9400024    4.1801133E-03
       149.6600024    3.6127993E-03
       155.1000025    2.7033261E-03
       157.8200026    2.3405058E-03
       160.5500026    2.0265444E-03
       165.9900027    2.1080573E-03
       171.4300028    1.6819575E-03
       176.8700029    1.5507593E-03
       179.5900029    1.4031270E-03
       182.3100030    1.2649837E-03
       185.0400030    1.1383969E-03
       187.7600031    1.0246570E-03
       190.4800031    9.2269987E-04
       195.9200032    7.4996916E-04
       198.6400032    6.7693752E-04
       204.0800033    5.5280613E-04
       206.8000034    5.0014583E-04
       209.5300034    4.5268086E-04
       212.2500035    4.1016797E-04
       214.9700035    3.7190350E-04
       220.4100036    3.0633900E-04
       225.8500037    2.5292576E-04
       236.7400038    1.8180213E-04
       247.6200040    1.2523861E-04
       258.5100042    8.7582906E-05
       272.1100044    5.7250381E-05
       285.7200046    3.8224265E-05
       299.3200049    2.6002981E-05
       312.9300051    1.7956294E-05
       340.1400055    8.8634033E-06
       353.7400058    6.3043649E-06
       380.9500062    3.2358616E-06
       394.5600064    2.3280227E-06
       408.1700066    1.6768947E-06
       435.3800071    8.6963553E-07
       462.5900075    4.4752105E-07
       476.1900077    3.1929670E-07
       489.8000080    2.2654199E-07
       503.4000082    1.5967504E-07
       517.0100084    1.1153453E-07
       557.8300091    3.4973933E-08
       571.4300093    2.2671232E-08
       585.0400095    1.4044217E-08
       612.2500100    3.6579864E-09
 
