       12.5000002    1.8886325E+02
        15.0000002    4.1750446E+01
        20.0000003    2.0945227E+01
        25.0000004    9.0722780E+00
        30.0000005    6.8992972E+00
        35.0000006    3.5553746E+00
        40.0000007    1.6579458E+00
        45.0000007    7.4671721E-01
        50.0000008    3.3868399E-01
        55.0000009    1.6601136E-01
        60.0000010    9.6342675E-02
        65.0000011    6.5942302E-02
        70.0000011    4.8848875E-02
        75.0000012    1.6723059E-01
        80.0000013    1.5140395E-01
        85.0000014    1.2874740E-01
        90.0000015    1.1142130E-01
        95.2390015    9.4765805E-02
       100.6800016    7.5892016E-02
       114.2900019    4.0281694E-02
       119.7300019    3.1074541E-02
       122.4500020    2.7275760E-02
       125.1700020    2.3933426E-02
       127.8900021    2.0995218E-02
       130.6100021    1.8414343E-02
       133.3300022    1.6149011E-02
       136.0600022    1.4155019E-02
       146.9400024    8.3798338E-03
       149.6600024    7.3543922E-03
       155.1000025    5.6700069E-03
       157.8200026    4.9812552E-03
       160.5500026    4.3758536E-03
       165.9900027    4.2521879E-03
       171.4300028    3.4118716E-03
       176.8700029    3.0395440E-03
       179.5900029    2.7512589E-03
       182.3100030    2.4833577E-03
       185.0400030    2.2389763E-03
       187.7600031    2.0200361E-03
       190.4800031    1.8241219E-03
       195.9200032    1.4926234E-03
       198.6400032    1.3525268E-03
       204.0800033    1.1142752E-03
       206.8000034    1.0130572E-03
       209.5300034    9.2169113E-04
       212.2500035    8.3970593E-04
       214.9700035    7.6574960E-04
       220.4100036    6.3851947E-04
       225.8500037    5.3417752E-04
       236.7400038    4.1509941E-04
       247.6200040    2.9014665E-04
       258.5100042    2.0466206E-04
       272.1100044    1.3474708E-04
       285.7200046    9.0499634E-05
       299.3200049    6.1980762E-05
       312.9300051    4.3200012E-05
       340.1400055    2.1983789E-05
       353.7400058    1.5987991E-05
       380.9500062    8.7049839E-06
       394.5600064    6.4967135E-06
       408.1700066    4.8774345E-06
       435.3800071    2.7873773E-06
       462.5900075    1.6134738E-06
       476.1900077    1.2316115E-06
       489.8000080    9.4126767E-07
       503.4000082    7.2018702E-07
       517.0100084    5.5119369E-07
       557.8300091    2.4680645E-07
       571.4300093    1.8847540E-07
       585.0400095    1.4364865E-07
       612.2500100    8.2838191E-08
       666.6700108    2.6185056E-08
       680.2800111    1.9300746E-08
       707.4900115    1.0160433E-08
       734.7000119    4.9472857E-09
       761.9100124    2.0187172E-09
 
