       12.5000002    8.4957153E+02
        15.0000002    2.6787982E+02
        20.0000003    2.6212444E+01
        25.0000004    1.5986442E+01
        30.0000005    1.1109346E+01
        35.0000006    7.0085721E+00
        40.0000007    4.3356681E+00
        45.0000007    2.4934022E+00
        50.0000008    1.3271348E+00
        55.0000009    6.5889072E-01
        60.0000010    3.1729704E-01
        65.0000011    1.5993755E-01
        70.0000011    9.1201879E-02
        75.0000012    2.4813105E-01
        80.0000013    2.2058293E-01
        85.0000014    1.9218305E-01
        90.0000015    1.7156643E-01
        95.2390015    1.4563078E-01
       100.6800016    1.1713795E-01
       114.2900019    6.9431357E-02
       119.7300019    5.6820720E-02
       122.4500020    5.1394064E-02
       125.1700020    4.6466008E-02
       127.8900021    4.1987285E-02
       130.6100021    3.7916750E-02
       133.3300022    3.4218751E-02
       136.0600022    3.0850040E-02
       146.9400024    2.0299135E-02
       149.6600024    1.8262403E-02
       155.1000025    1.4768727E-02
       157.8200026    1.3277059E-02
       160.5500026    1.1929858E-02
       165.9900027    1.1488209E-02
       171.4300028    9.5167020E-03
       176.8700029    8.3686747E-03
       179.5900029    7.6503116E-03
       182.3100030    6.9526387E-03
       185.0400030    6.2972847E-03
       187.7600031    5.6995819E-03
       190.4800031    5.1596230E-03
       195.9200032    4.2381273E-03
       198.6400032    3.8457243E-03
       204.0800033    3.1763362E-03
       206.8000034    2.8918365E-03
       209.5300034    2.6351612E-03
       212.2500035    2.4050151E-03
       214.9700035    2.1975948E-03
       220.4100036    1.8412817E-03
       225.8500037    1.5496305E-03
       236.7400038    1.3262829E-03
       247.6200040    9.6402492E-04
       258.5100042    6.9962302E-04
       272.1100044    4.7303783E-04
       285.7200046    3.2390701E-04
       299.3200049    2.2482590E-04
       312.9300051    1.5815001E-04
       340.1400055    8.1554441E-05
       353.7400058    5.9753078E-05
       380.9500062    3.3272125E-05
       394.5600064    2.5242547E-05
       408.1700066    1.9339379E-05
       435.3800071    1.1645944E-05
       462.5900075    7.2101429E-06
       476.1900077    5.7215075E-06
       489.8000080    4.5608663E-06
       503.4000082    3.6513741E-06
       517.0100084    2.9334999E-06
       557.8300091    1.5492509E-06
       571.4300093    1.2587211E-06
       585.0400095    1.0246796E-06
       612.2500100    6.8293389E-07
       666.6700108    3.0879460E-07
       680.2800111    2.5393575E-07
       707.4900115    1.7482461E-07
       734.7000119    1.1930294E-07
       761.9100124    8.0952297E-08
       789.1200128    5.5016852E-08
       816.3300133    3.7401712E-08
       843.5400137    2.5400608E-08
       870.7500142    1.7208222E-08
       911.5700148    9.5170076E-09
       952.3900155    5.1799862E-09
       993.2000162    3.4441039E-09
      1020.4000166    2.1602455E-09
      1061.2000173    1.1197988E-09
      1088.4000177    6.2910599E-10
      1102.0000179    4.5449311E-10
      1115.7000181    3.1313407E-10
      1129.3000184    1.9816987E-10
      1142.9000186    9.5448337E-11
 
