       12.5000002    3.1242993E+00
        15.0000002    8.8627994E-01
        20.0000003    2.2712237E-01
        25.0000004    9.8613895E-02
        30.0000005    4.9674183E-02
        35.0000006    1.7703457E-02
        40.0000007    7.2238143E-03
        45.0000007    3.6471714E-03
        50.0000008    1.9651868E-03
        55.0000009    1.0207366E-03
        60.0000010    5.0181226E-04
        65.0000011    2.3658865E-04
        70.0000011    1.0885383E-04
        75.0000012    1.3989977E-04
        80.0000013    4.5616231E-05
        85.0000014    1.0841535E-05
 
