       12.5000002    2.5767767E+01
        15.0000002    3.1152103E+01
        20.0000003    1.1043893E+01
        25.0000004    4.6599455E+00
        30.0000005    2.1104245E+00
        35.0000006    6.8023241E-01
        40.0000007    2.7443793E-01
        45.0000007    1.4518249E-01
        50.0000008    9.3512632E-02
        55.0000009    6.6588514E-02
        60.0000010    4.7180198E-02
        65.0000011    3.1875387E-02
        70.0000011    2.0583171E-02
        75.0000012    9.7439796E-02
        80.0000013    8.5691184E-02
        85.0000014    6.8574227E-02
        90.0000015    5.4533027E-02
        95.2390015    4.1733164E-02
       100.6800016    3.0049169E-02
       114.2900019    1.2585381E-02
       119.7300019    8.9052739E-03
       122.4500020    7.4977502E-03
       125.1700020    6.3166455E-03
       127.8900021    5.3250063E-03
       130.6100021    4.4919834E-03
       133.3300022    3.7918128E-03
       136.0600022    3.2009867E-03
       146.9400024    1.6414024E-03
       149.6600024    1.3915803E-03
       155.1000025    1.0025842E-03
       157.8200026    8.5203553E-04
       160.5500026    7.2427437E-04
       165.9900027    8.8943425E-04
       171.4300028    7.0583512E-04
       176.8700029    6.8304164E-04
       179.5900029    6.1480067E-04
       182.3100030    5.5044051E-04
       185.0400030    4.9142743E-04
       187.7600031    4.3855162E-04
       190.4800031    3.9135962E-04
       195.9200032    3.1204577E-04
       198.6400032    2.7883818E-04
       204.0800033    2.2299812E-04
       206.8000034    1.9958815E-04
       209.5300034    1.7866056E-04
       212.2500035    1.6007623E-04
       214.9700035    1.4349702E-04
       220.4100036    1.1547541E-04
       225.8500037    9.3088456E-05
       236.7400038    6.6117747E-05
       247.6200040    4.5104091E-05
       258.5100042    3.1216056E-05
       272.1100044    2.0045143E-05
       285.7200046    1.3044430E-05
       299.3200049    8.5679549E-06
       312.9300051    5.6542403E-06
       340.1400055    2.4681176E-06
       353.7400058    1.6232630E-06
       380.9500062    6.8562707E-07
       394.5600064    4.3728829E-07
       408.1700066    2.7366946E-07
       435.3800071    9.7556615E-08
       462.5900075    2.4875316E-08
       476.1900077    2.9019247E-09
 
