       12.5000002    3.6270885E+18
        15.0000002    5.0765342E+18
        20.0000003    3.6218848E+18
        25.0000004    2.0726305E+18
        30.0000005    2.1621565E+18
        35.0000006    2.1120335E+18
        40.0000007    1.9780393E+18
        45.0000007    1.7687668E+18
        50.0000008    1.5071396E+18
        55.0000009    1.2354412E+18
        60.0000010    1.0033665E+18
        65.0000011    8.3131415E+17
        70.0000011    7.1159485E+17
        75.0000012    5.8146633E+18
        80.0000013    5.7382412E+18
        85.0000014    4.9535033E+18
        90.0000015    4.1339741E+18
        95.2390015    3.3434950E+18
       100.6800016    2.6250194E+18
       114.2900019    1.4050676E+18
       119.7300019    1.0966978E+18
       122.4500020    9.7004132E+17
       125.1700020    8.5885774E+17
       127.8900021    7.6128227E+17
       130.6100021    6.7565965E+17
       133.3300022    6.0052453E+17
       136.0600022    5.3435485E+17
       146.9400024    3.4171536E+17
       149.6600024    3.0713352E+17
       155.1000025    2.4977241E+17
       157.8200026    2.2601874E+17
       160.5500026    2.0492906E+17
       165.9900027    5.9184120E+17
       171.4300028    5.1425660E+17
       176.8700029    6.0911755E+17
       179.5900029    5.6711782E+17
       182.3100030    5.2623290E+17
       185.0400030    4.8749559E+17
       187.7600031    4.5151631E+17
       190.4800031    4.1814070E+17
       195.9200032    3.5862221E+17
       198.6400032    3.3213071E+17
       204.0800033    2.8487601E+17
       206.8000034    2.6382673E+17
       209.5300034    2.4425391E+17
       212.2500035    2.2618335E+17
       214.9700035    2.0943434E+17
       220.4100036    1.7951275E+17
       225.8500037    1.5379190E+17
       236.7400038    2.3904900E+17
       247.6200040    1.9168844E+17
       258.5100042    1.5236632E+17
       272.1100044    1.1303948E+17
       285.7200046    8.2391990E+16
       299.3200049    5.8531041E+16
       312.9300051    3.9819273E+16
       340.1400055    1.1634652E+16
 
