       12.5000002    2.5933650E+18
        15.0000002    2.7365585E+18
        20.0000003    2.8893621E+18
        25.0000004    2.5448986E+18
        30.0000005    3.0940834E+18
        35.0000006    2.6765175E+18
        40.0000007    2.1631587E+18
        45.0000007    1.7082933E+18
        50.0000008    1.3592215E+18
        55.0000009    1.1250796E+18
        60.0000010    9.8468626E+17
        65.0000011    8.9689527E+17
        70.0000011    8.2738635E+17
        75.0000012    4.9179753E+18
        80.0000013    5.4505139E+18
        85.0000014    5.4929908E+18
        90.0000015    5.5195632E+18
        95.2390015    5.4467810E+18
       100.6800016    5.1163305E+18
       114.2900019    4.0547053E+18
       119.7300019    3.6573817E+18
       122.4500020    3.4678676E+18
       125.1700020    3.2847836E+18
       127.8900021    3.1083295E+18
       130.6100021    2.9386584E+18
       133.3300022    2.7758812E+18
       136.0600022    2.6194853E+18
       146.9400024    2.0651842E+18
       149.6600024    1.9433516E+18
       155.1000025    1.7186444E+18
       157.8200026    1.6153544E+18
       160.5500026    1.5174613E+18
       165.9900027    1.9216123E+18
       171.4300028    1.7669730E+18
       176.8700029    1.8772543E+18
       179.5900029    1.8110853E+18
       182.3100030    1.7399334E+18
       185.0400030    1.6681322E+18
       187.7600031    1.5984214E+18
       190.4800031    1.5315440E+18
       195.9200032    1.4072310E+18
       198.6400032    1.3495573E+18
       204.0800033    1.2424906E+18
       206.8000034    1.1928472E+18
       209.5300034    1.1454340E+18
       212.2500035    1.1004492E+18
       214.9700035    1.0575734E+18
       220.4100036    9.7763097E+17
       225.8500037    9.0466978E+17
       236.7400038    8.8745693E+17
       247.6200040    7.6180488E+17
       258.5100042    6.5599633E+17
       272.1100044    5.4877251E+17
       285.7200046    4.6340460E+17
       299.3200049    3.9488263E+17
       312.9300051    3.3920889E+17
       340.1400055    2.5556217E+17
       353.7400058    2.2370904E+17
       380.9500062    1.7354999E+17
       394.5600064    1.5358782E+17
       408.1700066    1.3625072E+17
       435.3800071    1.0783288E+17
       462.5900075    8.5797383E+16
       476.1900077    7.6645083E+16
       489.8000080    6.8516308E+16
       503.4000082    6.1295244E+16
       517.0100084    5.4862345E+16
       557.8300091    3.9453823E+16
       571.4300093    3.5377725E+16
       585.0400095    3.1730911E+16
       612.2500100    2.5550986E+16
       666.6700108    1.6612493E+16
       680.2800111    1.4922416E+16
       707.4900115    1.2100786E+16
       734.7000119    9.7764515E+15
       761.9100124    7.8790128E+15
       789.1200128    6.3463371E+15
       816.3300133    5.1060558E+15
       843.5400137    4.1007062E+15
       870.7500142    3.2844836E+15
       911.5700148    2.3365019E+15
       952.3900155    1.6383367E+15
       993.2000162    1.2768472E+15
      1020.4000166    9.5599060E+14
      1061.2000173    6.1508985E+14
      1088.4000177    3.9137141E+14
      1102.0000179    2.8448511E+14
      1115.7000181    1.6573207E+14
 
