       12.5000002    1.2870035E+03
        15.0000002    4.9841357E+02
        20.0000003    3.6172325E+01
        25.0000004    1.7747114E+01
        30.0000005    1.1717640E+01
        35.0000006    7.1758399E+00
        40.0000007    4.5056219E+00
        45.0000007    2.6288128E+00
        50.0000008    1.3866462E+00
        55.0000009    6.6275012E-01
        60.0000010    2.9846877E-01
        65.0000011    1.3822241E-01
        70.0000011    7.3143341E-02
        75.0000012    1.9357209E-01
        80.0000013    1.6642964E-01
        85.0000014    1.3900600E-01
        90.0000015    1.1792956E-01
        95.2390015    9.6385136E-02
       100.6800016    7.5028688E-02
       114.2900019    3.7954513E-02
       119.7300019    2.8229473E-02
       122.4500020    2.4185842E-02
       125.1700020    2.0624483E-02
       127.8900021    1.7502267E-02
       130.6100021    1.4778338E-02
       133.3300022    1.2413795E-02
       136.0600022    1.0364683E-02
       146.9400024    4.7576823E-03
       149.6600024    3.8494214E-03
       155.1000025    2.4554480E-03
       157.8200026    1.9308699E-03
       160.5500026    1.4975513E-03
       165.9900027    1.1366078E-03
       171.4300028    6.3613814E-04
       176.8700029    3.1870991E-04
       179.5900029    9.8902077E-05
 
