       12.5000002    3.5327782E+01
        15.0000002    2.7945484E+01
        20.0000003    1.2195375E+01
        25.0000004    4.7529840E+00
        30.0000005    2.2363079E+00
        35.0000006    6.2693542E-01
        40.0000007    2.0605470E-01
        45.0000007    9.5822833E-02
        50.0000008    5.7005867E-02
        55.0000009    3.5092629E-02
        60.0000010    1.8944493E-02
        65.0000011    8.5407943E-03
        70.0000011    3.2690826E-03
        75.0000012    1.6080830E-02
 
