       12.5000002    1.3199675E+02
        15.0000002    3.1274813E+01
        20.0000003    1.7774204E+01
        25.0000004    6.9160337E+00
        30.0000005    4.6667914E+00
        35.0000006    1.8685578E+00
        40.0000007    6.6843325E-01
        45.0000007    2.4937433E-01
        50.0000008    1.1039088E-01
        55.0000009    6.3276000E-02
        60.0000010    4.1787468E-02
        65.0000011    2.6922068E-02
        70.0000011    1.5841477E-02
        75.0000012    6.1834764E-02
        80.0000013    4.7100633E-02
        85.0000014    3.0876128E-02
        90.0000015    1.8252749E-02
        95.2390015    8.5017234E-03
       100.6800016    1.4375139E-03
 
