       80.0000013    1.8124454E+00
        85.0000014    1.1963960E+00
        90.0000015    7.9912162E-01
        95.2390015    5.3022557E-01
       100.6800016    3.5094976E-01
       114.2900019    1.3217239E-01
       119.7300019    9.1290623E-02
       122.4500020    7.6169111E-02
       125.1700020    6.3710958E-02
       127.8900021    5.3418282E-02
       130.6100021    4.4891696E-02
       133.3300022    3.7809741E-02
       136.0600022    3.1893153E-02
       146.9400024    3.4538753E-02
       149.6600024    3.1029504E-02
       155.1000025    2.4815988E-02
       157.8200026    2.2182466E-02
       160.5500026    1.9835811E-02
       165.9900027    1.5929071E-02
       171.4300028    1.2858788E-02
       176.8700029    1.0434966E-02
       179.5900029    9.4179790E-03
       182.3100030    8.5103596E-03
       185.0400030    7.6963222E-03
       187.7600031    6.9705052E-03
       190.4800031    6.3199135E-03
       195.9200032    5.2111195E-03
       198.6400032    4.7388189E-03
       204.0800033    4.1435510E-03
       206.8000034    3.7718357E-03
       209.5300034    3.4332492E-03
       212.2500035    3.1288851E-03
       214.9700035    2.8547093E-03
       220.4100036    2.3851434E-03
       225.8500037    2.0028632E-03
       236.7400038    1.4325837E-03
       247.6200040    1.0436303E-03
       258.5100042    7.7247829E-04
       272.1100044    5.4127735E-04
       285.7200046    3.8655917E-04
       299.3200049    2.8070304E-04
       312.9300051    2.0665744E-04
       340.1400055    1.1594439E-04
       353.7400058    8.8096662E-05
       380.9500062    5.2038067E-05
       394.5600064    4.0395167E-05
       408.1700066    3.1544198E-05
       435.3800071    1.9551981E-05
       462.5900075    1.2356511E-05
       476.1900077    9.8896244E-06
       489.8000080    7.9471401E-06
       503.4000082    6.4129304E-06
       517.0100084    5.1941602E-06
       557.8300091    2.8215550E-06
       571.4300093    2.3184577E-06
       585.0400095    1.9110798E-06
       612.2500100    1.3110872E-06
       666.6700108    6.3952103E-07
       680.2800111    5.3817206E-07
       707.4900115    3.8418469E-07
       734.7000119    2.7704297E-07
       761.9100124    2.0170947E-07
       789.1200128    1.4820941E-07
       816.3300133    1.0985157E-07
       843.5400137    8.2099248E-08
       870.7500142    6.1845178E-08
       911.5700148    4.1004050E-08
       952.3900155    2.7619620E-08
       993.2000162    1.8882405E-08
      1020.4000166    1.4768089E-08
      1061.2000173    1.0326466E-08
      1088.4000177    8.1914733E-09
      1102.0000179    7.3101463E-09
      1115.7000181    6.5266286E-09
      1129.3000184    5.8392540E-09
      1142.9000186    5.2306843E-09
      1156.5000188    4.6911688E-09
      1170.1000190    4.2122505E-09
      1197.3000195    3.4077654E-09
      1210.9000197    3.0702356E-09
      1224.5000199    2.7691309E-09
      1227.2000200    2.7133062E-09
      1229.9000200    2.6587175E-09
      1232.7000200    2.6033808E-09
      1235.4000201    2.5512186E-09
      1238.1000201    2.5002043E-09
      1240.8000202    2.4503102E-09
      1243.5000202    2.4015099E-09
      1246.3000203    2.3520292E-09
      1249.0000203    2.3053763E-09
      1257.2000204    2.5800628E-09
      1259.9000205    2.5308939E-09
      1262.6000205    2.4813458E-09
      1270.8000207    2.3340680E-09
      1281.6000208    2.1527875E-09
      1289.8000210    2.1979698E-09
      1292.5000210    2.1551012E-09
      1295.2000211    2.1126154E-09
      1298.0000211    2.0692263E-09
      1300.7000212    2.0281572E-09
      1303.4000212    1.9878987E-09
      1306.1000212    1.9484703E-09
      1314.3000214    1.8337845E-09
      1330.6000216    1.6271177E-09
      1341.5000218    1.5032560E-09
      1355.1000220    1.3630295E-09
      1360.6000221    1.3104591E-09
      1371.4000223    1.2135977E-09
      1382.3000225    1.1237632E-09
      1390.5000226    1.0610040E-09
      1395.9000227    1.0217859E-09
      1404.1000228    9.6524944E-10
      1406.8000229    9.4739472E-10
      1409.5000229    9.2990299E-10
      1415.0000230    8.9536151E-10
      1417.7000231    8.7892393E-10
      1420.4000231    8.6281815E-10
      1423.1000231    8.4703689E-10
      1425.9000232    8.3100626E-10
      1428.6000232    8.1586427E-10
      1431.3000233    8.0102569E-10
      1436.7000234    7.7223250E-10
      1439.5000234    7.5775319E-10
      1442.2000235    7.4407391E-10
      1444.9000235    7.3066625E-10
      1447.6000235    7.1752443E-10
      1450.4000236    7.0417044E-10
      1453.1000236    6.9155243E-10
      1455.8000237    3.8639709E-09
      1458.5000237    3.8272683E-09
      1461.2000238    3.7792058E-09
      1466.7000239    3.6656749E-09
      1469.4000239    3.6073295E-09
      1472.1000239    3.5488004E-09
      1477.6000240    3.4309282E-09
      1480.3000241    3.3741874E-09
      1488.4000242    3.2093983E-09
      1491.2000242    3.1544025E-09
      1496.6000243    3.0511760E-09
      1551.0000252    2.1930655E-09
      1632.7000266    1.3578171E-09
      1823.1000296    4.8032167E-10
      2340.2000381    4.4884749E-11
      2829.9000460    7.3544434E-12
      3047.6000496    3.6218513E-12
      3700.7000602    5.6849051E-13
      4000.0000650    2.7006129E-13
      4680.3000761    5.2346619E-14
      5006.8000814    2.4440753E-14
      5387.8000876    7.4753783E-15
 
