       80.0000013    1.3592385E-03
        85.0000014    7.4314285E-04
        90.0000015    4.2575313E-04
        95.2390015    2.4956159E-04
       100.6800016    1.5078501E-04
       114.2900019    5.1819203E-05
       119.7300019    3.5900477E-05
       122.4500020    3.0173796E-05
       125.1700020    2.5503030E-05
       127.8900021    2.1663664E-05
       130.6100021    1.8485236E-05
       133.3300022    1.5836935E-05
       136.0600022    1.3609958E-05
       146.9400024    6.5931701E-05
       149.6600024    5.5570596E-05
       155.1000025    3.9720311E-05
       157.8200026    3.3697739E-05
       160.5500026    2.8636461E-05
       165.9900027    2.0840826E-05
       171.4300028    1.5292895E-05
       176.8700029    1.1309209E-05
       179.5900029    9.7523625E-06
       182.3100030    8.4249050E-06
       185.0400030    7.2870221E-06
       187.7600031    6.3169800E-06
       190.4800031    5.4852276E-06
       195.9200032    4.1560584E-06
       198.6400032    3.6262243E-06
       204.0800033    1.0797061E-05
       206.8000034    9.6828426E-06
       209.5300034    8.6773034E-06
       212.2500035    7.7825389E-06
       214.9700035    6.9852081E-06
       220.4100036    5.6425420E-06
       225.8500037    4.5755514E-06
       236.7400038    3.0422348E-06
       247.6200040    2.0530911E-06
       258.5100042    1.4040086E-06
       272.1100044    8.8921479E-07
       285.7200046    5.7349683E-07
       299.3200049    3.7641502E-07
       312.9300051    2.5098109E-07
       340.1400055    1.1663300E-07
       353.7400058    8.1133926E-08
       380.9500062    4.0691553E-08
       394.5600064    2.9294759E-08
       408.1700066    2.1305025E-08
       435.3800071    1.1591726E-08
       462.5900075    6.5242314E-09
       476.1900077    4.9519504E-09
       489.8000080    3.7847712E-09
       503.4000082    2.9129270E-09
       517.0100084    2.2559521E-09
       557.8300091    1.0860469E-09
       571.4300093    8.6064050E-10
       585.0400095    6.8536338E-10
       612.2500100    4.4098081E-10
       666.6700108    1.9233569E-10
       680.2800111    1.5784860E-10
       707.4900115    1.0749673E-10
       734.7000119    7.4215245E-11
       761.9100124    5.1896536E-11
       789.1200128    3.6725963E-11
       816.3300133    2.6282846E-11
       843.5400137    1.9008111E-11
       870.7500142    1.3883542E-11
       911.5700148    8.7999521E-12
       952.3900155    5.6925870E-12
       993.2000162    3.7474199E-12
      1020.4000166    2.8614385E-12
      1061.2000173    1.9330293E-12
      1088.4000177    1.4997696E-12
      1102.0000179    1.3239336E-12
      1115.7000181    1.1692972E-12
      1129.3000184    1.0350730E-12
      1142.9000186    9.1746988E-13
      1156.5000188    8.1427535E-13
      1170.1000190    7.2359214E-13
      1197.3000195    5.7346657E-13
      1210.9000197    5.1141198E-13
      1224.5000199    4.5658220E-13
      1227.2000200    4.4647543E-13
      1229.9000200    4.3661101E-13
      1232.7000200    4.2663044E-13
      1235.4000201    4.1724035E-13
      1238.1000201    4.0807405E-13
      1240.8000202    3.9912572E-13
      1243.5000202    3.9038979E-13
      1246.3000203    3.8154882E-13
      1249.0000203    3.7322882E-13
      1257.2000204    3.5483170E-13
      1259.9000205    3.4717704E-13
      1262.6000205    3.3967997E-13
      1270.8000207    3.1791483E-13
      1281.6000208    2.9149242E-13
      1289.8000210    2.7571551E-13
      1292.5000210    2.6986630E-13
      1295.2000211    2.6414203E-13
      1298.0000211    2.5833898E-13
      1300.7000212    2.5287078E-13
      1303.4000212    2.4752596E-13
      1306.1000212    2.4230219E-13
      1314.3000214    2.2715239E-13
      1330.6000216    1.9998760E-13
      1341.5000218    1.8379098E-13
      1355.1000220    1.6553879E-13
      1360.6000221    1.5872113E-13
      1371.4000223    1.4619804E-13
      1382.3000225    1.3463131E-13
      1390.5000226    1.2658013E-13
      1395.9000227    1.2156205E-13
      1404.1000228    1.1434678E-13
      1406.8000229    1.1207293E-13
      1409.5000229    1.0984762E-13
      1415.0000230    1.0546013E-13
      1417.7000231    1.0337553E-13
      1420.4000231    1.0133515E-13
      1423.1000231    9.9337971E-14
      1425.9000232    9.7311407E-14
      1428.6000232    9.5399227E-14
      1431.3000233    9.3527332E-14
      1436.7000234    8.9900811E-14
      1439.5000234    8.8080076E-14
      1442.2000235    8.6361812E-14
      1444.9000235    8.4679463E-14
      1447.6000235    8.3032227E-14
      1450.4000236    8.1360239E-14
      1453.1000236    7.9782121E-14
      1455.8000237    5.3856464E-13
      1458.5000237    5.3274935E-13
      1461.2000238    4.6122877E-13
      1466.7000239    4.4504732E-13
      1469.4000239    4.3677637E-13
      1472.1000239    4.2850036E-13
      1477.6000240    4.1189144E-13
      1480.3000241    4.0392399E-13
      1488.4000242    3.8089150E-13
      1491.2000242    3.7324194E-13
      1496.6000243    3.5893695E-13
      1551.0000252    2.2368813E-13
      1632.7000266    1.0745391E-13
      1823.1000296    0.0000000E+00
      2340.2000381    0.0000000E+00
      2829.9000460    0.0000000E+00
      3047.6000496    0.0000000E+00
      3700.7000602    0.0000000E+00
      4000.0000650    0.0000000E+00
 
