       80.0000013    3.1273954E-02
        85.0000014    1.7793421E-02
        90.0000015    1.0346013E-02
        95.2390015    5.9934338E-03
       100.6800016    3.4795592E-03
       114.2900019    9.8823663E-04
       119.7300019    6.2232569E-04
       122.4500020    4.9822981E-04
       125.1700020    4.0124913E-04
       127.8900021    3.2507075E-04
       130.6100021    2.6492466E-04
       133.3300022    2.1719039E-04
       136.0600022    1.7898377E-04
       146.9400024    1.0243759E-03
       149.6600024    8.8450557E-04
       155.1000025    6.5962633E-04
       157.8200026    5.7073479E-04
       160.5500026    4.9434771E-04
       165.9900027    3.7306026E-04
       171.4300028    2.8328112E-04
       176.8700029    2.1637145E-04
       179.5900029    1.8949660E-04
       182.3100030    1.6618401E-04
       185.0400030    1.4586236E-04
       187.7600031    1.2825252E-04
       190.4800031    1.1291116E-04
       195.9200032    8.7837849E-05
       198.6400032    7.7613295E-05
       204.0800033    1.2121172E-04
       206.8000034    1.0994634E-04
       209.5300034    9.9723962E-05
       212.2500035    9.0549183E-05
       214.9700035    8.2287253E-05
       220.4100036    6.8132002E-05
       225.8500037    5.6601235E-05
       236.7400038    3.9418974E-05
       247.6200040    2.7780105E-05
       258.5100042    1.9780391E-05
       272.1100044    1.3123433E-05
       285.7200046    8.8301094E-06
       299.3200049    6.0232260E-06
       312.9300051    4.1593971E-06
       340.1400055    2.0541527E-06
       353.7400058    1.4670983E-06
       380.9500062    7.7034764E-07
       394.5600064    5.6578455E-07
       408.1700066    4.1906776E-07
       435.3800071    2.3547000E-07
       462.5900075    1.3622208E-07
       476.1900077    1.0467374E-07
       489.8000080    8.0928800E-08
       503.4000082    6.2963736E-08
       517.0100084    4.9263981E-08
       557.8300091    2.4384295E-08
       571.4300093    1.9488247E-08
       585.0400095    1.5647114E-08
       612.2500100    1.0226573E-08
       666.6700108    4.5918727E-09
       680.2800111    3.7946548E-09
       707.4900115    2.6192619E-09
       734.7000119    1.8321313E-09
       761.9100124    1.2975592E-09
       789.1200128    9.2970381E-10
       816.3300133    6.7342842E-10
       843.5400137    4.9280502E-10
       870.7500142    3.6410513E-10
       911.5700148    2.3513022E-10
       952.3900155    1.5468841E-10
       993.2000162    1.0352479E-10
      1020.4000166    7.9910793E-11
      1061.2000173    5.4860276E-11
      1088.4000177    4.3021812E-11
      1102.0000179    3.8181451E-11
      1115.7000181    3.3904164E-11
      1129.3000184    3.0173714E-11
      1142.9000186    2.6889725E-11
      1156.5000188    2.3994513E-11
      1170.1000190    2.1438388E-11
      1197.3000195    1.7177705E-11
      1210.9000197    1.5404003E-11
      1224.5000199    1.3827684E-11
      1227.2000200    1.3536654E-11
      1229.9000200    1.3252340E-11
      1232.7000200    1.2964411E-11
      1235.4000201    1.2693263E-11
      1238.1000201    1.2428334E-11
      1240.8000202    1.2169468E-11
      1243.5000202    1.1916515E-11
      1246.3000203    1.1660280E-11
      1249.0000203    1.1418920E-11
      1257.2000204    1.1171691E-11
      1259.9000205    1.0944430E-11
      1262.6000205    1.0720584E-11
      1270.8000207    1.0067013E-11
      1281.6000208    9.2697490E-12
      1289.8000210    8.9140396E-12
      1292.5000210    8.7348418E-12
      1295.2000211    8.5589157E-12
      1298.0000211    8.3801811E-12
      1300.7000212    8.2114957E-12
      1303.4000212    8.0464168E-12
      1306.1000212    7.8849097E-12
      1314.3000214    7.4156705E-12
      1330.6000216    6.5712089E-12
      1341.5000218    6.0656718E-12
      1355.1000220    5.4939026E-12
      1360.6000221    5.2797116E-12
      1371.4000223    4.8853070E-12
      1382.3000225    4.5198107E-12
      1390.5000226    4.2646477E-12
      1395.9000227    4.1052734E-12
      1404.1000228    3.8756277E-12
      1406.8000229    3.8031301E-12
      1409.5000229    3.7321196E-12
      1415.0000230    3.5919310E-12
      1417.7000231    3.5252363E-12
      1420.4000231    3.4598993E-12
      1423.1000231    3.3958901E-12
      1425.9000232    3.3308811E-12
      1428.6000232    3.2694865E-12
      1431.3000233    3.2093328E-12
      1436.7000234    3.0926388E-12
      1439.5000234    3.0339722E-12
      1442.2000235    2.9785566E-12
      1444.9000235    2.9242509E-12
      1447.6000235    2.8710309E-12
      1450.4000236    2.8169611E-12
      1453.1000236    2.7658802E-12
      1455.8000237    1.8116919E-11
      1458.5000237    1.7944278E-11
      1461.2000238    1.7714616E-11
      1466.7000239    1.7166020E-11
      1469.4000239    1.6882750E-11
      1472.1000239    1.6598221E-11
      1477.6000240    1.6024815E-11
      1480.3000241    1.5748805E-11
      1488.4000242    1.4947836E-11
      1491.2000242    1.4680824E-11
      1496.6000243    1.4180142E-11
      1551.0000252    1.0036738E-11
      1632.7000266    6.0867084E-12
      1823.1000296    2.0456887E-12
      2340.2000381    1.4471391E-13
      2829.9000460    0.0000000E+00
      3047.6000496    0.0000000E+00
      3700.7000602    0.0000000E+00
      4000.0000650    0.0000000E+00
      4680.3000761    0.0000000E+00
      5006.8000814    0.0000000E+00
      5387.8000876    0.0000000E+00
 
