       80.0000013    1.6023556E-04
        85.0000014    9.7162738E-05
        90.0000015    6.1785038E-05
        95.2390015    3.9982671E-05
       100.6800016    2.6271653E-05
       114.2900019    1.0122743E-05
       119.7300019    7.1071090E-06
       122.4500020    5.9826216E-06
       125.1700020    5.0501803E-06
       127.8900021    4.2743372E-06
       130.6100021    3.6267541E-06
       133.3300022    3.0846409E-06
       136.0600022    2.6280400E-06
       146.9400024    7.0519218E-06
       149.6600024    5.8755927E-06
       155.1000025    4.1082212E-06
       157.8200026    3.4487907E-06
       160.5500026    2.9010012E-06
       165.9900027    2.0710304E-06
       171.4300028    1.4930812E-06
       176.8700029    1.0864634E-06
       179.5900029    9.2989450E-07
       182.3100030    7.9760235E-07
       185.0400030    6.8518938E-07
       187.7600031    5.9015696E-07
       190.4800031    5.0932204E-07
       195.9200032    3.8156267E-07
       198.6400032    3.3118855E-07
       204.0800033    1.4823182E-06
       206.8000034    1.3214795E-06
       209.5300034    1.1767881E-06
       212.2500035    1.0486696E-06
       214.9700035    9.3518287E-07
       220.4100036    7.4592936E-07
       225.8500037    5.9758105E-07
       236.7400038    3.8846775E-07
       247.6200040    2.5687706E-07
       258.5100042    1.7243457E-07
       272.1100044    1.0692674E-07
       285.7200046    6.7640414E-08
       299.3200049    4.3605233E-08
       312.9300051    2.8586587E-08
       340.1400055    1.2872388E-08
       353.7400058    8.8224974E-09
       380.9500062    4.3015254E-09
       394.5600064    3.0553464E-09
       408.1700066    2.1932749E-09
       435.3800071    1.1641503E-09
       462.5900075    6.4033101E-10
       476.1900077    4.8078175E-10
       489.8000080    3.6365902E-10
       503.4000082    2.7711292E-10
       517.0100084    2.1255507E-10
       557.8300091    9.9658837E-11
       571.4300093    7.8336324E-11
       585.0400095    6.1895968E-11
       612.2500100    3.9236978E-11
       666.6700108    1.6646845E-11
       680.2800111    1.3571296E-11
       707.4900115    9.1207814E-12
       734.7000119    6.2137192E-12
       761.9100124    4.2863942E-12
       789.1200128    2.9909866E-12
       816.3300133    2.1092258E-12
       843.5400137    1.5019688E-12
       870.7500142    1.0634440E-12
       911.5700148    6.5477148E-13
       952.3900155    4.0961901E-13
       993.2000162    2.5993267E-13
      1020.4000166    1.9332508E-13
      1061.2000173    1.1144519E-13
      1088.4000177    8.3021162E-14
      1102.0000179    7.1767441E-14
      1115.7000181    6.2034938E-14
      1129.3000184    5.3731091E-14
      1142.9000186    4.6582055E-14
      1156.5000188    4.0420599E-14
      1170.1000190    3.5104735E-14
      1197.3000195    1.7260761E-14
      1210.9000197    1.3537033E-14
      1224.5000199    1.0364487E-14
      1227.2000200    1.0068393E-14
      1229.9000200    8.3817535E-15
      1232.7000200    8.1320431E-15
      1235.4000201    7.8986051E-15
      1238.1000201    6.2547750E-15
      1240.8000202    6.0740597E-15
      1243.5000202    5.8987946E-15
      1246.3000203    5.7226118E-15
      1249.0000203    4.1645717E-15
      1257.2000204    2.4239923E-15
      1259.9000205    2.3533277E-15
      1262.6000205    2.2847382E-15
      1270.8000207    6.5352917E-16
      1281.6000208    0.0000000E+00
      1289.8000210    0.0000000E+00
      1292.5000210    0.0000000E+00
      1295.2000211    0.0000000E+00
      1298.0000211    0.0000000E+00
      1300.7000212    0.0000000E+00
      1303.4000212    0.0000000E+00
      1306.1000212    0.0000000E+00
      1314.3000214    0.0000000E+00
      1330.6000216    0.0000000E+00
      1341.5000218    0.0000000E+00
      1355.1000220    0.0000000E+00
      1360.6000221    0.0000000E+00
      1371.4000223    0.0000000E+00
      1382.3000225    0.0000000E+00
      1390.5000226    0.0000000E+00
      1395.9000227    0.0000000E+00
      1404.1000228    0.0000000E+00
      1406.8000229    0.0000000E+00
      1409.5000229    0.0000000E+00
      1415.0000230    0.0000000E+00
      1417.7000231    0.0000000E+00
      1420.4000231    0.0000000E+00
      1423.1000231    0.0000000E+00
      1425.9000232    0.0000000E+00
      1428.6000232    0.0000000E+00
      1431.3000233    0.0000000E+00
      1436.7000234    0.0000000E+00
      1439.5000234    0.0000000E+00
      1442.2000235    0.0000000E+00
      1444.9000235    0.0000000E+00
      1447.6000235    0.0000000E+00
      1450.4000236    0.0000000E+00
      1453.1000236    0.0000000E+00
      1455.8000237    0.0000000E+00
      1458.5000237    0.0000000E+00
      1461.2000238    0.0000000E+00
      1466.7000239    0.0000000E+00
      1469.4000239    0.0000000E+00
      1472.1000239    0.0000000E+00
      1477.6000240    0.0000000E+00
      1480.3000241    0.0000000E+00
      1488.4000242    0.0000000E+00
      1491.2000242    0.0000000E+00
      1496.6000243    0.0000000E+00
      1551.0000252    0.0000000E+00
      1632.7000266    0.0000000E+00
      1823.1000296    0.0000000E+00
      2340.2000381    0.0000000E+00
 
