       80.0000013    8.0615319E-03
        85.0000014    4.4361097E-03
        90.0000015    2.5102948E-03
        95.2390015    1.4246630E-03
       100.6800016    8.1770105E-04
       114.2900019    2.3708954E-04
       119.7300019    1.5344434E-04
       122.4500020    1.2496437E-04
       125.1700020    1.0256917E-04
       127.8900021    8.4821484E-05
       130.6100021    7.0648086E-05
       133.3300022    5.9242757E-05
       136.0600022    4.9965387E-05
       146.9400024    3.1692954E-04
       149.6600024    2.7017479E-04
       155.1000025    1.9714546E-04
       157.8200026    1.6889707E-04
       160.5500026    1.4490505E-04
       165.9900027    1.0740120E-04
       171.4300028    8.0186939E-05
       176.8700029    6.0279861E-05
       179.5900029    5.2392650E-05
       182.3100030    4.5609348E-05
       185.0400030    3.9745599E-05
       187.7600031    3.4705532E-05
       190.4800031    3.0349291E-05
       195.9200032    2.3308645E-05
       198.6400032    2.0469681E-05
       204.0800033    4.3132670E-05
       206.8000034    3.8933526E-05
       209.5300034    3.5130503E-05
       212.2500035    3.1728883E-05
       214.9700035    2.8678844E-05
       220.4100036    2.3490589E-05
       225.8500037    1.9308036E-05
       236.7400038    1.3171059E-05
       247.6200040    9.1008105E-06
       258.5100042    6.3596726E-06
       272.1100044    4.1272738E-06
       285.7200046    2.7203389E-06
       299.3200049    1.8202376E-06
       312.9300051    1.2345993E-06
       340.1400055    5.9035449E-07
       353.7400058    4.1559804E-07
       380.9500062    2.1268465E-07
       394.5600064    1.5443923E-07
       408.1700066    1.1319985E-07
       435.3800071    6.2447057E-08
       462.5900075    3.5575656E-08
       476.1900077    2.7154622E-08
       489.8000080    2.0867358E-08
       503.4000082    1.6145547E-08
       517.0100084    1.2569105E-08
       557.8300091    6.1435683E-09
       571.4300093    4.8928883E-09
       585.0400095    3.9158889E-09
       612.2500100    2.5447269E-09
       666.6700108    1.1318491E-09
       680.2800111    9.3337726E-10
       707.4900115    6.4167555E-10
       734.7000119    4.4709783E-10
       761.9100124    3.1542829E-10
       789.1200128    2.2513082E-10
       816.3300133    1.6243130E-10
       843.5400137    1.1838645E-10
       870.7500142    8.7108112E-11
       911.5700148    5.5894674E-11
       952.3900155    3.6532225E-11
       993.2000162    2.4287140E-11
      1020.4000166    1.8664070E-11
      1061.2000173    1.2728508E-11
      1088.4000177    9.9382820E-12
      1102.0000179    8.8011022E-12
      1115.7000181    7.7983210E-12
      1129.3000184    6.9255825E-12
      1142.9000186    6.1589015E-12
      1156.5000188    5.4843959E-12
      1170.1000190    4.8901282E-12
      1197.3000195    3.9025792E-12
      1210.9000197    3.4927562E-12
      1224.5000199    3.1297066E-12
      1227.2000200    3.0626792E-12
      1229.9000200    2.9972253E-12
      1232.7000200    2.9309656E-12
      1235.4000201    2.8685927E-12
      1238.1000201    2.8076747E-12
      1240.8000202    2.7481743E-12
      1243.5000202    2.6900556E-12
      1246.3000203    2.6312067E-12
      1249.0000203    2.5757959E-12
      1257.2000204    2.4824593E-12
      1259.9000205    2.4309211E-12
      1262.6000205    2.3803082E-12
      1270.8000207    2.2329547E-12
      1281.6000208    2.0536008E-12
      1289.8000210    1.9588484E-12
      1292.5000210    1.9188384E-12
      1295.2000211    1.8796206E-12
      1298.0000211    1.8398178E-12
      1300.7000212    1.8022795E-12
      1303.4000212    1.7655628E-12
      1306.1000212    1.7296561E-12
      1314.3000214    1.6254061E-12
      1330.6000216    1.4380463E-12
      1341.5000218    1.3260446E-12
      1355.1000220    1.1995278E-12
      1360.6000221    1.1521795E-12
      1371.4000223    1.0650645E-12
      1382.3000225    9.8442099E-13
      1390.5000226    9.2817410E-13
      1395.9000227    8.9306519E-13
      1404.1000228    8.4250873E-13
      1406.8000229    8.2655671E-13
      1409.5000229    8.1093579E-13
      1415.0000230    7.8010862E-13
      1417.7000231    7.6544814E-13
      1420.4000231    7.5108973E-13
      1423.1000231    7.3702660E-13
      1425.9000232    7.2274733E-13
      1428.6000232    7.0926533E-13
      1431.3000233    6.9605899E-13
      1436.7000234    6.7044905E-13
      1439.5000234    6.5757859E-13
      1442.2000235    6.4542436E-13
      1444.9000235    6.3351635E-13
      1447.6000235    6.2184920E-13
      1450.4000236    6.0999865E-13
      1453.1000236    5.9880578E-13
      1455.8000237    3.9906195E-12
      1458.5000237    3.9517842E-12
      1461.2000238    3.9003245E-12
      1466.7000239    3.7776219E-12
      1469.4000239    3.7143153E-12
      1472.1000239    3.6507503E-12
      1477.6000240    3.5227093E-12
      1480.3000241    3.4611038E-12
      1488.4000242    3.2121703E-12
      1491.2000242    3.1532006E-12
      1496.6000243    3.0426939E-12
      1551.0000252    2.1349506E-12
      1632.7000266    1.2639427E-12
      1823.1000296    3.8962274E-13
      2340.2000381    0.0000000E+00
      2829.9000460    0.0000000E+00
      3047.6000496    0.0000000E+00
      3700.7000602    0.0000000E+00
      4000.0000650    0.0000000E+00
      4680.3000761    0.0000000E+00
      5006.8000814    0.0000000E+00
      5387.8000876    0.0000000E+00
 
