       80.0000013    2.5804706E+00
        85.0000014    1.7358463E+00
        90.0000015    1.1793511E+00
        95.2390015    7.9521745E-01
       100.6800016    5.3439224E-01
       114.2900019    2.0804890E-01
       119.7300019    1.4544588E-01
       122.4500020    1.2207244E-01
       125.1700020    1.0270370E-01
       127.8900021    8.6610667E-02
       130.6100021    7.3204607E-02
       133.3300022    6.2008668E-02
       136.0600022    5.2604064E-02
       146.9400024    4.9972624E-02
       149.6600024    4.4776641E-02
       155.1000025    3.5734385E-02
       157.8200026    3.1936821E-02
       160.5500026    2.8564617E-02
       165.9900027    2.2968911E-02
       171.4300028    1.8582502E-02
       176.8700029    1.5123158E-02
       179.5900029    1.3671757E-02
       182.3100030    1.2376062E-02
       185.0400030    1.1213383E-02
       187.7600031    1.0175992E-02
       190.4800031    9.2453165E-03
       195.9200032    7.6566688E-03
       198.6400032    6.9786618E-03
       204.0800033    6.3024941E-03
       206.8000034    5.7475818E-03
       209.5300034    5.2354764E-03
       212.2500035    4.7719977E-03
       214.9700035    4.3528867E-03
       220.4100036    3.6329576E-03
       225.8500037    3.0457724E-03
       236.7400038    2.1696214E-03
       247.6200040    1.5732953E-03
       258.5100042    1.1592483E-03
       272.1100044    8.0828159E-04
       285.7200046    5.7514099E-04
       299.3200049    4.1677276E-04
       312.9300051    3.0668458E-04
       340.1400055    1.7263555E-04
       353.7400058    1.3161830E-04
       380.9500062    7.8467143E-05
       394.5600064    6.1244224E-05
       408.1700066    4.8103251E-05
       435.3800071    3.0181780E-05
       462.5900075    1.9312933E-05
       476.1900077    1.5552536E-05
       489.8000080    1.2573614E-05
       503.4000082    1.0206479E-05
       517.0100084    8.3146015E-06
       557.8300091    4.5907113E-06
       571.4300093    3.7912469E-06
       585.0400095    3.1402972E-06
       612.2500100    2.1741512E-06
       666.6700108    1.0776047E-06
       680.2800111    9.1005683E-07
       707.4900115    6.5396392E-07
       734.7000119    4.7440764E-07
       761.9100124    3.4726952E-07
       789.1200128    2.5640102E-07
       816.3300133    1.9087258E-07
       843.5400137    1.4321105E-07
       870.7500142    1.0826025E-07
       911.5700148    7.2109223E-08
       952.3900155    4.8762537E-08
       993.2000162    3.3449062E-08
      1020.4000166    2.6212492E-08
      1061.2000173    1.8377222E-08
      1088.4000177    1.4600697E-08
      1102.0000179    1.3039443E-08
      1115.7000181    1.1650203E-08
      1129.3000184    1.0430383E-08
      1142.9000186    9.3495247E-09
      1156.5000188    8.3905611E-09
      1170.1000190    7.5386684E-09
      1197.3000195    6.1061729E-09
      1210.9000197    5.5045386E-09
      1224.5000199    4.9674891E-09
      1227.2000200    4.8678830E-09
      1229.9000200    4.7704702E-09
      1232.7000200    4.6717106E-09
      1235.4000201    4.5786055E-09
      1238.1000201    4.4875383E-09
      1240.8000202    4.3984603E-09
      1243.5000202    4.3113251E-09
      1246.3000203    4.2229642E-09
      1249.0000203    4.1396437E-09
      1257.2000204    4.7700444E-09
      1259.9000205    4.6799036E-09
      1262.6000205    4.5886792E-09
      1270.8000207    4.3167421E-09
      1281.6000208    3.9816470E-09
      1289.8000210    4.1109760E-09
      1292.5000210    4.0309645E-09
      1295.2000211    3.9515502E-09
      1298.0000211    3.8703893E-09
      1300.7000212    3.7935415E-09
      1303.4000212    3.7181980E-09
      1306.1000212    3.6444021E-09
      1314.3000214    3.4297440E-09
      1330.6000216    3.0429448E-09
      1341.5000218    2.8111435E-09
      1355.1000220    2.5487357E-09
      1360.6000221    2.4503659E-09
      1371.4000223    2.2691287E-09
      1382.3000225    2.1010527E-09
      1390.5000226    1.9836419E-09
      1395.9000227    1.9102759E-09
      1404.1000228    1.8045183E-09
      1406.8000229    1.7711206E-09
      1409.5000229    1.7384026E-09
      1415.0000230    1.6737955E-09
      1417.7000231    1.6430514E-09
      1420.4000231    1.6129286E-09
      1423.1000231    1.5834134E-09
      1425.9000232    1.5534326E-09
      1428.6000232    1.5251143E-09
      1431.3000233    1.4973640E-09
      1436.7000234    1.4435186E-09
      1439.5000234    1.4164422E-09
      1442.2000235    1.3908624E-09
      1444.9000235    1.3657911E-09
      1447.6000235    1.3412176E-09
      1450.4000236    1.3162477E-09
      1453.1000236    1.2926546E-09
      1455.8000237    6.9824768E-09
      1458.5000237    6.9157546E-09
      1461.2000238    6.8288371E-09
      1466.7000239    6.6242314E-09
      1469.4000239    6.5192394E-09
      1472.1000239    6.4139654E-09
      1477.6000240    6.2020247E-09
      1480.3000241    6.1000165E-09
      1488.4000242    5.8037570E-09
      1491.2000242    5.7048757E-09
      1496.6000243    5.5192571E-09
      1551.0000252    3.9747774E-09
      1632.7000266    2.4680489E-09
      1823.1000296    8.7858432E-10
      2340.2000381    8.3038208E-11
      2829.9000460    1.3641475E-11
      3047.6000496    6.7381296E-12
      3700.7000602    1.0626103E-12
      4000.0000650    5.0717189E-13
      4680.3000761    1.1350555E-13
      5006.8000814    5.2743173E-14
      5387.8000876    2.3209836E-14
 
