       80.0000013    1.2008861E+00
        85.0000014    7.7768314E-01
        90.0000015    5.1050776E-01
        95.2390015    3.3313063E-01
       100.6800016    2.1698445E-01
       114.2900019    7.8767471E-02
       119.7300019    5.3648423E-02
       122.4500020    4.4453688E-02
       125.1700020    3.6928385E-02
       127.8900021    3.0751819E-02
       130.6100021    2.5668396E-02
       133.3300022    2.1473670E-02
       136.0600022    1.7991977E-02
       146.9400024    2.3159077E-02
       149.6600024    2.0822225E-02
       155.1000025    1.6631139E-02
       157.8200026    1.4846015E-02
       160.5500026    1.3253666E-02
       165.9900027    1.0602243E-02
       171.4300028    8.5208463E-03
       176.8700029    6.8812384E-03
       179.5900029    6.1947638E-03
       182.3100030    5.5830968E-03
       185.0400030    5.0354539E-03
       187.7600031    4.5480747E-03
       190.4800031    4.1120732E-03
       195.9200032    3.3713165E-03
       198.6400032    3.0568624E-03
       204.0800033    2.6295416E-03
       206.8000034    2.3933053E-03
       209.5300034    2.1797942E-03
       212.2500035    1.9885274E-03
       214.9700035    1.8164719E-03
       220.4100036    1.5218522E-03
       225.8500037    1.2816726E-03
       236.7400038    9.2203415E-04
       247.6200040    6.7510875E-04
       258.5100042    5.0168380E-04
       272.1100044    3.5260280E-04
       285.7200046    2.5203146E-04
       299.3200049    1.8279912E-04
       312.9300051    1.3418317E-04
       340.1400055    7.4541545E-05
       353.7400058    5.6280111E-05
       380.9500062    3.2775053E-05
       394.5600064    2.5251464E-05
       408.1700066    1.9569299E-05
       435.3800071    1.1948263E-05
       462.5900075    7.4427094E-06
       476.1900077    5.9158747E-06
       489.8000080    4.7223739E-06
       503.4000082    3.7864568E-06
       517.0100084    3.0481388E-06
       557.8300091    1.6283635E-06
       571.4300093    1.3313074E-06
       585.0400095    1.0921596E-06
       612.2500100    7.4271486E-07
       666.6700108    3.5693904E-07
       680.2800111    2.9941168E-07
       707.4900115    2.1249065E-07
       734.7000119    1.5243366E-07
       761.9100124    1.1047030E-07
       789.1200128    8.0835513E-08
       816.3300133    5.9694351E-08
       843.5400137    4.4466631E-08
       870.7500142    3.3397420E-08
       911.5700148    2.2055948E-08
       952.3900155    1.4805495E-08
       993.2000162    1.0090946E-08
      1020.4000166    7.8773716E-09
      1061.2000173    5.4936535E-09
      1088.4000177    4.3505808E-09
      1102.0000179    3.8793484E-09
      1115.7000181    3.4607652E-09
      1129.3000184    3.0938456E-09
      1142.9000186    2.7692504E-09
      1156.5000188    2.4817111E-09
      1170.1000190    2.2266620E-09
      1197.3000195    1.7987013E-09
      1210.9000197    1.6193467E-09
      1224.5000199    1.4594622E-09
      1227.2000200    1.4298325E-09
      1229.9000200    1.4008630E-09
      1232.7000200    1.3715006E-09
      1235.4000201    1.3438266E-09
      1238.1000201    1.3167654E-09
      1240.8000202    1.2903022E-09
      1243.5000202    1.2644226E-09
      1246.3000203    1.2381860E-09
      1249.0000203    1.2134523E-09
      1257.2000204    1.3214367E-09
      1259.9000205    1.2959861E-09
      1262.6000205    1.2704481E-09
      1270.8000207    1.1947687E-09
      1281.6000208    1.1017411E-09
      1289.8000210    1.1125276E-09
      1292.5000210    1.0907358E-09
      1295.2000211    1.0691726E-09
      1298.0000211    1.0471685E-09
      1300.7000212    1.0263498E-09
      1303.4000212    1.0059465E-09
      1306.1000212    9.8596653E-10
      1314.3000214    9.2785757E-10
      1330.6000216    8.2315499E-10
      1341.5000218    7.6040929E-10
      1355.1000220    6.8937983E-10
      1360.6000221    6.6275313E-10
      1371.4000223    6.1369609E-10
      1382.3000225    5.6820165E-10
      1390.5000226    5.3642113E-10
      1395.9000227    5.1656251E-10
      1404.1000228    4.8793602E-10
      1406.8000229    4.7889587E-10
      1409.5000229    4.7003967E-10
      1415.0000230    4.5255164E-10
      1417.7000231    4.4422971E-10
      1420.4000231    4.3607593E-10
      1423.1000231    4.2808659E-10
      1425.9000232    4.1997120E-10
      1428.6000232    4.1230583E-10
      1431.3000233    4.0479420E-10
      1436.7000234    3.9021894E-10
      1439.5000234    3.8288966E-10
      1442.2000235    3.7596554E-10
      1444.9000235    3.6917902E-10
      1447.6000235    3.6252723E-10
      1450.4000236    3.5576819E-10
      1453.1000236    3.4938180E-10
      1455.8000237    2.0150797E-09
      1458.5000237    1.9959674E-09
      1461.2000238    1.9708444E-09
      1466.7000239    1.9113431E-09
      1469.4000239    1.8807302E-09
      1472.1000239    1.8500108E-09
      1477.6000240    1.7881324E-09
      1480.3000241    1.7583439E-09
      1488.4000242    1.6718429E-09
      1491.2000242    1.6429799E-09
      1496.6000243    1.5888137E-09
      1551.0000252    1.1391578E-09
      1632.7000266    7.0287998E-10
      1823.1000296    2.4701777E-10
      2340.2000381    2.2899920E-11
      2829.9000460    3.7497405E-12
      3047.6000496    1.8524596E-12
      3700.7000602    2.8314910E-13
      4000.0000650    1.3287203E-13
      4680.3000761    2.1186793E-14
      5006.8000814    6.4671876E-15
      5387.8000876    0.0000000E+00
 
