       80.0000013    3.4883091E+00
        85.0000014    2.3907735E+00
        90.0000015    1.6520733E+00
        95.2390015    1.1319734E+00
       100.6800016    7.7219021E-01
       114.2900019    3.1034017E-01
       119.7300019    2.1937558E-01
       122.4500020    1.8510146E-01
       125.1700020    1.5654157E-01
       127.8900021    1.3268487E-01
       130.6100021    1.1270881E-01
       133.3300022    9.5942542E-02
       136.0600022    8.1790164E-02
       146.9400024    7.0616677E-02
       149.6600024    6.3064612E-02
       155.1000025    5.0112780E-02
       157.8200026    4.4724971E-02
       160.5500026    3.9961845E-02
       165.9900027    3.2098103E-02
       171.4300028    2.5965957E-02
       176.8700029    2.1147842E-02
       179.5900029    1.9130547E-02
       182.3100030    1.7331479E-02
       185.0400030    1.5718341E-02
       187.7600031    1.4279816E-02
       190.4800031    1.2989702E-02
       195.9200032    1.0787741E-02
       198.6400032    9.8477444E-03
       204.0800033    9.2215035E-03
       206.8000034    8.4360288E-03
       209.5300034    7.6988367E-03
       212.2500035    7.0255469E-03
       214.9700035    6.4133396E-03
       220.4100036    5.3564846E-03
       225.8500037    4.4908738E-03
       236.7400038    3.1948690E-03
       247.6200040    2.3108646E-03
       258.5100042    1.6971135E-03
       272.1100044    1.1779885E-03
       285.7200046    8.3462149E-04
       299.3200049    6.0265540E-04
       312.9300051    4.4235075E-04
       340.1400055    2.4862887E-04
       353.7400058    1.8973417E-04
       380.9500062    1.1364153E-04
       394.5600064    8.9000612E-05
       408.1700066    7.0180780E-05
       435.3800071    4.4432298E-05
       462.5900075    2.8713377E-05
       476.1900077    2.3240300E-05
       489.8000080    1.8885094E-05
       503.4000082    1.5408001E-05
       517.0100084    1.2615536E-05
       557.8300091    7.0683036E-06
       571.4300093    5.8647370E-06
       585.0400095    4.8799698E-06
       612.2500100    3.4082088E-06
       666.6700108    1.7162160E-06
       680.2800111    1.4546297E-06
       707.4900115    1.0524599E-06
       734.7000119    7.6832362E-07
       761.9100124    5.6569576E-07
       789.1200128    4.1990725E-07
       816.3300133    3.1412105E-07
       843.5400137    2.3673665E-07
       870.7500142    1.7969015E-07
       911.5700148    1.2033792E-07
       952.3900155    8.1758998E-08
       993.2000162    5.6310565E-08
      1020.4000166    4.4233079E-08
      1061.2000173    3.1109018E-08
      1088.4000177    2.4761915E-08
      1102.0000179    2.2133129E-08
      1115.7000181    1.9791333E-08
      1129.3000184    1.7732907E-08
      1142.9000186    1.5907116E-08
      1156.5000188    1.4285654E-08
      1170.1000190    1.2843898E-08
      1197.3000195    1.0416420E-08
      1210.9000197    9.3956336E-09
      1224.5000199    8.4837319E-09
      1227.2000200    8.3145268E-09
      1229.9000200    8.1490237E-09
      1232.7000200    7.9812086E-09
      1235.4000201    7.8229787E-09
      1238.1000201    7.6681905E-09
      1240.8000202    7.5167641E-09
      1243.5000202    7.3686182E-09
      1246.3000203    7.2183695E-09
      1249.0000203    7.0766717E-09
      1257.2000204    8.4076897E-09
      1259.9000205    8.2500549E-09
      1262.6000205    8.0898426E-09
      1270.8000207    7.6109457E-09
      1281.6000208    7.0202129E-09
      1289.8000210    7.3300286E-09
      1292.5000210    7.1875830E-09
      1295.2000211    7.0460007E-09
      1298.0000211    6.9012094E-09
      1300.7000212    6.7640697E-09
      1303.4000212    6.6295942E-09
      1306.1000212    6.4978711E-09
      1314.3000214    6.1146976E-09
      1330.6000216    5.4242517E-09
      1341.5000218    5.0104938E-09
      1355.1000220    4.5421218E-09
      1360.6000221    4.3665485E-09
      1371.4000223    4.0430836E-09
      1382.3000225    3.7431298E-09
      1390.5000226    3.5336098E-09
      1395.9000227    3.4026957E-09
      1404.1000228    3.2139935E-09
      1406.8000229    3.1544054E-09
      1409.5000229    3.0960319E-09
      1415.0000230    2.9807683E-09
      1417.7000231    2.9259211E-09
      1420.4000231    2.8721838E-09
      1423.1000231    2.8195322E-09
      1425.9000232    2.7660514E-09
      1428.6000232    2.7155380E-09
      1431.3000233    2.6660396E-09
      1436.7000234    2.5699993E-09
      1439.5000234    2.5217073E-09
      1442.2000235    2.4760862E-09
      1444.9000235    2.4313735E-09
      1447.6000235    2.3875499E-09
      1450.4000236    2.3430213E-09
      1453.1000236    2.3009492E-09
      1455.8000237    1.1995049E-08
      1458.5000237    1.1879306E-08
      1461.2000238    1.1729485E-08
      1466.7000239    1.1378249E-08
      1469.4000239    1.1198338E-08
      1472.1000239    1.1018046E-08
      1477.6000240    1.0655234E-08
      1480.3000241    1.0480647E-08
      1488.4000242    9.9736246E-09
      1491.2000242    9.8043920E-09
      1496.6000243    9.4866870E-09
      1551.0000252    6.8413293E-09
      1632.7000266    4.2565231E-09
      1823.1000296    1.5223397E-09
      2340.2000381    1.4554179E-10
      2829.9000460    2.4059638E-11
      3047.6000496    1.1900181E-11
      3700.7000602    1.8801488E-12
      4000.0000650    8.9842538E-13
      4680.3000761    2.0241503E-13
      5006.8000814    1.0064029E-13
      5387.8000876    4.7085098E-14
 
