       80.0000013    1.1062138E-07
        85.0000014    6.1002588E-08
        90.0000015    3.4515274E-08
        95.2390015    1.9481716E-08
       100.6800016    1.1020526E-08
       114.2900019    2.9104004E-09
       119.7300019    1.7659513E-09
       122.4500020    1.3841619E-09
       125.1700020    1.0891656E-09
       127.8900021    8.6026181E-10
       130.6100021    6.8191630E-10
       133.3300022    5.4241528E-10
       136.0600022    4.3252843E-10
       146.9400024    2.2841896E-10
       149.6600024    1.8334081E-10
       155.1000025    1.1904706E-10
       157.8200026    9.6307830E-11
       160.5500026    7.8049525E-11
       165.9900027    5.1707916E-11
       171.4300028    3.4554675E-11
       176.8700029    2.3268075E-11
       179.5900029    1.9141678E-11
       182.3100030    1.5770643E-11
       185.0400030    1.3001783E-11
       187.7600031    1.0739755E-11
       190.4800031    8.8808474E-12
       195.9200032    6.0960451E-12
       198.6400032    5.0540557E-12
       204.0800033    4.9157605E-11
       206.8000034    4.1229173E-11
       209.5300034    3.4451258E-11
       212.2500035    2.8753076E-11
       214.9700035    2.3966053E-11
       220.4100036    1.6594970E-11
       225.8500037    1.1434177E-11
       236.7400038    5.3018215E-12
       247.6200040    2.2627429E-12
       258.5100042    8.6147181E-13
       272.1100044    9.6562772E-14
 
