       80.0000013    4.2025939E-01
        85.0000014    2.6081771E-01
        90.0000015    1.6452958E-01
        95.2390015    1.0319982E-01
       100.6800016    6.4624168E-02
       114.2900019    2.1369796E-02
       119.7300019    1.4047310E-02
       122.4500020    1.1439751E-02
       125.1700020    9.3427692E-03
       127.8900021    7.6513621E-03
       130.6100021    6.2831724E-03
       133.3300022    5.1733633E-03
       136.0600022    4.2677321E-03
       146.9400024    9.0532312E-03
       149.6600024    8.0799498E-03
       155.1000025    6.3576414E-03
       157.8200026    5.6332694E-03
       160.5500026    4.9919016E-03
       165.9900027    3.9347312E-03
       171.4300028    3.1156570E-03
       176.8700029    2.4786941E-03
       179.5900029    2.2146360E-03
       182.3100030    1.9808863E-03
       185.0400030    1.7729844E-03
       187.7600031    1.5891955E-03
       190.4800031    1.4258889E-03
       195.9200032    1.1512220E-03
       198.6400032    1.0358574E-03
       204.0800033    9.5864240E-04
       206.8000034    8.7473181E-04
       209.5300034    7.9887785E-04
       212.2500035    7.3076459E-04
       214.9700035    6.6927820E-04
       220.4100036    5.6334637E-04
       225.8500037    4.7622123E-04
       236.7400038    3.4411383E-04
       247.6200040    2.5202439E-04
       258.5100042    1.8660619E-04
       272.1100044    1.2995351E-04
       285.7200046    9.1658883E-05
       299.3200049    6.5405075E-05
       312.9300051    4.7138063E-05
       340.1400055    2.5167290E-05
       353.7400058    1.8620985E-05
       380.9500062    1.0423844E-05
       394.5600064    7.8810590E-06
       408.1700066    5.9982603E-06
       435.3800071    3.5415560E-06
       462.5900075    2.1409498E-06
       476.1900077    1.6786495E-06
       489.8000080    1.3228963E-06
       503.4000082    1.0480312E-06
       517.0100084    8.3421725E-07
       557.8300091    4.3261920E-07
       571.4300093    3.5064767E-07
       585.0400095    2.8533105E-07
       612.2500100    1.9118987E-07
       666.6700108    8.9637396E-08
       680.2800111    7.4787522E-08
       707.4900115    5.2549975E-08
       734.7000119    3.7356987E-08
       761.9100124    2.6847957E-08
       789.1200128    1.9494040E-08
       816.3300133    1.4291558E-08
       843.5400137    1.0573112E-08
       870.7500142    7.8895201E-09
       911.5700148    5.1623203E-09
       952.3900155    3.4352188E-09
       993.2000162    2.3220794E-09
      1020.4000166    1.8031827E-09
      1061.2000173    1.2480718E-09
      1088.4000177    9.8364494E-10
      1102.0000179    8.7505703E-10
      1115.7000181    7.7884149E-10
      1129.3000184    6.9470862E-10
      1142.9000186    6.2045996E-10
      1156.5000188    5.5484395E-10
      1170.1000190    4.9677840E-10
      1197.3000195    3.9967568E-10
      1210.9000197    3.5912048E-10
      1224.5000199    3.2304720E-10
      1227.2000200    3.1637096E-10
      1229.9000200    3.0984623E-10
      1232.7000200    3.0323591E-10
      1235.4000201    2.9700836E-10
      1238.1000201    2.9092131E-10
      1240.8000202    2.8497127E-10
      1243.5000202    2.7915489E-10
      1246.3000203    2.7326080E-10
      1249.0000203    2.6770669E-10
      1257.2000204    2.7759681E-10
      1259.9000205    2.7211461E-10
      1262.6000205    2.6665822E-10
      1270.8000207    2.5059269E-10
      1281.6000208    2.3091126E-10
      1289.8000210    2.2827827E-10
      1292.5000210    2.2375161E-10
      1295.2000211    2.1928742E-10
      1298.0000211    2.1474039E-10
      1300.7000212    2.1044293E-10
      1303.4000212    2.0623395E-10
      1306.1000212    2.0211405E-10
      1314.3000214    1.9013849E-10
      1330.6000216    1.6857818E-10
      1341.5000218    1.5566792E-10
      1355.1000220    1.4106324E-10
      1360.6000221    1.3559129E-10
      1371.4000223    1.2551406E-10
      1382.3000225    1.1617381E-10
      1390.5000226    1.0965213E-10
      1395.9000227    1.0557825E-10
      1404.1000228    9.9707506E-11
      1406.8000229    9.7854003E-11
      1409.5000229    9.6038170E-11
      1415.0000230    9.2453642E-11
      1417.7000231    9.0748194E-11
      1420.4000231    8.9077391E-11
      1423.1000231    8.7440465E-11
      1425.9000232    8.5777906E-11
      1428.6000232    8.4207703E-11
      1431.3000233    8.2669122E-11
      1436.7000234    7.9684266E-11
      1439.5000234    7.8183550E-11
      1442.2000235    7.6765934E-11
      1444.9000235    7.5376642E-11
      1447.6000235    7.4015058E-11
      1450.4000236    7.2631623E-11
      1453.1000236    7.1324627E-11
      1455.8000237    4.3591394E-10
      1458.5000237    4.3179649E-10
      1461.2000238    4.2634546E-10
      1466.7000239    4.1337361E-10
      1469.4000239    4.0668638E-10
      1472.1000239    3.9997233E-10
      1477.6000240    3.8644410E-10
      1480.3000241    3.7993175E-10
      1488.4000242    3.6102585E-10
      1491.2000242    3.5472009E-10
      1496.6000243    3.4289069E-10
      1551.0000252    2.4495778E-10
      1632.7000266    1.5048786E-10
      1823.1000296    5.2552646E-11
      2340.2000381    4.8428132E-12
      2829.9000460    7.7193856E-13
      3047.6000496    3.7506906E-13
      3700.7000602    4.8457654E-14
      4000.0000650    1.3027438E-14
      4680.3000761    0.0000000E+00
      5006.8000814    0.0000000E+00
      5387.8000876    0.0000000E+00
 
