       80.0000013    4.5225630E+00
        85.0000014    3.1573958E+00
        90.0000015    2.2191896E+00
        95.2390015    1.5454245E+00
       100.6800016    1.0704356E+00
       114.2900019    4.4424072E-01
       119.7300019    3.1747729E-01
       122.4500020    2.6925948E-01
       125.1700020    2.2885011E-01
       127.8900021    1.9491069E-01
       130.6100021    1.6634378E-01
       133.3300022    1.4224717E-01
       136.0600022    1.2180956E-01
       146.9400024    9.8386697E-02
       149.6600024    8.7606527E-02
       155.1000025    6.9264300E-02
       157.8200026    6.1687313E-02
       160.5500026    5.5015698E-02
       165.9900027    4.4059236E-02
       171.4300028    3.5569113E-02
       176.8700029    2.8933838E-02
       179.5900029    2.6165428E-02
       182.3100030    2.3701424E-02
       185.0400030    2.1496028E-02
       187.7600031    1.9532472E-02
       190.4800031    1.7773928E-02
       195.9200032    1.4777447E-02
       198.6400032    1.3499994E-02
       204.0800033    1.3060112E-02
       206.8000034    1.1994113E-02
       209.5300034    1.0974427E-02
       212.2500035    1.0033440E-02
       214.9700035    9.1723101E-03
       220.4100036    7.6767448E-03
       225.8500037    6.4450558E-03
       236.7400038    4.5911064E-03
       247.6200040    3.3201408E-03
       258.5100042    2.4350528E-03
       272.1100044    1.6854623E-03
       285.7200046    1.1900305E-03
       299.3200049    8.5622264E-04
       312.9300051    6.2644953E-04
       340.1400055    3.5060829E-04
       353.7400058    2.6734459E-04
       380.9500062    1.6029652E-04
       394.5600064    1.2575281E-04
       408.1700066    9.9392586E-05
       435.3800071    6.3313710E-05
       462.5900075    4.1222007E-05
       476.1900077    3.3499491E-05
       489.8000080    2.7335318E-05
       503.4000082    2.2397120E-05
       517.0100084    1.8416702E-05
       557.8300091    1.0451559E-05
       571.4300093    8.7082326E-06
       585.0400095    7.2759035E-06
       612.2500100    5.1223615E-06
       666.6700108    2.6181560E-06
       680.2800111    2.2268543E-06
       707.4900115    1.6219810E-06
       734.7000119    1.1915531E-06
       761.9100124    8.8249533E-07
       789.1200128    6.5868306E-07
       816.3300133    4.9528222E-07
       843.5400137    3.7505916E-07
       870.7500142    2.8594741E-07
       911.5700148    1.9265914E-07
       952.3900155    1.3159934E-07
       993.2000162    9.1068380E-08
      1020.4000166    7.1739507E-08
      1061.2000173    5.0647355E-08
      1088.4000177    4.0405791E-08
      1102.0000179    3.6154642E-08
      1115.7000181    3.2362394E-08
      1129.3000184    2.9024632E-08
      1142.9000186    2.6060354E-08
      1156.5000188    2.3424635E-08
      1170.1000190    2.1078311E-08
      1197.3000195    1.7121444E-08
      1210.9000197    1.5454892E-08
      1224.5000199    1.3964656E-08
      1227.2000200    1.3687981E-08
      1229.9000200    1.3417309E-08
      1232.7000200    1.3142805E-08
      1235.4000201    1.2883932E-08
      1238.1000201    1.2630647E-08
      1240.8000202    1.2382816E-08
      1243.5000202    1.2140313E-08
      1246.3000203    1.1894324E-08
      1249.0000203    1.1662293E-08
      1257.2000204    1.4306684E-08
      1259.9000205    1.4040785E-08
      1262.6000205    1.3769371E-08
      1270.8000207    1.2955918E-08
      1281.6000208    1.1951474E-08
      1289.8000210    1.2620398E-08
      1292.5000210    1.2375741E-08
      1295.2000211    1.2132231E-08
      1298.0000211    1.1883043E-08
      1300.7000212    1.1646951E-08
      1303.4000212    1.1415408E-08
      1306.1000212    1.1188583E-08
      1314.3000214    1.0528699E-08
      1330.6000216    9.3394661E-09
      1341.5000218    8.6266940E-09
      1355.1000220    7.8197369E-09
      1360.6000221    7.5172171E-09
      1371.4000223    6.9598429E-09
      1382.3000225    6.4429506E-09
      1390.5000226    6.0818852E-09
      1395.9000227    5.8562772E-09
      1404.1000228    5.5310796E-09
      1406.8000229    5.4283888E-09
      1409.5000229    5.3277911E-09
      1415.0000230    5.1291535E-09
      1417.7000231    5.0346340E-09
      1420.4000231    4.9420277E-09
      1423.1000231    4.8512927E-09
      1425.9000232    4.7591295E-09
      1428.6000232    4.6720809E-09
      1431.3000233    4.5867816E-09
      1436.7000234    4.4212807E-09
      1439.5000234    4.3380632E-09
      1442.2000235    4.2594492E-09
      1444.9000235    4.1824015E-09
      1447.6000235    4.1068868E-09
      1450.4000236    4.0301580E-09
      1453.1000236    3.9576635E-09
      1455.8000237    1.9877383E-08
      1458.5000237    1.9683453E-08
      1461.2000238    1.9434125E-08
      1466.7000239    1.8852198E-08
      1469.4000239    1.8554699E-08
      1472.1000239    1.8256745E-08
      1477.6000240    1.7657440E-08
      1480.3000241    1.7369112E-08
      1488.4000242    1.6531818E-08
      1491.2000242    1.6252333E-08
      1496.6000243    1.5727608E-08
      1551.0000252    1.1355184E-08
      1632.7000266    7.0759518E-09
      1823.1000296    2.5389180E-09
      2340.2000381    2.4487942E-10
      2829.9000460    4.0768548E-11
      3047.6000496    2.0207471E-11
      3700.7000602    3.2020627E-12
      4000.0000650    1.5307364E-12
      4680.3000761    3.4542077E-13
      5006.8000814    1.7655066E-13
      5387.8000876    8.4752206E-14
 
