       80.0000013    9.0494446E-02
        85.0000014    5.3165898E-02
        90.0000015    3.1839930E-02
        95.2390015    1.8965855E-02
       100.6800016    1.1290163E-02
       114.2900019    3.3407083E-03
       119.7300019    2.1164478E-03
       122.4500020    1.6953121E-03
       125.1700020    1.3637256E-03
       127.8900021    1.1016456E-03
       130.6100021    8.9371728E-04
       133.3300022    7.2813133E-04
       136.0600022    5.9533719E-04
       146.9400024    2.5072519E-03
       149.6600024    2.1935347E-03
       155.1000025    1.6715494E-03
       157.8200026    1.4603345E-03
       160.5500026    1.2766803E-03
       165.9900027    9.8060863E-04
       171.4300028    7.5724989E-04
       176.8700029    5.8778917E-04
       179.5900029    5.1881699E-04
       182.3100030    4.5848187E-04
       185.0400030    4.0544919E-04
       187.7600031    3.5911734E-04
       190.4800031    3.1842908E-04
       195.9200032    2.5116236E-04
       198.6400032    2.2340909E-04
       204.0800033    2.7498047E-04
       206.8000034    2.5035845E-04
       209.5300034    2.2799743E-04
       212.2500035    2.0788121E-04
       214.9700035    1.8971121E-04
       220.4100036    1.5841868E-04
       225.8500037    1.3273298E-04
       236.7400038    9.4007446E-05
       247.6200040    6.7337780E-05
       258.5100042    4.8700975E-05
       272.1100044    3.2911790E-05
       285.7200046    2.2529519E-05
       299.3200049    1.5616664E-05
       312.9300051    1.0947053E-05
       340.1400055    5.5550904E-06
       353.7400058    4.0168325E-06
       380.9500062    2.1575734E-06
       394.5600064    1.6013104E-06
       408.1700066    1.1979139E-06
       435.3800071    6.8560604E-07
       462.5900075    4.0328072E-07
       476.1900077    3.1227239E-07
       489.8000080    2.4319928E-07
       503.4000082    1.9052000E-07
       517.0100084    1.5004002E-07
       557.8300091    7.5565019E-08
       571.4300093    6.0700700E-08
       585.0400095    4.8969529E-08
       612.2500100    3.2282038E-08
       666.6700108    1.4698073E-08
       680.2800111    1.2181171E-08
       707.4900115    8.4511269E-09
       734.7000119    5.9372405E-09
       761.9100124    4.2205417E-09
       789.1200128    3.0336349E-09
       816.3300133    2.2033984E-09
       843.5400137    1.6162273E-09
       870.7500142    1.1966207E-09
       911.5700148    7.7486578E-10
       952.3900155    5.1102439E-10
       993.2000162    3.4280034E-10
      1020.4000166    2.6501770E-10
      1061.2000173    1.8237392E-10
      1088.4000177    1.4325656E-10
      1102.0000179    1.2724782E-10
      1115.7000181    1.1309258E-10
      1129.3000184    1.0073749E-10
      1142.9000186    8.9855914E-11
      1156.5000188    8.0256371E-11
      1170.1000190    7.1775530E-11
      1197.3000195    5.7625099E-11
      1210.9000197    5.1727983E-11
      1224.5000199    4.6489448E-11
      1227.2000200    4.5520667E-11
      1229.9000200    4.4574101E-11
      1232.7000200    4.3615351E-11
      1235.4000201    4.2712337E-11
      1238.1000201    4.1829897E-11
      1240.8000202    4.0967521E-11
      1243.5000202    4.0124709E-11
      1246.3000203    3.9270830E-11
      1249.0000203    3.8466386E-11
      1257.2000204    3.8283987E-11
      1259.9000205    3.7516077E-11
      1262.6000205    3.6757319E-11
      1270.8000207    3.4535989E-11
      1281.6000208    3.1822153E-11
      1289.8000210    3.0867559E-11
      1292.5000210    3.0253151E-11
      1295.2000211    2.9649068E-11
      1298.0000211    2.9034801E-11
      1300.7000212    2.8454766E-11
      1303.4000212    2.7886950E-11
      1306.1000212    2.7331295E-11
      1314.3000214    2.5716439E-11
      1330.6000216    2.2808973E-11
      1341.5000218    2.1067609E-11
      1355.1000220    1.9097241E-11
      1360.6000221    1.8358853E-11
      1371.4000223    1.6998781E-11
      1382.3000225    1.5737849E-11
      1390.5000226    1.4857209E-11
      1395.9000227    1.4307002E-11
      1404.1000228    1.3513964E-11
      1406.8000229    1.3263548E-11
      1409.5000229    1.3018238E-11
      1415.0000230    1.2533858E-11
      1417.7000231    1.2303370E-11
      1420.4000231    1.2077546E-11
      1423.1000231    1.1856285E-11
      1425.9000232    1.1631539E-11
      1428.6000232    1.1419260E-11
      1431.3000233    1.1211244E-11
      1436.7000234    1.0807631E-11
      1439.5000234    1.0604679E-11
      1442.2000235    1.0412947E-11
      1444.9000235    1.0225030E-11
      1447.6000235    1.0040846E-11
      1450.4000236    9.8536942E-12
      1453.1000236    9.6768635E-12
      1455.8000237    6.2135810E-11
      1458.5000237    6.1554685E-11
      1461.2000238    6.0779333E-11
      1466.7000239    5.8925087E-11
      1469.4000239    5.7967166E-11
      1472.1000239    5.7004772E-11
      1477.6000240    5.5064672E-11
      1480.3000241    5.4130513E-11
      1488.4000242    5.1418470E-11
      1491.2000242    5.0513975E-11
      1496.6000243    4.8817353E-11
      1551.0000252    3.4785102E-11
      1632.7000266    2.1280049E-11
      1823.1000296    7.3322060E-12
      2340.2000381    6.3290681E-13
      2829.9000460    8.1414591E-14
      3047.6000496    2.9050323E-14
      3700.7000602    0.0000000E+00
      4000.0000650    0.0000000E+00
      4680.3000761    0.0000000E+00
      5006.8000814    0.0000000E+00
      5387.8000876    0.0000000E+00
 
