       80.0000013    1.4836893E-05
        85.0000014    9.2754253E-06
        90.0000015    5.9130039E-06
        95.2390015    3.7575146E-06
       100.6800016    2.3886485E-06
       114.2900019    8.2492994E-07
       119.7300019    5.5300779E-07
       122.4500020    4.5500423E-07
       125.1700020    3.7554284E-07
       127.8900021    3.1090113E-07
       130.6100021    2.5814583E-07
       133.3300022    2.1495671E-07
       136.0600022    1.7937353E-07
       146.9400024    2.2634690E-07
       149.6600024    1.8708650E-07
       155.1000025    1.2879066E-07
       157.8200026    1.0730867E-07
       160.5500026    8.9605933E-08
       165.9900027    6.3088571E-08
       171.4300028    4.4897391E-08
       176.8700029    3.2277978E-08
       179.5900029    2.7468214E-08
       182.3100030    2.3429942E-08
       185.0400030    2.0019504E-08
       187.7600031    1.7153434E-08
       190.4800031    1.4729483E-08
       195.9200032    1.0929019E-08
       198.6400032    9.4426289E-09
       204.0800033    6.5790296E-08
       206.8000034    5.8161845E-08
       209.5300034    5.1339772E-08
       212.2500035    4.5343391E-08
       214.9700035    4.0075363E-08
       220.4100036    3.1402671E-08
       225.8500037    2.4725493E-08
       236.7400038    1.5550599E-08
       247.6200040    9.9701944E-09
       258.5100042    6.5017103E-09
       272.1100044    3.8979473E-09
       285.7200046    2.3893840E-09
       299.3200049    1.4954616E-09
       312.9300051    9.5322794E-10
       340.1400055    4.0705628E-10
       353.7400058    2.7195160E-10
       380.9500062    1.2607927E-10
       394.5600064    8.7324620E-11
       408.1700066    6.1113510E-11
       435.3800071    3.0784139E-11
       462.5900075    1.6040540E-11
       476.1900077    1.1711123E-11
       489.8000080    8.6071089E-12
       503.4000082    6.3679591E-12
       517.0100084    4.7386405E-12
       557.8300091    2.0054752E-12
       571.4300093    1.5215512E-12
       585.0400095    1.1453239E-12
       612.2500100    6.6921691E-13
       666.6700108    2.1575660E-13
       680.2800111    1.6576021E-13
       707.4900115    8.8554577E-14
       734.7000119    4.3210800E-14
       761.9100124    9.6532084E-15
       789.1200128    0.0000000E+00
       816.3300133    0.0000000E+00
       843.5400137    0.0000000E+00
       870.7500142    0.0000000E+00
       911.5700148    0.0000000E+00
       952.3900155    0.0000000E+00
       993.2000162    0.0000000E+00
      1020.4000166    0.0000000E+00
      1061.2000173    0.0000000E+00
      1088.4000177    0.0000000E+00
      1102.0000179    0.0000000E+00
 
