       80.0000013    7.4395657E-01
        85.0000014    4.7221857E-01
        90.0000015    3.0428800E-01
        95.2390015    1.9497032E-01
       100.6800016    1.2472142E-01
       114.2900019    4.3377709E-02
       119.7300019    2.9061168E-02
       122.4500020    2.3885498E-02
       125.1700020    1.9683173E-02
       127.8900021    1.6261309E-02
       130.6100021    1.3467271E-02
       133.3300022    1.1179818E-02
       136.0600022    9.2960885E-03
       146.9400024    1.4927180E-02
       149.6600024    1.3393835E-02
       155.1000025    1.0640981E-02
       157.8200026    9.4710765E-03
       160.5500026    8.4297080E-03
       165.9900027    6.7015705E-03
       171.4300028    5.3515336E-03
       176.8700029    4.2934748E-03
       179.5900029    3.8522806E-03
       182.3100030    3.4602396E-03
       185.0400030    3.1102176E-03
       187.7600031    2.7996032E-03
       190.4800031    2.5225414E-03
       195.9200032    2.0538834E-03
       198.6400032    1.8558602E-03
       204.0800033    1.6192565E-03
       206.8000034    1.4755473E-03
       209.5300034    1.3459312E-03
       212.2500035    1.2298123E-03
       214.9700035    1.1252435E-03
       220.4100036    9.4573002E-04
       225.8500037    7.9877523E-04
       236.7400038    5.7727197E-04
       247.6200040    4.2382415E-04
       258.5100042    3.1520490E-04
       272.1100044    2.2120813E-04
       285.7200046    1.5750264E-04
       299.3200049    1.1358081E-04
       312.9300051    8.2778432E-05
       340.1400055    4.5213881E-05
       353.7400058    3.3827309E-05
       380.9500062    1.9338822E-05
       394.5600064    1.4765008E-05
       408.1700066    1.1341969E-05
       435.3800071    6.8103036E-06
       462.5900075    4.1781032E-06
       476.1900077    3.2977130E-06
       489.8000080    2.6149603E-06
       503.4000082    2.0836014E-06
       517.0100084    1.6674317E-06
       557.8300091    8.7692695E-07
       571.4300093    7.1367259E-07
       585.0400095    5.8296064E-07
       612.2500100    3.9335848E-07
       666.6700108    1.8662114E-07
       680.2800111    1.5611337E-07
       707.4900115    1.1023661E-07
       734.7000119    7.8725975E-08
       761.9100124    5.6823922E-08
       789.1200128    4.1428528E-08
       816.3300133    3.0491293E-08
       843.5400137    2.2642825E-08
       870.7500142    1.6957060E-08
       911.5700148    1.1153269E-08
       952.3900155    7.4585138E-09
       993.2000162    5.0652167E-09
      1020.4000166    3.9449550E-09
      1061.2000173    2.7419504E-09
      1088.4000177    2.1666986E-09
      1102.0000179    1.9299433E-09
      1115.7000181    1.7198651E-09
      1129.3000184    1.5359116E-09
      1142.9000186    1.3733478E-09
      1156.5000188    1.2294924E-09
      1170.1000190    1.1020235E-09
      1197.3000195    8.8845847E-10
      1210.9000197    7.9909385E-10
      1224.5000199    7.1951012E-10
      1227.2000200    7.0477069E-10
      1229.9000200    6.9036249E-10
      1232.7000200    6.7576178E-10
      1235.4000201    6.6200345E-10
      1238.1000201    6.4855238E-10
      1240.8000202    6.3540118E-10
      1243.5000202    6.2254246E-10
      1246.3000203    6.0950894E-10
      1249.0000203    5.9722455E-10
      1257.2000204    6.3412048E-10
      1259.9000205    6.2175071E-10
      1262.6000205    6.0939037E-10
      1270.8000207    5.7287852E-10
      1281.6000208    5.2806992E-10
      1289.8000210    5.2754096E-10
      1292.5000210    5.1714133E-10
      1295.2000211    5.0686777E-10
      1298.0000211    4.9639370E-10
      1300.7000212    4.8648896E-10
      1303.4000212    4.7678483E-10
      1306.1000212    4.6728393E-10
      1314.3000214    4.3965884E-10
      1330.6000216    3.8990172E-10
      1341.5000218    3.6009465E-10
      1355.1000220    3.2636358E-10
      1360.6000221    3.1372210E-10
      1371.4000223    2.9043648E-10
      1382.3000225    2.6884797E-10
      1390.5000226    2.5377078E-10
      1395.9000227    2.4435112E-10
      1404.1000228    2.3077480E-10
      1406.8000229    2.2648802E-10
      1409.5000229    2.2228876E-10
      1415.0000230    2.1399738E-10
      1417.7000231    2.1005218E-10
      1420.4000231    2.0618696E-10
      1423.1000231    2.0239993E-10
      1425.9000232    1.9855338E-10
      1428.6000232    1.9492037E-10
      1431.3000233    1.9136044E-10
      1436.7000234    1.8445355E-10
      1439.5000234    1.8098069E-10
      1442.2000235    1.7769999E-10
      1444.9000235    1.7448472E-10
      1447.6000235    1.7133345E-10
      1450.4000236    1.6813156E-10
      1453.1000236    1.6510640E-10
      1455.8000237    9.8098407E-10
      1458.5000237    9.7168151E-10
      1461.2000238    9.5941444E-10
      1466.7000239    9.3029690E-10
      1469.4000239    9.1530217E-10
      1472.1000239    9.0025171E-10
      1477.6000240    8.6993168E-10
      1480.3000241    8.5533619E-10
      1488.4000242    8.1295992E-10
      1491.2000242    7.9882356E-10
      1496.6000243    7.7229995E-10
      1551.0000252    5.5246036E-10
      1632.7000266    3.3989161E-10
      1823.1000296    1.1891593E-10
      2340.2000381    1.0983803E-11
      2829.9000460    1.7922004E-12
      3047.6000496    8.8187595E-13
      3700.7000602    1.2730660E-13
      4000.0000650    5.8385473E-14
      4680.3000761    2.3146338E-15
      5006.8000814    0.0000000E+00
      5387.8000876    0.0000000E+00
 
