       80.0000013    2.1067123E-01
        85.0000014    1.2740941E-01
        90.0000015    7.8421384E-02
        95.2390015    4.7992710E-02
       100.6800016    2.9326914E-02
       114.2900019    9.1700451E-03
       119.7300019    5.9093046E-03
       122.4500020    4.7678747E-03
       125.1700020    3.8596937E-03
       127.8900021    3.1347484E-03
       130.6100021    2.5542381E-03
       133.3300022    2.0879491E-03
       136.0600022    1.7110341E-03
       146.9400024    5.0556450E-03
       149.6600024    4.4734334E-03
       155.1000025    3.4712008E-03
       157.8200026    3.0568747E-03
       160.5500026    2.6929493E-03
       165.9900027    2.0988751E-03
       171.4300028    1.6438533E-03
       176.8700029    1.2937131E-03
       179.5900029    1.1496923E-03
       182.3100030    1.0228471E-03
       185.0400030    9.1059838E-04
       187.7600031    8.1186974E-04
       190.4800031    7.2458637E-04
       195.9200032    5.7887484E-04
       198.6400032    5.1814731E-04
       204.0800033    5.3695909E-04
       206.8000034    4.8992608E-04
       209.5300034    4.4726839E-04
       212.2500035    4.0888545E-04
       214.9700035    3.7418414E-04
       220.4100036    3.1429777E-04
       225.8500037    2.6496837E-04
       236.7400038    1.9012029E-04
       247.6200040    1.3803113E-04
       258.5100042    1.0119301E-04
       272.1100044    6.9533387E-05
       285.7200046    4.8365706E-05
       299.3200049    3.4035551E-05
       312.9300051    2.4198434E-05
       340.1400055    1.2595012E-05
       353.7400058    9.2108803E-06
       380.9500062    5.0486019E-06
       394.5600064    3.7811592E-06
       408.1700066    2.8527331E-06
       435.3800071    1.6581517E-06
       462.5900075    9.8894520E-07
       476.1900077    7.7071149E-07
       489.8000080    6.0393984E-07
       503.4000082    4.7591891E-07
       517.0100084    3.7693107E-07
       557.8300091    1.9285434E-07
       571.4300093    1.5567714E-07
       585.0400095    1.2618450E-07
       612.2500100    8.3930466E-08
       666.6700108    3.8827324E-08
       680.2800111    3.2294320E-08
       707.4900115    2.2556504E-08
       734.7000119    1.5944188E-08
       761.9100124    1.1397141E-08
       789.1200128    8.2330498E-09
       816.3300133    6.0066490E-09
       843.5400137    4.4235340E-09
       870.7500142    3.2866363E-09
       911.5700148    2.1378366E-09
       952.3900155    1.4150859E-09
       993.2000162    9.5207064E-10
      1020.4000166    7.3725254E-10
      1061.2000173    5.0838816E-10
      1088.4000177    3.9979914E-10
      1102.0000179    3.5530401E-10
      1115.7000181    3.1593189E-10
      1129.3000184    2.8154865E-10
      1142.9000186    2.5124233E-10
      1156.5000188    2.2449106E-10
      1170.1000190    2.0084485E-10
      1197.3000195    1.6136277E-10
      1210.9000197    1.4489790E-10
      1224.5000199    1.3026610E-10
      1227.2000200    1.2755960E-10
      1229.9000200    1.2491497E-10
      1232.7000200    1.2223610E-10
      1235.4000201    1.1971280E-10
      1238.1000201    1.1724682E-10
      1240.8000202    1.1483674E-10
      1243.5000202    1.1248119E-10
      1246.3000203    1.1009455E-10
      1249.0000203    1.0784595E-10
      1257.2000204    1.0942710E-10
      1259.9000205    1.0724687E-10
      1262.6000205    1.0508540E-10
      1270.8000207    9.8740127E-11
      1281.6000208    9.0978600E-11
      1289.8000210    8.9056332E-11
      1292.5000210    8.7286255E-11
      1295.2000211    8.5543309E-11
      1298.0000211    8.3769540E-11
      1300.7000212    8.2093943E-11
      1303.4000212    8.0453304E-11
      1306.1000212    7.8847665E-11
      1314.3000214    7.4181168E-11
      1330.6000216    6.5780964E-11
      1341.5000218    6.0751210E-11
      1355.1000220    5.5061414E-11
      1360.6000221    5.2929619E-11
      1371.4000223    4.9003655E-11
      1382.3000225    4.5364702E-11
      1390.5000226    4.2823745E-11
      1395.9000227    4.1236427E-11
      1404.1000228    3.8948875E-11
      1406.8000229    3.8226620E-11
      1409.5000229    3.7519130E-11
      1415.0000230    3.6122258E-11
      1417.7000231    3.5457626E-11
      1420.4000231    3.4806481E-11
      1423.1000231    3.4168522E-11
      1425.9000232    3.3520547E-11
      1428.6000232    3.2908554E-11
      1431.3000233    3.2308881E-11
      1436.7000234    3.1145430E-11
      1439.5000234    3.0560443E-11
      1442.2000235    3.0007830E-11
      1444.9000235    2.9466238E-11
      1447.6000235    2.8935430E-11
      1450.4000236    2.8396100E-11
      1453.1000236    2.7886535E-11
      1455.8000237    1.7496143E-10
      1458.5000237    1.7332256E-10
      1461.2000238    1.7114220E-10
      1466.7000239    1.6593787E-10
      1469.4000239    1.6325152E-10
      1472.1000239    1.6055335E-10
      1477.6000240    1.5511513E-10
      1480.3000241    1.5249683E-10
      1488.4000242    1.4489548E-10
      1491.2000242    1.4236025E-10
      1496.6000243    1.3760443E-10
      1551.0000252    9.8248569E-11
      1632.7000266    6.0299668E-11
      1823.1000296    2.1010917E-11
      2340.2000381    1.8943471E-12
      2829.9000460    2.8380859E-13
      3047.6000496    1.3435826E-13
      3700.7000602    3.6954430E-15
      4000.0000650    0.0000000E+00
      4680.3000761    0.0000000E+00
      5006.8000814    0.0000000E+00
      5387.8000876    0.0000000E+00
 
