       12.5000002    7.0134344E+02
        15.0000002    1.9537773E+02
        20.0000003    2.2612928E+01
        25.0000004    1.3000095E+01
        30.0000005    8.7343283E+00
        35.0000006    5.0774622E+00
        40.0000007    2.6845431E+00
        45.0000007    1.2681204E+00
        50.0000008    5.4819059E-01
        55.0000009    2.2840729E-01
        60.0000010    1.0415888E-01
        65.0000011    5.8747925E-02
        70.0000011    3.9426666E-02
        75.0000012    1.2563081E-01
        80.0000013    1.0723200E-01
        85.0000014    8.5380241E-02
        90.0000015    6.8402857E-02
        95.2390015    5.2583840E-02
       100.6800016    3.6684155E-02
       114.2900019    1.1255068E-02
       119.7300019    6.1340565E-03
       122.4500020    4.2986297E-03
       125.1700020    2.8373350E-03
       127.8900021    1.6651804E-03
       130.6100021    6.2543678E-04
 
