       12.5000002    1.2642191E+02
        15.0000002    3.0448181E+01
        20.0000003    1.7119595E+01
        25.0000004    6.5704188E+00
        30.0000005    4.3429394E+00
        35.0000006    1.6533772E+00
        40.0000007    5.6319678E-01
        45.0000007    2.0574777E-01
        50.0000008    9.3220741E-02
        55.0000009    5.4973029E-02
        60.0000010    3.5461802E-02
        65.0000011    2.1206912E-02
        70.0000011    1.1124119E-02
        75.0000012    4.5115735E-02
        80.0000013    3.0058876E-02
        85.0000014    1.4853106E-02
        90.0000015    5.1112907E-05
 
