       12.5000002    1.2714557E+03
        15.0000002    4.8762253E+02
        20.0000003    3.4944927E+01
        25.0000004    1.7353636E+01
        30.0000005    1.1494102E+01
        35.0000006    7.0174170E+00
        40.0000007    4.3471551E+00
        45.0000007    2.4831045E+00
        50.0000008    1.2770530E+00
        55.0000009    5.9444660E-01
        60.0000010    2.6210663E-01
        65.0000011    1.2088843E-01
        70.0000011    6.5144643E-02
        75.0000012    1.7716123E-01
        80.0000013    1.5224889E-01
        85.0000014    1.2581684E-01
        90.0000015    1.0533320E-01
        95.2390015    8.5495114E-02
       100.6800016    6.5759897E-02
       114.2900019    3.0774908E-02
       119.7300019    2.1825435E-02
       122.4500020    1.8190486E-02
       125.1700020    1.5047013E-02
       127.8900021    1.2346443E-02
       130.6100021    1.0042180E-02
       133.3300022    8.0897920E-03
       136.0600022    6.4418162E-03
       146.9400024    2.2362140E-03
       149.6600024    1.6171240E-03
       155.1000025    7.1348256E-04
       157.8200026    3.7363631E-04
 
