       80.0000013    2.3928206E+00
        85.0000014    1.5970665E+00
        90.0000015    1.0763596E+00
        95.2390015    7.1953773E-01
       100.6800016    4.7914472E-01
       114.2900019    1.8223004E-01
       119.7300019    1.2618542E-01
       122.4500020    1.0539795E-01
       125.1700020    8.8245727E-02
       127.8900021    7.4055605E-02
       130.6100021    6.2285814E-02
       133.3300022    5.2499138E-02
       136.0600022    4.4314366E-02
       146.9400024    4.3006953E-02
       149.6600024    3.8465422E-02
       155.1000025    3.0562328E-02
       157.8200026    2.7247576E-02
       160.5500026    2.4307830E-02
       165.9900027    1.9440314E-02
       171.4300028    1.5637374E-02
       176.8700029    1.2649218E-02
       179.5900029    1.1399278E-02
       182.3100030    1.0285743E-02
       185.0400030    9.2886696E-03
       187.7600031    8.4010167E-03
       190.4800031    7.6065040E-03
       195.9200032    6.2550600E-03
       198.6400032    5.6804805E-03
       204.0800033    5.0248611E-03
       206.8000034    4.5641400E-03
       209.5300034    4.1427263E-03
       212.2500035    3.7635716E-03
       214.9700035    3.4222524E-03
       220.4100036    2.8391064E-03
       225.8500037    2.3664935E-03
       236.7400038    1.6670342E-03
       247.6200040    1.1958288E-03
       258.5100042    8.7170262E-04
       272.1100044    5.9957051E-04
       285.7200046    4.2062375E-04
       299.3200049    3.0026908E-04
       312.9300051    2.1745369E-04
       340.1400055    1.1818580E-04
       353.7400058    8.8402092E-05
       380.9500062    5.0586128E-05
       394.5600064    3.8633047E-05
       408.1700066    2.9668990E-05
       435.3800071    1.7762037E-05
       462.5900075    1.0820038E-05
       476.1900077    8.4952981E-06
       489.8000080    6.6931320E-06
       503.4000082    5.2924902E-06
       517.0100084    4.1981352E-06
       557.8300091    2.1351132E-06
       571.4300093    1.7144910E-06
       585.0400095    1.3803356E-06
       612.2500100    9.0203804E-07
       666.6700108    3.9691778E-07
       680.2800111    3.2514401E-07
       707.4900115    2.1966218E-07
       734.7000119    1.4965200E-07
       761.9100124    1.0276982E-07
       789.1200128    7.1108012E-08
       816.3300133    4.9551765E-08
       843.5400137    3.4762202E-08
       870.7500142    2.4540492E-08
       911.5700148    1.4714320E-08
       952.3900155    8.9271381E-09
       993.2000162    5.4728897E-09
      1020.4000166    3.9696499E-09
      1061.2000173    2.4677449E-09
      1088.4000177    1.8038170E-09
      1102.0000179    1.5435345E-09
      1115.7000181    1.3199577E-09
      1129.3000184    1.1305433E-09
      1142.9000186    9.6866259E-10
      1156.5000188    8.3020740E-10
      1170.1000190    7.1170414E-10
      1197.3000195    5.2323668E-10
      1210.9000197    4.4866269E-10
      1224.5000199    3.8469117E-10
      1227.2000200    3.7311473E-10
      1229.9000200    3.6188430E-10
      1232.7000200    3.5059222E-10
      1235.4000201    3.4003453E-10
      1238.1000201    3.2979200E-10
      1240.8000202    3.1985506E-10
      1243.5000202    3.1021452E-10
      1246.3000203    3.0052036E-10
      1249.0000203    2.9145611E-10
      1257.2000204    2.9821473E-10
      1259.9000205    2.8927136E-10
      1262.6000205    2.8047853E-10
      1270.8000207    2.5509811E-10
      1281.6000208    2.2495032E-10
      1289.8000210    2.1634465E-10
      1292.5000210    2.0964701E-10
      1295.2000211    2.0311458E-10
      1298.0000211    1.9652917E-10
      1300.7000212    1.9036574E-10
      1303.4000212    1.8438527E-10
      1306.1000212    1.7858495E-10
      1314.3000214    1.6202997E-10
      1330.6000216    1.3342581E-10
      1341.5000218    1.1709268E-10
      1355.1000220    9.9398621E-11
      1360.6000221    9.2997048E-11
      1371.4000223    8.1553500E-11
      1382.3000225    7.1369334E-11
      1390.5000226    6.4514200E-11
      1395.9000227    6.0344049E-11
      1404.1000228    5.4492591E-11
      1406.8000229    5.2685162E-11
      1409.5000229    5.0933820E-11
      1415.0000230    4.7532724E-11
      1417.7000231    4.5941487E-11
      1420.4000231    4.4399765E-11
      1423.1000231    4.2905936E-11
      1425.9000232    4.1406059E-11
      1428.6000232    4.0005683E-11
      1431.3000233    3.8649018E-11
      1436.7000234    3.6061536E-11
      1439.5000234    3.4783263E-11
      1442.2000235    3.3589961E-11
      1444.9000235    3.2434052E-11
      1447.6000235    3.1314437E-11
      1450.4000236    3.0190486E-11
      1453.1000236    2.9141363E-11
      1455.8000237    1.7567851E-10
      1458.5000237    1.7106561E-10
      1461.2000238    1.6601172E-10
      1466.7000239    1.5530963E-10
      1469.4000239    1.5009957E-10
      1472.1000239    1.4498905E-10
      1477.6000240    1.3496530E-10
      1480.3000241    1.3024937E-10
      1488.4000242    1.1691806E-10
      1491.2000242    1.1258691E-10
      1496.6000243    1.0461707E-10
      1551.0000252    4.7000868E-11
      1632.7000266    6.4542486E-12
 
