       80.0000013    1.7858375E-02
        85.0000014    9.6390070E-03
        90.0000015    5.3153513E-03
        95.2390015    2.9142732E-03
       100.6800016    1.6004400E-03
       114.2900019    4.0163414E-04
       119.7300019    2.4292899E-04
       122.4500020    1.9105336E-04
       125.1700020    1.5138793E-04
       127.8900021    1.2085943E-04
       130.6100021    9.7204669E-05
       133.3300022    7.8750156E-05
       136.0600022    6.4204542E-05
       146.9400024    3.7126261E-04
       149.6600024    3.1012617E-04
       155.1000025    2.1666492E-04
       157.8200026    1.8141842E-04
       160.5500026    1.5200659E-04
       165.9900027    1.0726054E-04
       171.4300028    7.6045151E-05
       176.8700029    5.4148750E-05
       179.5900029    4.5762354E-05
       182.3100030    3.8712198E-05
       185.0400030    3.2758744E-05
       187.7600031    2.7762833E-05
       190.4800031    2.3549277E-05
       195.9200032    1.6985729E-05
       198.6400032    1.4442784E-05
       204.0800033    2.8708186E-05
       206.8000034    2.5194380E-05
       209.5300034    2.2087052E-05
       212.2500035    1.9371173E-05
       214.9700035    1.6991478E-05
       220.4100036    1.3080706E-05
       225.8500037    1.0076991E-05
       236.7400038    5.9834147E-06
       247.6200040    3.5513658E-06
       258.5100042    2.0990847E-06
       272.1100044    1.0775035E-06
       285.7200046    5.4249824E-07
       299.3200049    2.6505325E-07
       312.9300051    1.2304497E-07
       340.1400055    1.7303673E-08
 
