       80.0000013    1.6158903E-01
        85.0000014    9.5348969E-02
        90.0000015    5.7211686E-02
        95.2390015    3.4059644E-02
       100.6800016    2.0206679E-02
       114.2900019    5.8511556E-03
       119.7300019    3.6547035E-03
       122.4500020    2.9032370E-03
       125.1700020    2.3141436E-03
       127.8900021    1.8508806E-03
       130.6100021    1.4854389E-03
       133.3300022    1.1962781E-03
       136.0600022    9.6602837E-04
       146.9400024    3.2164773E-03
       149.6600024    2.8044451E-03
       155.1000025    2.1161567E-03
       157.8200026    1.8381581E-03
       160.5500026    1.5971611E-03
       165.9900027    1.2108448E-03
       171.4300028    9.2202780E-04
       176.8700029    7.0510578E-04
       179.5900029    6.1754603E-04
       182.3100030    5.4138270E-04
       185.0400030    4.7482899E-04
       187.7600031    4.1703403E-04
       190.4800031    3.6659479E-04
       195.9200032    2.8399512E-04
       198.6400032    2.5026561E-04
       204.0800033    2.8426523E-04
       206.8000034    2.5649017E-04
       209.5300034    2.3147184E-04
       212.2500035    2.0913372E-04
       214.9700035    1.8910340E-04
       220.4100036    1.5497369E-04
       225.8500037    1.2736637E-04
       236.7400038    8.6644366E-05
       247.6200040    5.9471389E-05
       258.5100042    4.1109746E-05
       272.1100044    2.6161617E-05
       285.7200046    1.6796581E-05
       299.3200049    1.0877455E-05
       312.9300051    7.0958799E-06
       340.1400055    3.0827971E-06
       353.7400058    2.0505140E-06
       380.9500062    9.2025846E-07
       394.5600064    6.2001573E-07
       408.1700066    4.1890706E-07
       435.3800071    1.9220793E-07
       462.5900075    8.8159879E-08
       476.1900077    5.9531445E-08
       489.8000080    4.0029846E-08
       503.4000082    2.6772081E-08
       517.0100084    1.7760261E-08
       557.8300091    4.7829194E-09
       571.4300093    2.9457741E-09
       585.0400095    1.7316464E-09
       612.2500100    4.0296380E-10
 
