       80.0000013    3.2691397E-03
        85.0000014    1.6653426E-03
        90.0000015    8.7661087E-04
        95.2390015    4.6478378E-04
       100.6800016    2.5124796E-04
       114.2900019    6.5847416E-05
       119.7300019    4.1458941E-05
       122.4500020    3.3322543E-05
       125.1700020    2.6983176E-05
       127.8900021    2.1994485E-05
       130.6100021    1.8032173E-05
       133.3300022    1.4857889E-05
       136.0600022    1.2286558E-05
       146.9400024    5.3496125E-05
       149.6600024    4.2970551E-05
       155.1000025    2.7766129E-05
       157.8200026    2.2343154E-05
       160.5500026    1.7975462E-05
       165.9900027    1.1666541E-05
       171.4300028    7.5755515E-06
       176.8700029    4.9151313E-06
       179.5900029    3.9562128E-06
       182.3100030    3.1820614E-06
       185.0400030    2.5549787E-06
       187.7600031    2.0507982E-06
       190.4800031    1.6438605E-06
       195.9200032    1.0508489E-06
       198.6400032    8.3756294E-07
       204.0800033    2.4521180E-06
       206.8000034    2.0090233E-06
       209.5300034    1.6356418E-06
       212.2500035    1.3255250E-06
       214.9700035    1.0680484E-06
       220.4100036    6.7912362E-07
       225.8500037    4.1554233E-07
       236.7400038    1.1937369E-07
 
