       80.0000013    1.6503907E+00
        85.0000014    1.0788580E+00
        90.0000015    7.1352196E-01
        95.2390015    4.6849695E-01
       100.6800016    3.0670807E-01
       114.2900019    1.1233260E-01
       119.7300019    7.6709688E-02
       122.4500020    6.3636504E-02
       125.1700020    5.2920729E-02
       127.8900021    4.4112921E-02
       130.6100021    3.6854044E-02
       133.3300022    3.0856349E-02
       136.0600022    2.5871892E-02
       146.9400024    2.9018728E-02
       149.6600024    2.6002515E-02
       155.1000025    2.0665932E-02
       157.8200026    1.8409563E-02
       160.5500026    1.6403155E-02
       165.9900027    1.3074240E-02
       171.4300028    1.0471312E-02
       176.8700029    8.4277093E-03
       179.5900029    7.5740735E-03
       182.3100030    6.8145501E-03
       185.0400030    6.1354730E-03
       187.7600031    5.5319434E-03
       190.4800031    4.9927556E-03
       195.9200032    4.0784571E-03
       198.6400032    3.6911084E-03
       204.0800033    3.1696102E-03
       206.8000034    2.8735050E-03
       209.5300034    2.6058347E-03
       212.2500035    2.3664949E-03
       214.9700035    2.1518033E-03
       220.4100036    1.7860372E-03
       225.8500037    1.4901358E-03
       236.7400038    1.0523304E-03
       247.6200040    7.5683283E-04
       258.5100042    5.5282877E-04
       272.1100044    3.8069050E-04
       285.7200046    2.6685791E-04
       299.3200049    1.8994996E-04
       312.9300051    1.3688550E-04
       340.1400055    7.3291892E-05
       353.7400058    5.4303229E-05
       380.9500062    3.0404788E-05
       394.5600064    2.2946508E-05
       408.1700066    1.7406699E-05
       435.3800071    1.0159293E-05
       462.5900075    6.0300999E-06
       476.1900077    4.6732307E-06
       489.8000080    3.6342637E-06
       503.4000082    2.8367606E-06
       517.0100084    2.2213844E-06
       557.8300091    1.0876026E-06
       571.4300093    8.6254443E-07
       585.0400095    6.8592607E-07
       612.2500100    4.3748832E-07
       666.6700108    1.8360146E-07
       680.2800111    1.4865843E-07
       707.4900115    9.8128261E-08
       734.7000119    6.5321530E-08
       761.9100124    4.3823459E-08
       789.1200128    2.9612149E-08
       816.3300133    2.0140210E-08
       843.5400137    1.3778364E-08
       870.7500142    9.4747943E-09
       911.5700148    5.4463971E-09
       952.3900155    3.1540901E-09
       993.2000162    1.8354509E-09
      1020.4000166    1.2809749E-09
      1061.2000173    7.4642925E-10
      1088.4000177    5.1974819E-10
      1102.0000179    4.3326798E-10
      1115.7000181    3.6036851E-10
      1129.3000184    2.9981406E-10
      1142.9000186    2.4911648E-10
      1156.5000188    2.0668135E-10
      1170.1000190    1.7117481E-10
      1197.3000195    1.1666029E-10
      1210.9000197    9.5931055E-11
      1224.5000199    7.8633378E-11
      1227.2000200    7.5557650E-11
      1229.9000200    7.2591197E-11
      1232.7000200    6.9626298E-11
      1235.4000201    6.6870981E-11
      1238.1000201    6.4213933E-11
      1240.8000202    6.1651774E-11
      1243.5000202    5.9181236E-11
      1246.3000203    5.6712603E-11
      1249.0000203    5.4419063E-11
      1257.2000204    5.1865932E-11
      1259.9000205    4.9725692E-11
      1262.6000205    4.7649079E-11
      1270.8000207    4.1765910E-11
      1281.6000208    3.4961020E-11
      1289.8000210    3.1654991E-11
      1292.5000210    3.0222710E-11
      1295.2000211    2.8840432E-11
      1298.0000211    2.7460012E-11
      1300.7000212    2.6179262E-11
      1303.4000212    2.4946685E-11
      1306.1000212    2.3760823E-11
      1314.3000214    2.0429622E-11
      1330.6000216    1.4875507E-11
      1341.5000218    1.1830574E-11
      1355.1000220    8.6417089E-12
      1360.6000221    7.5142566E-12
      1371.4000223    5.5211070E-12
      1382.3000225    3.7298220E-12
      1390.5000226    2.4308097E-12
      1395.9000227    1.4761446E-12
 
