       80.0000013    3.4476393E-01
        85.0000014    2.1014434E-01
        90.0000015    1.3014086E-01
        95.2390015    8.0023192E-02
       100.6800016    4.9054705E-02
       114.2900019    1.5334356E-02
       119.7300019    9.8458380E-03
       122.4500020    7.9232119E-03
       125.1700020    6.3936352E-03
       127.8900021    5.1733260E-03
       130.6100021    4.1971030E-03
       133.3300022    3.4140844E-03
       136.0600022    2.7823497E-03
       146.9400024    6.4885113E-03
       149.6600024    5.7319482E-03
       155.1000025    4.4218688E-03
       157.8200026    3.8799800E-03
       160.5500026    3.4046718E-03
       165.9900027    2.6313092E-03
       171.4300028    2.0423057E-03
       176.8700029    1.5920155E-03
       179.5900029    1.4077949E-03
       182.3100030    1.2461371E-03
       185.0400030    1.1036210E-03
       187.7600031    9.7875553E-04
       190.4800031    8.6880318E-04
       195.9200032    6.8634725E-04
       198.6400032    6.1079615E-04
       204.0800033    5.9197552E-04
       206.8000034    5.3644431E-04
       209.5300034    4.8644305E-04
       212.2500035    4.4174219E-04
       214.9700035    4.0157989E-04
       220.4100036    3.3288109E-04
       225.8500037    2.7694984E-04
       236.7400038    1.9347559E-04
       247.6200040    1.3666364E-04
       258.5100042    9.7368007E-05
       272.1100044    6.4435480E-05
       285.7200046    4.3060289E-05
       299.3200049    2.9039247E-05
       312.9300051    1.9733970E-05
       340.1400055    9.3127292E-06
       353.7400058    6.4611968E-06
       380.9500062    3.1650750E-06
       394.5600064    2.2332968E-06
       408.1700066    1.5838759E-06
       435.3800071    8.0808491E-07
       462.5900075    4.1909360E-07
       476.1900077    3.0343057E-07
       489.8000080    2.2028685E-07
       503.4000082    1.6036851E-07
       517.0100084    1.1696447E-07
       557.8300091    4.5739096E-08
       571.4300093    3.3479314E-08
       585.0400095    2.4485928E-08
       612.2500100    1.3043076E-08
       666.6700108    3.5483683E-09
       680.2800111    2.5215834E-09
       707.4900115    1.2307162E-09
       734.7000119    5.5615040E-10
       761.9100124    2.0986408E-10
 
