       80.0000013    3.2755640E+00
        85.0000014    2.2311482E+00
        90.0000015    1.5318846E+00
        95.2390015    1.0423297E+00
       100.6800016    7.0575976E-01
       114.2900019    2.7819642E-01
       119.7300019    1.9508664E-01
       122.4500020    1.6394210E-01
       125.1700020    1.3808219E-01
       127.8900021    1.1655819E-01
       130.6100021    9.8600388E-02
       133.3300022    8.3582878E-02
       136.0600022    7.0953138E-02
       146.9400024    6.1923165E-02
       149.6600024    5.5211589E-02
       155.1000025    4.3715999E-02
       157.8200026    3.8941402E-02
       160.5500026    3.4725126E-02
       165.9900027    2.7776487E-02
       171.4300028    2.2371763E-02
       176.8700029    1.8136838E-02
       179.5900029    1.6367629E-02
       182.3100030    1.4792182E-02
       185.0400030    1.3381751E-02
       187.7600031    1.2126008E-02
       190.4800031    1.1001678E-02
       195.9200032    9.0875346E-03
       198.6400032    8.2726367E-03
       204.0800033    7.6002907E-03
       206.8000034    6.9262749E-03
       209.5300034    6.2997066E-03
       212.2500035    5.7309484E-03
       214.9700035    5.2161412E-03
       220.4100036    4.3321773E-03
       225.8500037    3.6126538E-03
       236.7400038    2.5439195E-03
       247.6200040    1.8222332E-03
       258.5100042    1.3257713E-03
       272.1100044    9.0975215E-04
       285.7200046    6.3721067E-04
       299.3200049    4.5471647E-04
       312.9300051    3.2966750E-04
       340.1400055    1.8037614E-04
       353.7400058    1.3564277E-04
       380.9500062    7.8697762E-05
       394.5600064    6.0591166E-05
       408.1700066    4.6937676E-05
       435.3800071    2.8628208E-05
       462.5900075    1.7785726E-05
       476.1900077    1.4105430E-05
       489.8000080    1.1226417E-05
       503.4000082    8.9679406E-06
       517.0100084    7.1865556E-06
       557.8300091    3.7681853E-06
       571.4300093    3.0564831E-06
       585.0400095    2.4855474E-06
       612.2500100    1.6567996E-06
       666.6700108    7.5777496E-07
       680.2800111    6.2665015E-07
       707.4900115    4.3133156E-07
       734.7000119    2.9930695E-07
       761.9100124    2.0930015E-07
       789.1200128    1.4743779E-07
       816.3300133    1.0458796E-07
       843.5400137    7.4687001E-08
       870.7500142    5.3673716E-08
       911.5700148    3.3066275E-08
       952.3900155    2.0628901E-08
       993.2000162    1.3021508E-08
      1020.4000166    9.6400603E-09
      1061.2000173    6.1914567E-09
      1088.4000177    4.6324544E-09
      1102.0000179    4.0126964E-09
      1115.7000181    3.4753342E-09
      1129.3000184    3.0156957E-09
      1142.9000186    2.6190015E-09
      1156.5000188    2.2762769E-09
      1170.1000190    1.9798811E-09
      1197.3000195    1.5009793E-09
      1210.9000197    1.3081654E-09
      1224.5000199    1.1407957E-09
      1227.2000200    1.1102824E-09
      1229.9000200    1.0806086E-09
      1232.7000200    1.0506965E-09
      1235.4000201    1.0226588E-09
      1238.1000201    9.9538977E-10
      1240.8000202    9.6886743E-10
      1243.5000202    9.4307051E-10
      1246.3000203    9.1706237E-10
      1249.0000203    8.9268004E-10
      1257.2000204    9.5675212E-10
      1259.9000205    9.3172103E-10
      1262.6000205    9.0689978E-10
      1270.8000207    8.3454949E-10
      1281.6000208    7.4762346E-10
      1289.8000210    7.3900758E-10
      1292.5000210    7.1915729E-10
      1295.2000211    6.9969236E-10
      1298.0000211    6.7998529E-10
      1300.7000212    6.6147282E-10
      1303.4000212    6.4345013E-10
      1306.1000212    6.2591471E-10
      1314.3000214    5.7555621E-10
      1330.6000216    4.8733073E-10
      1341.5000218    4.3612627E-10
      1355.1000220    3.7981096E-10
      1360.6000221    3.5918213E-10
      1371.4000223    3.2190989E-10
      1382.3000225    2.8824559E-10
      1390.5000226    2.6527736E-10
      1395.9000227    2.5116639E-10
      1404.1000228    2.3116672E-10
      1406.8000229    2.2493760E-10
      1409.5000229    2.1887675E-10
      1415.0000230    2.0703195E-10
      1417.7000231    2.0145426E-10
      1420.4000231    1.9602690E-10
      1423.1000231    1.9074574E-10
      1425.9000232    1.8541910E-10
      1428.6000232    1.8042343E-10
      1431.3000233    1.7556211E-10
      1436.7000234    1.6622789E-10
      1439.5000234    1.6158434E-10
      1442.2000235    1.5722901E-10
      1444.9000235    1.5299051E-10
      1447.6000235    1.4886566E-10
      1450.4000236    1.4470476E-10
      1453.1000236    1.4080191E-10
      1455.8000237    8.1626689E-10
      1458.5000237    8.0128704E-10
      1461.2000238    7.8407270E-10
      1466.7000239    7.4638495E-10
      1469.4000239    7.2769940E-10
      1472.1000239    7.0922018E-10
      1477.6000240    6.7260447E-10
      1480.3000241    6.5521877E-10
      1488.4000242    6.0552008E-10
      1491.2000242    5.8918981E-10
      1496.6000243    5.5888716E-10
      1551.0000252    3.2639202E-10
      1632.7000266    1.4139981E-10
      1823.1000296    1.4067568E-11
 
