       80.0000013    2.8813363E-04
        85.0000014    1.4661692E-04
        90.0000015    7.9458281E-05
        95.2390015    4.4225948E-05
       100.6800016    2.5146444E-05
       114.2900019    6.6983503E-06
       119.7300019    3.9592182E-06
       122.4500020    3.0310289E-06
       125.1700020    2.3104460E-06
       127.8900021    1.7514639E-06
       130.6100021    1.3185792E-06
       133.3300022    9.8420423E-07
       136.0600022    7.2596345E-07
       146.9400024    6.5347132E-07
       149.6600024    3.8386153E-07
       155.1000025    5.1799606E-08
 
