       80.0000013    1.0663909E+00
        85.0000014    6.8245351E-01
        90.0000015    4.4269100E-01
        95.2390015    2.8527460E-01
       100.6800016    1.8338855E-01
       114.2900019    6.4370669E-02
       119.7300019    4.3239061E-02
       122.4500020    3.5576984E-02
       125.1700020    2.9344780E-02
       127.8900021    2.4261491E-02
       130.6100021    2.0104270E-02
       133.3300022    1.6695751E-02
       136.0600022    1.3884957E-02
       146.9400024    1.8817203E-02
       149.6600024    1.6846644E-02
       155.1000025    1.3330002E-02
       157.8200026    1.1840482E-02
       160.5500026    1.0516842E-02
       165.9900027    8.3253887E-03
       171.4300028    6.6187996E-03
       176.8700029    5.2856244E-03
       179.5900029    4.7311285E-03
       182.3100030    4.2392504E-03
       185.0400030    3.8008571E-03
       187.7600031    3.4125133E-03
       190.4800031    3.0667477E-03
       195.9200032    2.4834780E-03
       198.6400032    2.2377514E-03
       204.0800033    1.9096668E-03
       206.8000034    1.7307540E-03
       209.5300034    1.5699950E-03
       212.2500035    1.4266280E-03
       214.9700035    1.2981517E-03
       220.4100036    1.0792497E-03
       225.8500037    9.0190745E-04
       236.7400038    6.3859991E-04
       247.6200040    4.5984343E-04
       258.5100042    3.3570771E-04
       272.1100044    2.3039764E-04
       285.7200046    1.6049674E-04
       299.3200049    1.1323884E-04
       312.9300051    8.0714599E-05
       340.1400055    4.2079420E-05
       353.7400058    3.0713843E-05
       380.9500062    1.6656821E-05
       394.5600064    1.2364878E-05
       408.1700066    9.2243072E-06
       435.3800071    5.2060650E-06
       462.5900075    2.9888322E-06
       476.1900077    2.2784734E-06
       489.8000080    1.7432172E-06
       503.4000082    1.3388869E-06
       517.0100084    1.0318003E-06
       557.8300091    4.8192913E-07
       571.4300093    3.7634069E-07
       585.0400095    2.9470704E-07
       612.2500100    1.8228651E-07
       666.6700108    7.1893822E-08
       680.2800111    5.7289608E-08
       707.4900115    3.6596692E-08
       734.7000119    2.3538174E-08
       761.9100124    1.5225266E-08
       789.1200128    9.8920747E-09
       816.3300133    6.4473187E-09
       843.5400137    4.2096300E-09
       870.7500142    2.7494169E-09
       911.5700148    1.4467320E-09
       952.3900155    7.5410167E-10
       993.2000162    3.8612788E-10
      1020.4000166    2.4323105E-10
      1061.2000173    1.1695371E-10
      1088.4000177    6.8828498E-11
      1102.0000179    5.1744154E-11
      1115.7000181    3.8036924E-11
      1129.3000184    2.7203110E-11
      1142.9000186    1.8531430E-11
      1156.5000188    1.1445620E-11
      1170.1000190    5.0197307E-12
 
