       80.0000013    6.3888407E-01
        85.0000014    3.9976871E-01
        90.0000015    2.5391591E-01
        95.2390015    1.6022396E-01
       100.6800016    1.0084837E-01
       114.2900019    3.3623427E-02
       119.7300019    2.2131385E-02
       122.4500020    1.8026711E-02
       125.1700020    1.4720320E-02
       127.8900021    1.2049626E-02
       130.6100021    9.8867258E-03
       133.3300022    8.1306510E-03
       136.0600022    6.6966908E-03
       146.9400024    1.1543536E-02
       149.6600024    1.0287474E-02
       155.1000025    8.0606593E-03
       157.8200026    7.1242824E-03
       160.5500026    6.2960228E-03
       165.9900027    4.9337712E-03
       171.4300028    3.8822873E-03
       176.8700029    3.0681572E-03
       179.5900029    2.7318771E-03
       182.3100030    2.4349357E-03
       185.0400030    2.1715080E-03
       187.7600031    1.9392484E-03
       190.4800031    1.7334319E-03
       195.9200032    1.3886903E-03
       198.6400032    1.2445321E-03
       204.0800033    1.0998903E-03
       206.8000034    9.9737349E-04
       209.5300034    9.0529583E-04
       212.2500035    8.2312227E-04
       214.9700035    7.4939081E-04
       220.4100036    6.2346848E-04
       225.8500037    5.2109733E-04
       236.7400038    3.6835234E-04
       247.6200040    2.6408286E-04
       258.5100042    1.9144708E-04
       272.1100044    1.2982283E-04
       285.7200046    8.9089859E-05
       299.3200049    6.1780549E-05
       312.9300051    4.3207532E-05
       340.1400055    2.1617059E-05
       353.7400058    1.5443324E-05
       380.9500062    8.0185118E-06
       394.5600064    5.8241544E-06
       408.1700066    4.2517540E-06
       435.3800071    2.2990871E-06
       462.5900075    1.2655290E-06
       476.1900077    9.4488502E-07
       489.8000080    7.0809216E-07
       503.4000082    5.3273430E-07
       517.0100084    4.0213848E-07
       557.8300091    1.7636683E-07
       571.4300093    1.3478473E-07
       585.0400095    1.0324386E-07
       612.2500100    6.0988619E-08
       666.6700108    2.1696156E-08
       680.2800111    1.6795171E-08
       707.4900115    1.0074892E-08
       734.7000119    6.0371463E-09
       761.9100124    3.6029728E-09
       789.1200128    2.1338875E-09
       816.3300133    1.2484337E-09
       843.5400137    7.1689071E-10
       870.7500142    4.0004555E-10
       911.5700148    1.5126768E-10
       952.3900155    4.0830988E-11
 
