       80.0000013    6.2300920E-02
        85.0000014    3.5320841E-02
        90.0000015    2.0391900E-02
        95.2390015    1.1679481E-02
       100.6800016    6.6715493E-03
       114.2900019    1.7820310E-03
       119.7300019    1.0858328E-03
       122.4500020    8.5363229E-04
       125.1700020    6.7434227E-04
       127.8900021    5.3533964E-04
       130.6100021    4.2712636E-04
       133.3300022    3.4253011E-04
       136.0600022    2.7589939E-04
       146.9400024    1.3096884E-03
       149.6600024    1.1215493E-03
       155.1000025    8.2020951E-04
       157.8200026    7.0209318E-04
       160.5500026    6.0129998E-04
       165.9900027    4.4308594E-04
       171.4300028    3.2798538E-04
       176.8700029    2.4381974E-04
       179.5900029    2.1053781E-04
       182.3100030    1.8197387E-04
       185.0400030    1.5734881E-04
       187.7600031    1.3625252E-04
       190.4800031    1.1808920E-04
       195.9200032    8.8932342E-05
       198.6400032    7.7273035E-05
       204.0800033    1.1086825E-04
       206.8000034    9.9091820E-05
       209.5300034    8.8540692E-05
       212.2500035    7.9184341E-05
       214.9700035    7.0858659E-05
       220.4100036    5.6844801E-05
       225.8500037    4.5707773E-05
       236.7400038    2.9723285E-05
       247.6200040    1.9475594E-05
       258.5100042    1.2835108E-05
       272.1100044    7.6818724E-06
       285.7200046    4.6274758E-06
       299.3200049    2.8034340E-06
       312.9300051    1.7040204E-06
       340.1400055    6.3209461E-07
       353.7400058    3.8410525E-07
       380.9500062    1.3922032E-07
       394.5600064    8.2436273E-08
       408.1700066    4.7943026E-08
       435.3800071    1.4761158E-08
       462.5900075    3.2239804E-09
       476.1900077    3.4459358E-10
 
