       80.0000013    4.2832556E+00
        85.0000014    2.9758718E+00
        90.0000015    2.0809908E+00
        95.2390015    1.4411490E+00
       100.6800016    9.9224442E-01
       114.2900019    4.0532896E-01
       119.7300019    2.8776136E-01
       122.4500020    2.4323851E-01
       125.1700020    2.0603356E-01
       127.8900021    1.7487715E-01
       130.6100021    1.4873026E-01
       133.3300022    1.2674102E-01
       136.0600022    1.0814712E-01
       146.9400024    8.7640554E-02
       149.6600024    7.7907182E-02
       155.1000025    6.1394442E-02
       157.8200026    5.4588478E-02
       160.5500026    4.8603341E-02
       165.9900027    3.8791578E-02
       171.4300028    3.1206239E-02
       176.8700029    2.5292004E-02
       179.5900029    2.2828925E-02
       182.3100030    2.0639341E-02
       185.0400030    1.8681986E-02
       187.7600031    1.6941467E-02
       190.4800031    1.5384677E-02
       195.9200032    1.2737139E-02
       198.6400032    1.1610799E-02
       204.0800033    1.1062053E-02
       206.8000034    1.0122968E-02
       209.5300034    9.2332000E-03
       212.2500035    8.4170084E-03
       214.9700035    7.6733641E-03
       220.4100036    6.3884519E-03
       225.8500037    5.3364914E-03
       236.7400038    3.7650894E-03
       247.6200040    2.6982436E-03
       258.5100042    1.9619875E-03
       272.1100044    1.3441844E-03
       285.7200046    9.3971693E-04
       299.3200049    6.6952762E-04
       312.9300051    4.8500238E-04
       340.1400055    2.6577129E-04
       353.7400058    2.0035448E-04
       380.9500062    1.1717988E-04
       394.5600064    9.0699941E-05
       408.1700066    7.0684699E-05
       435.3800071    4.3699594E-05
       462.5900075    2.7557475E-05
       476.1900077    2.2026241E-05
       489.8000080    1.7670525E-05
       503.4000082    1.4229761E-05
       517.0100084    1.1496220E-05
       557.8300091    6.1777559E-06
       571.4300093    5.0521435E-06
       585.0400095    4.1421658E-06
       612.2500100    2.8063193E-06
       666.6700108    1.3253328E-06
       680.2800111    1.1046831E-06
       707.4900115    7.7233716E-07
       734.7000119    5.4424817E-07
       761.9100124    3.8639632E-07
       789.1200128    2.7628295E-07
       816.3300133    1.9889121E-07
       843.5400137    1.4410681E-07
       870.7500142    1.0505864E-07
       911.5700148    6.6114112E-08
       952.3900155    4.2125947E-08
       993.2000162    2.7158150E-08
      1020.4000166    2.0392648E-08
      1061.2000173    1.3383375E-08
      1088.4000177    1.0162130E-08
      1102.0000179    8.8688781E-09
      1115.7000181    7.7403026E-09
      1129.3000184    6.7686905E-09
      1142.9000186    5.9246816E-09
      1156.5000188    5.1907296E-09
      1170.1000190    4.5518100E-09
      1197.3000195    3.5093768E-09
      1210.9000197    3.0853102E-09
      1224.5000199    2.7146723E-09
      1227.2000200    2.6468145E-09
      1229.9000200    2.5807321E-09
      1232.7000200    2.5140248E-09
      1235.4000201    2.4514089E-09
      1238.1000201    2.3904241E-09
      1240.8000202    2.3310258E-09
      1243.5000202    2.2731708E-09
      1246.3000203    2.2147582E-09
      1249.0000203    2.1599178E-09
      1257.2000204    2.4135705E-09
      1259.9000205    2.3551632E-09
      1262.6000205    2.2968392E-09
      1270.8000207    2.1256774E-09
      1281.6000208    1.9186948E-09
      1289.8000210    1.9355209E-09
      1292.5000210    1.8873159E-09
      1295.2000211    1.8398751E-09
      1298.0000211    1.7917200E-09
      1300.7000212    1.7463913E-09
      1303.4000212    1.7021847E-09
      1306.1000212    1.6591043E-09
      1314.3000214    1.5350093E-09
      1330.6000216    1.3161515E-09
      1341.5000218    1.1881525E-09
      1355.1000220    1.0463860E-09
      1360.6000221    9.9415909E-10
      1371.4000223    8.9933566E-10
      1382.3000225    8.1311891E-10
      1390.5000226    7.5393997E-10
      1395.9000227    7.1742279E-10
      1404.1000228    6.6543770E-10
      1406.8000229    6.4918737E-10
      1409.5000229    6.3334754E-10
      1415.0000230    6.0230615E-10
      1417.7000231    5.8764782E-10
      1420.4000231    5.7335803E-10
      1423.1000231    5.5942723E-10
      1425.9000232    5.4534949E-10
      1428.6000232    5.3212096E-10
      1431.3000233    5.1922366E-10
      1436.7000234    4.9438814E-10
      1439.5000234    4.8199639E-10
      1442.2000235    4.7035048E-10
      1444.9000235    4.5899456E-10
      1447.6000235    4.4792109E-10
      1450.4000236    4.3672799E-10
      1453.1000236    4.2620740E-10
      1455.8000237    2.3705384E-09
      1458.5000237    2.3337965E-09
      1461.2000238    2.2904869E-09
      1466.7000239    2.1941422E-09
      1469.4000239    2.1459801E-09
      1472.1000239    2.0981794E-09
      1477.6000240    2.0030484E-09
      1480.3000241    1.9577007E-09
      1488.4000242    1.8274469E-09
      1491.2000242    1.7844407E-09
      1496.6000243    1.7043468E-09
      1551.0000252    1.0737085E-09
      1632.7000266    5.3617033E-10
      1823.1000296    1.0307523E-10
 
