       12.5000002    4.7741531E+02
        15.0000002    1.1696978E+02
        20.0000003    2.3569475E+01
        25.0000004    1.3047412E+01
        30.0000005    9.2704258E+00
        35.0000006    5.6004958E+00
        40.0000007    3.1530597E+00
        45.0000007    1.6480241E+00
        50.0000008    8.1151706E-01
        55.0000009    3.8538864E-01
        60.0000010    1.8882380E-01
        65.0000011    1.0467318E-01
        70.0000011    6.8135411E-02
        75.0000012    2.1544750E-01
        80.0000013    1.9610056E-01
        85.0000014    1.7012356E-01
        90.0000015    1.5021029E-01
        95.2390015    1.2935804E-01
       100.6800016    1.0612258E-01
       114.2900019    6.2695585E-02
       119.7300019    5.0764617E-02
       122.4500020    4.5652155E-02
       125.1700020    4.1034818E-02
       127.8900021    3.6866412E-02
       130.6100021    3.3105686E-02
       133.3300022    2.9715603E-02
       136.0600022    2.6651731E-02
       146.9400024    1.7228277E-02
       149.6600024    1.5442808E-02
       155.1000025    1.2408085E-02
       157.8200026    1.1123600E-02
       160.5500026    9.9695129E-03
       165.9900027    9.5963404E-03
       171.4300028    7.9178158E-03
       176.8700029    6.9956528E-03
       179.5900029    6.3901655E-03
       182.3100030    5.8102929E-03
       185.0400030    5.2706511E-03
       187.7600031    4.7809109E-03
       190.4800031    4.3390892E-03
       195.9200032    3.5848578E-03
       198.6400032    3.2635049E-03
       204.0800033    2.7140658E-03
       206.8000034    2.4796848E-03
       209.5300034    2.2676305E-03
       212.2500035    2.0769327E-03
       214.9700035    1.9045426E-03
       220.4100036    1.6070334E-03
       225.8500037    1.3619399E-03
       236.7400038    1.1741766E-03
       247.6200040    8.5985591E-04
       258.5100042    6.3015218E-04
       272.1100044    4.3233862E-04
       285.7200046    3.0105215E-04
       299.3200049    2.1290517E-04
       312.9300051    1.5283549E-04
       340.1400055    8.2353035E-05
       353.7400058    6.1740786E-05
       380.9500062    3.6028352E-05
       394.5600064    2.7987415E-05
       408.1700066    2.1956937E-05
       435.3800071    1.3869204E-05
       462.5900075    9.0151116E-06
       476.1900077    7.3341212E-06
       489.8000080    5.9966537E-06
       503.4000082    4.9268710E-06
       517.0100084    4.0646828E-06
       557.8300091    2.3342996E-06
       571.4300093    1.9532570E-06
       585.0400095    1.6390312E-06
       612.2500100    1.1637708E-06
       666.6700108    6.0429505E-07
       680.2800111    5.1582941E-07
       707.4900115    3.8676117E-07
       734.7000119    2.8781920E-07
       761.9100124    2.1330882E-07
       789.1200128    1.5937265E-07
       816.3300133    1.1997625E-07
       843.5400137    9.0961535E-08
       870.7500142    6.9427372E-08
       911.5700148    4.6843212E-08
       952.3900155    3.2026787E-08
       993.2000162    3.1385628E-08
      1020.4000166    2.4282700E-08
      1061.2000173    1.9351853E-08
      1088.4000177    1.5109801E-08
      1102.0000179    1.3378823E-08
      1115.7000181    1.1851545E-08
      1129.3000184    1.0521725E-08
      1142.9000186    9.3530765E-09
      1156.5000188    8.3246094E-09
      1170.1000190    7.4182709E-09
      1197.3000195    2.1539206E-08
      1210.9000197    1.9451512E-08
      1224.5000199    1.7561947E-08
      1227.2000200    1.7210155E-08
      1229.9000200    1.6865821E-08
      1232.7000200    1.6516458E-08
      1235.4000201    1.6186872E-08
      1238.1000201    1.5864311E-08
      1240.8000202    1.5548624E-08
      1243.5000202    1.5239666E-08
      1246.3000203    1.4926215E-08
      1249.0000203    1.4630514E-08
      1257.2000204    1.3770456E-08
      1259.9000205    1.3499313E-08
      1262.6000205    1.3233914E-08
      1270.8000207    1.2461794E-08
      1281.6000208    1.1518127E-08
      1289.8000210    1.0853188E-08
      1292.5000210    1.0643405E-08
      1295.2000211    1.0437992E-08
      1298.0000211    1.0229482E-08
      1300.7000212    1.0032670E-08
      1303.4000212    9.8399386E-09
      1306.1000212    9.6511963E-09
      1314.3000214    9.1015391E-09
      1330.6000216    8.1066567E-09
      1341.5000218    7.5072242E-09
      1355.1000220    6.8255228E-09
      1360.6000221    6.5690777E-09
      1371.4000223    6.0952607E-09
      1382.3000225    5.6542313E-09
      1390.5000226    5.3451754E-09
      1395.9000227    5.1516356E-09
      1404.1000228    4.8720561E-09
      1406.8000229    4.7836179E-09
      1409.5000229    4.6969100E-09
      1415.0000230    4.5254822E-09
      1417.7000231    4.4438080E-09
      1420.4000231    4.3637218E-09
      1423.1000231    4.2851909E-09
      1425.9000232    4.2053592E-09
      1428.6000232    4.1298960E-09
      1431.3000233    4.0558921E-09
      1436.7000234    3.9121399E-09
      1439.5000234    3.8397738E-09
      1442.2000235    3.7713583E-09
      1444.9000235    3.7042560E-09
      1447.6000235    3.6384395E-09
      1450.4000236    3.5715157E-09
      1453.1000236    3.5082379E-09
      1455.8000237    3.4461678E-09
      1458.5000237    3.3852803E-09
      1461.2000238    3.3255516E-09
      1466.7000239    3.2073681E-09
      1469.4000239    3.1510152E-09
      1472.1000239    3.0957288E-09
      1477.6000240    2.9863170E-09
      1480.3000241    2.9341380E-09
      1488.4000242    2.7834131E-09
      1491.2000242    2.7332701E-09
      1496.6000243    2.6392946E-09
      1551.0000252    1.8650148E-09
      1632.7000266    1.1260083E-09
      1823.1000296    3.7257791E-10
      2340.2000381    2.6883922E-11
      2829.9000460    3.0050233E-12
      3047.6000496    1.1635984E-12
      3700.7000602    0.0000000E+00
      4000.0000650    0.0000000E+00
 
