       12.5000002    2.4931044E+01
        15.0000002    3.1291817E+01
        20.0000003    1.1688272E+01
        25.0000004    5.0070457E+00
        30.0000005    2.3747489E+00
        35.0000006    7.9125410E-01
        40.0000007    3.1849483E-01
        45.0000007    1.6463640E-01
        50.0000008    1.0380650E-01
        55.0000009    7.3844895E-02
        60.0000010    5.3376071E-02
        65.0000011    3.7208628E-02
        70.0000011    2.4897616E-02
        75.0000012    1.1249605E-01
        80.0000013    1.0042514E-01
        85.0000014    8.2085863E-02
        90.0000015    6.7043751E-02
        95.2390015    5.2901912E-02
       100.6800016    3.9257798E-02
       114.2900019    1.7713321E-02
       119.7300019    1.2928856E-02
       122.4500020    1.1059430E-02
       125.1700020    9.4684996E-03
       127.8900021    8.1136152E-03
       130.6100021    6.9589056E-03
       133.3300022    5.9740511E-03
       136.0600022    5.1305597E-03
       146.9400024    2.8244627E-03
       149.6600024    2.4389811E-03
       155.1000025    1.8242270E-03
       157.8200026    1.5800954E-03
       160.5500026    1.3693410E-03
       165.9900027    1.5653445E-03
       171.4300028    1.2700629E-03
       176.8700029    1.2219363E-03
       179.5900029    1.1141049E-03
       182.3100030    1.0113664E-03
       185.0400030    9.1610779E-04
       187.7600031    8.2977203E-04
       190.4800031    7.5182988E-04
       195.9200032    6.1857339E-04
       198.6400032    5.6173268E-04
       204.0800033    4.6434454E-04
       206.8000034    4.2269603E-04
       209.5300034    3.8496181E-04
       212.2500035    3.5099068E-04
       214.9700035    3.2025852E-04
       220.4100036    2.6720518E-04
       225.8500037    2.2354352E-04
       236.7400038    1.6436241E-04
       247.6200040    1.1767647E-04
       258.5100042    8.5603009E-05
       272.1100044    5.8770864E-05
       285.7200046    4.1194497E-05
       299.3200049    2.9410707E-05
       312.9300051    2.1321699E-05
       340.1400055    1.1644363E-05
       353.7400058    8.7419958E-06
       380.9500062    5.0513963E-06
       394.5600064    3.8810690E-06
       408.1700066    3.0007145E-06
       435.3800071    1.8246648E-06
       462.5900075    1.1319605E-06
       476.1900077    8.9770936E-07
       489.8000080    7.1481895E-07
       503.4000082    5.7157200E-07
       517.0100084    4.5871255E-07
       557.8300091    2.4229351E-07
       571.4300093    1.9719430E-07
       585.0400095    1.6097034E-07
       612.2500100    1.0824751E-07
       666.6700108    5.0604068E-08
       680.2800111    4.2109640E-08
       707.4900115    2.9471686E-08
       734.7000119    2.0760652E-08
       761.9100124    1.4728180E-08
       789.1200128    1.0535071E-08
       816.3300133    7.5947142E-09
       843.5400137    5.5154827E-09
       870.7500142    4.0335681E-09
       911.5700148    2.5537523E-09
       952.3900155    1.6393111E-09
       993.2000162    1.2329164E-09
      1020.4000166    9.2300728E-10
      1061.2000173    6.5073380E-10
      1088.4000177    4.9186633E-10
      1102.0000179    4.2843409E-10
      1115.7000181    3.7326184E-10
      1129.3000184    3.2590691E-10
      1142.9000186    2.8488420E-10
      1156.5000188    2.4929930E-10
      1170.1000190    2.1839108E-10
      1197.3000195    7.5760120E-10
      1210.9000197    6.7011130E-10
      1224.5000199    5.9230876E-10
      1227.2000200    5.7798399E-10
      1229.9000200    5.6401422E-10
      1232.7000200    5.4989358E-10
      1235.4000201    5.3662241E-10
      1238.1000201    5.2368199E-10
      1240.8000202    5.1106436E-10
      1243.5000202    4.9876142E-10
      1246.3000203    4.8632692E-10
      1249.0000203    4.7464105E-10
      1257.2000204    4.4090556E-10
      1259.9000205    4.3035076E-10
      1262.6000205    4.2005824E-10
      1270.8000207    3.9033868E-10
      1281.6000208    3.5449180E-10
      1289.8000210    3.2956693E-10
      1292.5000210    3.2176350E-10
      1295.2000211    3.1415145E-10
      1298.0000211    3.0645433E-10
      1300.7000212    2.9921701E-10
      1303.4000212    2.9215652E-10
      1306.1000212    2.8526834E-10
      1314.3000214    2.6536034E-10
      1330.6000216    2.2993647E-10
      1341.5000218    2.0900262E-10
      1355.1000220    1.8560506E-10
      1360.6000221    1.7692368E-10
      1371.4000223    1.6106855E-10
      1382.3000225    1.4653911E-10
      1390.5000226    1.3649762E-10
      1395.9000227    1.3027136E-10
      1404.1000228    1.2136558E-10
      1406.8000229    1.1857100E-10
      1409.5000229    1.1584191E-10
      1415.0000230    1.1047864E-10
      1417.7000231    1.0793884E-10
      1420.4000231    1.0545834E-10
      1423.1000231    1.0303570E-10
      1425.9000232    1.0058295E-10
      1428.6000232    9.8273889E-11
      1431.3000233    9.6018513E-11
      1436.7000234    9.1663843E-11
      1439.5000234    8.9485121E-11
      1442.2000235    8.7433824E-11
      1444.9000235    8.5430038E-11
      1447.6000235    8.3472639E-11
      1450.4000236    8.1490550E-11
      1453.1000236    7.9624231E-11
      1455.8000237    7.7801002E-11
      1458.5000237    7.6019843E-11
      1461.2000238    7.4279756E-11
      1466.7000239    7.0858111E-11
      1469.4000239    6.9236845E-11
      1472.1000239    6.7652835E-11
      1477.6000240    6.4537792E-11
      1480.3000241    6.3061646E-11
      1488.4000242    5.8833036E-11
      1491.2000242    5.7438269E-11
      1496.6000243    5.4840989E-11
      1551.0000252    3.4381799E-11
      1632.7000266    1.6909533E-11
      1823.1000296    2.6516892E-12
 
