       12.5000002    2.6574390E+01
        15.0000002    2.3765938E+01
        20.0000003    8.1184340E+00
        25.0000004    2.7153134E+00
        30.0000005    7.8112358E-01
        35.0000006    2.7246407E-01
        40.0000007    1.5415531E-01
        45.0000007    1.0332923E-01
        50.0000008    7.2590575E-02
        55.0000009    4.9674287E-02
        60.0000010    3.2000531E-02
        65.0000011    1.9617764E-02
        70.0000011    1.1759050E-02
        75.0000012    7.5217292E-02
        80.0000013    6.4788729E-02
        85.0000014    5.0140537E-02
        90.0000015    3.8292047E-02
        95.2390015    2.8196445E-02
       100.6800016    1.9769594E-02
       114.2900019    7.9782344E-03
       119.7300019    5.5983113E-03
       122.4500020    4.6992972E-03
       125.1700020    3.9500869E-03
       127.8900021    3.3248910E-03
       130.6100021    2.8024998E-03
       133.3300022    2.3654448E-03
       136.0600022    1.9980860E-03
       146.9400024    1.0341710E-03
       149.6600024    8.8030990E-04
       155.1000025    6.4065377E-04
       157.8200026    5.4774963E-04
       160.5500026    4.6875686E-04
       165.9900027    6.7635888E-04
       171.4300028    5.4781552E-04
       176.8700029    5.5610109E-04
       179.5900029    5.0444505E-04
       182.3100030    4.5513606E-04
       185.0400030    4.0956301E-04
       187.7600031    3.6846098E-04
       190.4800031    3.3154900E-04
       195.9200032    2.6894372E-04
       198.6400032    2.4247869E-04
       204.0800033    1.9754715E-04
       206.8000034    1.7851462E-04
       209.5300034    1.6138054E-04
       212.2500035    1.4605524E-04
       214.9700035    1.3228264E-04
       220.4100036    1.0874324E-04
       225.8500037    8.9637928E-05
       236.7400038    6.8381181E-05
       247.6200040    4.9203412E-05
       258.5100042    3.5938250E-05
       272.1100044    2.4730387E-05
       285.7200046    1.7311500E-05
       299.3200049    1.2298748E-05
       312.9300051    8.8433326E-06
       340.1400055    4.7144613E-06
       353.7400058    3.4871200E-06
       380.9500062    1.9490619E-06
       394.5600064    1.4711393E-06
       408.1700066    1.1169150E-06
       435.3800071    6.5441293E-07
       462.5900075    3.9104438E-07
       476.1900077    3.0437411E-07
       489.8000080    2.3788488E-07
       503.4000082    1.8671777E-07
       517.0100084    1.4710943E-07
       557.8300091    7.3577525E-08
       571.4300093    5.8820490E-08
       585.0400095    4.7171039E-08
       612.2500100    3.0630595E-08
       666.6700108    1.3377594E-08
       680.2800111    1.0948410E-08
       707.4900115    7.4001436E-09
       734.7000119    5.0438311E-09
       761.9100124    3.4667369E-09
       789.1200128    2.4026983E-09
       816.3300133    1.6781849E-09
       843.5400137    1.1804497E-09
       870.7500142    8.3572671E-10
       911.5700148    5.0319676E-10
       952.3900155    3.0633729E-10
       993.2000162    2.0545897E-10
      1020.4000166    1.4808747E-10
      1061.2000173    9.5582028E-11
      1088.4000177    6.9059897E-11
      1102.0000179    5.8724199E-11
      1115.7000181    4.9881974E-11
      1129.3000184    4.2421892E-11
      1142.9000186    3.6073308E-11
      1156.5000188    3.0667264E-11
      1170.1000190    2.6061353E-11
      1197.3000195    9.0337779E-11
      1210.9000197    7.7077261E-11
      1224.5000199    6.5588146E-11
      1227.2000200    6.3505576E-11
      1229.9000200    6.1484970E-11
      1232.7000200    5.9453199E-11
      1235.4000201    5.7553684E-11
      1238.1000201    5.5711109E-11
      1240.8000202    5.3923862E-11
      1243.5000202    5.2190353E-11
      1246.3000203    5.0447715E-11
      1249.0000203    4.8818907E-11
      1257.2000204    4.4167371E-11
      1259.9000205    4.2728210E-11
      1262.6000205    4.1332583E-11
      1270.8000207    3.7347792E-11
      1281.6000208    3.2637244E-11
      1289.8000210    2.9429566E-11
      1292.5000210    2.8437594E-11
      1295.2000211    2.7475843E-11
      1298.0000211    2.6509440E-11
      1300.7000212    2.5606508E-11
      1303.4000212    2.4731142E-11
      1306.1000212    2.3882530E-11
      1314.3000214    2.1461147E-11
      1330.6000216    1.7277848E-11
      1341.5000218    1.4890212E-11
      1355.1000220    1.2306235E-11
      1360.6000221    1.1372484E-11
      1371.4000223    9.7054829E-12
      1382.3000225    8.2251402E-12
      1390.5000226    7.2309858E-12
      1395.9000227    6.6273410E-12
      1404.1000228    5.7820367E-12
      1406.8000229    5.5213932E-12
      1409.5000229    5.2690656E-12
      1415.0000230    4.8949044E-12
      1417.7000231    4.6649893E-12
      1420.4000231    4.4423488E-12
      1423.1000231    4.2267531E-12
      1425.9000232    4.0103732E-12
      1428.6000232    3.8084397E-12
      1431.3000233    3.6128871E-12
      1436.7000234    3.2400946E-12
      1439.5000234    3.0559806E-12
      1442.2000235    2.8841135E-12
      1444.9000235    2.7176204E-12
      1447.6000235    2.5563111E-12
      1450.4000236    2.3943024E-12
      1453.1000236    2.2429740E-12
      1455.8000237    2.0962628E-12
      1458.5000237    1.9539812E-12
      1461.2000238    1.8159402E-12
      1466.7000239    1.5470465E-12
      1469.4000239    1.4206602E-12
      1472.1000239    1.2976702E-12
      1477.6000240    1.0565514E-12
      1480.3000241    9.4216139E-13
      1488.4000242    6.0890312E-13
      1491.2000242    4.9404187E-13
      1496.6000243    2.5753173E-13
 
