       80.0000013    1.1131024E+19
        85.0000014    9.3740359E+18
        90.0000015    7.8867997E+18
        95.2390015    6.5806596E+18
       100.6800016    5.4568922E+18
       114.2900019    3.4408268E+18
       119.7300019    2.8723955E+18
       122.4500020    2.6267652E+18
       125.1700020    2.4035857E+18
       127.8900021    2.2006953E+18
       130.6100021    2.0161418E+18
       133.3300022    1.8481650E+18
       136.0600022    1.6946430E+18
       146.9400024    2.5842996E+18
       149.6600024    2.4798415E+18
       155.1000025    2.2604604E+18
       157.8200026    2.1551670E+18
       160.5500026    2.0544799E+18
       165.9900027    1.8696584E+18
       171.4300028    1.7048750E+18
       176.8700029    1.5578858E+18
       179.5900029    1.4903281E+18
       182.3100030    1.4263641E+18
       185.0400030    1.3655271E+18
       187.7600031    1.3080324E+18
       190.4800031    1.2534405E+18
       195.9200032    1.1522093E+18
       198.6400032    1.1052316E+18
       204.0800033    1.1576981E+18
       206.8000034    1.1127947E+18
       209.5300034    1.0681060E+18
       212.2500035    1.0250561E+18
       214.9700035    9.8386795E+17
       220.4100036    9.0737073E+17
       225.8500037    8.3837817E+17
       236.7400038    7.1992166E+17
       247.6200040    6.2307819E+17
       258.5100042    5.4305302E+17
       272.1100044    4.6152877E+17
       285.7200046    3.9565194E+17
       299.3200049    3.4176020E+17
       312.9300051    2.9703664E+17
       340.1400055    2.2773839E+17
       353.7400058    2.0056272E+17
       380.9500062    1.5684207E+17
       394.5600064    1.3915183E+17
       408.1700066    1.2367781E+17
       435.3800071    9.8152724E+16
       462.5900075    7.8296335E+16
       476.1900077    7.0052012E+16
       489.8000080    6.2737674E+16
       503.4000082    5.6249735E+16
       517.0100084    5.0479627E+16
       557.8300091    3.6703498E+16
       571.4300093    3.3070095E+16
       585.0400095    2.9822608E+16
       612.2500100    2.4324221E+16
       666.6700108    1.6364670E+16
       680.2800111    1.4854515E+16
       707.4900115    1.2273594E+16
       734.7000119    1.0177200E+16
       761.9100124    8.4683178E+15
       789.1200128    7.0704240E+15
       816.3300133    5.9229489E+15
       843.5400137    4.9777995E+15
       870.7500142    4.1966931E+15
       911.5700148    3.2673258E+15
       952.3900155    2.5606600E+15
       993.2000162    2.0197164E+15
      1020.4000166    1.7300858E+15
      1061.2000173    1.3783043E+15
      1088.4000177    1.1881886E+15
      1102.0000179    1.1042026E+15
      1115.7000181    1.0262120E+15
      1129.3000184    9.5479539E+14
      1142.9000186    8.8885496E+14
      1156.5000188    8.2793152E+14
      1170.1000190    7.7160765E+14
      1197.3000195    6.7127259E+14
      1210.9000197    6.2660016E+14
      1224.5000199    5.8519849E+14
      1227.2000200    5.7734487E+14
      1229.9000200    5.6960789E+14
      1232.7000200    5.6170535E+14
      1235.4000201    5.5419990E+14
      1238.1000201    5.4680534E+14
      1240.8000202    5.3951980E+14
      1243.5000202    5.3234160E+14
      1246.3000203    5.2500898E+14
      1249.0000203    5.1804399E+14
      1257.2000204    5.8377638E+14
      1259.9000205    5.7635112E+14
      1262.6000205    5.6872843E+14
      1270.8000207    5.4554846E+14
      1281.6000208    5.1620081E+14
      1289.8000210    5.3405835E+14
      1292.5000210    5.2690454E+14
      1295.2000211    5.1973332E+14
      1298.0000211    5.1234074E+14
      1300.7000212    5.0528592E+14
      1303.4000212    4.9831882E+14
      1306.1000212    4.9144680E+14
      1314.3000214    4.7118345E+14
      1330.6000216    4.3356876E+14
      1341.5000218    4.1030185E+14
      1355.1000220    3.8315430E+14
      1360.6000221    3.7274451E+14
      1371.4000223    3.5320076E+14
      1382.3000225    3.3461755E+14
      1390.5000226    3.2134942E+14
      1395.9000227    3.1292971E+14
      1404.1000228    3.0060641E+14
      1406.8000229    2.9666681E+14
      1409.5000229    2.9278416E+14
      1415.0000230    2.8504745E+14
      1417.7000231    2.8133227E+14
      1420.4000231    2.7767047E+14
      1423.1000231    2.7406123E+14
      1425.9000232    2.7037291E+14
      1428.6000232    2.6686813E+14
      1431.3000233    2.6341341E+14
      1436.7000234    2.5665106E+14
      1439.5000234    2.5322023E+14
      1442.2000235    2.4995976E+14
      1444.9000235    2.4674554E+14
      1447.6000235    2.4357681E+14
      1450.4000236    2.4033795E+14
      1453.1000236    2.3725975E+14
      1455.8000237    1.3679839E+15
      1458.5000237    1.3622513E+15
      1461.2000238    1.3522813E+15
      1466.7000239    1.3256988E+15
      1469.4000239    1.3113734E+15
      1472.1000239    1.2967632E+15
      1477.6000240    1.2668427E+15
      1480.3000241    1.2522534E+15
      1488.4000242    1.2093050E+15
      1491.2000242    1.1947893E+15
      1496.6000243    1.1672978E+15
      1551.0000252    9.2448708E+14
      1632.7000266    6.5413741E+14
      1823.1000296    2.9901952E+14
      2340.2000381    3.6752224E+13

