       80.0000013    1.1476358E+19
        85.0000014    9.8071390E+18
        90.0000015    8.3660278E+18
        95.2390015    7.0760858E+18
       100.6800016    5.9455657E+18
       114.2900019    3.8601465E+18
       119.7300019    3.2562845E+18
       122.4500020    2.9927893E+18
       125.1700020    2.7519314E+18
       127.8900021    2.5317000E+18
       130.6100021    2.3302568E+18
       133.3300022    2.1459241E+18
       136.0600022    1.9765789E+18
       146.9400024    2.7488176E+18
       149.6600024    2.6344777E+18
       155.1000025    2.3979524E+18
       157.8200026    2.2854145E+18
       160.5500026    2.1782529E+18
       165.9900027    1.9825709E+18
       171.4300028    1.8091326E+18
       176.8700029    1.6551843E+18
       179.5900029    1.5846545E+18
       182.3100030    1.5179999E+18
       185.0400030    1.4547094E+18
       187.7600031    1.3949843E+18
       190.4800031    1.3383478E+18
       195.9200032    1.2334895E+18
       198.6400032    1.1848886E+18
       204.0800033    1.2584851E+18
       206.8000034    1.2125460E+18
       209.5300034    1.1655743E+18
       212.2500035    1.1197000E+18
       214.9700035    1.0754583E+18
       220.4100036    9.9271661E+17
       225.8500037    9.1766553E+17
       236.7400038    7.8816917E+17
       247.6200040    6.8187698E+17
       258.5100042    5.9388437E+17
       272.1100044    5.0425119E+17
       285.7200046    4.3197912E+17
       299.3200049    3.7307880E+17
       312.9300051    3.2442589E+17
       340.1400055    2.4955736E+17
       353.7400058    2.2037549E+17
       380.9500062    1.7358040E+17
       394.5600064    1.5466526E+17
       408.1700066    1.3810564E+17
       435.3800071    1.1070419E+17
       462.5900075    8.9243390E+16
       476.1900077    8.0274055E+16
       489.8000080    7.2278295E+16
       503.4000082    6.5150166E+16
       517.0100084    5.8777529E+16
       557.8300091    4.3404613E+16
       571.4300093    3.9304345E+16
       585.0400095    3.5619880E+16
       612.2500100    2.9332896E+16
       666.6700108    2.0096249E+16
       680.2800111    1.8321098E+16
       707.4900115    1.5266149E+16
       734.7000119    1.2762065E+16
       761.9100124    1.0702930E+16
       789.1200128    9.0041783E+15
       816.3300133    7.5983115E+15
       843.5400137    6.4311777E+15
       870.7500142    5.4592610E+15
       911.5700148    4.2923474E+15
       952.3900155    3.3957085E+15
       993.2000162    2.7024525E+15
      1020.4000166    2.3282704E+15
      1061.2000173    1.8703893E+15
      1088.4000177    1.6211074E+15
      1102.0000179    1.5105150E+15
      1115.7000181    1.4075361E+15
      1129.3000184    1.3129839E+15
      1142.9000186    1.2254521E+15
      1156.5000188    1.1444036E+15
      1170.1000190    1.0692543E+15
      1197.3000195    9.3489291E+14
      1210.9000197    8.7485122E+14
      1224.5000199    8.1907429E+14
      1227.2000200    8.0847894E+14
      1229.9000200    7.9803606E+14
      1232.7000200    7.8736481E+14
      1235.4000201    7.7722507E+14
      1238.1000201    7.6723061E+14
      1240.8000202    7.5737910E+14
      1243.5000202    7.4766831E+14
      1246.3000203    7.3774412E+14
      1249.0000203    7.2831311E+14
      1257.2000204    8.4737604E+14
      1259.9000205    8.3707302E+14
      1262.6000205    8.2640325E+14
      1270.8000207    7.9374895E+14
      1281.6000208    7.5226359E+14
      1289.8000210    7.8873632E+14
      1292.5000210    7.7851825E+14
      1295.2000211    7.6824147E+14
      1298.0000211    7.5762814E+14
      1300.7000212    7.4748866E+14
      1303.4000212    7.3746810E+14
      1306.1000212    7.2757914E+14
      1314.3000214    6.9839618E+14
      1330.6000216    6.4414356E+14
      1341.5000218    6.1048907E+14
      1355.1000220    5.7121615E+14
      1360.6000221    5.5614052E+14
      1371.4000223    5.2781138E+14
      1382.3000225    5.0084261E+14
      1390.5000226    4.8156750E+14
      1395.9000227    4.6932701E+14
      1404.1000228    4.5139878E+14
      1406.8000229    4.4566413E+14
      1409.5000229    4.4001078E+14
      1415.0000230    4.2874098E+14
      1417.7000231    4.2332691E+14
      1420.4000231    4.1798917E+14
      1423.1000231    4.1272656E+14
      1425.9000232    4.0734721E+14
      1428.6000232    4.0223412E+14
      1431.3000233    3.9719270E+14
      1436.7000234    3.8732045E+14
      1439.5000234    3.8230977E+14
      1442.2000235    3.7754662E+14
      1444.9000235    3.7284977E+14
      1447.6000235    3.6821815E+14
      1450.4000236    3.6348285E+14
      1453.1000236    3.5898108E+14
      1455.8000237    1.9956984E+15
      1458.5000237    1.9880661E+15
      1461.2000238    1.9743445E+15
      1466.7000239    1.9374105E+15
      1469.4000239    1.9174487E+15
      1472.1000239    1.8970740E+15
      1477.6000240    1.8553110E+15
      1480.3000241    1.8349343E+15
      1488.4000242    1.7749045E+15
      1491.2000242    1.7546008E+15
      1496.6000243    1.7161259E+15
      1551.0000252    1.3748880E+15
      1632.7000266    9.9121094E+14
      1823.1000296    4.7746430E+14
      2340.2000381    7.5993230E+13
      2829.9000460    1.2470992E+13
      3047.6000496    3.7740471E+12
