       80.0000013    1.8046191E+18
        85.0000014    1.2712894E+18
        90.0000015    9.0627720E+17
        95.2390015    6.4464133E+17
       100.6800016    4.6012256E+17
       114.2900019    2.1518984E+17
       119.7300019    1.6465444E+17
       122.4500020    1.4517335E+17
       125.1700020    1.2866607E+17
       127.8900021    1.1461959E+17
       130.6100021    1.0261508E+17
       133.3300022    9.2308373E+16
       136.0600022    8.3386902E+16
       146.9400024    6.3728711E+17
       149.6600024    5.8166220E+17
       155.1000025    4.8394936E+17
       157.8200026    4.4167162E+17
       160.5500026    4.0316789E+17
       165.9900027    3.3670575E+17
       171.4300028    2.8177320E+17
       176.8700029    2.3625115E+17
       179.5900029    2.1647479E+17
       182.3100030    1.9844201E+17
       185.0400030    1.8193332E+17
       187.7600031    1.6692396E+17
       190.4800031    1.5321909E+17
       195.9200032    1.2925925E+17
       198.6400032    1.1879969E+17
       204.0800033    2.8023401E+17
       206.8000034    2.6456734E+17
       209.5300034    2.4950987E+17
       212.2500035    2.3529879E+17
       214.9700035    2.2189364E+17
       220.4100036    1.9739208E+17
       225.8500037    1.7569914E+17
       236.7400038    1.3942550E+17
       247.6200040    1.1090834E+17
       258.5100042    8.8376898E+16
       272.1100044    6.6714195E+16
       285.7200046    5.0467111E+16
       299.3200049    3.8254960E+16
       312.9300051    2.9030554E+16
       340.1400055    1.6747609E+16
       353.7400058    1.2713220E+16
       380.9500062    7.2805982E+15
       394.5600064    5.4782974E+15
       408.1700066    4.0965924E+15
       435.3800071    2.2196227E+15
       462.5900075    1.0975698E+15
       476.1900077    7.0694041E+14
       489.8000080    3.7344586E+14

