       80.0000013    1.0562176E+19
        85.0000014    8.7581940E+18
        90.0000015    7.2626800E+18
        95.2390015    5.9748820E+18
       100.6800016    4.8875243E+18
       114.2900019    2.9899899E+18
       119.7300019    2.4689086E+18
       122.4500020    2.2458934E+18
       125.1700020    2.0444685E+18
       127.8900021    1.8624058E+18
       130.6100021    1.6977177E+18
       133.3300022    1.5486312E+18
       136.0600022    1.4130922E+18
       146.9400024    2.4230468E+18
       149.6600024    2.3271815E+18
       155.1000025    2.1218193E+18
       157.8200026    2.0222875E+18
       160.5500026    1.9267150E+18
       165.9900027    1.7504723E+18
       171.4300028    1.5926060E+18
       176.8700029    1.4513214E+18
       179.5900029    1.3862662E+18
       182.3100030    1.3246160E+18
       185.0400030    1.2659400E+18
       187.7600031    1.2104620E+18
       190.4800031    1.1577709E+18
       195.9200032    1.0600638E+18
       198.6400032    1.0147380E+18
       204.0800033    1.0537718E+18
       206.8000034    1.0111549E+18
       209.5300034    9.6962536E+17
       212.2500035    9.3004892E+17
       214.9700035    8.9241841E+17
       220.4100036    8.2289244E+17
       225.8500037    7.6043386E+17
       236.7400038    6.5348250E+17
       247.6200040    5.6612699E+17
       258.5100042    4.9385163E+17
       272.1100044    4.1998025E+17
       285.7200046    3.5998069E+17
       299.3200049    3.1061348E+17
       312.9300051    2.6941644E+17
       340.1400055    2.0517999E+17
       353.7400058    1.7989333E+17
       380.9500062    1.3921119E+17
       394.5600064    1.2279423E+17
       408.1700066    1.0848080E+17
       435.3800071    8.5020750E+16
       462.5900075    6.6963368E+16
       476.1900077    5.9533933E+16
       489.8000080    5.2983554E+16
       503.4000082    4.7210049E+16
       517.0100084    4.2108104E+16
       557.8300091    3.0075925E+16
       571.4300093    2.6943863E+16
       585.0400095    2.4161751E+16
       612.2500100    1.9492978E+16
       666.6700108    1.2847011E+16
       680.2800111    1.1604513E+16
       707.4900115    9.4974859E+15
       734.7000119    7.8036356E+15
       761.9100124    6.4365013E+15
       789.1200128    5.3287487E+15
       816.3300133    4.4277151E+15
       843.5400137    3.6920567E+15
       870.7500142    3.0891958E+15
       911.5700148    2.3789515E+15
       952.3900155    1.8450559E+15
       993.2000162    1.4407542E+15
      1020.4000166    1.2261110E+15
      1061.2000173    9.6744796E+14
      1088.4000177    8.2873031E+14
      1102.0000179    7.6772165E+14
      1115.7000181    7.1122981E+14
      1129.3000184    6.5964490E+14
      1142.9000186    6.1214625E+14
      1156.5000188    5.6838013E+14
      1170.1000190    5.2802586E+14
      1197.3000195    4.5641661E+14
      1210.9000197    4.2465808E+14
      1224.5000199    3.9529916E+14
      1227.2000200    3.8973845E+14
      1229.9000200    3.8426297E+14
      1232.7000200    3.7870123E+14
      1235.4000201    3.7339506E+14
      1238.1000201    3.6816983E+14
      1240.8000202    3.6302423E+14
      1243.5000202    3.5795687E+14
      1246.3000203    3.5278314E+14
      1249.0000203    3.4787125E+14
      1257.2000204    3.7994596E+14
      1259.9000205    3.7482985E+14
      1262.6000205    3.6962378E+14
      1270.8000207    3.5389829E+14
      1281.6000208    3.3406484E+14
      1289.8000210    3.4082102E+14
      1292.5000210    3.3603764E+14
      1295.2000211    3.3125965E+14
      1298.0000211    3.2634413E+14
      1300.7000212    3.2165906E+14
      1303.4000212    3.1703596E+14
      1306.1000212    3.1247884E+14
      1314.3000214    2.9905398E+14
      1330.6000216    2.7417732E+14
      1341.5000218    2.5879924E+14
      1355.1000220    2.4090928E+14
      1360.6000221    2.3405849E+14
      1371.4000223    2.2121103E+14
      1382.3000225    2.0901346E+14
      1390.5000226    2.0031615E+14
      1395.9000227    1.9480225E+14
      1404.1000228    1.8673962E+14
      1406.8000229    1.8416410E+14
      1409.5000229    1.8162677E+14
      1415.0000230    1.7657369E+14
      1417.7000231    1.7414861E+14
      1420.4000231    1.7175928E+14
      1423.1000231    1.6940514E+14
      1425.9000232    1.6700037E+14
      1428.6000232    1.6471607E+14
      1431.3000233    1.6246538E+14
      1436.7000234    1.5806236E+14
      1439.5000234    1.5582984E+14
      1442.2000235    1.5370903E+14
      1444.9000235    1.5161911E+14
      1447.6000235    1.4958515E+14
      1450.4000236    1.4748101E+14
      1453.1000236    1.4548198E+14
      1455.8000237    8.6832058E+14
      1458.5000237    8.6406850E+14
      1461.2000238    8.5709200E+14
      1466.7000239    8.3884503E+14
      1469.4000239    8.2907378E+14
      1472.1000239    8.1912804E+14
      1477.6000240    7.9879406E+14
      1480.3000241    7.8889147E+14
      1488.4000242    7.5977576E+14
      1491.2000242    7.4994659E+14
      1496.6000243    7.3134663E+14
      1551.0000252    5.6808096E+14
      1632.7000266    3.8921591E+14
      1823.1000296    1.6151426E+14
      2340.2000381    3.2744410E+12

