       80.0000013    7.4942427E+18
        85.0000014    5.8961487E+18
        90.0000015    4.6558210E+18
        95.2390015    3.6506183E+18
       100.6800016    2.8489712E+18
       114.2900019    1.5630987E+18
       119.7300019    1.2388772E+18
       122.4500020    1.1046193E+18
       125.1700020    9.8590198E+17
       127.8900021    8.8082529E+17
       130.6100021    7.8773672E+17
       133.3300022    7.0519604E+17
       136.0600022    6.3169307E+17
       146.9400024    1.8692401E+18
       149.6600024    1.7832879E+18
       155.1000025    1.6009502E+18
       157.8200026    1.5132856E+18
       160.5500026    1.4294940E+18
       165.9900027    1.2759797E+18
       171.4300028    1.1397186E+18
       176.8700029    1.0189976E+18
       179.5900029    9.6388336E+17
       182.3100030    9.1197301E+17
       185.0400030    8.6288765E+17
       187.7600031    8.1679571E+17
       190.4800031    7.7333477E+17
       195.9200032    6.9365763E+17
       198.6400032    6.5714731E+17
       204.0800033    7.4483082E+17
       206.8000034    7.1405123E+17
       209.5300034    6.8466500E+17
       212.2500035    6.5690934E+17
       214.9700035    6.3060682E+17
       220.4100036    5.8199885E+17
       225.8500037    5.3813731E+17
       236.7400038    4.6219528E+17
       247.6200040    3.9904978E+17
       258.5100042    3.4584551E+17
       272.1100044    2.9048747E+17
       285.7200046    2.4485512E+17
       299.3200049    2.0701266E+17
       312.9300051    1.7541246E+17
       340.1400055    1.2671509E+17
       353.7400058    1.0799452E+17
       380.9500062    7.8831127E+16
       394.5600064    6.7516998E+16
       408.1700066    5.7924244E+16
       435.3800071    4.2856446E+16
       462.5900075    3.1926532E+16
       476.1900077    2.7628996E+16
       489.8000080    2.3948598E+16
       503.4000082    2.0796169E+16
       517.0100084    1.8087593E+16
       557.8300091    1.2021753E+16
       571.4300093    1.0526183E+16
       585.0400095    9.2303088E+15
       612.2500100    7.1308462E+15
       666.6700108    4.3298663E+15
       680.2800111    3.8347538E+15
       707.4900115    3.0192525E+15
       734.7000119    2.3880840E+15
       761.9100124    1.8967712E+15
       789.1200128    1.5122374E+15
       816.3300133    1.2097288E+15
       843.5400137    9.7060429E+14
       870.7500142    7.8073889E+14
       911.5700148    5.6542761E+14
       952.3900155    4.1090583E+14
       993.2000162    2.9923084E+14
      1020.4000166    2.4229840E+14
      1061.2000173    1.7640645E+14
      1088.4000177    1.4255869E+14
      1102.0000179    1.2806296E+14
      1115.7000181    1.1487804E+14
      1129.3000184    1.0305439E+14
      1142.9000186    9.2364438E+13
      1156.5000188    8.2694805E+13
      1170.1000190    7.3943650E+13
      1197.3000195    5.8839601E+13
      1210.9000197    5.2329772E+13
      1224.5000199    4.6422565E+13
      1227.2000200    4.5316074E+13
      1229.9000200    4.4230462E+13
      1232.7000200    4.3126211E+13
      1235.4000201    4.2081754E+13
      1238.1000201    4.1056851E+13
      1240.8000202    4.0051073E+13
      1243.5000202    3.9064019E+13
      1246.3000203    3.8059744E+13
      1249.0000203    3.7109566E+13
      1257.2000204    3.6021765E+13
      1259.9000205    3.5097120E+13
      1262.6000205    3.4183049E+13
      1270.8000207    3.1493190E+13
      1281.6000208    2.8162942E+13
      1289.8000210    2.6448128E+13
      1292.5000210    2.5674534E+13
      1295.2000211    2.4912012E+13
      1298.0000211    2.4133730E+13
      1300.7000212    2.3395507E+13
      1303.4000212    2.2669267E+13
      1306.1000212    2.1954793E+13
      1314.3000214    1.9853753E+13
      1330.6000216    1.5948126E+13
      1341.5000218    1.3495121E+13
      1355.1000220    1.0538311E+13
      1360.6000221    9.3482260E+12
      1371.4000223    6.9348984E+12
      1382.3000225    4.0882484E+12

