       80.0000013    6.1018904E+18
        85.0000014    4.6997756E+18
        90.0000015    3.6365605E+18
        95.2390015    2.7935875E+18
       100.6800016    2.1356862E+18
       114.2900019    1.1162034E+18
       119.7300019    8.6895469E+17
       122.4500020    7.6818692E+17
       125.1700020    6.8000204E+17
       127.8900021    6.0275262E+17
       130.6100021    5.3501734E+17
       133.3300022    4.7556847E+17
       136.0600022    4.2316399E+17
       146.9400024    1.6239505E+18
       149.6600024    1.5382177E+18
       155.1000025    1.3640514E+18
       157.8200026    1.2821151E+18
       160.5500026    1.2045095E+18
       165.9900027    1.0638059E+18
       171.4300028    9.4035780E+17
       176.8700029    8.3211782E+17
       179.5900029    7.8307438E+17
       182.3100030    7.3710957E+17
       185.0400030    6.9386076E+17
       187.7600031    6.5345034E+17
       190.4800031    6.1553547E+17
       195.9200032    5.4654005E+17
       198.6400032    5.1516459E+17
       204.0800033    6.4548899E+17
       206.8000034    6.1846512E+17
       209.5300034    5.9254441E+17
       212.2500035    5.6798424E+17
       214.9700035    5.4464951E+17
       220.4100036    5.0138304E+17
       225.8500037    4.6218555E+17
       236.7400038    3.9401305E+17
       247.6200040    3.3713037E+17
       258.5100042    2.8919424E+17
       272.1100044    2.3948966E+17
       285.7200046    1.9883108E+17
       299.3200049    1.6547731E+17
       312.9300051    1.3799016E+17
       340.1400055    9.6548649E+16
       353.7400058    8.1007859E+16
       380.9500062    5.7370026E+16
       394.5600064    4.8426873E+16
       408.1700066    4.0963629E+16
       435.3800071    2.9499251E+16
       462.5900075    2.1421012E+16
       476.1900077    1.8310872E+16
       489.8000080    1.5681650E+16
       503.4000082    1.3457570E+16
       517.0100084    1.1569445E+16
       557.8300091    7.4309720E+15
       571.4300093    6.4333333E+15
       585.0400095    5.5776453E+15
       612.2500100    4.2111346E+15
       666.6700108    2.4365666E+15
       680.2800111    2.1305238E+15
       707.4900115    1.6332114E+15
       734.7000119    1.2554651E+15
       761.9100124    9.6707094E+14
       789.1200128    7.4589113E+14
       816.3300133    5.7557790E+14
       843.5400137    4.4396845E+14
       870.7500142    3.4194909E+14
       911.5700148    2.2981580E+14
       952.3900155    1.5251778E+14
       993.2000162    9.8883116E+13
      1020.4000166    7.2385709E+13
      1061.2000173    4.2241251E+13
      1088.4000177    2.6381495E+13
      1102.0000179    1.8991569E+13
      1115.7000181    1.0952926E+13

