       80.0000013    8.7204125E+18
        85.0000014    6.9901133E+18
        90.0000015    5.6171658E+18
        95.2390015    4.4816894E+18
       100.6800016    3.5585606E+18
       114.2900019    2.0339893E+18
       119.7300019    1.6374195E+18
       122.4500020    1.4711321E+18
       125.1700020    1.3228857E+18
       127.8900021    1.1905950E+18
       130.6100021    1.0724334E+18
       133.3300022    9.6679810E+17
       136.0600022    8.7195244E+17
       146.9400024    2.0755579E+18
       149.6600024    1.9889830E+18
       155.1000025    1.8008923E+18
       157.8200026    1.7093294E+18
       160.5500026    1.6213287E+18
       165.9900027    1.4590431E+18
       171.4300028    1.3138992E+18
       176.8700029    1.1843953E+18
       179.5900029    1.1249556E+18
       182.3100030    1.0687717E+18
       185.0400030    1.0154531E+18
       187.7600031    9.6520230E+17
       190.4800031    9.1764313E+17
       195.9200032    8.2995982E+17
       198.6400032    7.8954370E+17
       204.0800033    8.4449427E+17
       206.8000034    8.0949736E+17
       209.5300034    7.7609551E+17
       212.2500035    7.4458041E+17
       214.9700035    7.1476083E+17
       220.4100036    6.5980813E+17
       225.8500037    6.1042494E+17
       236.7400038    5.2546259E+17
       247.6200040    4.5537807E+17
       258.5100042    3.9669754E+17
       272.1100044    3.3590372E+17
       285.7200046    2.8585876E+17
       299.3200049    2.4426927E+17
       312.9300051    2.0936289E+17
       340.1400055    1.5493571E+17
       353.7400058    1.3368235E+17
       380.9500062    1.0000276E+17
       394.5600064    8.6686253E+16
       408.1700066    7.5252732E+16
       435.3800071    5.6961750E+16
       462.5900075    4.3363845E+16
       476.1900077    3.7918763E+16
       489.8000080    3.3201837E+16
       503.4000082    2.9116249E+16
       517.0100084    2.5567631E+16
       557.8300091    1.7463125E+16
       571.4300093    1.5423683E+16
       585.0400095    1.3640263E+16
       612.2500100    1.0713425E+16
       666.6700108    6.7157445E+15
       680.2800111    5.9946383E+15
       707.4900115    4.7944441E+15
       734.7000119    3.8527572E+15
       761.9100124    3.1100731E+15
       789.1200128    2.5213104E+15
       816.3300133    2.0522831E+15
       843.5400137    1.6768578E+15
       870.7500142    1.3749727E+15
       911.5700148    1.0271473E+15
       952.3900155    7.7233894E+14
       993.2000162    5.8411448E+14
      1020.4000166    4.8622134E+14
      1061.2000173    3.7056266E+14
      1088.4000177    3.0979502E+14
      1102.0000179    2.8339969E+14
      1115.7000181    2.5916076E+14
      1129.3000184    2.3721242E+14
      1142.9000186    2.1717333E+14
      1156.5000188    1.9886699E+14
      1170.1000190    1.8213430E+14
      1197.3000195    1.5283136E+14
      1210.9000197    1.4001483E+14
      1224.5000199    1.2827708E+14
      1227.2000200    1.2606664E+14
      1229.9000200    1.2389422E+14
      1232.7000200    1.2168076E+14
      1235.4000201    1.1958367E+14
      1238.1000201    1.1752252E+14
      1240.8000202    1.1549670E+14
      1243.5000202    1.1350558E+14
      1246.3000203    1.1147666E+14
      1249.0000203    1.0955424E+14
      1257.2000204    1.1209287E+14
      1259.9000205    1.1017830E+14
      1262.6000205    1.0826621E+14
      1270.8000207    1.0258570E+14
      1281.6000208    9.5508530E+13
      1289.8000210    9.4046035E+13
      1292.5000210    9.2384134E+13
      1295.2000211    9.0739137E+13
      1298.0000211    8.9056474E+13
      1300.7000212    8.7459132E+13
      1303.4000212    8.5887753E+13
      1306.1000212    8.4342756E+13
      1314.3000214    7.9811356E+13
      1330.6000216    7.1490268E+13
      1341.5000218    6.6397959E+13
      1355.1000220    6.0528093E+13
      1360.6000221    5.8296656E+13
      1371.4000223    5.4138155E+13
      1382.3000225    5.0223284E+13
      1390.5000226    4.7452799E+13
      1395.9000227    4.5705842E+13
      1404.1000228    4.3165143E+13
      1406.8000229    4.2357093E+13
      1409.5000229    4.1562747E+13
      1415.0000230    3.9986011E+13
      1417.7000231    3.9231804E+13
      1420.4000231    3.8490331E+13
      1423.1000231    3.7761369E+13
      1425.9000232    3.7018386E+13
      1428.6000232    3.6314217E+13
      1431.3000233    3.5621897E+13
      1436.7000234    3.4271924E+13
      1439.5000234    3.3589706E+13
      1442.2000235    3.2943064E+13
      1444.9000235    3.2307233E+13
      1447.6000235    3.1682015E+13
      1450.4000236    3.1044649E+13
      1453.1000236    3.0440465E+13
      1455.8000237    1.9377181E+14
      1458.5000237    1.9167026E+14
      1461.2000238    1.8895470E+14
      1466.7000239    1.8254534E+14
      1469.4000239    1.7924091E+14
      1472.1000239    1.7591666E+14
      1477.6000240    1.6919111E+14
      1480.3000241    1.6593834E+14
      1488.4000242    1.5643301E+14
      1491.2000242    1.5324079E+14
      1496.6000243    1.4722113E+14
      1551.0000252    9.5506097E+13
      1632.7000266    3.9384598E+13

