       80.0000013    3.1273805E+18
        85.0000014    2.2781723E+18
        90.0000015    1.6717677E+18
        95.2390015    1.2187370E+18
       100.6800016    8.8598984E+17
       114.2900019    4.1808407E+17
       119.7300019    3.1621642E+17
       122.4500020    2.7637223E+17
       125.1700020    2.4238210E+17
       127.8900021    2.1332659E+17
       130.6100021    1.8843597E+17
       133.3300022    1.6706547E+17
       136.0600022    1.4861118E+17
       146.9400024    1.0002524E+18
       149.6600024    9.2686322E+17
       155.1000025    7.9222081E+17
       157.8200026    7.3227303E+17
       160.5500026    6.7685393E+17
       165.9900027    5.7925605E+17
       171.4300028    4.9648575E+17
       176.8700029    4.2615672E+17
       179.5900029    3.9502281E+17
       182.3100030    3.6628275E+17
       185.0400030    3.3964873E+17
       187.7600031    3.1513745E+17
       190.4800031    2.9248555E+17
       195.9200032    2.5218065E+17
       198.6400032    2.3426801E+17
       204.0800033    4.1835369E+17
       206.8000034    3.9800620E+17
       209.5300034    3.7838511E+17
       212.2500035    3.5977687E+17
       214.9700035    3.4211909E+17
       220.4100036    3.0951558E+17
       225.8500037    2.8021755E+17
       236.7400038    2.3008076E+17
       247.6200040    1.8937452E+17
       258.5100042    1.5615953E+17
       272.1100044    1.2307378E+17
       285.7200046    9.7272574E+16
       299.3200049    7.7123018E+16
       312.9300051    6.1317955E+16
       340.1400055    3.9100785E+16
       353.7400058    3.1352263E+16
       380.9500062    2.0298765E+16
       394.5600064    1.6383016E+16
       408.1700066    1.3245769E+16
       435.3800071    8.6955570E+15
       462.5900075    5.7279976E+15
       476.1900077    4.6513046E+15
       489.8000080    3.7755484E+15
       503.4000082    3.0630816E+15
       517.0100084    2.4817244E+15
       557.8300091    1.3017212E+15
       571.4300093    1.0415940E+15
       585.0400095    8.2791474E+14
       612.2500100    5.0730439E+14
       666.6700108    1.2230095E+14
       680.2800111    2.2450302E+13

