       80.0000013    3.0042750E+17
        85.0000014    2.1398709E+17
        90.0000015    1.5877590E+17
        95.2390015    1.2052229E+17
       100.6800016    9.3380638E+16
       114.2900019    5.3616632E+16
       119.7300019    4.3687608E+16
       122.4500020    3.9497176E+16
       125.1700020    3.5730005E+16
       127.8900021    3.2333021E+16
       130.6100021    2.9262581E+16
       133.3300022    2.6482277E+16
       136.0600022    2.3952481E+16
       146.9400024    7.8347221E+16
       149.6600024    6.7800418E+16
       155.1000025    5.0707303E+16
       157.8200026    4.3836090E+16
       160.5500026    3.7864707E+16
       165.9900027    2.8245758E+16
       171.4300028    2.1016467E+16
       176.8700029    1.5577496E+16
       179.5900029    1.3385156E+16
       182.3100030    1.1482584E+16
       185.0400030    9.8256461E+15
       187.7600031    8.3930318E+15
       190.4800031    7.1493032E+15
       195.9200032    5.1312232E+15
       198.6400032    4.3159061E+15
       204.0800033    2.1773365E+16
       206.8000034    1.8453284E+16
       209.5300034    1.5347980E+16
       212.2500035    1.2460897E+16
       214.9700035    9.7262326E+15
       220.4100036    4.0768184E+15
