       80.0000013    4.6093880E+18
        85.0000014    3.4612494E+18
        90.0000015    2.6135828E+18
        95.2390015    1.9589026E+18
       100.6800016    1.4614424E+18
       114.2900019    7.2348154E+17
       119.7300019    5.5316791E+17
       122.4500020    4.8511192E+17
       125.1700020    4.2629894E+17
       127.8900021    3.7541062E+17
       130.6100021    3.3132402E+17
       133.3300022    2.9308118E+17
       136.0600022    2.5975029E+17
       146.9400024    1.3335879E+18
       149.6600024    1.2509152E+18
       155.1000025    1.0914805E+18
       157.8200026    1.0184699E+18
       160.5500026    9.5010463E+17
       165.9900027    8.2778719E+17
       171.4300028    7.2206750E+17
       176.8700029    6.3061809E+17
       179.5900029    5.8959036E+17
       182.3100030    5.5138677E+17
       185.0400030    5.1567192E+17
       187.7600031    4.8251566E+17
       190.4800031    4.5160677E+17
       195.9200032    3.9589717E+17
       198.6400032    3.7080920E+17
       204.0800033    5.3940807E+17
       206.8000034    5.1562058E+17
       209.5300034    4.9270075E+17
       212.2500035    4.7093705E+17
       214.9700035    4.5023654E+17
       220.4100036    4.1183414E+17
       225.8500037    3.7705941E+17
       236.7400038    3.1675490E+17
       247.6200040    2.6679351E+17
       258.5100042    2.2512621E+17
       272.1100044    1.8254912E+17
       285.7200046    1.4837270E+17
       299.3200049    1.2090733E+17
       312.9300051    9.8752602E+16
       340.1400055    6.6382147E+16
       353.7400058    5.4636683E+16
       380.9500062    3.7290839E+16
       394.5600064    3.0922019E+16
       408.1700066    2.5703769E+16
       435.3800071    1.7888117E+16
       462.5900075    1.2557828E+16
       476.1900077    1.0553803E+16
       489.8000080    8.8845183E+15
       503.4000082    7.4927063E+15
       517.0100084    6.3277844E+15
       557.8300091    3.8411503E+15
       571.4300093    3.2591965E+15
       585.0400095    2.7671199E+15
       612.2500100    1.9979150E+15
       666.6700108    1.0422804E+15
       680.2800111    8.8471414E+14
       707.4900115    6.3532116E+14
       734.7000119    4.5287182E+14
       761.9100124    3.1888810E+14
       789.1200128    2.2000733E+14
       816.3300133    1.4638787E+14
       843.5400137    9.0396747E+13
       870.7500142    4.4445676E+13

