       80.0000013    8.3531953E+17
        85.0000014    5.7450716E+17
        90.0000015    4.0459564E+17
        95.2390015    2.8799582E+17
       100.6800016    2.0868976E+17
       114.2900019    1.0650707E+17
       119.7300019    8.5235464E+16
       122.4500020    7.6858431E+16
       125.1700020    6.9624186E+16
       127.8900021    6.3329598E+16
       130.6100021    5.7812635E+16
       133.3300022    5.2943465E+16
       136.0600022    4.8602967E+16
       146.9400024    3.0370136E+17
       149.6600024    2.7203160E+17
       155.1000025    2.1844808E+17
       157.8200026    1.9595555E+17
       160.5500026    1.7583720E+17
       165.9900027    1.4199182E+17
       171.4300028    1.1495529E+17
       176.8700029    9.3286191E+16
       179.5900029    8.4105080E+16
       182.3100030    7.5867539E+16
       185.0400030    6.8446244E+16
       187.7600031    6.1804846E+16
       190.4800031    5.5834614E+16
       195.9200032    4.5631008E+16
       198.6400032    4.1278377E+16
       204.0800033    1.3930349E+17
       206.8000034    1.2964895E+17
       209.5300034    1.2044974E+17
       212.2500035    1.1185274E+17
       214.9700035    1.0383107E+17
       220.4100036    8.9424200E+16
       225.8500037    7.6984351E+16
       236.7400038    5.6969464E+16
       247.6200040    4.2066400E+16
       258.5100042    3.0934867E+16
       272.1100044    2.0903056E+16
       285.7200046    1.3925110E+16
       299.3200049    9.0711524E+15
       312.9300051    5.6744587E+15
       340.1400055    1.4102292E+15

