       80.0000013    9.7545879E+18
        85.0000014    7.9563921E+18
        90.0000015    6.4977421E+18
        95.2390015    5.2667695E+18
       100.6800016    4.2469222E+18
       114.2900019    2.5155138E+18
       119.7300019    2.0525126E+18
       122.4500020    1.8562931E+18
       125.1700020    1.6801625E+18
       127.8900021    1.5219206E+18
       130.6100021    1.3796246E+18
       133.3300022    1.2515566E+18
       136.0600022    1.1357951E+18
       146.9400024    2.2565507E+18
       149.6600024    2.1668689E+18
       155.1000025    1.9718062E+18
       157.8200026    1.8766643E+18
       160.5500026    1.7851017E+18
       165.9900027    1.6159006E+18
       171.4300028    1.4641194E+18
       176.8700029    1.3282315E+18
       179.5900029    1.2656815E+18
       182.3100030    1.2064350E+18
       185.0400030    1.1500859E+18
       187.7600031    1.0968547E+18
       190.4800031    1.0463511E+18
       195.9200032    9.5287828E+17
       198.6400032    9.0961422E+17
       204.0800033    9.4817107E+17
       206.8000034    9.0900392E+17
       209.5300034    8.7137327E+17
       212.2500035    8.3576689E+17
       214.9700035    8.0204144E+17
       220.4100036    7.3990336E+17
       225.8500037    6.8415908E+17
       236.7400038    5.8865200E+17
       247.6200040    5.1040838E+17
       258.5100042    4.4536550E+17
       272.1100044    3.7846949E+17
       285.7200046    3.2374914E+17
       299.3200049    2.7844498E+17
       312.9300051    2.4046153E+17
       340.1400055    1.8105373E+17
       353.7400058    1.5768366E+17
       380.9500062    1.2025893E+17
       394.5600064    1.0526826E+17
       408.1700066    9.2277639E+16
       435.3800071    7.1199163E+16
       462.5900075    5.5216533E+16
       476.1900077    4.8718935E+16
       489.8000080    4.3035250E+16
       503.4000082    3.8064938E+16
       517.0100084    3.3707135E+16
       557.8300091    2.3579978E+16
       571.4300093    2.0984641E+16
       585.0400095    1.8695956E+16
       612.2500100    1.4894970E+16
       666.6700108    9.5886466E+15
       680.2800111    8.6132691E+15
       707.4900115    6.9739585E+15
       734.7000119    5.6713588E+15
       761.9100124    4.6316380E+15
       789.1200128    3.7980578E+15
       816.3300133    3.1268342E+15
       843.5400137    2.5840695E+15
       870.7500142    2.1432983E+15
       911.5700148    1.6294966E+15
       952.3900155    1.2479421E+15
       993.2000162    9.6225783E+14
      1020.4000166    8.1201202E+14
      1061.2000173    6.3245541E+14
      1088.4000177    5.3697906E+14
      1102.0000179    4.9519839E+14
      1115.7000181    4.5663790E+14
      1129.3000184    4.2154191E+14
      1142.9000186    3.8933110E+14
      1156.5000188    3.5974797E+14
      1170.1000190    3.3255992E+14
      1197.3000195    2.8457480E+14
      1210.9000197    2.6338905E+14
      1224.5000199    2.4386965E+14
      1227.2000200    2.4018014E+14
      1229.9000200    2.3654964E+14
      1232.7000200    2.3284591E+14
      1235.4000201    2.2933248E+14
      1238.1000201    2.2587500E+14
      1240.8000202    2.2247253E+14
      1243.5000202    2.1912410E+14
      1246.3000203    2.1570774E+14
      1249.0000203    2.1246653E+14
      1257.2000204    2.2489229E+14
      1259.9000205    2.2159085E+14
      1262.6000205    2.1826133E+14
      1270.8000207    2.0827983E+14
      1281.6000208    1.9575198E+14
      1289.8000210    1.9662365E+14
      1292.5000210    1.9363753E+14
      1295.2000211    1.9066665E+14
      1298.0000211    1.8761773E+14
      1300.7000212    1.8474079E+14
      1303.4000212    1.8188121E+14
      1306.1000212    1.7906502E+14
      1314.3000214    1.7078127E+14
      1330.6000216    1.5547676E+14
      1341.5000218    1.4604691E+14
      1355.1000220    1.3510962E+14
      1360.6000221    1.3093143E+14
      1371.4000223    1.2311218E+14
      1382.3000225    1.1570935E+14
      1390.5000226    1.1044419E+14
      1395.9000227    1.0711222E+14
      1404.1000228    1.0227178E+14
      1406.8000229    1.0072074E+14
      1409.5000229    9.9193847E+13
      1415.0000230    9.6156516E+13
      1417.7000231    9.4700514E+13
      1420.4000231    9.3267077E+13
      1423.1000231    9.1855836E+13
      1425.9000232    9.0415378E+13
      1428.6000232    8.9048220E+13
      1431.3000233    8.7702167E+13
      1436.7000234    8.5071902E+13
      1439.5000234    8.3739892E+13
      1442.2000235    8.2475552E+13
      1444.9000235    8.1230633E+13
      1447.6000235    8.0004814E+13
      1450.4000236    7.8753426E+13
      1453.1000236    7.7565541E+13
      1455.8000237    4.7856237E+14
      1458.5000237    4.7550237E+14
      1461.2000238    4.7092716E+14
      1466.7000239    4.5937772E+14
      1469.4000239    4.5327001E+14
      1472.1000239    4.4707737E+14
      1477.6000240    4.3446201E+14
      1480.3000241    4.2833367E+14
      1488.4000242    4.1043301E+14
      1491.2000242    4.0437849E+14
      1496.6000243    3.9293928E+14
      1551.0000252    2.9365077E+14
      1632.7000266    1.8772057E+14
      1823.1000296    5.9633360E+13

