       12.5000002    2.0780742E+03
        15.0000002    1.0513911E+03
        20.0000003    1.0070348E+02
        25.0000004    2.6594807E+01
        30.0000005    1.8152142E+01
        35.0000006    1.1128114E+01
        40.0000007    7.4538746E+00
        45.0000007    5.1763091E+00
        50.0000008    3.4525001E+00
        55.0000009    2.1244709E+00
        60.0000010    1.2037681E+00
        65.0000011    6.4448631E-01
        70.0000011    3.3801556E-01
        75.0000012    6.6907877E-01
        80.0000013    5.0194079E-01
        85.0000014    4.2494050E-01
        90.0000015    4.1133717E-01
        95.2390015    3.3890349E-01
       100.6800016    2.3421589E-01
       114.2900019    1.0918026E-01
       119.7300019    8.8344336E-02
       122.4500020    8.0350928E-02
       125.1700020    7.3446333E-02
       127.8900021    6.7380533E-02
       130.6100021    6.1976291E-02
       133.3300022    5.7107083E-02
       136.0600022    5.2665789E-02
       146.9400024    3.8286682E-02
       149.6600024    3.5346340E-02
       155.1000025    3.0095475E-02
       157.8200026    2.7754128E-02
       160.5500026    2.5576951E-02
       165.9900027    2.6415024E-02
       171.4300028    2.3021648E-02
       176.8700029    2.1163339E-02
       179.5900029    1.9898409E-02
       182.3100030    1.8534468E-02
       185.0400030    1.7124537E-02
       187.7600031    1.5748110E-02
       190.4800031    1.4457671E-02
       195.9200032    1.2171353E-02
       198.6400032    1.1150480E-02
       204.0800033    9.3477517E-03
       206.8000034    8.5643297E-03
       209.5300034    7.8499466E-03
       212.2500035    7.2032218E-03
       214.9700035    6.6151321E-03
       220.4100036    5.5926237E-03
       225.8500037    4.7434699E-03
       236.7400038    3.9458200E-03
       247.6200040    2.9917625E-03
       258.5100042    2.2664850E-03
       272.1100044    1.6123980E-03
       285.7200046    1.1578269E-03
       299.3200049    8.3902007E-04
       312.9300051    6.1304733E-04
       340.1400055    3.3576097E-04
       353.7400058    2.5172214E-04
       380.9500062    1.4522574E-04
       394.5600064    1.1177411E-04
       408.1700066    8.6792250E-05
       435.3800071    5.3715579E-05
       462.5900075    3.4351753E-05
       476.1900077    2.7787262E-05
       489.8000080    2.2631837E-05
       503.4000082    1.8556817E-05
       517.0100084    1.5306356E-05
       557.8300091    8.8714596E-06
       571.4300093    7.4667291E-06
       585.0400095    6.3091802E-06
       612.2500100    4.5546008E-06
       666.6700108    2.4617202E-06
       680.2800111    2.1241965E-06
       707.4900115    1.7178327E-06
       734.7000119    1.3308164E-06
       761.9100124    9.9662805E-07
       789.1200128    7.5363022E-07
       816.3300133    5.7472272E-07
       843.5400137    4.4162741E-07
       870.7500142    3.4170895E-07
       911.5700148    2.3531553E-07
       952.3900155    1.6413645E-07
       993.2000162    2.0173080E-07
      1020.4000166    1.5691539E-07
      1061.2000173    1.3311576E-07
      1088.4000177    1.0440816E-07
      1102.0000179    9.2648982E-08
      1115.7000181    8.2247205E-08
      1129.3000184    7.3167492E-08
      1142.9000186    6.5168862E-08
      1156.5000188    5.8113539E-08
      1170.1000190    5.1882257E-08
      1197.3000195    1.2208224E-07
      1210.9000197    1.1074925E-07
      1224.5000199    1.0046948E-07
      1227.2000200    9.8550970E-08
      1229.9000200    9.6671442E-08
      1232.7000200    9.4762683E-08
      1235.4000201    9.2960271E-08
      1238.1000201    9.1194572E-08
      1240.8000202    8.9464834E-08
      1243.5000202    8.7769948E-08
      1246.3000203    8.6049084E-08
      1249.0000203    8.4424030E-08
      1257.2000204    7.9688071E-08
      1259.9000205    7.8191981E-08
      1262.6000205    7.6726124E-08
      1270.8000207    7.2453012E-08
      1281.6000208    6.7212305E-08
      1289.8000210    6.3506668E-08
      1292.5000210    6.2335239E-08
      1295.2000211    6.1187095E-08
      1298.0000211    6.0020490E-08
      1300.7000212    5.8918054E-08
      1303.4000212    5.7837624E-08
      1306.1000212    5.6778507E-08
      1314.3000214    5.3688272E-08
      1330.6000216    4.8070991E-08
      1341.5000218    4.4670415E-08
      1355.1000220    4.0787032E-08
      1360.6000221    3.9321424E-08
      1371.4000223    3.6606203E-08
      1382.3000225    3.4069803E-08
      1390.5000226    3.2286831E-08
      1395.9000227    3.1167815E-08
      1404.1000228    2.9547817E-08
      1406.8000229    2.9034474E-08
      1409.5000229    2.8530740E-08
      1415.0000230    2.7533542E-08
      1417.7000231    2.7057824E-08
      1420.4000231    2.6590964E-08
      1423.1000231    2.6132783E-08
      1425.9000232    2.5666612E-08
      1428.6000232    2.5225576E-08
      1431.3000233    2.4792707E-08
      1436.7000234    2.3950811E-08
      1439.5000234    2.3526459E-08
      1442.2000235    2.3124935E-08
      1444.9000235    2.2730791E-08
      1447.6000235    2.2343885E-08
      1450.4000236    2.1950139E-08
      1453.1000236    2.1577536E-08
      1455.8000237    2.1211745E-08
      1458.5000237    2.0852635E-08
      1461.2000238    2.0500071E-08
      1466.7000239    1.9801613E-08
      1469.4000239    1.9468162E-08
      1472.1000239    1.9140760E-08
      1477.6000240    1.8492049E-08
      1480.3000241    1.8182300E-08
      1488.4000242    1.7286153E-08
      1491.2000242    1.6987546E-08
      1496.6000243    1.6427251E-08
      1551.0000252    1.1773728E-08
      1632.7000266    7.2518218E-09
      1823.1000296    2.5013345E-09
      2340.2000381    1.9911153E-10
      2829.9000460    2.5411982E-11
      3047.6000496    1.0865328E-11
      3700.7000602    8.1941414E-13
      4000.0000650    2.2556940E-13
      4680.3000761    0.0000000E+00
 
