       12.5000002    3.7252584E-01
        15.0000002    3.3289343E-01
        20.0000003    1.0024135E-01
        25.0000004    2.8269166E-02
        30.0000005    1.1215642E-02
        35.0000006    5.3800270E-03
        40.0000007    2.5864462E-03
        45.0000007    1.1822660E-03
        50.0000008    5.3582335E-04
        55.0000009    2.5089411E-04
        60.0000010    1.2403891E-04
        65.0000011    6.4751272E-05
        70.0000011    3.5175719E-05
        75.0000012    3.0266468E-05
        80.0000013    1.4755349E-05
        85.0000014    7.3295159E-06
        90.0000015    3.6593685E-06
        95.2390015    1.7297054E-06
       100.6800016    7.4215444E-07
 
