       12.5000002    1.1543779E+01
        15.0000002    8.4606943E+00
        20.0000003    9.3022764E-01
        25.0000004    1.9375530E-01
        30.0000005    1.6876912E-01
        35.0000006    9.8362416E-02
        40.0000007    5.2550871E-02
        45.0000007    2.6403667E-02
        50.0000008    1.3027576E-02
        55.0000009    6.8140393E-03
        60.0000010    3.9923685E-03
        65.0000011    2.5960456E-03
        70.0000011    1.7911618E-03
        75.0000012    1.2057242E-02
        80.0000013    8.8751689E-03
        85.0000014    5.7364148E-03
        90.0000015    3.6189114E-03
        95.2390015    2.2185026E-03
       100.6800016    1.3332713E-03
       114.2900019    3.9204626E-04
       119.7300019    2.4687205E-04
       122.4500020    1.9712995E-04
       125.1700020    1.5808748E-04
       127.8900021    1.2733333E-04
       130.6100021    1.0301877E-04
       133.3300022    8.3722749E-05
       136.0600022    6.8299792E-05
       146.9400024    3.1751075E-05
       149.6600024    2.6512927E-05
       155.1000025    1.8727518E-05
       157.8200026    1.5838390E-05
       160.5500026    1.3440770E-05
       165.9900027    3.8965682E-05
       171.4300028    2.9096254E-05
       176.8700029    3.0173544E-05
       179.5900029    2.6132475E-05
       182.3100030    2.2599639E-05
       185.0400030    1.9537203E-05
       187.7600031    1.6912336E-05
       190.4800031    1.4655133E-05
       195.9200032    1.1040194E-05
       198.6400032    9.5974674E-06
       204.0800033    7.2747971E-06
       206.8000034    6.3427933E-06
       209.5300034    5.5325445E-06
       212.2500035    4.8325787E-06
       214.9700035    4.2248794E-06
       220.4100036    3.2373468E-06
       225.8500037    2.4887443E-06
       236.7400038    3.4379493E-06
       247.6200040    2.2688816E-06
       258.5100042    1.5013075E-06
       272.1100044    9.0174422E-07
       285.7200046    5.4426010E-07
       299.3200049    3.2966744E-07
       312.9300051    1.9979709E-07
       340.1400055    7.2857759E-08
       353.7400058    4.3560512E-08
       380.9500062    1.4900965E-08
       394.5600064    8.3868352E-09
       408.1700066    4.5036392E-09
       435.3800071    8.5454910E-10
 
