       12.5000002    1.9535774E+02
        15.0000002    4.3645725E+01
        20.0000003    2.1296097E+01
        25.0000004    9.2576389E+00
        30.0000005    7.0778394E+00
        35.0000006    3.7153184E+00
        40.0000007    1.7683878E+00
        45.0000007    8.1066275E-01
        50.0000008    3.7175074E-01
        55.0000009    1.8177754E-01
        60.0000010    1.0391419E-01
        65.0000011    7.0260718E-02
        70.0000011    5.2034553E-02
        75.0000012    1.7708397E-01
        80.0000013    1.6101032E-01
        85.0000014    1.3770558E-01
        90.0000015    1.1993988E-01
        95.2390015    1.0285323E-01
       100.6800016    8.3293758E-02
       114.2900019    4.5746982E-02
       119.7300019    3.5819694E-02
       122.4500020    3.1680543E-02
       125.1700020    2.8012782E-02
       127.8900021    2.4765005E-02
       130.6100021    2.1891166E-02
       133.3300022    1.9349860E-02
       136.0600022    1.7096169E-02
       146.9400024    1.0452410E-02
       149.6600024    9.2486888E-03
       155.1000025    7.2491844E-03
       157.8200026    6.4219274E-03
       160.5500026    5.6891572E-03
       165.9900027    5.5266558E-03
       171.4300028    4.4902116E-03
       176.8700029    4.0076901E-03
       179.5900029    3.6454650E-03
       182.3100030    3.3060741E-03
       185.0400030    2.9946186E-03
       187.7600031    2.7142668E-03
       190.4800031    2.4623889E-03
       195.9200032    2.0338646E-03
       198.6400032    1.8517749E-03
       204.0800033    1.5405699E-03
       206.8000034    1.4076908E-03
       209.5300034    1.2873471E-03
       212.2500035    1.1789973E-03
       214.9700035    1.0809269E-03
       220.4100036    9.1134716E-04
       225.8500037    7.7126996E-04
       236.7400038    6.3156645E-04
       247.6200040    4.5395296E-04
       258.5100042    3.2843687E-04
       272.1100044    2.2277149E-04
       285.7200046    1.5391594E-04
       299.3200049    1.0833258E-04
       312.9300051    7.7575220E-05
       340.1400055    4.1745101E-05
       353.7400058    3.1286538E-05
       380.9500062    1.8208490E-05
       394.5600064    1.4102935E-05
       408.1700066    1.1017643E-05
       435.3800071    6.8751374E-06
       462.5900075    4.3954001E-06
       476.1900077    3.5415378E-06
       489.8000080    2.8658180E-06
       503.4000082    2.3288840E-06
       517.0100084    1.8994191E-06
       557.8300091    1.0516806E-06
       571.4300093    8.6893453E-07
       585.0400095    7.1984135E-07
       612.2500100    4.9796756E-07
       666.6700108    2.4520173E-07
       680.2800111    2.0651385E-07
       707.4900115    1.4903110E-07
       734.7000119    1.0752429E-07
       761.9100124    7.7718084E-08
       789.1200128    5.6591826E-08
       816.3300133    4.1496047E-08
       843.5400137    3.0627653E-08
       870.7500142    2.2747086E-08
       911.5700148    1.4719936E-08
       952.3900155    9.6443378E-09
       993.2000162    8.2125808E-09
      1020.4000166    6.1905152E-09
      1061.2000173    4.5882205E-09
      1088.4000177    3.4872474E-09
      1102.0000179    3.0459817E-09
      1115.7000181    2.6612490E-09
      1129.3000184    2.3302413E-09
      1142.9000186    2.0428210E-09
      1156.5000188    1.7929189E-09
      1170.1000190    1.5753566E-09
      1197.3000195    4.9552886E-09
      1210.9000197    4.4068442E-09
      1224.5000199    3.9170396E-09
      1227.2000200    3.8266079E-09
      1229.9000200    3.7383345E-09
      1232.7000200    3.6490224E-09
      1235.4000201    3.5650021E-09
      1238.1000201    3.4829974E-09
      1240.8000202    3.4029615E-09
      1243.5000202    3.3248468E-09
      1246.3000203    3.2458194E-09
      1249.0000203    3.1714766E-09
      1257.2000204    2.9564433E-09
      1259.9000205    2.8890330E-09
      1262.6000205    2.8232339E-09
      1270.8000207    2.6328690E-09
      1281.6000208    2.4024718E-09
      1289.8000210    2.2417201E-09
      1292.5000210    2.1912923E-09
      1295.2000211    2.1420530E-09
      1298.0000211    2.0922137E-09
      1300.7000212    2.0453050E-09
      1303.4000212    1.9994977E-09
      1306.1000212    1.9547646E-09
      1314.3000214    1.8252236E-09
      1330.6000216    1.5937016E-09
      1341.5000218    1.4561936E-09
      1355.1000220    1.3018078E-09
      1360.6000221    1.2443185E-09
      1371.4000223    1.1390051E-09
      1382.3000225    1.0421009E-09
      1390.5000226    9.7488362E-10
      1395.9000227    9.3309593E-10
      1404.1000228    8.7316732E-10
      1406.8000229    8.5432172E-10
      1409.5000229    8.3589824E-10
      1415.0000230    7.9963375E-10
      1417.7000231    7.8243256E-10
      1420.4000231    7.6561490E-10
      1423.1000231    7.4917184E-10
      1425.9000232    7.3250611E-10
      1428.6000232    7.1679934E-10
      1431.3000233    7.0144118E-10
      1436.7000234    6.7173883E-10
      1439.5000234    6.5685324E-10
      1442.2000235    6.4282235E-10
      1444.9000235    6.2910127E-10
      1447.6000235    6.1568284E-10
      1450.4000236    6.0207966E-10
      1453.1000236    5.8925631E-10
      1455.8000237    5.7671490E-10
      1458.5000237    5.6444893E-10
      1461.2000238    5.5245208E-10
      1466.7000239    5.2882104E-10
      1469.4000239    5.1760429E-10
      1472.1000239    5.0663268E-10
      1477.6000240    4.8501803E-10
      1480.3000241    4.7475701E-10
      1488.4000242    4.4529364E-10
      1491.2000242    4.3555179E-10
      1496.6000243    4.1737760E-10
      1551.0000252    2.7234698E-10
      1632.7000266    1.4426052E-10
      1823.1000296    3.2650695E-11
 
