       12.5000002    2.7052811E+01
        15.0000002    2.3742590E+01
        20.0000003    7.9189048E+00
        25.0000004    2.6205144E+00
        30.0000005    7.4574077E-01
        35.0000006    2.6194066E-01
        40.0000007    1.4912637E-01
        45.0000007    9.9896885E-02
        50.0000008    7.0004605E-02
        55.0000009    4.7709234E-02
        60.0000010    3.0573549E-02
        65.0000011    1.8645493E-02
        70.0000011    1.1133593E-02
        75.0000012    7.3105499E-02
        80.0000013    6.2880307E-02
        85.0000014    4.8479807E-02
        90.0000015    3.6832247E-02
        95.2390015    2.6965767E-02
       100.6800016    1.8801752E-02
       114.2900019    7.4736187E-03
       119.7300019    5.2082236E-03
       122.4500020    4.3561016E-03
       125.1700020    3.6480487E-03
       127.8900021    3.0590049E-03
       130.6100021    2.5683888E-03
       133.3300022    2.1592749E-03
       136.0600022    1.8165797E-03
       146.9400024    9.2478801E-04
       149.6600024    7.8390120E-04
       155.1000025    5.6571991E-04
       157.8200026    4.8166595E-04
       160.5500026    4.1049058E-04
       165.9900027    6.0186826E-04
       171.4300028    4.8472924E-04
       176.8700029    4.9190229E-04
       179.5900029    4.4487478E-04
       182.3100030    4.0020514E-04
       185.0400030    3.5908350E-04
       187.7600031    3.2212256E-04
       190.4800031    2.8903087E-04
       195.9200032    2.3313944E-04
       198.6400032    2.0961273E-04
       204.0800033    1.6982853E-04
       206.8000034    1.5304417E-04
       209.5300034    1.3797327E-04
       212.2500035    1.2452815E-04
       214.9700035    1.1247611E-04
       220.4100036    9.1954556E-05
       225.8500037    7.5382617E-05
       236.7400038    5.8147125E-05
       247.6200040    4.1594783E-05
       258.5100042    3.0180452E-05
       272.1100044    2.0571109E-05
       285.7200046    1.4241199E-05
       299.3200049    9.9902882E-06
       312.9300051    7.0824644E-06
       340.1400055    3.6555573E-06
       353.7400058    2.6558791E-06
       380.9500062    1.4281419E-06
       394.5600064    1.0560531E-06
       408.1700066    7.8497317E-07
       435.3800071    4.4014078E-07
       462.5900075    2.5124424E-07
       476.1900077    1.9102602E-07
       489.8000080    1.4578070E-07
       503.4000082    1.1168949E-07
       517.0100084    8.5857799E-08
       557.8300091    3.9777717E-08
       571.4300093    3.0964642E-08
       585.0400095    2.4162830E-08
       612.2500100    1.4819836E-08
       666.6700108    5.6993299E-09
       680.2800111    4.5024735E-09
       707.4900115    2.8190623E-09
       734.7000119    1.7657835E-09
       761.9100124    1.1045261E-09
       789.1200128    6.8832567E-10
       816.3300133    4.2598941E-10
       843.5400137    2.6072355E-10
       870.7500142    1.5688374E-10
       911.5700148    6.9374555E-11
       952.3900155    2.6740141E-11
       993.2000162    5.3472548E-12
 
