       12.5000002    1.2457864E+03
        15.0000002    4.6776746E+02
        20.0000003    3.2749752E+01
        25.0000004    1.6436502E+01
        30.0000005    1.0914547E+01
        35.0000006    6.6051192E+00
        40.0000007    3.9659498E+00
        45.0000007    2.1578012E+00
        50.0000008    1.0472190E+00
        55.0000009    4.5949742E-01
        60.0000010    1.9448151E-01
        65.0000011    9.0367705E-02
        70.0000011    5.1317628E-02
        75.0000012    1.4622113E-01
        80.0000013    1.2412306E-01
        85.0000014    9.9451326E-02
        90.0000015    8.0330960E-02
        95.2390015    6.2897921E-02
       100.6800016    4.5462634E-02
       114.2900019    1.5359242E-02
       119.7300019    8.5637225E-03
       122.4500020    6.0002590E-03
       125.1700020    3.8731126E-03
       127.8900021    2.0354460E-03
 
