       12.5000002    6.7516522E+02
        15.0000002    1.8221707E+02
        20.0000003    2.1784700E+01
        25.0000004    1.2061640E+01
        30.0000005    8.1387930E+00
        35.0000006    4.5776591E+00
        40.0000007    2.2786727E+00
        45.0000007    1.0010706E+00
        50.0000008    4.0322870E-01
        55.0000009    1.6175082E-01
        60.0000010    7.6325022E-02
        65.0000011    4.5796603E-02
        70.0000011    3.0827638E-02
        75.0000012    9.6967079E-02
        80.0000013    7.8808442E-02
        85.0000014    5.8455735E-02
        90.0000015    4.2042494E-02
        95.2390015    2.6799414E-02
       100.6800016    1.3287690E-02
 
