       12.5000002    5.3217171E+18
        15.0000002    4.8866057E+18
        20.0000003    2.1993428E+18
        25.0000004    2.0005200E+18
        30.0000005    2.6181870E+18
        35.0000006    2.6506218E+18
        40.0000007    2.6257762E+18
        45.0000007    2.4700683E+18
        50.0000008    2.1639854E+18
        55.0000009    1.7640922E+18
        60.0000010    1.3701747E+18
        65.0000011    1.0567375E+18
        70.0000011    8.4018343E+17
        75.0000012    3.7141442E+18
        80.0000013    4.0571487E+18
        85.0000014    4.2040726E+18
        90.0000015    4.4409390E+18
        95.2390015    4.4633635E+18
       100.6800016    4.1923540E+18
       114.2900019    3.5657203E+18
       119.7300019    3.3772366E+18
       122.4500020    3.2884010E+18
       125.1700020    3.2016481E+18
       127.8900021    3.1162394E+18
       130.6100021    3.0316922E+18
       133.3300022    2.9477063E+18
       136.0600022    2.8638127E+18
       146.9400024    2.5333017E+18
       149.6600024    2.4520426E+18
       155.1000025    2.2920865E+18
       157.8200026    2.2136763E+18
       160.5500026    2.1362148E+18
       165.9900027    2.5463518E+18
       171.4300028    2.4322310E+18
       176.8700029    2.5250724E+18
       179.5900029    2.4748245E+18
       182.3100030    2.4080385E+18
       185.0400030    2.3316450E+18
       187.7600031    2.2518247E+18
       190.4800031    2.1724692E+18
       195.9200032    2.0201996E+18
       198.6400032    1.9469099E+18
       204.0800033    1.8077012E+18
       206.8000034    1.7424607E+18
       209.5300034    1.6799364E+18
       212.2500035    1.6204716E+18
       214.9700035    1.5636952E+18
       220.4100036    1.4576627E+18
       225.8500037    1.3608144E+18
       236.7400038    1.3994899E+18
       247.6200040    1.2474512E+18
       258.5100042    1.1053695E+18
       272.1100044    9.5064964E+17
       285.7200046    8.2002264E+17
       299.3200049    7.0981962E+17
       312.9300051    6.1665635E+17
       340.1400055    4.7131779E+17
       353.7400058    4.1486429E+17
       380.9500062    3.2596888E+17
       394.5600064    2.9096235E+17
       408.1700066    2.6088896E+17
       435.3800071    2.1243396E+17
       462.5900075    1.7560630E+17
       476.1900077    1.6045405E+17
       489.8000080    1.4702446E+17
       503.4000082    1.3507991E+17
       517.0100084    1.2439179E+17
       557.8300091    9.8306948E+16
       571.4300093    9.1195212E+16
       585.0400095    8.4710971E+16
       612.2500100    7.3364776E+16
       666.6700108    5.5688125E+16
       680.2800111    5.2085726E+16
       707.4900115    4.7728632E+16
       734.7000119    4.2589141E+16
       761.9100124    3.7185208E+16
       789.1200128    3.2595432E+16
       816.3300133    2.8669716E+16
       843.5400137    2.5294037E+16
       870.7500142    2.2378418E+16
       911.5700148    1.8712043E+16
       952.3900155    1.5729328E+16
       993.2000162    2.1048026E+16
      1020.4000166    1.8486555E+16
      1061.2000173    1.8308288E+16
      1088.4000177    1.6117010E+16
      1102.0000179    1.5137815E+16
      1115.7000181    1.4221477E+16
      1129.3000184    1.3375743E+16
      1142.9000186    1.2588672E+16
      1156.5000188    1.1855632E+16
      1170.1000190    1.1172424E+16
      1197.3000195    3.1764257E+16
      1210.9000197    3.0311626E+16
      1224.5000199    2.8909448E+16
      1227.2000200    2.8638896E+16
      1229.9000200    2.8371152E+16
      1232.7000200    2.8096375E+16
      1235.4000201    2.7834191E+16
      1238.1000201    2.7574727E+16
      1240.8000202    2.7317972E+16
      1243.5000202    2.7063907E+16
      1246.3000203    2.6803255E+16
      1249.0000203    2.6554608E+16
      1257.2000204    2.5815434E+16
      1259.9000205    2.5577220E+16
      1262.6000205    2.5341525E+16
      1270.8000207    2.4640857E+16
      1281.6000208    2.3751781E+16
      1289.8000210    2.3101364E+16
      1292.5000210    2.2891729E+16
      1295.2000211    2.2684295E+16
      1298.0000211    2.2471462E+16
      1300.7000212    2.2268422E+16
      1303.4000212    2.2067495E+16
      1306.1000212    2.1868668E+16
      1314.3000214    2.1277408E+16
      1330.6000216    2.0156254E+16
      1341.5000218    1.9444756E+16
      1355.1000220    1.8597569E+16
      1360.6000221    1.8267207E+16
      1371.4000223    1.7638169E+16
      1382.3000225    1.7028754E+16
      1390.5000226    1.6586451E+16
      1395.9000227    1.6302496E+16
      1404.1000228    1.5882090E+16
      1406.8000229    1.5746444E+16
      1409.5000229    1.5612150E+16
      1415.0000230    1.5342708E+16
      1417.7000231    1.5212428E+16
      1420.4000231    1.5083440E+16
      1423.1000231    1.4955729E+16
      1425.9000232    1.4824623E+16
      1428.6000232    1.4699471E+16
      1431.3000233    1.4575553E+16
      1436.7000234    1.4331367E+16
      1439.5000234    1.4206640E+16
      1442.2000235    1.4087570E+16
      1444.9000235    1.3969667E+16
      1447.6000235    1.3852918E+16
      1450.4000236    1.3733049E+16
      1453.1000236    1.3618613E+16
      1455.8000237    1.3505293E+16
      1458.5000237    1.3393075E+16
      1461.2000238    1.3281950E+16
      1466.7000239    1.3058910E+16
      1469.4000239    1.2951027E+16
      1472.1000239    1.2844189E+16
      1477.6000240    1.2629737E+16
      1480.3000241    1.2525998E+16
      1488.4000242    1.2220735E+16
      1491.2000242    1.2117249E+16
      1496.6000243    1.1920563E+16
      1551.0000252    1.0134773E+16
      1632.7000266    8.0101951E+15
      1823.1000296    4.8004747E+15
      2340.2000381    1.4715884E+15
      2829.9000460    5.8958976E+14
      3047.6000496    3.9555988E+14
      3700.7000602    1.4735363E+14
      4000.0000650    9.8149406E+13
      4680.3000761    3.3569284E+13
      5006.8000814    2.0232645E+13
      5387.8000876    7.6170852E+12
 
