       12.5000002    3.9567042E+18
        15.0000002    5.4851787E+18
        20.0000003    3.8941032E+18
        25.0000004    2.2353870E+18
        30.0000005    2.2468460E+18
        35.0000006    2.1805391E+18
        40.0000007    2.0542658E+18
        45.0000007    1.8609145E+18
        50.0000008    1.6166657E+18
        55.0000009    1.3500211E+18
        60.0000010    1.1073101E+18
        65.0000011    9.1674531E+17
        70.0000011    7.7922540E+17
        75.0000012    6.6915041E+18
        80.0000013    6.7845634E+18
        85.0000014    6.0444816E+18
        90.0000015    5.2275230E+18
        95.2390015    4.3927831E+18
       100.6800016    3.5813952E+18
       114.2900019    2.1073549E+18
       119.7300019    1.7090637E+18
       122.4500020    1.5406784E+18
       125.1700020    1.3899795E+18
       127.8900021    1.2551090E+18
       130.6100021    1.1343957E+18
       133.3300022    1.0263380E+18
       136.0600022    9.2925157E+17
       146.9400024    6.3309144E+17
       149.6600024    5.7711579E+17
       155.1000025    4.8169367E+17
       157.8200026    4.4108239E+17
       160.5500026    4.0440460E+17
       165.9900027    1.0137064E+18
       171.4300028    9.1652059E+17
       176.8700029    1.1057949E+18
       179.5900029    1.0523416E+18
       182.3100030    9.9723808E+17
       185.0400030    9.4319626E+17
       187.7600031    8.9177780E+17
       190.4800031    8.4316084E+17
       195.9200032    7.5429727E+17
       198.6400032    7.1376261E+17
       204.0800033    6.3972232E+17
       206.8000034    6.0593076E+17
       209.5300034    5.7399493E+17
       212.2500035    5.4402080E+17
       214.9700035    5.1576939E+17
       220.4100036    4.6400411E+17
       225.8500037    4.1791461E+17
       236.7400038    5.2322632E+17
       247.6200040    4.5429498E+17
       258.5100042    3.9558394E+17
       272.1100044    3.3445391E+17
       285.7200046    2.8409750E+17
       299.3200049    2.4235085E+17
       312.9300051    2.0747240E+17
       340.1400055    1.5356838E+17
       353.7400058    1.3272932E+17
       380.9500062    9.9988462E+16
       394.5600064    8.7136563E+16
       408.1700066    7.6137641E+16
       435.3800071    5.8584617E+16
       462.5900075    4.5524837E+16
       476.1900077    4.0275631E+16
       489.8000080    3.5710042E+16
       503.4000082    3.1735211E+16
       517.0100084    2.8261654E+16
       557.8300091    2.0211515E+16
       571.4300093    1.8146973E+16
       585.0400095    1.6322731E+16
       612.2500100    1.3278987E+16
       666.6700108    8.9690986E+15
       680.2800111    8.1630744E+15
       707.4900115    6.7980205E+15
       734.7000119    5.6896302E+15
       761.9100124    4.7863529E+15
       789.1200128    4.0471973E+15
       816.3300133    3.4388821E+15
       843.5400137    2.9355218E+15
       870.7500142    2.5168492E+15
       911.5700148    2.0135705E+15
       952.3900155    1.6249922E+15
       993.2000162    1.4305049E+15
      1020.4000166    1.2465304E+15
      1061.2000173    1.0686348E+15
      1088.4000177    9.3709140E+14
      1102.0000179    8.7856428E+14
      1115.7000181    8.2394780E+14
      1129.3000184    7.7367655E+14
      1142.9000186    7.2700905E+14
      1156.5000188    6.8364840E+14
      1170.1000190    6.4332503E+14
      1197.3000195    2.7255334E+15
      1210.9000197    2.5820933E+15
      1224.5000199    2.4437607E+15
      1227.2000200    2.4171743E+15
      1229.9000200    2.3908942E+15
      1232.7000200    2.3639661E+15
      1235.4000201    2.3383141E+15
      1238.1000201    2.3129701E+15
      1240.8000202    2.2879326E+15
      1243.5000202    2.2631997E+15
      1246.3000203    2.2378700E+15
      1249.0000203    2.2137500E+15
      1257.2000204    2.1423000E+15
      1259.9000205    2.1193562E+15
      1262.6000205    2.0966950E+15
      1270.8000207    2.0295685E+15
      1281.6000208    1.9449176E+15
      1289.8000210    1.8833736E+15
      1292.5000210    1.8636058E+15
      1295.2000211    1.8440786E+15
      1298.0000211    1.8240785E+15
      1300.7000212    1.8050309E+15
      1303.4000212    1.7862141E+15
      1306.1000212    1.7676247E+15
      1314.3000214    1.7125307E+15
      1330.6000216    1.6088314E+15
      1341.5000218    1.5435538E+15
      1355.1000220    1.4663767E+15
      1360.6000221    1.4364455E+15
      1371.4000223    1.3797122E+15
      1382.3000225    1.3250758E+15
      1390.5000226    1.2856260E+15
      1395.9000227    1.2603912E+15
      1404.1000228    1.2231631E+15
      1406.8000229    1.2111853E+15
      1409.5000229    1.1993436E+15
      1415.0000230    1.1756344E+15
      1417.7000231    1.1641946E+15
      1420.4000231    1.1528837E+15
      1423.1000231    1.1417000E+15
      1425.9000232    1.1302349E+15
      1428.6000232    1.1193053E+15
      1431.3000233    1.1084982E+15
      1436.7000234    1.0872445E+15
      1439.5000234    1.0764102E+15
      1442.2000235    1.0660812E+15
      1444.9000235    1.0558668E+15
      1447.6000235    1.0457655E+15
      1450.4000236    1.0354082E+15
      1453.1000236    1.0255332E+15
      1455.8000237    1.0157669E+15
      1458.5000237    1.0061082E+15
      1461.2000238    9.9655569E+14
      1466.7000239    9.7741913E+14
      1469.4000239    9.6818079E+14
      1472.1000239    9.5904338E+14
      1477.6000240    9.4073669E+14
      1480.3000241    9.3189778E+14
      1488.4000242    8.2130747E+14
      1491.2000242    8.1295517E+14
      1496.6000243    7.9711815E+14
      1551.0000252    6.5567380E+14
      1632.7000266    4.7920286E+14
      1823.1000296    2.2892681E+14
      2340.2000381    0.0000000E+00
      2829.9000460    0.0000000E+00
      3047.6000496    0.0000000E+00
      3700.7000602    0.0000000E+00
      4000.0000650    0.0000000E+00
      4680.3000761    0.0000000E+00
      5006.8000814    0.0000000E+00
      5387.8000876    0.0000000E+00
 
