       12.5000002    4.3792608E+18
        15.0000002    4.4650051E+18
        20.0000003    3.6125502E+18
        25.0000004    3.2522520E+18
        30.0000005    3.6412692E+18
        35.0000006    2.9109208E+18
        40.0000007    2.2929548E+18
        45.0000007    1.8769615E+18
        50.0000008    1.5994142E+18
        55.0000009    1.3857978E+18
        60.0000010    1.1978940E+18
        65.0000011    1.0261205E+18
        70.0000011    8.7201484E+17
        75.0000012    3.2420535E+18
        80.0000013    2.6921946E+18
        85.0000014    2.0633393E+18
        90.0000015    1.5647979E+18
        95.2390015    1.1779869E+18
       100.6800016    8.8828596E+17
       114.2900019    4.7427963E+17
       119.7300019    3.8117233E+17
       122.4500020    3.4392686E+17
       125.1700020    3.1158143E+17
       127.8900021    2.8336609E+17
       130.6100021    2.5864393E+17
       133.3300022    2.3688533E+17
       136.0600022    2.1758359E+17
       146.9400024    1.5940704E+17
       149.6600024    1.4834946E+17
       155.1000025    1.2923243E+17
       157.8200026    1.2093244E+17
       160.5500026    1.1331388E+17
       165.9900027    3.2327449E+17
       171.4300028    2.7843266E+17
       176.8700029    3.2683395E+17
       179.5900029    3.0344549E+17
       182.3100030    2.8153239E+17
       185.0400030    2.6119699E+17
       187.7600031    2.4254617E+17
       190.4800031    2.2539358E+17
       195.9200032    1.9509264E+17
       198.6400032    1.8171271E+17
       204.0800033    1.5798958E+17
       206.8000034    1.4747320E+17
       209.5300034    1.3771748E+17
       212.2500035    1.2872650E+17
       214.9700035    1.2040228E+17
       220.4100036    1.0553854E+17
       225.8500037    9.2742749E+16
       236.7400038    2.3088246E+17
       247.6200040    1.9373756E+17
       258.5100042    1.6238928E+17
       272.1100044    1.3086198E+17
       285.7200046    1.0609065E+17
       299.3200049    8.6558864E+16
       312.9300051    7.1042526E+16
       340.1400055    4.8700192E+16
       353.7400058    4.0656753E+16
       380.9500062    2.8768642E+16
       394.5600064    2.4373267E+16
       408.1700066    2.0742880E+16
       435.3800071    1.5217749E+16
       462.5900075    1.1340235E+16
       476.1900077    9.8429666E+15
       489.8000080    8.5713481E+15
       503.4000082    7.4887458E+15
       517.0100084    6.5332100E+15
       557.8300091    4.4637477E+15
       571.4300093    3.9518287E+15
       585.0400095    3.5065189E+15
       612.2500100    2.7792755E+15
       666.6700108    1.7876112E+15
       680.2800111    1.6078589E+15
       707.4900115    1.3071116E+15
       734.7000119    1.0687546E+15
       761.9100124    8.7853294E+14
       789.1200128    7.2570633E+14
       816.3300133    6.0215851E+14
       843.5400137    5.0170570E+14
       870.7500142    3.9334904E+14
       911.5700148    3.0000373E+14
       952.3900155    2.3031982E+14
       993.2000162    1.8230170E+14
      1020.4000166    1.5370420E+14
      1061.2000173    9.7342850E+13
      1088.4000177    8.1562343E+13
      1102.0000179    7.4718514E+13
      1115.7000181    6.8440539E+13
      1129.3000184    6.2761879E+13
      1142.9000186    5.7582538E+13
      1156.5000188    5.2855759E+13
      1170.1000190    4.8539434E+13
      1197.3000195    1.2204807E+14
      1210.9000197    9.9956027E+13
      1224.5000199    7.9761334E+13
      1227.2000200    7.8387893E+13
      1229.9000200    6.4843525E+13
      1232.7000200    6.3676095E+13
      1235.4000201    6.2570971E+13
      1238.1000201    4.9210154E+13
      1240.8000202    4.8349227E+13
      1243.5000202    4.7504112E+13
      1246.3000203    4.6644104E+13
      1249.0000203    3.3695193E+13
      1257.2000204    1.9740406E+13
      1259.9000205    1.9390578E+13
      1262.6000205    1.9047345E+13
      1270.8000207    5.5496378E+12
      1281.6000208    0.0000000E+00
      1289.8000210    0.0000000E+00
      1292.5000210    0.0000000E+00
      1295.2000211    0.0000000E+00
      1298.0000211    0.0000000E+00
      1300.7000212    0.0000000E+00
      1303.4000212    0.0000000E+00
      1306.1000212    0.0000000E+00
      1314.3000214    0.0000000E+00
      1330.6000216    0.0000000E+00
      1341.5000218    0.0000000E+00
      1355.1000220    0.0000000E+00
      1360.6000221    0.0000000E+00
      1371.4000223    0.0000000E+00
      1382.3000225    0.0000000E+00
      1390.5000226    0.0000000E+00
      1395.9000227    0.0000000E+00
      1404.1000228    0.0000000E+00
      1406.8000229    0.0000000E+00
      1409.5000229    0.0000000E+00
      1415.0000230    0.0000000E+00
      1417.7000231    0.0000000E+00
      1420.4000231    0.0000000E+00
      1423.1000231    0.0000000E+00
      1425.9000232    0.0000000E+00
      1428.6000232    0.0000000E+00
      1431.3000233    0.0000000E+00
      1436.7000234    0.0000000E+00
      1439.5000234    0.0000000E+00
      1442.2000235    0.0000000E+00
      1444.9000235    0.0000000E+00
      1447.6000235    0.0000000E+00
      1450.4000236    0.0000000E+00
      1453.1000236    0.0000000E+00
      1455.8000237    0.0000000E+00
      1458.5000237    0.0000000E+00
      1461.2000238    0.0000000E+00
      1466.7000239    0.0000000E+00
      1469.4000239    0.0000000E+00
      1472.1000239    0.0000000E+00
      1477.6000240    0.0000000E+00
      1480.3000241    0.0000000E+00
      1488.4000242    0.0000000E+00
      1491.2000242    0.0000000E+00
      1496.6000243    0.0000000E+00
      1551.0000252    0.0000000E+00
      1632.7000266    0.0000000E+00
      1823.1000296    0.0000000E+00
      2340.2000381    0.0000000E+00
 
