       12.5000002    7.1667460E+18
        15.0000002    9.0828000E+18
        20.0000003    6.3686160E+18
        25.0000004    4.5724428E+18
        30.0000005    3.8869630E+18
        35.0000006    2.5696090E+18
        40.0000007    1.7919124E+18
        45.0000007    1.2941086E+18
        50.0000008    9.5094569E+17
        55.0000009    7.0482303E+17
        60.0000010    5.2531841E+17
        65.0000011    3.9348449E+17
        70.0000011    2.9629636E+17
        75.0000012    2.3086107E+17
        80.0000013    1.7455962E+17
        85.0000014    1.3316251E+17
        90.0000015    1.0242778E+17
        95.2390015    7.8456425E+16
       100.6800016    5.9990514E+16
       114.2900019    3.1750907E+16
       119.7300019    2.4937342E+16
       122.4500020    2.2155544E+16
       125.1700020    1.9715283E+16
       127.8900021    1.7570549E+16
       130.6100021    1.5682064E+16
       133.3300022    1.4016172E+16
       136.0600022    1.2538935E+16
       146.9400024    8.1426615E+15
       149.6600024    7.3294852E+15
       155.1000025    5.9554323E+15
       157.8200026    5.3751575E+15
       160.5500026    4.8533608E+15
       165.9900027    4.5419730E+15
       171.4300028    3.6899581E+15
       176.8700029    3.2311973E+15
       179.5900029    2.9126192E+15
       182.3100030    2.6254907E+15
       185.0400030    2.3661058E+15
       187.7600031    2.1335392E+15
       190.4800031    1.9241354E+15
       195.9200032    1.5870068E+15
       198.6400032    1.4332844E+15
       204.0800033    1.1688347E+15
       206.8000034    1.0551909E+15
       209.5300034    9.5189702E+14
       212.2500035    8.5862161E+14
       214.9700035    7.7400163E+14
       220.4100036    6.2737836E+14
       225.8500037    5.0619035E+14
       236.7400038    2.5464960E+15
       247.6200040    1.4778680E+15
       258.5100042    7.9720244E+14
       272.1100044    1.4052079E+14
 
