       12.5000002    8.4927081E+02
        15.0000002    2.6983310E+02
        20.0000003    2.6819817E+01
        25.0000004    1.6417343E+01
        30.0000005    1.1178929E+01
        35.0000006    7.0731754E+00
        40.0000007    4.4348283E+00
        45.0000007    2.5951233E+00
        50.0000008    1.4064137E+00
        55.0000009    7.0989597E-01
        60.0000010    3.4567651E-01
        65.0000011    1.7423466E-01
        70.0000011    9.8114341E-02
        75.0000012    2.6394719E-01
        80.0000013    2.3421749E-01
        85.0000014    2.0512827E-01
        90.0000015    1.8464519E-01
        95.2390015    1.5668210E-01
       100.6800016    1.2548041E-01
       114.2900019    7.4978635E-02
       119.7300019    6.1888445E-02
       122.4500020    5.6252059E-02
       125.1700020    5.1122721E-02
       127.8900021    4.6446830E-02
       130.6100021    4.2180803E-02
       133.3300022    3.8288180E-02
       136.0600022    3.4724899E-02
       146.9400024    2.3418825E-02
       149.6600024    2.1202603E-02
       155.1000025    1.7366529E-02
       157.8200026    1.5713073E-02
       160.5500026    1.4210341E-02
       165.9900027    1.3836268E-02
       171.4300028    1.1610629E-02
       176.8700029    1.0304297E-02
       179.5900029    9.4798608E-03
       182.3100030    8.6655030E-03
       185.0400030    7.8900801E-03
       187.7600031    7.1756192E-03
       190.4800031    6.5255449E-03
       195.9200032    5.4064896E-03
       198.6400032    4.9255001E-03
       204.0800033    4.0987004E-03
       206.8000034    3.7449824E-03
       209.5300034    3.4246217E-03
       212.2500035    3.1363082E-03
       214.9700035    2.8755390E-03
       220.4100036    2.4253393E-03
       225.8500037    2.0544806E-03
       236.7400038    1.7910500E-03
       247.6200040    1.3298357E-03
       258.5100042    9.8504452E-04
       272.1100044    6.8266271E-04
       285.7200046    4.7877841E-04
       299.3200049    3.4005771E-04
       312.9300051    2.4453213E-04
       340.1400055    1.3141293E-04
       353.7400058    9.8194658E-05
       380.9500062    5.6842739E-05
       394.5600064    4.3987446E-05
       408.1700066    3.4396362E-05
       435.3800071    2.1635948E-05
       462.5900075    1.4055681E-05
       476.1900077    1.1446610E-05
       489.8000080    9.3762774E-06
       503.4000082    7.7230461E-06
       517.0100084    6.3915472E-06
       557.8300091    3.7154991E-06
       571.4300093    3.1236489E-06
       585.0400095    2.6340324E-06
       612.2500100    1.8894470E-06
       666.6700108    1.0018151E-06
       680.2800111    8.5957709E-07
       707.4900115    6.5864788E-07
       734.7000119    4.9690567E-07
       761.9100124    3.7081480E-07
       789.1200128    2.7898633E-07
       816.3300133    2.1147515E-07
       843.5400137    1.6142306E-07
       870.7500142    1.2402752E-07
       911.5700148    8.4493543E-08
       952.3900155    5.8307844E-08
       993.2000162    6.1598350E-08
      1020.4000166    4.7820688E-08
      1061.2000173    3.9048604E-08
      1088.4000177    3.0586719E-08
      1102.0000179    2.7125990E-08
      1115.7000181    2.4068314E-08
      1129.3000184    2.1402080E-08
      1142.9000186    1.9055630E-08
      1156.5000188    1.6987753E-08
      1170.1000190    1.5162808E-08
      1197.3000195    4.1259298E-08
      1210.9000197    3.7357815E-08
      1224.5000199    3.3820768E-08
      1227.2000200    3.3161392E-08
      1229.9000200    3.2515690E-08
      1232.7000200    3.1860253E-08
      1235.4000201    3.1241626E-08
      1238.1000201    3.0635892E-08
      1240.8000202    3.0042777E-08
      1243.5000202    2.9462026E-08
      1246.3000203    2.8872538E-08
      1249.0000203    2.8316153E-08
      1257.2000204    2.6696283E-08
      1259.9000205    2.6185084E-08
      1262.6000205    2.5684470E-08
      1270.8000207    2.4226580E-08
      1281.6000208    2.2441654E-08
      1289.8000210    2.1181711E-08
      1292.5000210    2.0783805E-08
      1295.2000211    2.0393990E-08
      1298.0000211    1.9998097E-08
      1300.7000212    1.9624222E-08
      1303.4000212    1.9257916E-08
      1306.1000212    1.8899014E-08
      1314.3000214    1.7852756E-08
      1330.6000216    1.5954747E-08
      1341.5000218    1.4808243E-08
      1355.1000220    1.3501418E-08
      1360.6000221    1.3008925E-08
      1371.4000223    1.2097600E-08
      1382.3000225    1.1247614E-08
      1390.5000226    1.0650907E-08
      1395.9000227    1.0276754E-08
      1404.1000228    9.7355786E-09
      1406.8000229    9.5642152E-09
      1409.5000229    9.3961177E-09
      1415.0000230    9.0635233E-09
      1417.7000231    8.9049408E-09
      1420.4000231    8.7493630E-09
      1423.1000231    8.5967278E-09
      1425.9000232    8.4414848E-09
      1428.6000232    8.2946610E-09
      1431.3000233    8.1506020E-09
      1436.7000234    7.8705567E-09
      1439.5000234    7.7294695E-09
      1442.2000235    7.5960154E-09
      1444.9000235    7.4650561E-09
      1447.6000235    7.3365407E-09
      1450.4000236    7.2057946E-09
      1453.1000236    7.0821078E-09
      1455.8000237    6.9607191E-09
      1458.5000237    6.8415824E-09
      1461.2000238    6.7246533E-09
      1466.7000239    6.4931092E-09
      1469.4000239    6.3826175E-09
      1472.1000239    6.2741607E-09
      1477.6000240    6.0593579E-09
      1480.3000241    5.9568377E-09
      1488.4000242    5.6603930E-09
      1491.2000242    5.5616693E-09
      1496.6000243    5.3765015E-09
      1551.0000252    3.8426178E-09
      1632.7000266    2.3598974E-09
      1823.1000296    8.1232859E-10
      2340.2000381    6.5583830E-11
      2829.9000460    8.6074871E-12
      3047.6000496    3.7402967E-12
      3700.7000602    1.9504587E-13
      4000.0000650    0.0000000E+00
      4680.3000761    0.0000000E+00
 
