       12.5000002    3.8558888E-01
        15.0000002    3.5335270E-01
        20.0000003    1.1050507E-01
        25.0000004    3.2580473E-02
        30.0000005    1.2902912E-02
        35.0000006    6.2633497E-03
        40.0000007    3.1927971E-03
        45.0000007    1.5711129E-03
        50.0000008    7.6457619E-04
        55.0000009    3.8043215E-04
        60.0000010    1.9789004E-04
        65.0000011    1.0848571E-04
        70.0000011    6.2457431E-05
        75.0000012    7.1303257E-05
        80.0000013    3.8042592E-05
        85.0000014    2.1003934E-05
        90.0000015    1.2078804E-05
        95.2390015    7.0062570E-06
       100.6800016    4.0884547E-06
       114.2900019    1.1307727E-06
       119.7300019    6.8175558E-07
       122.4500020    5.2889357E-07
       125.1700020    4.0974831E-07
       127.8900021    3.1682546E-07
       130.6100021    2.4434632E-07
       133.3300022    1.8783452E-07
       136.0600022    1.4366718E-07
       146.9400024    4.6350021E-08
       149.6600024    3.4082898E-08
       155.1000025    1.7452406E-08
       157.8200026    1.1947056E-08
       160.5500026    7.7216287E-09
       165.9900027    1.9962567E-09
 
