       12.5000002    1.1206693E+01
        15.0000002    8.3559113E+00
        20.0000003    9.4883126E-01
        25.0000004    1.9689128E-01
        30.0000005    1.7110814E-01
        35.0000006    1.0071382E-01
        40.0000007    5.4589752E-02
        45.0000007    2.7891206E-02
        50.0000008    1.3955802E-02
        55.0000009    7.3493677E-03
        60.0000010    4.3086926E-03
        65.0000011    2.8026046E-03
        70.0000011    1.9412620E-03
        75.0000012    1.3577986E-02
        80.0000013    1.0169195E-02
        85.0000014    6.6825915E-03
        90.0000015    4.2857449E-03
        95.2390015    2.6712902E-03
       100.6800016    1.6313508E-03
       114.2900019    4.9752620E-04
       119.7300019    3.1746941E-04
       122.4500020    2.5510933E-04
       125.1700020    2.0583862E-04
       127.8900021    1.6677854E-04
       130.6100021    1.3570586E-04
       133.3300022    1.1089943E-04
       136.0600022    9.0958158E-05
       146.9400024    4.3140211E-05
       149.6600024    3.6195128E-05
       155.1000025    2.5808087E-05
       157.8200026    2.1929252E-05
       160.5500026    1.8697940E-05
       165.9900027    5.3881431E-05
       171.4300028    4.1089224E-05
       176.8700029    4.3448486E-05
       179.5900029    3.8053313E-05
       182.3100030    3.3274140E-05
       185.0400030    2.9085093E-05
       187.7600031    2.5457832E-05
       190.4800031    2.2307875E-05
       195.9200032    1.7190065E-05
       198.6400032    1.5116114E-05
       204.0800033    1.1727417E-05
       206.8000034    1.0345998E-05
       209.5300034    9.1324728E-06
       212.2500035    8.0729478E-06
       214.9700035    7.1432601E-06
       220.4100036    5.6084109E-06
       225.8500037    4.4192543E-06
       236.7400038    5.7651127E-06
       247.6200040    3.9739111E-06
       258.5100042    2.7555802E-06
       272.1100044    1.7628789E-06
       285.7200046    1.1400836E-06
       299.3200049    7.4523518E-07
       312.9300051    4.9171285E-07
       340.1400055    2.1986828E-07
       353.7400058    1.4881786E-07
       380.9500062    6.9595963E-08
       394.5600064    4.8024159E-08
       408.1700066    3.3311082E-08
       435.3800071    1.6235431E-08
       462.5900075    8.0063600E-09
       476.1900077    5.6362990E-09
       489.8000080    3.9682040E-09
       503.4000082    2.7927853E-09
       517.0100084    1.9616504E-09
       557.8300091    6.6388778E-10
       571.4300093    4.5622159E-10
       585.0400095    3.0976782E-10
       612.2500100    1.3499211E-10
       666.6700108    1.2084137E-12
 
