       12.5000002    5.5935074E+01
        15.0000002    2.9896105E+01
        20.0000003    1.6900110E+01
        25.0000004    6.9603539E+00
        30.0000005    4.7424994E+00
        35.0000006    1.9999881E+00
        40.0000007    8.1578869E-01
        45.0000007    3.5673234E-01
        50.0000008    1.7601559E-01
        55.0000009    1.0418805E-01
        60.0000010    7.2359517E-02
        65.0000011    5.3402200E-02
        70.0000011    3.9196599E-02
        75.0000012    1.4695236E-01
        80.0000013    1.3326615E-01
        85.0000014    1.1251118E-01
        90.0000015    9.6137628E-02
        95.2390015    8.0102377E-02
       100.6800016    6.2569588E-02
       114.2900019    3.1396389E-02
       119.7300019    2.3780735E-02
       122.4500020    2.0702673E-02
       125.1700020    1.8027958E-02
       127.8900021    1.5703980E-02
       130.6100021    1.3684810E-02
       133.3300022    1.1930422E-02
       136.0600022    1.0400733E-02
       146.9400024    6.0534719E-03
       149.6600024    5.2956645E-03
       155.1000025    4.0611220E-03
       157.8200026    3.5601724E-03
       160.5500026    3.1217968E-03
       165.9900027    3.1690327E-03
       171.4300028    2.5628842E-03
       176.8700029    2.3503930E-03
       179.5900029    2.1396603E-03
       182.3100030    1.9421567E-03
       185.0400030    1.7606808E-03
       187.7600031    1.5970396E-03
       190.4800031    1.4497436E-03
       195.9200032    1.1985025E-03
       198.6400032    1.0914603E-03
       204.0800033    9.0803776E-04
       206.8000034    8.2952395E-04
       209.5300034    7.5831322E-04
       212.2500035    6.9411553E-04
       214.9700035    6.3594058E-04
       220.4100036    5.3520472E-04
       225.8500037    4.5188153E-04
       236.7400038    3.4896057E-04
       247.6200040    2.4981421E-04
       258.5100042    1.8107501E-04
       272.1100044    1.2361343E-04
       285.7200046    8.6188084E-05
       299.3200049    6.1299288E-05
       312.9300051    4.4363103E-05
       340.1400055    2.4313278E-05
       353.7400058    1.8344917E-05
       380.9500062    1.0762114E-05
       394.5600064    8.3476934E-06
       408.1700066    6.5216291E-06
       435.3800071    4.0562713E-06
       462.5900075    2.5771451E-06
       476.1900077    2.0687444E-06
       489.8000080    1.6674159E-06
       503.4000082    1.3495240E-06
       517.0100084    1.0962009E-06
       557.8300091    6.0003953E-07
       571.4300093    4.9409135E-07
       585.0400095    4.0803332E-07
       612.2500100    2.8074803E-07
       666.6700108    1.3726601E-07
       680.2800111    1.1549270E-07
       707.4900115    8.2910788E-08
       734.7000119    5.9745368E-08
       761.9100124    4.3268415E-08
       789.1200128    3.1591920E-08
       816.3300133    2.3243619E-08
       843.5400137    1.7225128E-08
       870.7500142    1.2852211E-08
       911.5700148    8.3826226E-09
       952.3900155    5.5412199E-09
       993.2000162    4.5673820E-09
      1020.4000166    3.4764067E-09
      1061.2000173    2.5774005E-09
      1088.4000177    1.9802397E-09
      1102.0000179    1.7391564E-09
      1115.7000181    1.5279531E-09
      1129.3000184    1.3453677E-09
      1142.9000186    1.1860608E-09
      1156.5000188    1.0468776E-09
      1170.1000190    9.2511565E-10
      1197.3000195    3.0537457E-09
      1210.9000197    2.7287961E-09
      1224.5000199    2.4373215E-09
      1227.2000200    2.3833742E-09
      1229.9000200    2.3306737E-09
      1232.7000200    2.2773110E-09
      1235.4000201    2.2270710E-09
      1238.1000201    2.1779989E-09
      1240.8000202    2.1300683E-09
      1243.5000202    2.0832529E-09
      1246.3000203    2.0358537E-09
      1249.0000203    1.9912298E-09
      1257.2000204    1.8619608E-09
      1259.9000205    1.8213736E-09
      1262.6000205    1.7817262E-09
      1270.8000207    1.6668453E-09
      1281.6000208    1.5274286E-09
      1289.8000210    1.4298870E-09
      1292.5000210    1.3992393E-09
      1295.2000211    1.3692901E-09
      1298.0000211    1.3389515E-09
      1300.7000212    1.3103737E-09
      1303.4000212    1.2824444E-09
      1306.1000212    1.2551482E-09
      1314.3000214    1.1759748E-09
      1330.6000216    1.0339533E-09
      1341.5000218    9.4924657E-10
      1355.1000220    8.5377921E-10
      1360.6000221    8.1812057E-10
      1371.4000223    7.5262768E-10
      1382.3000225    6.9215067E-10
      1390.5000226    6.5006756E-10
      1395.9000227    6.2384514E-10
      1404.1000228    5.8615252E-10
      1406.8000229    5.7427713E-10
      1409.5000229    5.6265687E-10
      1415.0000230    5.3975130E-10
      1417.7000231    5.2887095E-10
      1420.4000231    5.1822313E-10
      1423.1000231    5.0780252E-10
      1425.9000232    4.9723048E-10
      1428.6000232    4.8725701E-10
      1431.3000233    4.7749549E-10
      1436.7000234    4.5858939E-10
      1439.5000234    4.4910026E-10
      1442.2000235    4.4014703E-10
      1444.9000235    4.3138282E-10
      1447.6000235    4.2280338E-10
      1450.4000236    4.1409695E-10
      1453.1000236    4.0588122E-10
      1455.8000237    3.9783801E-10
      1458.5000237    3.8996348E-10
      1461.2000238    3.8225387E-10
      1466.7000239    3.6704403E-10
      1469.4000239    3.5981315E-10
      1472.1000239    3.5273290E-10
      1477.6000240    3.3876235E-10
      1480.3000241    3.3211950E-10
      1488.4000242    3.1300487E-10
      1491.2000242    3.0667091E-10
      1496.6000243    2.9483499E-10
      1551.0000252    1.9926835E-10
      1632.7000266    1.1226734E-10
      1823.1000296    3.0987737E-11
      2340.2000381    6.5850309E-13
 
