       80.0000013    8.8076758E+18
        85.0000014    7.1487134E+18
        90.0000015    5.7864680E+18
        95.2390015    4.6282749E+18
       100.6800016    3.6660068E+18
       114.2900019    2.0418729E+18
       119.7300019    1.6149054E+18
       122.4500020    1.4358583E+18
       125.1700020    1.2764165E+18
       127.8900021    1.1344150E+18
       130.6100021    1.0079331E+18
       133.3300022    8.9526690E+17
       136.0600022    7.9455734E+17
       146.9400024    1.5142260E+18
       149.6600024    1.4320272E+18
       155.1000025    1.2609524E+18
       157.8200026    1.1791193E+18
       160.5500026    1.1009695E+18
       165.9900027    9.5782938E+17
       171.4300028    8.3076941E+17
       176.8700029    7.1821714E+17
       179.5900029    6.6685738E+17
       182.3100030    6.1851281E+17
       185.0400030    5.7283903E+17
       187.7600031    5.3000037E+17
       190.4800031    4.8966640E+17
       195.9200032    4.1593350E+17
       198.6400032    3.8226844E+17
       204.0800033    3.8245110E+17
       206.8000034    3.5378570E+17
       209.5300034    3.2657017E+17
       212.2500035    3.0089534E+17
       214.9700035    2.7651024E+17
       220.4100036    2.3097637E+17
       225.8500037    1.8866128E+17
       236.7400038    1.0662233E+17
 
