       80.0000013    4.9399958E+18
        85.0000014    3.6335847E+18
        90.0000015    2.6592216E+18
        95.2390015    1.9055677E+18
       100.6800016    1.3372725E+18
       114.2900019    5.2496330E+17
       119.7300019    3.5180204E+17
       122.4500020    2.8586981E+17
       125.1700020    2.3095900E+17
       127.8900021    1.8536672E+17
       130.6100021    1.4762533E+17
       133.3300022    1.1646777E+17
       136.0600022    9.0710938E+16
       146.9400024    2.7525437E+17
       149.6600024    1.5292420E+17
 
