       80.0000013    7.7692591E+18
        85.0000014    6.1499792E+18
        90.0000015    4.8571388E+18
        95.2390015    3.7870977E+18
       100.6800016    2.9210629E+18
       114.2900019    1.5175858E+18
       119.7300019    1.1645905E+18
       122.4500020    1.0192761E+18
       125.1700020    8.9147214E+17
       127.8900021    7.7909394E+17
       130.6100021    6.8031134E+17
       133.3300022    5.9351596E+17
       136.0600022    5.1703081E+17
       146.9400024    1.2165450E+18
       149.6600024    1.1368284E+18
       155.1000025    9.7428406E+17
       157.8200026    8.9744599E+17
       160.5500026    8.2448934E+17
       165.9900027    6.9188295E+17
       171.4300028    5.7533052E+17
       176.8700029    4.7309099E+17
       179.5900029    4.2677059E+17
       182.3100030    3.8335638E+17
       185.0400030    3.4249100E+17
       187.7600031    3.0426294E+17
       190.4800031    2.6830455E+17
       195.9200032    2.0227671E+17
       198.6400032    1.7166020E+17
       204.0800033    1.5604499E+17
       206.8000034    1.1831592E+17
       209.5300034    7.1386931E+16
 
