       12.5000002    3.8888630E+18
        15.0000002    5.3781050E+18
        20.0000003    3.6616329E+18
        25.0000004    2.0511000E+18
        30.0000005    2.1813908E+18
        35.0000006    2.1181051E+18
        40.0000007    1.9507097E+18
        45.0000007    1.7062713E+18
        50.0000008    1.4187418E+18
        55.0000009    1.1398477E+18
        60.0000010    9.1654368E+17
        65.0000011    7.5932740E+17
        70.0000011    6.5271642E+17
        75.0000012    5.0652181E+18
        80.0000013    4.8541872E+18
        85.0000014    4.0606878E+18
        90.0000015    3.2734009E+18
        95.2390015    2.5493694E+18
       100.6800016    1.9256093E+18
       114.2900019    9.3219221E+17
       119.7300019    6.9791514E+17
       122.4500020    6.0453073E+17
       125.1700020    5.2417014E+17
       127.8900021    4.5504825E+17
       130.6100021    3.9560679E+17
       133.3300022    3.4448967E+17
       136.0600022    3.0036998E+17
       146.9400024    1.7762789E+17
       149.6600024    1.5664699E+17
       155.1000025    1.2265777E+17
       157.8200026    1.0888767E+17
       160.5500026    9.6809190E+16
       165.9900027    2.8793909E+17
       171.4300028    2.2875288E+17
       176.8700029    2.4690552E+17
       179.5900029    2.1688013E+17
       182.3100030    1.8915155E+17
       185.0400030    1.6377643E+17
       187.7600031    1.4081041E+17
       190.4800031    1.1993914E+17
       195.9200032    8.3480738E+16
       198.6400032    6.7332559E+16
       204.0800033    3.7039390E+16
       206.8000034    2.0163626E+16
 
