       12.5000002    2.3631905E+18
        15.0000002    3.8969754E+18
        20.0000003    3.3579330E+18
        25.0000004    2.7219678E+18
        30.0000005    2.4706944E+18
        35.0000006    1.8300534E+18
        40.0000007    1.5276377E+18
        45.0000007    1.3714187E+18
        50.0000008    1.2742222E+18
        55.0000009    1.1900001E+18
        60.0000010    1.0829299E+18
        65.0000011    9.5096046E+17
        70.0000011    8.1208156E+17
        75.0000012    6.0128624E+18
        80.0000013    6.4654582E+18
        85.0000014    6.1899827E+18
        90.0000015    5.8064307E+18
        95.2390015    5.2767339E+18
       100.6800016    4.5690602E+18
       114.2900019    2.9926802E+18
       119.7300019    2.5074110E+18
       122.4500020    2.2926601E+18
       125.1700020    2.0949869E+18
       127.8900021    1.9132840E+18
       130.6100021    1.7464779E+18
       133.3300022    1.5935332E+18
       136.0600022    1.4529650E+18
       146.9400024    1.0032743E+18
       149.6600024    9.1432810E+17
       155.1000025    7.5950772E+17
       157.8200026    6.9236598E+17
       160.5500026    6.3108531E+17
       165.9900027    1.0971765E+18
       171.4300028    9.9206412E+17
       176.8700029    1.1371246E+18
       179.5900029    1.0856383E+18
       182.3100030    1.0308067E+18
       185.0400030    9.7589230E+17
       187.7600031    9.2289041E+17
       190.4800031    8.7226642E+17
       195.9200032    7.7869874E+17
       198.6400032    7.3559651E+17
       204.0800033    6.5623300E+17
       206.8000034    6.1976034E+17
       209.5300034    5.8515267E+17
       212.2500035    5.5255173E+17
       214.9700035    5.2172139E+17
       220.4100036    4.6498192E+17
       225.8500037    4.1421475E+17
       236.7400038    4.2544338E+17
       247.6200040    3.5580842E+17
       258.5100042    2.9832135E+17
       272.1100044    2.3986149E+17
       285.7200046    1.9266892E+17
       299.3200049    1.5418642E+17
       312.9300051    1.2252392E+17
       340.1400055    7.4722664E+16
       353.7400058    5.6722821E+16
       380.9500062    2.8828512E+16
       394.5600064    1.7322639E+16
       408.1700066    2.4469599E+15
 
