       12.5000002    3.1796238E+18
        15.0000002    4.6764170E+18
        20.0000003    3.7576362E+18
        25.0000004    2.5659336E+18
        30.0000005    2.0659681E+18
        35.0000006    1.7576420E+18
        40.0000007    1.6477970E+18
        45.0000007    1.5454779E+18
        50.0000008    1.4195263E+18
        55.0000009    1.2512471E+18
        60.0000010    1.0555529E+18
        65.0000011    8.6879657E+17
        70.0000011    7.1505371E+17
        75.0000012    6.0536279E+18
        80.0000013    6.2425878E+18
        85.0000014    5.6657054E+18
        90.0000015    4.9892737E+18
        95.2390015    4.2449645E+18
       100.6800016    3.4695480E+18
       114.2900019    2.0031020E+18
       119.7300019    1.6000495E+18
       122.4500020    1.4293046E+18
       125.1700020    1.2765121E+18
       127.8900021    1.1399306E+18
       130.6100021    1.0179604E+18
       133.3300022    9.0913627E+17
       136.0600022    8.1178359E+17
       146.9400024    5.1916104E+17
       149.6600024    4.6503088E+17
       155.1000025    3.7413433E+17
       157.8200026    3.3611122E+17
       160.5500026    3.0219132E+17
       165.9900027    7.2126760E+17
       171.4300028    6.3338226E+17
       176.8700029    7.4148336E+17
       179.5900029    6.9415310E+17
       182.3100030    6.4663420E+17
       185.0400030    6.0074999E+17
       187.7600031    5.5757908E+17
       190.4800031    5.1714189E+17
       195.9200032    4.4420452E+17
       198.6400032    4.1140739E+17
       204.0800033    3.5240148E+17
       206.8000034    3.2591085E+17
       209.5300034    3.0116376E+17
       212.2500035    2.7821834E+17
       214.9700035    2.5686622E+17
       220.4100036    2.1852325E+17
       225.8500037    1.8536665E+17
       236.7400038    2.3577240E+17
       247.6200040    1.8301490E+17
       258.5100042    1.3873487E+17
       272.1100044    9.2961767E+16
       285.7200046    5.4198063E+16
       299.3200049    9.5703629E+15
 
