       12.5000002    4.4180749E+18
        15.0000002    5.5103746E+18
        20.0000003    2.7645156E+18
        25.0000004    2.2162775E+18
        30.0000005    2.8413225E+18
        35.0000006    2.4740298E+18
        40.0000007    1.9912171E+18
        45.0000007    1.5455722E+18
        50.0000008    1.2182040E+18
        55.0000009    1.0050927E+18
        60.0000010    8.5887966E+17
        65.0000011    7.3994219E+17
        70.0000011    6.3083531E+17
        75.0000012    2.8429259E+18
        80.0000013    2.2998923E+18
        85.0000014    1.6525122E+18
        90.0000015    1.1472158E+18
        95.2390015    7.7059341E+17
       100.6800016    5.0634823E+17
       114.2900019    1.7826653E+17
       119.7300019    1.1612418E+17
       122.4500020    9.2256645E+16
       125.1700020    7.1506043E+16
       127.8900021    5.2631088E+16
       130.6100021    3.3787956E+16
       133.3300022    2.3990568E+15
 
