       12.5000002    4.0173697E+18
        15.0000002    3.3224847E+18
        20.0000003    2.1391707E+18
        25.0000004    2.1457390E+18
        30.0000005    2.7271195E+18
        35.0000006    2.6942763E+18
        40.0000007    2.5202549E+18
        45.0000007    2.1913373E+18
        50.0000008    1.7814448E+18
        55.0000009    1.3851701E+18
        60.0000010    1.0753001E+18
        65.0000011    8.7058121E+17
        70.0000011    7.4729840E+17
        75.0000012    3.9074161E+18
        80.0000013    4.3553077E+18
        85.0000014    4.4681464E+18
        90.0000015    4.5872268E+18
        95.2390015    4.5927618E+18
       100.6800016    4.3882268E+18
       114.2900019    3.7448811E+18
       119.7300019    3.4991914E+18
       122.4500020    3.3778957E+18
       125.1700020    3.2575011E+18
       127.8900021    3.1380730E+18
       130.6100021    3.0197653E+18
       133.3300022    2.9027934E+18
       136.0600022    2.7869739E+18
       146.9400024    2.3461912E+18
       149.6600024    2.2423156E+18
       155.1000025    2.0433724E+18
       157.8200026    1.9485368E+18
       160.5500026    1.8565695E+18
       165.9900027    2.2064140E+18
       171.4300028    2.0594838E+18
       176.8700029    2.1277410E+18
       179.5900029    2.0618588E+18
       182.3100030    1.9869981E+18
       185.0400030    1.9089996E+18
       187.7600031    1.8318958E+18
       190.4800031    1.7572708E+18
       195.9200032    1.6175443E+18
       198.6400032    1.5523037E+18
       204.0800033    1.4309518E+18
       206.8000034    1.3747353E+18
       209.5300034    1.3211225E+18
       212.2500035    1.2703449E+18
       214.9700035    1.2220423E+18
       220.4100036    1.1322659E+18
       225.8500037    1.0506945E+18
       236.7400038    1.0731135E+18
       247.6200040    9.3111950E+17
       258.5100042    8.0504503E+17
       272.1100044    6.7339858E+17
       285.7200046    5.6648516E+17
       299.3200049    4.7966394E+17
       312.9300051    4.0885817E+17
       340.1400055    3.0325335E+17
       353.7400058    2.6374836E+17
       380.9500062    2.0291954E+17
       394.5600064    1.7927685E+17
       408.1700066    1.5901654E+17
       435.3800071    1.2629235E+17
       462.5900075    1.0119374E+17
       476.1900077    9.0784837E+16
       489.8000080    8.1520713E+16
       503.4000082    7.3259901E+16
       517.0100084    6.5861958E+16
       557.8300091    4.7907629E+16
       571.4300093    4.3081894E+16
       585.0400095    3.8729653E+16
       612.2500100    3.1268434E+16
       666.6700108    2.0252130E+16
       680.2800111    1.8135937E+16
       707.4900115    1.4636483E+16
       734.7000119    1.1679960E+16
       761.9100124    9.2328171E+15
       789.1200128    7.2532414E+15
       816.3300133    5.6499065E+15
       843.5400137    4.3487677E+15
       870.7500142    3.2890315E+15
       911.5700148    2.0415169E+15
       952.3900155    1.0614268E+15
 
