       80.0000013    2.4077557E-01
        85.0000014    1.3402314E-01
        90.0000015    7.5206965E-02
        95.2390015    4.1326679E-02
       100.6800016    2.2292394E-02
       114.2900019    4.7633993E-03
       119.7300019    2.5510758E-03
       122.4500020    1.8612146E-03
       125.1700020    1.3545251E-03
       127.8900021    9.8300132E-04
       130.6100021    7.1114901E-04
       133.3300022    5.1270978E-04
       136.0600022    3.6780545E-04
       146.9400024    9.0560986E-04
       149.6600024    6.8247598E-04
       155.1000025    3.6196870E-04
       157.8200026    2.5121914E-04
       160.5500026    1.6437549E-04
       165.9900027    3.4038785E-05
 
