       80.0000013    2.3170824E+00
        85.0000014    1.5184385E+00
        90.0000015    1.0017248E+00
        95.2390015    6.5274888E-01
       100.6800016    4.2189825E-01
       114.2900019    1.4689146E-01
       119.7300019    9.7676873E-02
       122.4500020    7.9864003E-02
       125.1700020    6.5409608E-02
       127.8900021    5.3657375E-02
       130.6100021    4.4083975E-02
       133.3300022    3.6271170E-02
       136.0600022    2.9862784E-02
       146.9400024    2.8122932E-02
       149.6600024    2.4712775E-02
       155.1000025    1.8921848E-02
       157.8200026    1.6548857E-02
       160.5500026    1.4475376E-02
       165.9900027    1.1116422E-02
       171.4300028    8.5703796E-03
       176.8700029    6.6312877E-03
       179.5900029    5.8399118E-03
       182.3100030    5.1464601E-03
       185.0400030    4.5359596E-03
       187.7600031    4.0017948E-03
       190.4800031    3.5320751E-03
       195.9200032    2.7543304E-03
       198.6400032    2.4331168E-03
       204.0800033    1.9777799E-03
       206.8000034    1.7473821E-03
       209.5300034    1.5437861E-03
       212.2500035    1.3655882E-03
       214.9700035    1.2090248E-03
       220.4100036    9.5020776E-04
       225.8500037    7.4921851E-04
       236.7400038    4.6907866E-04
       247.6200040    2.9538543E-04
       258.5100042    1.8571697E-04
       272.1100044    1.0262063E-04
       285.7200046    5.4742479E-05
       299.3200049    2.7218905E-05
       312.9300051    1.1443733E-05
 
