       80.0000013    9.5877266E-01
        85.0000014    5.8841062E-01
        90.0000015    3.6432967E-01
        95.2390015    2.2256887E-01
       100.6800016    1.3472103E-01
       114.2900019    3.9866611E-02
       119.7300019    2.4811095E-02
       122.4500020    1.9614838E-02
       125.1700020    1.5526043E-02
       127.8900021    1.2303247E-02
       130.6100021    9.7591029E-03
       133.3300022    7.7478755E-03
       136.0600022    6.1507192E-03
       146.9400024    8.7789800E-03
       149.6600024    7.5839553E-03
       155.1000025    5.5612857E-03
       157.8200026    4.7446457E-03
       160.5500026    4.0405579E-03
       165.9900027    2.9259440E-03
       171.4300028    2.1115381E-03
       176.8700029    1.5173908E-03
       179.5900029    1.2837782E-03
       182.3100030    1.0844354E-03
       185.0400030    9.1384829E-04
       187.7600031    7.6903566E-04
       190.4800031    6.4571539E-04
       195.9200032    4.5164765E-04
       198.6400032    3.7598878E-04
       204.0800033    3.1431034E-04
       206.8000034    2.6557336E-04
       209.5300034    2.2350583E-04
       212.2500035    1.8746310E-04
       214.9700035    1.5644390E-04
       220.4100036    1.0670821E-04
       225.8500037    6.9665097E-05
       236.7400038    1.9289186E-05
 
