       80.0000013    1.5610132E+00
        85.0000014    9.9265385E-01
        90.0000015    6.3614339E-01
        95.2390015    4.0252933E-01
       100.6800016    2.5257584E-01
       114.2900019    8.1822991E-02
       119.7300019    5.2866656E-02
       122.4500020    4.2603627E-02
       125.1700020    3.4386970E-02
       127.8900021    2.7795892E-02
       130.6100021    2.2499068E-02
       133.3300022    1.8234966E-02
       136.0600022    1.4785307E-02
       146.9400024    1.6599441E-02
       149.6600024    1.4532099E-02
       155.1000025    1.0991002E-02
       157.8200026    9.5391385E-03
       160.5500026    8.2733184E-03
       165.9900027    6.2335101E-03
       171.4300028    4.7023986E-03
       176.8700029    3.5507074E-03
       179.5900029    3.0858982E-03
       182.3100030    2.6818938E-03
       185.0400030    2.3293162E-03
       187.7600031    2.0237078E-03
       190.4800031    1.7576495E-03
       195.9200032    1.3241009E-03
       198.6400032    1.1482507E-03
       204.0800033    9.1665785E-04
       206.8000034    8.0017815E-04
       209.5300034    6.9840241E-04
       212.2500035    6.1007647E-04
       214.9700035    5.3303840E-04
       220.4100036    4.0694710E-04
       225.8500037    3.1035073E-04
       236.7400038    1.7860577E-04
       247.6200040    9.9899058E-05
       258.5100042    5.2567546E-05
       272.1100044    1.8832789E-05
 
