       80.0000013    5.2146977E-01
        85.0000014    3.0664071E-01
        90.0000015    1.8204394E-01
        95.2390015    1.0642433E-01
       100.6800016    6.1500389E-02
       114.2900019    1.6080311E-02
       119.7300019    9.4793057E-03
       122.4500020    7.2842301E-03
       125.1700020    5.5992175E-03
       127.8900021    4.3045906E-03
       130.6100021    3.3092224E-03
       133.3300022    2.5435670E-03
       136.0600022    1.9525463E-03
       146.9400024    3.7300985E-03
       149.6600024    3.1149841E-03
       155.1000025    2.1251200E-03
       157.8200026    1.7434835E-03
       160.5500026    1.4239319E-03
       165.9900027    9.3991577E-04
       171.4300028    6.0867309E-04
       176.8700029    3.8418715E-04
       179.5900029    3.0135538E-04
       182.3100030    2.3378788E-04
       185.0400030    1.7868968E-04
       187.7600031    1.3425569E-04
       190.4800031    9.8396864E-05
       195.9200032    4.6112196E-05
       198.6400032    2.6610734E-05
 
