       80.0000013    3.2199719E+00
        85.0000014    2.1662555E+00
        90.0000015    1.4656305E+00
        95.2390015    9.7964436E-01
       100.6800016    6.4950788E-01
       114.2900019    2.4028246E-01
       119.7300019    1.6359681E-01
       122.4500020    1.3534717E-01
       125.1700020    1.1216535E-01
       127.8900021    9.3106210E-02
       130.6100021    7.7407487E-02
       133.3300022    6.4453222E-02
       136.0600022    5.3709034E-02
       146.9400024    4.4877302E-02
       149.6600024    3.9432760E-02
       155.1000025    3.0303786E-02
       157.8200026    2.6585277E-02
       160.5500026    2.3341246E-02
       165.9900027    1.8088378E-02
       171.4300028    1.4100106E-02
       176.8700029    1.1050911E-02
       179.5900029    9.8012770E-03
       182.3100030    8.7026246E-03
       185.0400030    7.7317427E-03
       187.7600031    6.8786833E-03
       190.4800031    6.1250697E-03
       195.9200032    4.8677349E-03
       198.6400032    4.3438612E-03
       204.0800033    3.7040489E-03
       206.8000034    3.2992791E-03
       209.5300034    2.9357288E-03
       212.2500035    2.6142511E-03
       214.9700035    2.3297046E-03
       220.4100036    1.8553789E-03
       225.8500037    1.4835802E-03
       236.7400038    9.5931179E-04
       247.6200040    6.2908448E-04
       258.5100042    4.1676755E-04
       272.1100044    2.5155896E-04
       285.7200046    1.5223150E-04
       299.3200049    9.1617665E-05
       312.9300051    5.4230597E-05
       340.1400055    1.6991224E-05
       353.7400058    8.3782797E-06
 
