       80.0000013    7.4072119E+18
        85.0000014    5.8044819E+18
        90.0000015    4.5461873E+18
        95.2390015    3.5200397E+18
       100.6800016    2.7004418E+18
       114.2900019    1.3954122E+18
       119.7300019    1.0723046E+18
       122.4500020    9.3995950E+17
       125.1700020    8.2388921E+17
       127.8900021    7.2207863E+17
       130.6100021    6.3276997E+17
       133.3300022    5.5442857E+17
       136.0600022    4.8547641E+17
       146.9400024    1.2993080E+18
       149.6600024    1.2197541E+18
       155.1000025    1.0571959E+18
       157.8200026    9.8041095E+17
       160.5500026    9.0758816E+17
       165.9900027    7.7551235E+17
       171.4300028    6.5985857E+17
       176.8700029    5.5891811E+17
       179.5900029    5.1341768E+17
       182.3100030    4.7095677E+17
       185.0400030    4.3120431E+17
       187.7600031    3.9427229E+17
       190.4800031    3.5984243E+17
       195.9200032    2.9786983E+17
       198.6400032    2.7003999E+17
       204.0800033    3.0817442E+17
       206.8000034    2.8388174E+17
       209.5300034    2.6059499E+17
       212.2500035    2.3842482E+17
       214.9700035    2.1717184E+17
       220.4100036    1.7689233E+17
       225.8500037    1.3852891E+17
       236.7400038    5.6419738E+16
 
