       80.0000013    9.5172935E+18
        85.0000014    7.8183369E+18
        90.0000015    6.4089175E+18
        95.2390015    5.1976779E+18
       100.6800016    4.1797904E+18
       114.2900019    2.4279633E+18
       119.7300019    1.9570526E+18
       122.4500020    1.7576812E+18
       125.1700020    1.5789909E+18
       127.8900021    1.4187849E+18
       130.6100021    1.2751031E+18
       133.3300022    1.1461974E+18
       136.0600022    1.0301074E+18
       146.9400024    1.8255274E+18
       149.6600024    1.7390676E+18
       155.1000025    1.5579603E+18
       157.8200026    1.4710597E+18
       160.5500026    1.3879428E+18
       165.9900027    1.2353486E+18
       171.4300028    1.0993743E+18
       176.8700029    9.7831315E+17
       179.5900029    9.2280960E+17
       182.3100030    8.7037588E+17
       185.0400030    8.2064139E+17
       187.7600031    7.7379120E+17
       190.4800031    7.2947326E+17
       195.9200032    6.4783919E+17
       198.6400032    6.1025459E+17
       204.0800033    6.1812956E+17
       206.8000034    5.8499427E+17
       209.5300034    5.5351707E+17
       212.2500035    5.2397556E+17
       214.9700035    4.9618098E+17
       220.4100036    4.4540281E+17
       225.8500037    4.0030397E+17
       236.7400038    3.2398842E+17
       247.6200040    2.6227252E+17
       258.5100042    2.1139035E+17
       272.1100044    1.5923861E+17
       285.7200046    1.1639956E+17
       299.3200049    8.0217663E+16
       312.9300051    4.7744531E+16
 
