       80.0000013    8.5984036E+18
        85.0000014    6.9101150E+18
        90.0000015    5.5460356E+18
        95.2390015    4.4029556E+18
       100.6800016    3.4655787E+18
       114.2900019    1.9111506E+18
       119.7300019    1.5089381E+18
       122.4500020    1.3411705E+18
       125.1700020    1.1922469E+18
       127.8900021    1.0600045E+18
       130.6100021    9.4253676E+17
       133.3300022    8.3816301E+17
       136.0600022    7.4507973E+17
       146.9400024    1.5845147E+18
       149.6600024    1.5031078E+18
       155.1000025    1.3322164E+18
       157.8200026    1.2502214E+18
       160.5500026    1.1718488E+18
       165.9900027    1.0282128E+18
       171.4300028    9.0067759E+17
       176.8700029    7.8771611E+17
       179.5900029    7.3618186E+17
       182.3100030    6.8768384E+17
       185.0400030    6.4187736E+17
       187.7600031    5.9892797E+17
       190.4800031    5.5850463E+17
       195.9200032    4.8465882E+17
       198.6400032    4.5097201E+17
       204.0800033    4.7187617E+17
       206.8000034    4.4377186E+17
       209.5300034    4.1717622E+17
       212.2500035    3.9222978E+17
       214.9700035    3.6872975E+17
       220.4100036    3.2562995E+17
       225.8500037    2.8705582E+17
       236.7400038    2.2073089E+17
       247.6200040    1.6545829E+17
       258.5100042    1.1772490E+17
       272.1100044    6.2933847E+16
 
