       12.5000002    2.6702238E+01
        15.0000002    2.3905729E+01
        20.0000003    8.0927868E+00
        25.0000004    2.6267092E+00
        30.0000005    7.3225027E-01
        35.0000006    2.5703248E-01
        40.0000007    1.4709778E-01
        45.0000007    9.8532982E-02
        50.0000008    6.8599351E-02
        55.0000009    4.6227332E-02
        60.0000010    2.9240480E-02
        65.0000011    1.7603965E-02
        70.0000011    1.0391817E-02
        75.0000012    6.9552042E-02
        80.0000013    5.9241228E-02
        85.0000014    4.5188639E-02
        90.0000015    3.3933718E-02
        95.2390015    2.4532681E-02
       100.6800016    1.6891044E-02
       114.2900019    6.5112896E-03
       119.7300019    4.4827927E-03
       122.4500020    3.7267753E-03
       125.1700020    3.1023035E-03
       127.8900021    2.5858677E-03
       130.6100021    2.1582667E-03
       133.3300022    1.8037980E-03
       136.0600022    1.5086195E-03
       146.9400024    7.5059733E-04
       149.6600024    6.3270121E-04
       155.1000025    4.5161578E-04
       157.8200026    3.8244954E-04
       160.5500026    3.2420189E-04
       165.9900027    4.9878471E-04
       171.4300028    3.9862451E-04
       176.8700029    4.0565361E-04
       179.5900029    3.6508238E-04
       182.3100030    3.2680898E-04
       185.0400030    2.9177126E-04
       187.7600031    2.6042911E-04
       190.4800031    2.3248821E-04
       195.9200032    1.8557809E-04
       198.6400032    1.6595577E-04
       204.0800033    1.3297790E-04
       206.8000034    1.1915513E-04
       209.5300034    1.0679758E-04
       212.2500035    9.5822237E-05
       214.9700035    8.6028966E-05
       220.4100036    6.9468966E-05
       225.8500037    5.6226741E-05
       236.7400038    4.3682467E-05
       247.6200040    3.0677347E-05
       258.5100042    2.1816259E-05
       272.1100044    1.4470800E-05
       285.7200046    9.7276734E-06
       299.3200049    6.6132570E-06
       312.9300051    4.5351921E-06
       340.1400055    2.1790452E-06
       353.7400058    1.5234596E-06
       380.9500062    7.5410151E-07
       394.5600064    5.3317041E-07
       408.1700066    3.7790548E-07
       435.3800071    1.9081507E-07
       462.5900075    9.6508820E-08
       476.1900077    6.8552360E-08
       489.8000080    4.8580780E-08
       503.4000082    3.4329226E-08
       517.0100084    2.4147182E-08
       557.8300091    8.0521936E-09
       571.4300093    5.4582543E-09
       585.0400095    3.6301699E-09
       612.2500100    1.4579551E-09
 
