       12.5000002    2.0897329E+03
        15.0000002    1.0556160E+03
        20.0000003    1.0162109E+02
        25.0000004    2.6725040E+01
        30.0000005    1.7851095E+01
        35.0000006    1.0914060E+01
        40.0000007    7.3171120E+00
        45.0000007    5.0815363E+00
        50.0000008    3.3838556E+00
        55.0000009    2.0766723E+00
        60.0000010    1.1731178E+00
        65.0000011    6.2643778E-01
        70.0000011    3.2817453E-01
        75.0000012    6.5138710E-01
        80.0000013    4.8900148E-01
        85.0000014    4.1347927E-01
        90.0000015    3.9861512E-01
        95.2390015    3.2769305E-01
       100.6800016    2.2675252E-01
       114.2900019    1.0628926E-01
       119.7300019    8.6078450E-02
       122.4500020    7.8300104E-02
       125.1700020    7.1569018E-02
       127.8900021    6.5646484E-02
       130.6100021    6.0363267E-02
       133.3300022    5.5598613E-02
       136.0600022    5.1249854E-02
       146.9400024    3.7163801E-02
       149.6600024    3.4284718E-02
       155.1000025    2.9146947E-02
       157.8200026    2.6858134E-02
       160.5500026    2.4731299E-02
       165.9900027    2.5498478E-02
       171.4300028    2.2179404E-02
       176.8700029    2.0354880E-02
       179.5900029    1.9117437E-02
       182.3100030    1.7789146E-02
       185.0400030    1.6421162E-02
       187.7600031    1.5089239E-02
       190.4800031    1.3842486E-02
       195.9200032    1.1637371E-02
       198.6400032    1.0654970E-02
       204.0800033    8.9234328E-03
       206.8000034    8.1719980E-03
       209.5300034    7.4872891E-03
       212.2500035    6.8678488E-03
       214.9700035    6.3049332E-03
       220.4100036    5.3270604E-03
       225.8500037    4.5158477E-03
       236.7400038    3.7736308E-03
       247.6200040    2.8575470E-03
       258.5100042    2.1611569E-03
       272.1100044    1.5337151E-03
       285.7200046    1.0982085E-03
       299.3200049    7.9326797E-04
       312.9300051    5.7756325E-04
       340.1400055    3.1382931E-04
       353.7400058    2.3427805E-04
       380.9500062    1.3396835E-04
       394.5600064    1.0264727E-04
       408.1700066    7.9349527E-05
       435.3800071    4.8682166E-05
       462.5900075    3.0875159E-05
       476.1900077    2.4875986E-05
       489.8000080    2.0182702E-05
       503.4000082    1.6486838E-05
       517.0100084    1.3549400E-05
       557.8300091    7.7709074E-06
       571.4300093    6.5181139E-06
       585.0400095    5.4889078E-06
       612.2500100    3.9355600E-06
       666.6700108    2.0977020E-06
       680.2800111    1.8035674E-06
       707.4900115    1.4358271E-06
       734.7000119    1.1000611E-06
       761.9100124    8.1832877E-07
       789.1200128    6.1437214E-07
       816.3300133    4.6493204E-07
       843.5400137    3.5434101E-07
       870.7500142    2.7178783E-07
       911.5700148    1.8454628E-07
       952.3900155    1.2677503E-07
       993.2000162    1.4855532E-07
      1020.4000166    1.1425636E-07
      1061.2000173    9.4484207E-08
      1088.4000177    7.3182385E-08
      1102.0000179    6.4523292E-08
      1115.7000181    5.6903357E-08
      1129.3000184    5.0287031E-08
      1142.9000186    4.4489774E-08
      1156.5000188    3.9404050E-08
      1170.1000190    3.4937255E-08
      1197.3000195    8.4306102E-08
      1210.9000197    7.5940839E-08
      1224.5000199    6.8397533E-08
      1227.2000200    6.6994879E-08
      1229.9000200    6.5622373E-08
      1232.7000200    6.4230100E-08
      1235.4000201    6.2917152E-08
      1238.1000201    6.1632512E-08
      1240.8000202    6.0375577E-08
      1243.5000202    5.9145730E-08
      1246.3000203    5.7898323E-08
      1249.0000203    5.6721841E-08
      1257.2000204    5.3301562E-08
      1259.9000205    5.2223868E-08
      1262.6000205    5.1169277E-08
      1270.8000207    4.8102685E-08
      1281.6000208    4.4358384E-08
      1289.8000210    4.1722753E-08
      1292.5000210    4.0891759E-08
      1295.2000211    4.0078330E-08
      1298.0000211    3.9252900E-08
      1300.7000212    3.8474038E-08
      1303.4000212    3.7711576E-08
      1306.1000212    3.6965147E-08
      1314.3000214    3.4792883E-08
      1330.6000216    3.0867465E-08
      1341.5000218    2.8506957E-08
      1355.1000220    2.5827486E-08
      1360.6000221    2.4821063E-08
      1371.4000223    2.2964064E-08
      1382.3000225    2.1238796E-08
      1390.5000226    2.0031868E-08
      1395.9000227    1.9277001E-08
      1404.1000228    1.8187945E-08
      1406.8000229    1.7843812E-08
      1409.5000229    1.7506588E-08
      1415.0000230    1.6840408E-08
      1417.7000231    1.6523275E-08
      1420.4000231    1.6212478E-08
      1423.1000231    1.5907883E-08
      1425.9000232    1.5598415E-08
      1428.6000232    1.5306050E-08
      1431.3000233    1.5019495E-08
      1436.7000234    1.4463338E-08
      1439.5000234    1.4183606E-08
      1442.2000235    1.3919300E-08
      1444.9000235    1.3660218E-08
      1447.6000235    1.3406249E-08
      1450.4000236    1.3148159E-08
      1453.1000236    1.2904279E-08
      1455.8000237    1.2665194E-08
      1458.5000237    1.2430806E-08
      1461.2000238    1.2201017E-08
      1466.7000239    1.1746757E-08
      1469.4000239    1.1530357E-08
      1472.1000239    1.1318183E-08
      1477.6000240    1.0898686E-08
      1480.3000241    1.0698817E-08
      1488.4000242    1.0122199E-08
      1491.2000242    9.9306199E-09
      1496.6000243    9.5719228E-09
      1551.0000252    6.6372254E-09
      1632.7000266    3.8853036E-09
      1823.1000296    1.1812781E-09
      2340.2000381    5.8570940E-11
      2829.9000460    2.7623938E-12
      3047.6000496    1.2953688E-13
 
