       12.5000002    1.4695514E+03
        15.0000002    6.1665131E+02
        20.0000003    4.8622993E+01
        25.0000004    2.0635323E+01
        30.0000005    1.4113777E+01
        35.0000006    8.8645916E+00
        40.0000007    5.9459963E+00
        45.0000007    3.8865793E+00
        50.0000008    2.3640282E+00
        55.0000009    1.3196286E+00
        60.0000010    6.8579620E-01
        65.0000011    3.4590000E-01
        70.0000011    1.7918721E-01
        75.0000012    3.9014617E-01
        80.0000013    3.1827322E-01
        85.0000014    2.7621251E-01
        90.0000015    2.5744054E-01
        95.2390015    2.1339417E-01
       100.6800016    1.5921344E-01
       114.2900019    8.7860659E-02
       119.7300019    7.2781913E-02
       122.4500020    6.6514239E-02
       125.1700020    6.0876381E-02
       127.8900021    5.5763643E-02
       130.6100021    5.1100083E-02
       133.3300022    4.6829429E-02
       136.0600022    4.2894766E-02
       146.9400024    3.0116977E-02
       149.6600024    2.7536208E-02
       155.1000025    2.2988202E-02
       157.8200026    2.0991478E-02
       160.5500026    1.9155102E-02
       165.9900027    1.9109707E-02
       171.4300028    1.6328955E-02
       176.8700029    1.4678378E-02
       179.5900029    1.3633162E-02
       182.3100030    1.2558314E-02
       185.0400030    1.1499019E-02
       187.7600031    1.0499653E-02
       190.4800031    9.5789889E-03
       195.9200032    7.9753064E-03
       198.6400032    7.2759483E-03
       204.0800033    6.0622492E-03
       206.8000034    5.5403407E-03
       209.5300034    5.0667119E-03
       212.2500035    4.6397871E-03
       214.9700035    4.2531257E-03
       220.4100036    3.5845332E-03
       225.8500037    3.0329886E-03
       236.7400038    2.6061307E-03
       247.6200040    1.9544121E-03
       258.5100042    1.4608483E-03
       272.1100044    1.0215624E-03
       285.7200046    7.2115386E-04
       299.3200049    5.1412487E-04
       312.9300051    3.7001600E-04
       340.1400055    1.9757111E-04
       353.7400058    1.4664777E-04
       380.9500062    8.3370964E-05
       394.5600064    6.3845677E-05
       408.1700066    4.9388731E-05
       435.3800071    3.0414774E-05
       462.5900075    1.9385025E-05
       476.1900077    1.5654159E-05
       489.8000080    1.2725119E-05
       503.4000082    1.0409727E-05
       517.0100084    8.5623287E-06
       557.8300091    4.9046748E-06
       571.4300093    4.1071617E-06
       585.0400095    3.4509349E-06
       612.2500100    2.4594897E-06
       666.6700108    1.2889350E-06
       680.2800111    1.1026840E-06
       707.4900115    8.4842708E-07
       734.7000119    6.3768118E-07
       761.9100124    4.7116515E-07
       789.1200128    3.5090198E-07
       816.3300133    2.6318031E-07
       843.5400137    1.9865263E-07
       870.7500142    1.5082952E-07
       911.5700148    1.0079674E-07
       952.3900155    6.8115973E-08
       993.2000162    7.2500583E-08
      1020.4000166    5.5255953E-08
      1061.2000173    4.4155662E-08
      1088.4000177    3.3885371E-08
      1102.0000179    2.9738322E-08
      1115.7000181    2.6105083E-08
      1129.3000184    2.2964317E-08
      1142.9000186    2.0224304E-08
      1156.5000188    1.7831214E-08
      1170.1000190    1.5738497E-08
      1197.3000195    4.1068038E-08
      1210.9000197    3.6799609E-08
      1224.5000199    3.2966970E-08
      1227.2000200    3.2256366E-08
      1229.9000200    3.1561719E-08
      1232.7000200    3.0857848E-08
      1235.4000201    3.0194688E-08
      1238.1000201    2.9546475E-08
      1240.8000202    2.8912877E-08
      1243.5000202    2.8293565E-08
      1246.3000203    2.7666054E-08
      1249.0000203    2.7074837E-08
      1257.2000204    2.5359595E-08
      1259.9000205    2.4820237E-08
      1262.6000205    2.4292975E-08
      1270.8000207    2.2762945E-08
      1281.6000208    2.0901403E-08
      1289.8000210    1.9595722E-08
      1292.5000210    1.9184892E-08
      1295.2000211    1.8783149E-08
      1298.0000211    1.8375964E-08
      1300.7000212    1.7992086E-08
      1303.4000212    1.7616667E-08
      1306.1000212    1.7249514E-08
      1314.3000214    1.6183167E-08
      1330.6000216    1.4264852E-08
      1341.5000218    1.3117112E-08
      1355.1000220    1.1820113E-08
      1360.6000221    1.1334671E-08
      1371.4000223    1.0441602E-08
      1382.3000225    9.6151549E-09
      1390.5000226    9.0390104E-09
      1395.9000227    8.6795549E-09
      1404.1000228    8.1622291E-09
      1406.8000229    7.9990823E-09
      1409.5000229    7.8393656E-09
      1415.0000230    7.5243127E-09
      1417.7000231    7.3745552E-09
      1420.4000231    7.2279316E-09
      1423.1000231    7.0843726E-09
      1425.9000232    6.9386616E-09
      1428.6000232    6.8011388E-09
      1431.3000233    6.6664803E-09
      1436.7000234    6.4055063E-09
      1439.5000234    6.2744374E-09
      1442.2000235    6.1507177E-09
      1444.9000235    6.0295604E-09
      1447.6000235    5.9109091E-09
      1450.4000236    5.7904517E-09
      1453.1000236    5.6767377E-09
      1455.8000237    5.5653673E-09
      1458.5000237    5.4562901E-09
      1461.2000238    5.3494564E-09
      1466.7000239    5.1385696E-09
      1469.4000239    5.0382547E-09
      1472.1000239    4.9399937E-09
      1477.6000240    4.7460018E-09
      1480.3000241    4.6537103E-09
      1488.4000242    4.3879607E-09
      1491.2000242    4.2998387E-09
      1496.6000243    4.1350878E-09
      1551.0000252    2.8006530E-09
      1632.7000266    1.5787580E-09
      1823.1000296    4.3191933E-10
      2340.2000381    1.1794560E-11
 
