       12.5000002    1.1093259E+01
        15.0000002    8.1260147E+00
        20.0000003    8.7225604E-01
        25.0000004    1.8972442E-01
        30.0000005    1.6472706E-01
        35.0000006    9.3694389E-02
        40.0000007    4.8861820E-02
        45.0000007    2.3949841E-02
        50.0000008    1.1625844E-02
        55.0000009    6.0773650E-03
        60.0000010    3.5916027E-03
        65.0000011    2.3444248E-03
        70.0000011    1.6064018E-03
        75.0000012    9.9863047E-03
        80.0000013    7.1503441E-03
        85.0000014    4.4963402E-03
        90.0000015    2.7555272E-03
        95.2390015    1.6373348E-03
       100.6800016    9.5255696E-04
       114.2900019    2.5780863E-04
       119.7300019    1.5712698E-04
       122.4500020    1.2348911E-04
       125.1700020    9.7507938E-05
       127.8900021    7.7365672E-05
       130.6100021    6.1688777E-05
       133.3300022    4.9437080E-05
       136.0600022    3.9789837E-05
       146.9400024    1.7624283E-05
       149.6600024    1.4556195E-05
       155.1000025    1.0066884E-05
       157.8200026    8.4260937E-06
       160.5500026    7.0765077E-06
       165.9900027    1.9905892E-05
       171.4300028    1.4208417E-05
       176.8700029    1.4059498E-05
       179.5900029    1.1878462E-05
       182.3100030    1.0020324E-05
       185.0400030    8.4455414E-06
       187.7600031    7.1241525E-06
       190.4800031    6.0114376E-06
       195.9200032    4.2838210E-06
       198.6400032    3.6171714E-06
       204.0800033    2.5791130E-06
       206.8000034    2.1774781E-06
       209.5300034    1.8368205E-06
       212.2500035    1.5499157E-06
       214.9700035    1.3072658E-06
       220.4100036    9.2840116E-07
       225.8500037    6.5733974E-07
       236.7400038    9.5808252E-07
       247.6200040    5.1660260E-07
       258.5100042    2.6432875E-07
       272.1100044    1.0037081E-07
       285.7200046    2.1310326E-08
 
