       12.5000002    4.0357211E+18
        15.0000002    3.3403545E+18
        20.0000003    2.1921978E+18
        25.0000004    2.2321438E+18
        30.0000005    2.8312889E+18
        35.0000006    2.7804832E+18
        40.0000007    2.5928076E+18
        45.0000007    2.2552429E+18
        50.0000008    1.8361580E+18
        55.0000009    1.4281552E+18
        60.0000010    1.1058714E+18
        65.0000011    8.9052835E+17
        70.0000011    7.5948072E+17
        75.0000012    3.9339099E+18
        80.0000013    4.3792372E+18
        85.0000014    4.4989253E+18
        90.0000015    4.6324162E+18
        95.2390015    4.6452156E+18
       100.6800016    4.4371196E+18
       114.2900019    3.7883899E+18
       119.7300019    3.5435556E+18
       122.4500020    3.4229773E+18
       125.1700020    3.3034046E+18
       127.8900021    3.1848503E+18
       130.6100021    3.0674272E+18
       133.3300022    2.9513130E+18
       136.0600022    2.8363073E+18
       146.9400024    2.3979307E+18
       149.6600024    2.2944000E+18
       155.1000025    2.0958219E+18
       157.8200026    2.0010099E+18
       160.5500026    1.9089644E+18
       165.9900027    2.2762347E+18
       171.4300028    2.1296559E+18
       176.8700029    2.2036500E+18
       179.5900029    2.1377626E+18
       182.3100030    2.0620938E+18
       185.0400030    1.9827981E+18
       187.7600031    1.9041583E+18
       190.4800031    1.8279318E+18
       195.9200032    1.6850101E+18
       198.6400032    1.6181735E+18
       204.0800033    1.4937330E+18
       206.8000034    1.4360588E+18
       209.5300034    1.3810468E+18
       212.2500035    1.3289374E+18
       214.9700035    1.2793626E+18
       220.4100036    1.1872109E+18
       225.8500037    1.1034715E+18
       236.7400038    1.1270076E+18
       247.6200040    9.8319890E+17
       258.5100042    8.5442574E+17
       272.1100044    7.1904590E+17
       285.7200046    6.0836384E+17
       299.3200049    5.1787905E+17
       312.9300051    4.4361027E+17
       340.1400055    3.3192861E+17
       353.7400058    2.8985521E+17
       380.9500062    2.2479247E+17
       394.5600064    1.9943809E+17
       408.1700066    1.7769670E+17
       435.3800071    1.4257992E+17
       462.5900075    1.1566093E+17
       476.1900077    1.0449864E+17
       489.8000080    9.4560680E+16
       503.4000082    8.5691074E+16
       517.0100084    7.7736417E+16
       557.8300091    5.8342329E+16
       571.4300093    5.3091740E+16
       585.0400095    4.8334660E+16
       612.2500100    4.0114020E+16
       666.6700108    2.7732950E+16
       680.2800111    2.5302550E+16
       707.4900115    2.1355591E+16
       734.7000119    1.7859592E+16
       761.9100124    1.4844062E+16
       789.1200128    1.2349427E+16
       816.3300133    1.0280424E+16
       843.5400137    8.5608491E+15
       870.7500142    7.1291507E+15
       911.5700148    5.4143152E+15
       952.3900155    4.1047727E+15
       993.2000162    3.9166024E+15
      1020.4000166    3.1855496E+15
      1061.2000173    2.5832722E+15
      1088.4000177    2.0737348E+15
      1102.0000179    1.8547423E+15
      1115.7000181    1.6550495E+15
      1129.3000184    1.4754574E+15
      1142.9000186    1.3125378E+15
      1156.5000188    1.1645751E+15
      1170.1000190    1.0300117E+15
      1197.3000195    3.4028339E+15
      1210.9000197    2.9962956E+15
      1224.5000199    2.6126130E+15
      1227.2000200    2.5392182E+15
      1229.9000200    2.4667009E+15
      1232.7000200    2.3923980E+15
      1235.4000201    2.3215877E+15
      1238.1000201    2.2515699E+15
      1240.8000202    2.1823119E+15
      1243.5000202    2.1137786E+15
      1246.3000203    2.0434322E+15
      1249.0000203    1.9762561E+15
      1257.2000204    1.7757357E+15
      1259.9000205    1.7106914E+15
      1262.6000205    1.6460372E+15
      1270.8000207    1.4513549E+15
      1281.6000208    1.1953030E+15
      1289.8000210    9.9603365E+14
      1292.5000210    9.2820820E+14
      1295.2000211    8.5861550E+14
      1298.0000211    7.8391891E+14
      1300.7000212    7.0854243E+14
      1303.4000212    6.2851531E+14
      1306.1000212    5.4159826E+14
      1314.3000214    1.2331343E+14
 
