       12.5000002    5.1002359E+18
        15.0000002    5.0303476E+18
        20.0000003    2.3262799E+18
        25.0000004    1.9731076E+18
        30.0000005    2.5205988E+18
        35.0000006    2.5422699E+18
        40.0000007    2.5406891E+18
        45.0000007    2.4715155E+18
        50.0000008    2.2657714E+18
        55.0000009    1.9242792E+18
        60.0000010    1.5292941E+18
        65.0000011    1.1750020E+18
        70.0000011    9.0564326E+17
        75.0000012    3.6804920E+18
        80.0000013    3.9202139E+18
        85.0000014    4.0647689E+18
        90.0000015    4.3856525E+18
        95.2390015    4.4133789E+18
       100.6800016    4.0500885E+18
       114.2900019    3.3107686E+18
       119.7300019    3.1246339E+18
       122.4500020    3.0420985E+18
       125.1700020    2.9640087E+18
       127.8900021    2.8890306E+18
       130.6100021    2.8161899E+18
       133.3300022    2.7447834E+18
       136.0600022    2.6740585E+18
       146.9400024    2.3966368E+18
       149.6600024    2.3279622E+18
       155.1000025    2.1916102E+18
       157.8200026    2.1241058E+18
       160.5500026    2.0569418E+18
       165.9900027    2.4594019E+18
       171.4300028    2.3627667E+18
       176.8700029    2.4582678E+18
       179.5900029    2.4175034E+18
       182.3100030    2.3590242E+18
       185.0400030    2.2888770E+18
       187.7600031    2.2135101E+18
       190.4800031    2.1376730E+18
       195.9200032    1.9906547E+18
       198.6400032    1.9188166E+18
       204.0800033    1.7809241E+18
       206.8000034    1.7159645E+18
       209.5300034    1.6535888E+18
       212.2500035    1.5941708E+18
       214.9700035    1.5373591E+18
       220.4100036    1.4310681E+18
       225.8500037    1.3337960E+18
       236.7400038    1.3541262E+18
       247.6200040    1.2069239E+18
       258.5100042    1.0690804E+18
       272.1100044    9.1830696E+17
       285.7200046    7.9051100E+17
       299.3200049    6.8229308E+17
       312.9300051    5.9051980E+17
       340.1400055    4.4694574E+17
       353.7400058    3.9113566E+17
       380.9500062    3.0341917E+17
       394.5600064    2.6901236E+17
       408.1700066    2.3955953E+17
       435.3800071    1.9239741E+17
       462.5900075    1.5688504E+17
       476.1900077    1.4237982E+17
       489.8000080    1.2958283E+17
       503.4000082    1.1825195E+17
       517.0100084    1.0815526E+17
       557.8300091    8.3701585E+16
       571.4300093    7.7085120E+16
       585.0400095    7.1074545E+16
       612.2500100    6.0612992E+16
       666.6700108    4.4495595E+16
       680.2800111    4.1246650E+16
       707.4900115    3.6925737E+16
       734.7000119    3.2220314E+16
       761.9100124    2.7565920E+16
       789.1200128    2.3657268E+16
       816.3300133    2.0355059E+16
       843.5400137    1.7552653E+16
       870.7500142    1.5165740E+16
       911.5700148    1.2218319E+16
       952.3900155    9.8765146E+15
       993.2000162    1.1937210E+16
      1020.4000166    1.0166867E+16
      1061.2000173    9.4155798E+15
      1088.4000177    8.0127280E+15
      1102.0000179    7.3972206E+15
      1115.7000181    6.8282523E+15
      1129.3000184    6.3095792E+15
      1142.9000186    5.8328587E+15
      1156.5000188    5.3943893E+15
      1170.1000190    4.9908465E+15
      1197.3000195    1.5084417E+16
      1210.9000197    1.4137830E+16
      1224.5000199    1.3237140E+16
      1227.2000200    1.3064713E+16
      1229.9000200    1.2894432E+16
      1232.7000200    1.2720107E+16
      1235.4000201    1.2554175E+16
      1238.1000201    1.2390359E+16
      1240.8000202    1.2228638E+16
      1243.5000202    1.2068994E+16
      1246.3000203    1.1905610E+16
      1249.0000203    1.1750130E+16
      1257.2000204    1.1290149E+16
      1259.9000205    1.1142633E+16
      1262.6000205    1.0997030E+16
      1270.8000207    1.0566295E+16
      1281.6000208    1.0024413E+16
      1289.8000210    9.6314502E+15
      1292.5000210    9.5054262E+15
      1295.2000211    9.3810321E+15
      1298.0000211    9.2537304E+15
      1300.7000212    9.1325908E+15
      1303.4000212    9.0130168E+15
      1306.1000212    8.8949873E+15
      1314.3000214    8.5457861E+15
      1330.6000216    7.8912009E+15
      1341.5000218    7.4811738E+15
      1355.1000220    6.9986825E+15
      1360.6000221    6.8122884E+15
      1371.4000223    6.4602058E+15
      1382.3000225    6.1227572E+15
      1390.5000226    5.8801764E+15
      1395.9000227    5.7255082E+15
      1404.1000228    5.4980843E+15
      1406.8000229    5.4251128E+15
      1409.5000229    5.3530679E+15
      1415.0000230    5.2091248E+15
      1417.7000231    5.1398190E+15
      1420.4000231    5.0713911E+15
      1423.1000231    5.0038296E+15
      1425.9000232    4.9346694E+15
      1428.6000232    4.8688377E+15
      1431.3000233    4.8038388E+15
      1436.7000234    4.6762933E+15
      1439.5000234    4.6114237E+15
      1442.2000235    4.5496744E+15
      1444.9000235    4.4887036E+15
      1447.6000235    4.4285013E+15
      1450.4000236    4.3668699E+15
      1453.1000236    4.3082014E+15
      1455.8000237    4.2502709E+15
      1458.5000237    4.1930689E+15
      1461.2000238    4.1365855E+15
      1466.7000239    4.0237111E+15
      1469.4000239    3.9693535E+15
      1472.1000239    3.9156771E+15
      1477.6000240    3.8084074E+15
      1480.3000241    3.7567462E+15
      1488.4000242    3.6056052E+15
      1491.2000242    3.5546701E+15
      1496.6000243    3.4582908E+15
      1551.0000252    2.6105085E+15
      1632.7000266    1.6736661E+15
      1823.1000296    4.0315029E+14
 
