       12.5000002    3.6843431E+18
        15.0000002    5.1368287E+18
        20.0000003    3.6070906E+18
        25.0000004    2.0590135E+18
        30.0000005    2.1470230E+18
        35.0000006    2.0908787E+18
        40.0000007    1.9459443E+18
        45.0000007    1.7269789E+18
        50.0000008    1.4595686E+18
        55.0000009    1.1885175E+18
        60.0000010    9.6231580E+17
        65.0000011    7.9784007E+17
        70.0000011    6.8467421E+17
        75.0000012    5.5373077E+18
        80.0000013    5.4100662E+18
        85.0000014    4.6183540E+18
        90.0000015    3.8072731E+18
        95.2390015    3.0386425E+18
       100.6800016    2.3537688E+18
       114.2900019    1.2181309E+18
       119.7300019    9.3817864E+17
       122.4500020    8.2440626E+17
       125.1700020    7.2522626E+17
       127.8900021    6.3878973E+17
       130.6100021    5.6346638E+17
       133.3300022    4.9782244E+17
       136.0600022    4.4040337E+17
       146.9400024    2.7575719E+17
       149.6600024    2.4667361E+17
       155.1000025    1.9881046E+17
       157.8200026    1.7913724E+17
       160.5500026    1.6174582E+17
       165.9900027    4.8246069E+17
       171.4300028    4.1069017E+17
       176.8700029    4.7826028E+17
       179.5900029    4.3998975E+17
       182.3100030    4.0340728E+17
       185.0400030    3.6915862E+17
       187.7600031    3.3764466E+17
       190.4800031    3.0864776E+17
       195.9200032    2.5753421E+17
       198.6400032    2.3506026E+17
       204.0800033    1.9546977E+17
       206.8000034    1.7806929E+17
       209.5300034    1.6203802E+17
       212.2500035    1.4737847E+17
       214.9700035    1.3392411E+17
       220.4100036    1.1025131E+17
       225.8500037    9.0334475E+16
       236.7400038    1.4804735E+17
       247.6200040    1.0555581E+17
       258.5100042    6.9774720E+16
       272.1100044    2.9660582E+16
 
