       12.5000002    3.3128838E+18
        15.0000002    2.7890160E+18
        20.0000003    2.4160064E+18
        25.0000004    2.3357228E+18
        30.0000005    2.9618597E+18
        35.0000006    2.7923755E+18
        40.0000007    2.4433559E+18
        45.0000007    2.0065586E+18
        50.0000008    1.5816277E+18
        55.0000009    1.2379257E+18
        60.0000010    1.0039986E+18
        65.0000011    8.6252942E+17
        70.0000011    7.7648047E+17
        75.0000012    4.3105452E+18
        80.0000013    4.8046970E+18
        85.0000014    4.8938806E+18
        90.0000015    4.9782264E+18
        95.2390015    4.9726584E+18
       100.6800016    4.7426230E+18
       114.2900019    3.9498666E+18
       119.7300019    3.6398511E+18
       122.4500020    3.4882416E+18
       125.1700020    3.3391948E+18
       127.8900021    3.1929801E+18
       130.6100021    3.0498834E+18
       133.3300022    2.9101857E+18
       136.0600022    2.7736583E+18
       146.9400024    2.2703592E+18
       149.6600024    2.1554261E+18
       155.1000025    1.9390759E+18
       157.8200026    1.8376477E+18
       160.5500026    1.7403173E+18
       165.9900027    2.1106655E+18
       171.4300028    1.9547890E+18
       176.8700029    2.0384886E+18
       179.5900029    1.9701574E+18
       182.3100030    1.8951198E+18
       185.0400030    1.8185373E+18
       187.7600031    1.7437509E+18
       190.4800031    1.6718254E+18
       195.9200032    1.5379166E+18
       198.6400032    1.4757344E+18
       204.0800033    1.3603835E+18
       206.8000034    1.3069874E+18
       209.5300034    1.2560579E+18
       212.2500035    1.2078045E+18
       214.9700035    1.1618783E+18
       220.4100036    1.0764265E+18
       225.8500037    9.9864195E+17
       236.7400038    1.0036789E+18
       247.6200040    8.6646011E+17
       258.5100042    7.4747364E+17
       272.1100044    6.2498825E+17
       285.7200046    5.2652461E+17
       299.3200049    4.4712589E+17
       312.9300051    3.8261658E+17
       340.1400055    2.8636756E+17
       353.7400058    2.5016056E+17
       380.9500062    1.9390059E+17
       394.5600064    1.7179596E+17
       408.1700066    1.5272581E+17
       435.3800071    1.2166404E+17
       462.5900075    9.7649457E+16
       476.1900077    8.7657534E+16
       489.8000080    7.8758336E+16
       503.4000082    7.0822903E+16
       517.0100084    6.3721307E+16
       557.8300091    4.6532582E+16
       571.4300093    4.1929180E+16
       585.0400095    3.7784996E+16
       612.2500100    3.0697802E+16
       666.6700108    2.0268073E+16
       680.2800111    1.8266754E+16
       707.4900115    1.4942671E+16
       734.7000119    1.2143698E+16
       761.9100124    9.8230337E+15
       789.1200128    7.9362363E+15
       816.3300133    6.4000537E+15
       843.5400137    5.1478195E+15
       870.7500142    4.1258634E+15
       911.5700148    2.9319060E+15
       952.3900155    2.0465417E+15
       993.2000162    1.6237998E+15
      1020.4000166    1.1958621E+15
      1061.2000173    7.3801295E+14
      1088.4000177    4.1900792E+14
      1102.0000179    2.4625328E+14
 
