       12.5000002    4.5029526E+18
        15.0000002    5.6243010E+18
        20.0000003    2.8533828E+18
        25.0000004    2.2653788E+18
        30.0000005    2.8617981E+18
        35.0000006    2.5233124E+18
        40.0000007    2.0644267E+18
        45.0000007    1.6244537E+18
        50.0000008    1.2857546E+18
        55.0000009    1.0594933E+18
        60.0000010    9.0857044E+17
        65.0000011    7.9353218E+17
        70.0000011    6.9245291E+17
        75.0000012    3.5227555E+18
        80.0000013    3.0224233E+18
        85.0000014    2.3018116E+18
        90.0000015    1.7006787E+18
        95.2390015    1.2242221E+18
       100.6800016    8.6731312E+17
       114.2900019    3.7939814E+17
       119.7300019    2.7896548E+17
       122.4500020    2.4055949E+17
       125.1700020    2.0821900E+17
       127.8900021    1.8088098E+17
       130.6100021    1.5767000E+17
       133.3300022    1.3786611E+17
       136.0600022    1.2081997E+17
       146.9400024    7.2548251E+16
       149.6600024    6.3877116E+16
       155.1000025    4.9166814E+16
       157.8200026    4.2844210E+16
       160.5500026    3.7033313E+16
       165.9900027    7.6817500E+16
       171.4300028    4.5802184E+16
       176.8700029    1.8747313E+16
 
