       12.5000002    2.5360138E+01
        15.0000002    2.0720366E+01
        20.0000003    6.7217364E+00
        25.0000004    1.8276162E+00
        30.0000005    4.2876023E-01
        35.0000006    1.7066433E-01
        40.0000007    1.0560483E-01
        45.0000007    6.8560176E-02
        50.0000008    4.2699475E-02
        55.0000009    2.4226734E-02
        60.0000010    1.2629600E-02
        65.0000011    6.3975751E-03
        70.0000011    3.3804434E-03
        75.0000012    2.6990173E-02
        80.0000013    1.9643649E-02
        85.0000014    1.2256559E-02
        90.0000015    7.2291768E-03
        95.2390015    3.9314902E-03
       100.6800016    1.9574810E-03
       114.2900019    2.4763262E-04
       119.7300019    8.2401501E-05
       122.4500020    3.8465729E-05
 
