       12.5000002    4.4599515E+02
        15.0000002    1.0464821E+02
        20.0000003    2.2568584E+01
        25.0000004    1.1954035E+01
        30.0000005    8.5811319E+00
        35.0000006    4.9807901E+00
        40.0000007    2.6338313E+00
        45.0000007    1.2858864E+00
        50.0000008    5.9418631E-01
        55.0000009    2.7065629E-01
        60.0000010    1.3364477E-01
        65.0000011    7.8398801E-02
        70.0000011    5.3912979E-02
        75.0000012    1.7580363E-01
        80.0000013    1.5799566E-01
        85.0000014    1.3402821E-01
        90.0000015    1.1565123E-01
        95.2390015    9.8054245E-02
       100.6800016    7.8620300E-02
       114.2900019    4.1903108E-02
       119.7300019    3.2238230E-02
       122.4500020    2.8224749E-02
       125.1700020    2.4682321E-02
       127.8900021    2.1561107E-02
       130.6100021    1.8815760E-02
       133.3300022    1.6405024E-02
       136.0600022    1.4284163E-02
       146.9400024    8.1737451E-03
       149.6600024    7.1001747E-03
       155.1000025    5.3517600E-03
       157.8200026    4.6442649E-03
       160.5500026    4.0272046E-03
       165.9900027    3.7804965E-03
       171.4300028    2.9454313E-03
       176.8700029    2.5412114E-03
       179.5900029    2.2652026E-03
       182.3100030    2.0131986E-03
       185.0400030    1.7867953E-03
       187.7600031    1.5867704E-03
       190.4800031    1.4101227E-03
       195.9200032    1.1167792E-03
       198.6400032    9.9519209E-04
       204.0800033    7.9222675E-04
       206.8000034    7.0764683E-04
       209.5300034    6.3226192E-04
       212.2500035    5.6547654E-04
       214.9700035    5.0600269E-04
       220.4100036    4.0564532E-04
       225.8500037    3.2553225E-04
       236.7400038    2.2531940E-04
       247.6200040    1.4198371E-04
       258.5100042    8.9681227E-05
       272.1100044    5.0786664E-05
       285.7200046    2.8761102E-05
       299.3200049    1.6113239E-05
       312.9300051    8.7254002E-06
       340.1400055    1.6189459E-06
 
