       12.5000002    1.3995872E+03
        15.0000002    5.7256616E+02
        20.0000003    4.3321976E+01
        25.0000004    1.9666309E+01
        30.0000005    1.3468632E+01
        35.0000006    8.4044628E+00
        40.0000007    5.5400376E+00
        45.0000007    3.5135498E+00
        50.0000008    2.0572593E+00
        55.0000009    1.1010607E+00
        60.0000010    5.4900187E-01
        65.0000011    2.6807147E-01
        70.0000011    1.3730641E-01
        75.0000012    3.1188086E-01
        80.0000013    2.5995895E-01
        85.0000014    2.2438763E-01
        90.0000015    2.0340537E-01
        95.2390015    1.6793114E-01
       100.6800016    1.2836424E-01
       114.2900019    7.2652750E-02
       119.7300019    5.9537917E-02
       122.4500020    5.3961340E-02
       125.1700020    4.8906304E-02
       127.8900021    4.4307217E-02
       130.6100021    4.0114481E-02
       133.3300022    3.6289055E-02
       136.0600022    3.2786585E-02
       146.9400024    2.1675320E-02
       149.6600024    1.9502021E-02
       155.1000025    1.5751667E-02
       157.8200026    1.4142113E-02
       160.5500026    1.2684548E-02
       165.9900027    1.2140024E-02
       171.4300028    9.9934097E-03
       176.8700029    8.6809387E-03
       179.5900029    7.8993104E-03
       182.3100030    7.1384343E-03
       185.0400030    6.4229863E-03
       187.7600031    5.7713026E-03
       190.4800031    5.1845619E-03
       195.9200032    4.1898140E-03
       198.6400032    3.7693530E-03
       204.0800033    3.0582657E-03
       206.8000034    2.7590354E-03
       209.5300034    2.4909282E-03
       212.2500035    2.2522318E-03
       214.9700035    2.0386598E-03
       220.4100036    1.6757767E-03
       225.8500037    1.3832488E-03
       236.7400038    1.1396096E-03
       247.6200040    7.9483719E-04
       258.5100042    5.5158068E-04
       272.1100044    3.5119388E-04
       285.7200046    2.2551739E-04
       299.3200049    1.4628259E-04
       312.9300051    9.5851734E-05
       340.1400055    4.2474690E-05
       353.7400058    2.8672555E-05
       380.9500062    1.3294451E-05
       394.5600064    9.0760723E-06
       408.1700066    6.1750957E-06
       435.3800071    2.7685151E-06
       462.5900075    1.1143886E-06
       476.1900077    6.3941724E-07
       489.8000080    2.9695849E-07
 
