       12.5000002    2.4562632E+01
        15.0000002    2.9645311E+01
        20.0000003    1.0142168E+01
        25.0000004    4.1257429E+00
        30.0000005    1.6267213E+00
        35.0000006    4.8305076E-01
        40.0000007    1.9907205E-01
        45.0000007    1.1166184E-01
        50.0000008    7.4016638E-02
        55.0000009    5.0967988E-02
        60.0000010    3.3267379E-02
        65.0000011    2.0225709E-02
        70.0000011    1.1681339E-02
        75.0000012    6.4418770E-02
        80.0000013    5.3146541E-02
        85.0000014    3.9106343E-02
        90.0000015    2.8062638E-02
        95.2390015    1.9077126E-02
       100.6800016    1.2138763E-02
       114.2900019    3.6045182E-03
       119.7300019    2.1713465E-03
       122.4500020    1.6762590E-03
       125.1700020    1.2889003E-03
       127.8900021    9.8675943E-04
       130.6100021    7.5187982E-04
       133.3300022    5.6995632E-04
       136.0600022    4.2915953E-04
       146.9400024    1.2912638E-04
       149.6600024    9.3499439E-05
       155.1000025    4.7109719E-05
       157.8200026    3.2533026E-05
       160.5500026    2.1812979E-05
       165.9900027    3.0296796E-05
 
