       80.0000013    1.5926068E+00
        85.0000014    9.8969364E-01
        90.0000015    6.1758733E-01
        95.2390015    3.7862802E-01
       100.6800016    2.2897078E-01
       114.2900019    6.6241942E-02
       119.7300019    4.0483933E-02
       122.4500020    3.1641182E-02
       125.1700020    2.4716659E-02
       127.8900021    1.9291380E-02
       130.6100021    1.5039598E-02
       133.3300022    1.1707531E-02
       136.0600022    9.0885861E-03
       146.9400024    9.6006449E-03
       149.6600024    8.0482233E-03
       155.1000025    5.5111153E-03
       157.8200026    4.5196875E-03
       160.5500026    3.6833051E-03
       165.9900027    2.4037843E-03
       171.4300028    1.5166251E-03
       176.8700029    9.0691418E-04
       179.5900029    6.7868788E-04
       182.3100030    4.8962416E-04
       185.0400030    3.3081960E-04
       187.7600031    1.9273961E-04
       190.4800031    1.3982397E-05
 
