       80.0000013    2.4175487E+00
        85.0000014    1.5595689E+00
        90.0000015    1.0095313E+00
        95.2390015    6.4284253E-01
       100.6800016    4.0438074E-01
       114.2900019    1.2982453E-01
       119.7300019    8.3113946E-02
       122.4500020    6.6590928E-02
       125.1700020    5.3390689E-02
       127.8900021    4.2831086E-02
       130.6100021    3.4373611E-02
       133.3300022    2.7592378E-02
       136.0600022    2.2132076E-02
       146.9400024    1.9860052E-02
       149.6600024    1.7054064E-02
       155.1000025    1.2401698E-02
       157.8200026    1.0541484E-02
       160.5500026    8.9430083E-03
       165.9900027    6.4204922E-03
       171.4300028    4.5826463E-03
       176.8700029    3.2447469E-03
       179.5900029    2.7195776E-03
       182.3100030    2.2720140E-03
       185.0400030    1.8895851E-03
       187.7600031    1.5655227E-03
       190.4800031    1.2901560E-03
       195.9200032    8.5855584E-04
       198.6400032    6.9116306E-04
       204.0800033    4.6574112E-04
       206.8000034    3.6411057E-04
       209.5300034    2.7699611E-04
       212.2500035    2.0157444E-04
       214.9700035    1.3319557E-04
 
