       80.0000013    9.5080525E-01
        85.0000014    5.6485248E-01
        90.0000015    3.3683854E-01
        95.2390015    1.9664469E-01
       100.6800016    1.1269988E-01
       114.2900019    2.7813360E-02
       119.7300019    1.5709916E-02
       122.4500020    1.1751224E-02
       125.1700020    8.7548951E-03
       127.8900021    6.4917463E-03
       130.6100021    4.7869855E-03
       133.3300022    3.5071215E-03
       136.0600022    2.5470923E-03
       146.9400024    3.1982218E-03
       149.6600024    2.4600972E-03
       155.1000025    1.3294909E-03
       157.8200026    9.1175182E-04
       160.5500026    5.6299905E-04
 
