       12.5000002    2.3597801E+18
        15.0000002    3.8908506E+18
        20.0000003    3.3826959E+18
        25.0000004    2.7789043E+18
        30.0000005    2.6134996E+18
        35.0000006    1.9507379E+18
        40.0000007    1.6117036E+18
        45.0000007    1.4319348E+18
        50.0000008    1.3244868E+18
        55.0000009    1.2442390E+18
        60.0000010    1.1507944E+18
        65.0000011    1.0330378E+18
        70.0000011    9.0260524E+17
        75.0000012    6.4116470E+18
        80.0000013    6.9870770E+18
        85.0000014    6.8115361E+18
        90.0000015    6.5394378E+18
        95.2390015    6.1084325E+18
       100.6800016    5.4390130E+18
       114.2900019    3.8261306E+18
       119.7300019    3.3044310E+18
       122.4500020    3.0687559E+18
       125.1700020    2.8487868E+18
       127.8900021    2.6437081E+18
       130.6100021    2.4527125E+18
       133.3300022    2.2750068E+18
       136.0600022    2.1092283E+18
       146.9400024    1.5589854E+18
       149.6600024    1.4455670E+18
       155.1000025    1.2432974E+18
       157.8200026    1.1533191E+18
       160.5500026    1.0697837E+18
       165.9900027    1.6170611E+18
       171.4300028    1.4884772E+18
       176.8700029    1.6745596E+18
       179.5900029    1.6164968E+18
       182.3100030    1.5527858E+18
       185.0400030    1.4878359E+18
       187.7600031    1.4243871E+18
       190.4800031    1.3632522E+18
       195.9200032    1.2490614E+18
       198.6400032    1.1958776E+18
       204.0800033    1.0968598E+18
       206.8000034    1.0508420E+18
       209.5300034    1.0068427E+18
       212.2500035    9.6506458E+17
       214.9700035    9.2522804E+17
       220.4100036    8.5095617E+17
       225.8500037    7.8325126E+17
       236.7400038    7.7333388E+17
       247.6200040    6.7023947E+17
       258.5100042    5.8483608E+17
       272.1100044    4.9804716E+17
       285.7200046    4.2802902E+17
       299.3200049    3.7074491E+17
       312.9300051    3.2315004E+17
       340.1400055    2.4920751E+17
       353.7400058    2.2012896E+17
       380.9500062    1.7325199E+17
       394.5600064    1.5425427E+17
       408.1700066    1.3762341E+17
       435.3800071    1.1016339E+17
       462.5900075    8.8767465E+16
       476.1900077    7.9868851E+16
       489.8000080    7.1962516E+16
       503.4000082    6.4936822E+16
       517.0100084    5.8675490E+16
       557.8300091    4.3648254E+16
       571.4300093    3.9657366E+16
       585.0400095    3.6076226E+16
       612.2500100    2.9972893E+16
       666.6700108    2.1001827E+16
       680.2800111    1.9272429E+16
       707.4900115    1.6349329E+16
       734.7000119    1.3893071E+16
       761.9100124    1.1836331E+16
       789.1200128    1.0127762E+16
       816.3300133    8.7016719E+15
       843.5400137    7.5059793E+15
       870.7500142    6.4990559E+15
       911.5700148    5.2712848E+15
       952.3900155    4.3080151E+15
       993.2000162    4.1802758E+15
      1020.4000166    3.6538132E+15
      1061.2000173    3.2668837E+15
      1088.4000177    2.8692089E+15
      1102.0000179    2.6920871E+15
      1115.7000181    2.5267043E+15
      1129.3000184    2.3711441E+15
      1142.9000186    2.2297034E+15
      1156.5000188    2.0982194E+15
      1170.1000190    1.9758861E+15
      1197.3000195    7.6520147E+15
      1210.9000197    7.2666256E+15
      1224.5000199    6.8944463E+15
      1227.2000200    6.8228234E+15
      1229.9000200    6.7519930E+15
      1232.7000200    6.6793801E+15
      1235.4000201    6.6101742E+15
      1238.1000201    6.5417651E+15
      1240.8000202    6.4741505E+15
      1243.5000202    6.4073251E+15
      1246.3000203    6.3388515E+15
      1249.0000203    6.2736147E+15
      1257.2000204    6.0801683E+15
      1259.9000205    6.0179852E+15
      1262.6000205    5.9565377E+15
      1270.8000207    5.7743344E+15
      1281.6000208    5.5441607E+15
      1289.8000210    5.3765260E+15
      1292.5000210    5.3226290E+15
      1295.2000211    5.2693622E+15
      1298.0000211    5.2147786E+15
      1300.7000212    5.1627697E+15
      1303.4000212    5.1113660E+15
      1306.1000212    5.0605592E+15
      1314.3000214    4.9098402E+15
      1330.6000216    4.6255606E+15
      1341.5000218    4.4462017E+15
      1355.1000220    4.2337200E+15
      1360.6000221    4.1511868E+15
      1371.4000223    3.9945488E+15
      1382.3000225    3.8434454E+15
      1390.5000226    3.7341831E+15
      1395.9000227    3.6642199E+15
      1404.1000228    3.5609007E+15
      1406.8000229    3.5276325E+15
      1409.5000229    3.4947285E+15
      1415.0000230    3.4288104E+15
      1417.7000231    3.3969855E+15
      1420.4000231    3.3655071E+15
      1423.1000231    3.3343707E+15
      1425.9000232    3.3024379E+15
      1428.6000232    3.2719855E+15
      1431.3000233    3.2418623E+15
      1436.7000234    3.1825877E+15
      1439.5000234    3.1523543E+15
      1442.2000235    3.1235201E+15
      1444.9000235    3.0949950E+15
      1447.6000235    3.0667755E+15
      1450.4000236    3.0378296E+15
      1453.1000236    3.0102212E+15
      1455.8000237    2.9829071E+15
      1458.5000237    2.9558837E+15
      1461.2000238    2.9291476E+15
      1466.7000239    2.8755590E+15
      1469.4000239    2.8496738E+15
      1472.1000239    2.8240621E+15
      1477.6000240    2.7727219E+15
      1480.3000241    2.7479201E+15
      1488.4000242    2.6750645E+15
      1491.2000242    2.6504093E+15
      1496.6000243    2.6036102E+15
      1551.0000252    2.1824733E+15
      1632.7000266    1.6909234E+15
      1823.1000296    9.5678966E+14
      2340.2000381    2.4706424E+14
      2829.9000460    6.4644878E+13
      3047.6000496    2.9164929E+13
      3700.7000602    0.0000000E+00
      4000.0000650    0.0000000E+00
      4680.3000761    0.0000000E+00
      5006.8000814    0.0000000E+00
      5387.8000876    0.0000000E+00
 
