       12.5000002    2.7281445E+18
        15.0000002    2.7639136E+18
        20.0000003    2.7741363E+18
        25.0000004    2.4234179E+18
        30.0000005    3.0098894E+18
        35.0000006    2.6511749E+18
        40.0000007    2.1686983E+18
        45.0000007    1.7222774E+18
        50.0000008    1.3720687E+18
        55.0000009    1.1345177E+18
        60.0000010    9.9239686E+17
        65.0000011    9.0606300E+17
        70.0000011    8.4057904E+17
        75.0000012    4.9825964E+18
        80.0000013    5.5467651E+18
        85.0000014    5.6063317E+18
        90.0000015    5.6473551E+18
        95.2390015    5.5937934E+18
       100.6800016    5.2859934E+18
       114.2900019    4.2700546E+18
       119.7300019    3.8845375E+18
       122.4500020    3.6994396E+18
       125.1700020    3.5198025E+18
       127.8900021    3.3458416E+18
       130.6100021    3.1777571E+18
       133.3300022    3.0157059E+18
       136.0600022    2.8592445E+18
       146.9400024    2.2979360E+18
       149.6600024    2.1729861E+18
       155.1000025    1.9408263E+18
       157.8200026    1.8333102E+18
       160.5500026    1.7309071E+18
       165.9900027    2.1482350E+18
       171.4300028    1.9871159E+18
       176.8700029    2.0982455E+18
       179.5900029    2.0289399E+18
       182.3100030    1.9535341E+18
       185.0400030    1.8769426E+18
       187.7600031    1.8022924E+18
       190.4800031    1.7305088E+18
       195.9200032    1.5967659E+18
       198.6400032    1.5345953E+18
       204.0800033    1.4190348E+18
       206.8000034    1.3654052E+18
       209.5300034    1.3141624E+18
       212.2500035    1.2655252E+18
       214.9700035    1.2191520E+18
       220.4100036    1.1326440E+18
       225.8500037    1.0536332E+18
       236.7400038    1.0607207E+18
       247.6200040    9.2042489E+17
       258.5100042    7.9985142E+17
       272.1100044    6.7601947E+17
       285.7200046    5.7633032E+17
       299.3200049    4.9562119E+17
       312.9300051    4.2964551E+17
       340.1400055    3.3005765E+17
       353.7400058    2.9206867E+17
       380.9500062    2.3224144E+17
       394.5600064    2.0841609E+17
       408.1700066    1.8769169E+17
       435.3800071    1.5355841E+17
       462.5900075    1.2678835E+17
       476.1900077    1.1553020E+17
       489.8000080    1.0543010E+17
       503.4000082    9.6355968E+16
       517.0100084    8.8170782E+16
       557.8300091    6.8026862E+16
       571.4300093    6.2524772E+16
       585.0400095    5.7519332E+16
       612.2500100    4.8815709E+16
       666.6700108    3.5528047E+16
       680.2800111    3.2882523E+16
       707.4900115    2.8577372E+16
       734.7000119    2.4710323E+16
       761.9100124    2.1301489E+16
       789.1200128    1.8427029E+16
       816.3300133    1.5993474E+16
       843.5400137    1.3925622E+16
       870.7500142    1.2162391E+16
       911.5700148    9.9819593E+15
       952.3900155    8.2445290E+15
       993.2000162    9.0182019E+15
      1020.4000166    7.8897905E+15
      1061.2000173    7.3553382E+15
      1088.4000177    6.4578065E+15
      1102.0000179    6.0580664E+15
      1115.7000181    5.6848482E+15
      1129.3000184    5.3411752E+15
      1142.9000186    5.0220231E+15
      1156.5000188    4.7253966E+15
      1170.1000190    4.4494804E+15
      1197.3000195    1.5372756E+16
      1210.9000197    1.4625790E+16
      1224.5000199    1.3904656E+16
      1227.2000200    1.3765784E+16
      1229.9000200    1.3628404E+16
      1232.7000200    1.3487520E+16
      1235.4000201    1.3353198E+16
      1238.1000201    1.3220376E+16
      1240.8000202    1.3089047E+16
      1243.5000202    1.2959201E+16
      1246.3000203    1.2826102E+16
      1249.0000203    1.2699241E+16
      1257.2000204    1.2322765E+16
      1259.9000205    1.2201649E+16
      1262.6000205    1.2081917E+16
      1270.8000207    1.1726600E+16
      1281.6000208    1.1277099E+16
      1289.8000210    1.0949266E+16
      1292.5000210    1.0843778E+16
      1295.2000211    1.0739482E+16
      1298.0000211    1.0632565E+16
      1300.7000212    1.0530650E+16
      1303.4000212    1.0429880E+16
      1306.1000212    1.0330245E+16
      1314.3000214    1.0034438E+16
      1330.6000216    9.4755364E+15
      1341.5000218    9.1222378E+15
      1355.1000220    8.7029916E+15
      1360.6000221    8.5399337E+15
      1371.4000223    8.2301334E+15
      1382.3000225    7.9308509E+15
      1390.5000226    7.7141693E+15
      1395.9000227    7.5753006E+15
      1404.1000228    7.3700458E+15
      1406.8000229    7.3039081E+15
      1409.5000229    7.2384721E+15
      1415.0000230    7.1073140E+15
      1417.7000231    7.0439590E+15
      1420.4000231    6.9812718E+15
      1423.1000231    6.9192455E+15
      1425.9000232    6.8556107E+15
      1428.6000232    6.7949046E+15
      1431.3000233    6.7348346E+15
      1436.7000234    6.6165738E+15
      1439.5000234    6.5562236E+15
      1442.2000235    6.4986463E+15
      1444.9000235    6.4416676E+15
      1447.6000235    6.3852812E+15
      1450.4000236    6.3274237E+15
      1453.1000236    6.2722210E+15
      1455.8000237    6.2175885E+15
      1458.5000237    6.1635197E+15
      1461.2000238    6.1100087E+15
      1466.7000239    6.0027000E+15
      1469.4000239    5.9508404E+15
      1472.1000239    5.8995123E+15
      1477.6000240    5.7965711E+15
      1480.3000241    5.7468176E+15
      1488.4000242    5.6005713E+15
      1491.2000242    5.5510482E+15
      1496.6000243    5.4569997E+15
      1551.0000252    4.6078116E+15
      1632.7000266    3.6090602E+15
      1823.1000296    2.1102656E+15
      2340.2000381    6.1631365E+14
      2829.9000460    2.1960386E+14
      3047.6000496    1.4718160E+14
      3700.7000602    3.9365862E+13
      4000.0000650    1.3077691E+13
      4680.3000761    0.0000000E+00
      5006.8000814    0.0000000E+00
      5387.8000876    0.0000000E+00
 
