       12.5000002    2.2034153E+18
        15.0000002    3.1266867E+18
        20.0000003    3.0859380E+18
        25.0000004    2.5914667E+18
        30.0000005    2.9437425E+18
        35.0000006    2.3301400E+18
        40.0000007    1.8215388E+18
        45.0000007    1.4791536E+18
        50.0000008    1.2620708E+18
        55.0000009    1.1355807E+18
        60.0000010    1.0544635E+18
        65.0000011    9.8009566E+17
        70.0000011    8.9638290E+17
        75.0000012    5.6929529E+18
        80.0000013    6.2930488E+18
        85.0000014    6.2771658E+18
        90.0000015    6.2135293E+18
        95.2390015    6.0187547E+18
       100.6800016    5.5475661E+18
       114.2900019    4.2077895E+18
       119.7300019    3.7355218E+18
       122.4500020    3.5154166E+18
       125.1700020    3.3058936E+18
       127.8900021    3.1068012E+18
       130.6100021    2.9179433E+18
       133.3300022    2.7390871E+18
       136.0600022    2.5693456E+18
       146.9400024    1.9837022E+18
       149.6600024    1.8582041E+18
       155.1000025    1.6296858E+18
       157.8200026    1.5259183E+18
       160.5500026    1.4283077E+18
       165.9900027    1.8981885E+18
       171.4300028    1.7483883E+18
       176.8700029    1.8952205E+18
       179.5900029    1.8311455E+18
       182.3100030    1.7616572E+18
       185.0400030    1.6911649E+18
       187.7600031    1.6224638E+18
       190.4800031    1.5563561E+18
       195.9200032    1.4330295E+18
       198.6400032    1.3756188E+18
       204.0800033    1.2687108E+18
       206.8000034    1.2190015E+18
       209.5300034    1.1714469E+18
       212.2500035    1.1262593E+18
       214.9700035    1.0831307E+18
       220.4100036    1.0025734E+18
       225.8500037    9.2890797E+17
       236.7400038    9.1460360E+17
       247.6200040    7.9079117E+17
       258.5100042    6.8724789E+17
       272.1100044    5.8223587E+17
       285.7200046    4.9819655E+17
       299.3200049    4.3021316E+17
       312.9300051    3.7444432E+17
       340.1400055    2.8933968E+17
       353.7400058    2.5638890E+17
       380.9500062    2.0374342E+17
       394.5600064    1.8250062E+17
       408.1700066    1.6390123E+17
       435.3800071    1.3307133E+17
       462.5900075    1.0881509E+17
       476.1900077    9.8626665E+16
       489.8000080    8.9508441E+16
       503.4000082    8.1343863E+16
       517.0100084    7.4009691E+16
       557.8300091    5.6133831E+16
       571.4300093    5.1307812E+16
       585.0400095    4.6943812E+16
       612.2500100    3.9424179E+16
       666.6700108    2.8147521E+16
       680.2800111    2.5937247E+16
       707.4900115    2.2244769E+16
       734.7000119    1.9055617E+16
       761.9100124    1.6327539E+16
       789.1200128    1.4044211E+16
       816.3300133    1.2125113E+16
       843.5400137    1.0505667E+16
       870.7500142    9.1338761E+15
       911.5700148    7.4502253E+15
       952.3900155    6.1198372E+15
       993.2000162    6.2877457E+15
      1020.4000166    5.4981433E+15
      1061.2000173    5.0191739E+15
      1088.4000177    4.4074434E+15
      1102.0000179    4.1350646E+15
      1115.7000181    3.8807955E+15
      1129.3000184    3.6466809E+15
      1142.9000186    3.4292858E+15
      1156.5000188    3.2272406E+15
      1170.1000190    3.0393006E+15
      1197.3000195    1.1155386E+16
      1210.9000197    1.0605058E+16
      1224.5000199    1.0073573E+16
      1227.2000200    9.9712530E+15
      1229.9000200    9.8700464E+15
      1232.7000200    9.7662757E+15
      1235.4000201    9.6673551E+15
      1238.1000201    9.5695544E+15
      1240.8000202    9.4728714E+15
      1243.5000202    9.3772955E+15
      1246.3000203    9.2793456E+15
      1249.0000203    9.1860041E+15
      1257.2000204    8.9091070E+15
      1259.9000205    8.8200616E+15
      1262.6000205    8.7320502E+15
      1270.8000207    8.4709694E+15
      1281.6000208    8.1409054E+15
      1289.8000210    7.9003416E+15
      1292.5000210    7.8229635E+15
      1295.2000211    7.7464739E+15
      1298.0000211    7.6680773E+15
      1300.7000212    7.5933621E+15
      1303.4000212    7.5195004E+15
      1306.1000212    7.4464822E+15
      1314.3000214    7.2297797E+15
      1330.6000216    6.8206615E+15
      1341.5000218    6.5622693E+15
      1355.1000220    6.2558743E+15
      1360.6000221    6.1367770E+15
      1371.4000223    5.9106068E+15
      1382.3000225    5.6922517E+15
      1390.5000226    5.5342474E+15
      1395.9000227    5.4330230E+15
      1404.1000228    5.2834626E+15
      1406.8000229    5.2352860E+15
      1409.5000229    5.1876269E+15
      1415.0000230    5.0921213E+15
      1417.7000231    5.0459976E+15
      1420.4000231    5.0003674E+15
      1423.1000231    4.9552240E+15
      1425.9000232    4.9089168E+15
      1428.6000232    4.8647473E+15
      1431.3000233    4.8210466E+15
      1436.7000234    4.7350302E+15
      1439.5000234    4.6911442E+15
      1442.2000235    4.6492801E+15
      1444.9000235    4.6078573E+15
      1447.6000235    4.5668704E+15
      1450.4000236    4.5248200E+15
      1453.1000236    4.4847045E+15
      1455.8000237    4.4450088E+15
      1458.5000237    4.4057281E+15
      1461.2000238    4.3668575E+15
      1466.7000239    4.2889240E+15
      1469.4000239    4.2512684E+15
      1472.1000239    4.2140031E+15
      1477.6000240    4.1392812E+15
      1480.3000241    4.1031737E+15
      1488.4000242    3.9970654E+15
      1491.2000242    3.9611436E+15
      1496.6000243    3.8929382E+15
      1551.0000252    3.2779113E+15
      1632.7000266    2.5402581E+15
      1823.1000296    1.4770869E+15
      2340.2000381    4.0335323E+14
      2829.9000460    1.3042029E+14
      3047.6000496    8.5022535E+13
      3700.7000602    4.1909858E+12
      4000.0000650    0.0000000E+00
      4680.3000761    0.0000000E+00
      5006.8000814    0.0000000E+00
      5387.8000876    0.0000000E+00
 
