       12.5000002    4.3924651E+18
        15.0000002    6.6598964E+18
        20.0000003    5.4722243E+18
        25.0000004    3.9508677E+18
        30.0000005    3.7910493E+18
        35.0000006    3.1751323E+18
        40.0000007    2.6216623E+18
        45.0000007    2.0942456E+18
        50.0000008    1.6401530E+18
        55.0000009    1.2821691E+18
        60.0000010    1.0135148E+18
        65.0000011    8.1521317E+17
        70.0000011    6.6785072E+17
        75.0000012    1.0846371E+18
        80.0000013    8.2355084E+17
        85.0000014    6.2982390E+17
        90.0000015    4.9292189E+17
        95.2390015    3.9043019E+17
       100.6800016    3.1303684E+17
       114.2900019    1.9248231E+17
       119.7300019    1.6138848E+17
       122.4500020    1.4819551E+17
       125.1700020    1.3630310E+17
       127.8900021    1.2555097E+17
       130.6100021    1.1580434E+17
       133.3300022    1.0694764E+17
       136.0600022    9.8854917E+16
       146.9400024    7.2988743E+16
       149.6600024    6.7813776E+16
       155.1000025    5.8684264E+16
       157.8200026    5.4656027E+16
       160.5500026    5.0929714E+16
       165.9900027    8.7948243E+16
       171.4300028    7.4469948E+16
       176.8700029    7.9950412E+16
       179.5900029    7.3603593E+16
       182.3100030    6.7764774E+16
       185.0400030    6.2406987E+16
       187.7600031    5.7537255E+16
       190.4800031    5.3096340E+16
       195.9200032    4.5347966E+16
       198.6400032    4.1970283E+16
       204.0800033    3.6054979E+16
       206.8000034    3.3465268E+16
       209.5300034    3.1081985E+16
       212.2500035    2.8902480E+16
       214.9700035    2.6899640E+16
       220.4100036    2.3361266E+16
       225.8500037    2.0356113E+16
       236.7400038    8.0412456E+16
       247.6200040    6.5711917E+16
       258.5100042    5.3570371E+16
       272.1100044    4.1759568E+16
       285.7200046    3.2819046E+16
       299.3200049    2.6010247E+16
       312.9300051    2.0770915E+16
       340.1400055    1.3531301E+16
       353.7400058    1.1027660E+16
       380.9500062    7.4490104E+15
       394.5600064    6.1693039E+15
       408.1700066    5.1334453E+15
       435.3800071    3.5748256E+15
       462.5900075    2.5399392E+15
       476.1900077    2.1514166E+15
       489.8000080    1.8273350E+15
       503.4000082    1.5563358E+15
       517.0100084    1.3285489E+15
       557.8300091    8.1627209E+14
       571.4300093    7.0061674E+14
       585.0400095    5.7963187E+14
       612.2500100    4.2709125E+14
       666.6700108    1.9733281E+14
       680.2800111    1.6855663E+14
       707.4900115    1.0561652E+14
       734.7000119    6.0093438E+13
       761.9100124    1.5029593E+13
       789.1200128    0.0000000E+00
       816.3300133    0.0000000E+00
       843.5400137    0.0000000E+00
       870.7500142    0.0000000E+00
       911.5700148    0.0000000E+00
       952.3900155    0.0000000E+00
       993.2000162    0.0000000E+00
      1020.4000166    0.0000000E+00
      1061.2000173    0.0000000E+00
      1088.4000177    0.0000000E+00
      1102.0000179    0.0000000E+00
 
