       12.5000002    4.6198339E+18
        15.0000002    5.9476124E+18
        20.0000003    3.0853651E+18
        25.0000004    2.3069860E+18
        30.0000005    3.0017547E+18
        35.0000006    2.7480594E+18
        40.0000007    2.3439672E+18
        45.0000007    1.9129119E+18
        50.0000008    1.5366590E+18
        55.0000009    1.2571953E+18
        60.0000010    1.0670359E+18
        65.0000011    9.3546223E+17
        70.0000011    8.3492144E+17
        75.0000012    5.4348893E+18
        80.0000013    5.1247825E+18
        85.0000014    4.2665655E+18
        90.0000015    3.4502219E+18
        95.2390015    2.7255384E+18
       100.6800016    2.1152009E+18
       114.2900019    1.1381792E+18
       119.7300019    9.0005850E+17
       122.4500020    8.0305876E+17
       125.1700020    7.1819495E+17
       127.8900021    6.4385724E+17
       130.6100021    5.7865180E+17
       133.3300022    5.2137271E+17
       136.0600022    4.7080301E+17
       146.9400024    3.2181025E+17
       149.6600024    2.9451701E+17
       155.1000025    2.4855565E+17
       157.8200026    2.2918279E+17
       160.5500026    2.1176225E+17
       165.9900027    6.6596038E+17
       171.4300028    5.8721377E+17
       176.8700029    7.1104242E+17
       179.5900029    6.6781574E+17
       182.3100030    6.2575227E+17
       185.0400030    5.8585216E+17
       187.7600031    5.4870812E+17
       190.4800031    5.1414380E+17
       195.9200032    4.5214694E+17
       198.6400032    4.2435899E+17
       204.0800033    3.7439443E+17
       206.8000034    3.5193278E+17
       209.5300034    3.3090960E+17
       212.2500035    3.1136369E+17
       214.9700035    2.9311070E+17
       220.4100036    2.6011229E+17
       225.8500037    2.3124374E+17
       236.7400038    3.8849914E+17
       247.6200040    3.3326685E+17
       258.5100042    2.8604664E+17
       272.1100044    2.3728552E+17
       285.7200046    1.9770990E+17
       299.3200049    1.6548329E+17
       312.9300051    1.3907735E+17
       340.1400055    9.9440862E+16
       353.7400058    8.4578635E+16
       380.9500062    6.1856274E+16
       394.5600064    5.3176858E+16
       408.1700066    4.5870478E+16
       435.3800071    3.4470194E+16
       462.5900075    2.6225188E+16
       476.1900077    2.2976507E+16
       489.8000080    2.0184849E+16
       503.4000082    1.7782265E+16
       517.0100084    1.5705443E+16
       557.8300091    1.0984251E+16
       571.4300093    9.7967871E+15
       585.0400095    8.7564923E+15
       612.2500100    7.0411490E+15
       666.6700108    4.6621747E+15
       680.2800111    4.2247285E+15
       707.4900115    3.4880605E+15
       734.7000119    2.8975967E+15
       761.9100124    2.4214266E+15
       789.1200128    2.0349241E+15
       816.3300133    1.7191390E+15
       843.5400137    1.4595283E+15
       870.7500142    1.2448457E+15
       911.5700148    9.5964951E+14
       952.3900155    7.6477362E+14
       993.2000162    6.4413591E+14
      1020.4000166    5.5718966E+14
      1061.2000173    4.6489088E+14
      1088.4000177    4.0450965E+14
      1102.0000179    3.7770207E+14
      1115.7000181    3.5272224E+14
      1129.3000184    3.2976521E+14
      1142.9000186    3.0848851E+14
      1156.5000188    2.8875367E+14
      1170.1000190    2.7043483E+14
      1197.3000195    1.1715675E+15
      1210.9000197    1.1034060E+15
      1224.5000199    1.0380160E+15
      1227.2000200    1.0254801E+15
      1229.9000200    1.0130982E+15
      1232.7000200    1.0004210E+15
      1235.4000201    9.8835385E+14
      1238.1000201    9.7644055E+14
      1240.8000202    9.6468026E+14
      1243.5000202    9.5307183E+14
      1246.3000203    9.4119236E+14
      1249.0000203    9.2988874E+14
      1257.2000204    8.9645510E+14
      1259.9000205    8.8573540E+14
      1262.6000205    8.7515589E+14
      1270.8000207    8.4386531E+14
      1281.6000208    8.0451287E+14
      1289.8000210    7.7598134E+14
      1292.5000210    7.6683185E+14
      1295.2000211    7.5780088E+14
      1298.0000211    7.4855891E+14
      1300.7000212    7.3976429E+14
      1303.4000212    7.3108323E+14
      1306.1000212    7.2251410E+14
      1314.3000214    6.9715956E+14
      1330.6000216    6.4961609E+14
      1341.5000218    6.1981720E+14
      1355.1000220    5.8472483E+14
      1360.6000221    5.7115811E+14
      1371.4000223    5.4551272E+14
      1382.3000225    5.2090602E+14
      1390.5000226    5.0319750E+14
      1395.9000227    4.9189697E+14
      1404.1000228    4.7526551E+14
      1406.8000229    4.6992502E+14
      1409.5000229    4.6465020E+14
      1415.0000230    4.5410485E+14
      1417.7000231    4.4902423E+14
      1420.4000231    4.4400580E+14
      1423.1000231    4.3904880E+14
      1425.9000232    4.3397209E+14
      1428.6000232    4.2913753E+14
      1431.3000233    4.2436189E+14
      1436.7000234    4.1498417E+14
      1439.5000234    4.1021115E+14
      1442.2000235    4.0566543E+14
      1444.9000235    4.0117478E+14
      1447.6000235    3.9673841E+14
      1450.4000236    3.9219437E+14
      1453.1000236    3.8786648E+14
      1455.8000237    3.8359074E+14
      1458.5000237    3.7936651E+14
      1461.2000238    2.9716640E+14
      1466.7000239    2.9017792E+14
      1469.4000239    2.8681312E+14
      1472.1000239    2.8349089E+14
      1477.6000240    2.7685277E+14
      1480.3000241    2.7365636E+14
      1488.4000242    2.6430657E+14
      1491.2000242    2.6115616E+14
      1496.6000243    2.5519555E+14
      1551.0000252    1.7766729E+14
      1632.7000266    1.0229446E+14
      1823.1000296    0.0000000E+00
      2340.2000381    0.0000000E+00
      2829.9000460    0.0000000E+00
      3047.6000496    0.0000000E+00
      3700.7000602    0.0000000E+00
      4000.0000650    0.0000000E+00
 
