       12.5000002    3.1499048E+18
        15.0000002    4.6870020E+18
        20.0000003    3.8103147E+18
        25.0000004    2.7035845E+18
        30.0000005    2.1981135E+18
        35.0000006    1.8283424E+18
        40.0000007    1.7006127E+18
        45.0000007    1.6042303E+18
        50.0000008    1.4999191E+18
        55.0000009    1.3606678E+18
        60.0000010    1.1855039E+18
        65.0000011    1.0028567E+18
        70.0000011    8.3933845E+17
        75.0000012    6.9037362E+18
        80.0000013    7.3149640E+18
        85.0000014    6.8662407E+18
        90.0000015    6.2944693E+18
        95.2390015    5.5997803E+18
       100.6800016    4.7829135E+18
       114.2900019    3.0893476E+18
       119.7300019    2.5876193E+18
       122.4500020    2.3680751E+18
       125.1700020    2.1672533E+18
       127.8900021    1.9836607E+18
       130.6100021    1.8159050E+18
       133.3300022    1.6626899E+18
       136.0600022    1.5223195E+18
       146.9400024    1.0751736E+18
       149.6600024    9.8683010E+17
       155.1000025    8.3280708E+17
       157.8200026    7.6581349E+17
       160.5500026    7.0449909E+17
       165.9900027    1.3228839E+18
       171.4300028    1.2135469E+18
       176.8700029    1.4222177E+18
       179.5900029    1.3668825E+18
       182.3100030    1.3068838E+18
       185.0400030    1.2462845E+18
       187.7600031    1.1875086E+18
       190.4800031    1.1311769E+18
       195.9200032    1.0266187E+18
       198.6400032    9.7823996E+17
       204.0800033    8.8874281E+17
       206.8000034    8.4740543E+17
       209.5300034    8.0804092E+17
       212.2500035    7.7081751E+17
       214.9700035    7.3547336E+17
       220.4100036    6.7000164E+17
       225.8500037    6.1085884E+17
       236.7400038    6.4514305E+17
       247.6200040    5.6140363E+17
       258.5100042    4.9124657E+17
       272.1100044    4.1890623E+17
       285.7200046    3.5961050E+17
       299.3200049    3.1043395E+17
       312.9300051    2.6915165E+17
       340.1400055    2.0451238E+17
       353.7400058    1.7906619E+17
       380.9500062    1.3828915E+17
       394.5600064    1.2193397E+17
       408.1700066    1.0774085E+17
       435.3800071    8.4638223E+16
       462.5900075    6.7008250E+16
       476.1900077    5.9793384E+16
       489.8000080    5.3448927E+16
       503.4000082    4.7868282E+16
       517.0100084    4.2943175E+16
       557.8300091    3.1330513E+16
       571.4300093    2.8300783E+16
       585.0400095    2.5603623E+16
       612.2500100    2.1056586E+16
       666.6700108    1.4499192E+16
       680.2800111    1.3254215E+16
       707.4900115    1.1124337E+16
       734.7000119    9.3832913E+15
       761.9100124    7.9470489E+15
       789.1200128    6.7621801E+15
       816.3300133    5.7795625E+15
       843.5400137    4.9605927E+15
       870.7500142    4.2747485E+15
       911.5700148    3.4438079E+15
       952.3900155    2.7965592E+15
       993.2000162    2.5762416E+15
      1020.4000166    2.2481848E+15
      1061.2000173    1.9669925E+15
      1088.4000177    1.7257805E+15
      1102.0000179    1.6183834E+15
      1115.7000181    1.5181258E+15
      1129.3000184    1.4258145E+15
      1142.9000186    1.3400962E+15
      1156.5000188    1.2604314E+15
      1170.1000190    1.1863302E+15
      1197.3000195    4.8159119E+15
      1210.9000197    4.5669660E+15
      1224.5000199    4.3106477E+15
      1227.2000200    4.2644948E+15
      1229.9000200    4.2188648E+15
      1232.7000200    4.1721012E+15
      1235.4000201    4.1275449E+15
      1238.1000201    4.0835153E+15
      1240.8000202    4.0400097E+15
      1243.5000202    3.9970254E+15
      1246.3000203    3.9529948E+15
      1249.0000203    3.9110587E+15
      1257.2000204    3.7867833E+15
      1259.9000205    3.7468605E+15
      1262.6000205    3.7074219E+15
      1270.8000207    3.5905532E+15
      1281.6000208    3.4430764E+15
      1289.8000210    3.3357867E+15
      1292.5000210    3.3013132E+15
      1295.2000211    3.2672530E+15
      1298.0000211    3.2323621E+15
      1300.7000212    3.1991268E+15
      1303.4000212    3.1662885E+15
      1306.1000212    3.1338419E+15
      1314.3000214    3.0376462E+15
      1330.6000216    2.8564528E+15
      1341.5000218    2.7423057E+15
      1355.1000220    2.6072594E+15
      1360.6000221    2.5548583E+15
      1371.4000223    2.4554943E+15
      1382.3000225    2.3597517E+15
      1390.5000226    2.2905901E+15
      1395.9000227    2.2463361E+15
      1404.1000228    2.1810294E+15
      1406.8000229    2.1600127E+15
      1409.5000229    2.1392321E+15
      1415.0000230    2.0976187E+15
      1417.7000231    2.0775365E+15
      1420.4000231    2.0576784E+15
      1423.1000231    2.0380414E+15
      1425.9000232    2.0179078E+15
      1428.6000232    1.9987130E+15
      1431.3000233    1.9797307E+15
      1436.7000234    1.9423940E+15
      1439.5000234    1.9233580E+15
      1442.2000235    1.9052079E+15
      1444.9000235    1.8872574E+15
      1447.6000235    1.8695038E+15
      1450.4000236    1.8512983E+15
      1453.1000236    1.8339387E+15
      1455.8000237    1.8167688E+15
      1458.5000237    1.7997860E+15
      1461.2000238    1.7829883E+15
      1466.7000239    1.7493335E+15
      1469.4000239    1.7330835E+15
      1472.1000239    1.7170094E+15
      1477.6000240    1.6848008E+15
      1480.3000241    1.6692476E+15
      1488.4000242    1.6235823E+15
      1491.2000242    1.6081371E+15
      1496.6000243    1.5788313E+15
      1551.0000252    1.3003354E+15
      1632.7000266    9.9669541E+14
      1823.1000296    5.4345604E+14
      2340.2000381    1.0285802E+14
      2829.9000460    0.0000000E+00
      3047.6000496    0.0000000E+00
      3700.7000602    0.0000000E+00
      4000.0000650    0.0000000E+00
      4680.3000761    0.0000000E+00
      5006.8000814    0.0000000E+00
      5387.8000876    0.0000000E+00
 
