       80.0000013    1.0921240E+19
        85.0000014    9.1806285E+18
        90.0000015    7.7089295E+18
        95.2390015    6.4180385E+18
       100.6800016    5.3089144E+18
       114.2900019    3.3240122E+18
       119.7300019    2.7659958E+18
       122.4500020    2.5251846E+18
       125.1700020    2.3065846E+18
       127.8900021    2.1080479E+18
       130.6100021    1.9276366E+18
       133.3300022    1.7636044E+18
       136.0600022    1.6138556E+18
       146.9400024    2.4766219E+18
       149.6600024    2.3743995E+18
       155.1000025    2.1603815E+18
       157.8200026    2.0577746E+18
       160.5500026    1.9596883E+18
       165.9900027    1.7797054E+18
       171.4300028    1.6193136E+18
       176.8700029    1.4763298E+18
       179.5900029    1.4106492E+18
       182.3100030    1.3484881E+18
       185.0400030    1.2893926E+18
       187.7600031    1.2335714E+18
       190.4800031    1.1805963E+18
       195.9200032    1.0824471E+18
       198.6400032    1.0369423E+18
       204.0800033    1.0852530E+18
       206.8000034    1.0416992E+18
       209.5300034    9.9865734E+17
       212.2500035    9.5736470E+17
       214.9700035    9.1796803E+17
       220.4100036    8.4501386E+17
       225.8500037    7.7941541E+17
       236.7400038    6.6716778E+17
       247.6200040    5.7572246E+17
       258.5100042    5.0034345E+17
       272.1100044    4.2367458E+17
       285.7200046    3.6175905E+17
       299.3200049    3.1109324E+17
       312.9300051    2.6901608E+17
       340.1400055    2.0375644E+17
       353.7400058    1.7816512E+17
       380.9500062    1.3707771E+17
       394.5600064    1.2052010E+17
       408.1700066    1.0609429E+17
       435.3800071    8.2477382E+16
       462.5900075    6.4341316E+16
       476.1900077    5.6898485E+16
       489.8000080    5.0350396E+16
       503.4000082    4.4593481E+16
       517.0100084    3.9521026E+16
       557.8300091    2.7638286E+16
       571.4300093    2.4571074E+16
       585.0400095    2.1859169E+16
       612.2500100    1.7341276E+16
       666.6700108    1.1011298E+16
       680.2800111    9.8464874E+15
       707.4900115    7.8898662E+15
       734.7000119    6.3379098E+15
       761.9100124    5.1028549E+15
       789.1200128    4.1168529E+15
       816.3300133    3.3272653E+15
       843.5400137    2.6931249E+15
       870.7500142    2.1824389E+15
       911.5700148    1.5944756E+15
       952.3900155    1.1658334E+15
       993.2000162    8.5203232E+14
      1020.4000166    6.9060564E+14
      1061.2000173    5.0244000E+14
      1088.4000177    4.0518997E+14
      1102.0000179    3.6341255E+14
      1115.7000181    3.2534374E+14
      1129.3000184    2.9114798E+14
      1142.9000186    2.6018271E+14
      1156.5000188    2.3213156E+14
      1170.1000190    2.0670861E+14
      1197.3000195    1.6273579E+14
      1210.9000197    1.4373725E+14
      1224.5000199    1.2646391E+14
      1227.2000200    1.2322397E+14
      1229.9000200    1.2004355E+14
      1232.7000200    1.1680679E+14
      1235.4000201    1.1374354E+14
      1238.1000201    1.1073584E+14
      1240.8000202    1.0778243E+14
      1243.5000202    1.0488204E+14
      1246.3000203    1.0192889E+14
      1249.0000203    9.9132652E+13
      1257.2000204    9.9627781E+13
      1259.9000205    9.6772198E+13
      1262.6000205    9.3934777E+13
      1270.8000207    8.5543543E+13
      1281.6000208    7.5103912E+13
      1289.8000210    7.0714388E+13
      1292.5000210    6.8217964E+13
      1295.2000211    6.5748471E+13
      1298.0000211    6.3219838E+13
      1300.7000212    6.0813662E+13
      1303.4000212    5.8438562E+13
      1306.1000212    5.6093246E+13
      1314.3000214    4.9132702E+13
      1330.6000216    3.5748498E+13
      1341.5000218    2.6674033E+13
      1355.1000220    1.3239432E+13
      1360.6000221    1.9223295E+12
 
