       80.0000013    1.1269474E+19
        85.0000014    9.6168312E+18
        90.0000015    8.1914672E+18
        95.2390015    6.9170546E+18
       100.6800016    5.8014994E+18
       114.2900019    3.7480103E+18
       119.7300019    3.1547383E+18
       122.4500020    2.8961059E+18
       125.1700020    2.6598393E+18
       127.8900021    2.4439422E+18
       130.6100021    2.2465902E+18
       133.3300022    2.0661195E+18
       136.0600022    1.9004353E+18
       146.9400024    2.6489618E+18
       149.6600024    2.5372149E+18
       155.1000025    2.3064607E+18
       157.8200026    2.1966957E+18
       160.5500026    2.0921614E+18
       165.9900027    1.9012295E+18
       171.4300028    1.7319542E+18
       176.8700029    1.5816860E+18
       179.5900029    1.5128446E+18
       182.3100030    1.4477916E+18
       185.0400030    1.3860305E+18
       187.7600031    1.3277597E+18
       190.4800031    1.2725151E+18
       195.9200032    1.1702785E+18
       198.6400032    1.1229180E+18
       204.0800033    1.1933589E+18
       206.8000034    1.1481169E+18
       209.5300034    1.1022232E+18
       212.2500035    1.0576029E+18
       214.9700035    1.0146996E+18
       220.4100036    9.3471628E+17
       225.8500037    8.6240779E+17
       236.7400038    7.3813865E+17
       247.6200040    6.3660741E+17
       258.5100042    5.5288231E+17
       272.1100044    4.6788851E+17
       285.7200046    3.9954387E+17
       299.3200049    3.4393188E+17
       312.9300051    2.9802424E+17
       340.1400055    2.2736382E+17
       353.7400058    1.9980406E+17
       380.9500062    1.5560536E+17
       394.5600064    1.3775600E+17
       408.1700066    1.2215232E+17
       435.3800071    9.6425246E+16
       462.5900075    7.6421229E+16
       476.1900077    6.8121433E+16
       489.8000080    6.0763398E+16
       503.4000082    5.4243461E+16
       517.0100084    4.8452802E+16
       557.8300091    3.4678021E+16
       571.4300093    3.1063611E+16
       585.0400095    2.7842836E+16
       612.2500100    2.2417442E+16
       666.6700108    1.4655742E+16
       680.2800111    1.3201150E+16
       707.4900115    1.0733856E+16
       734.7000119    8.7515043E+15
       761.9100124    7.1540234E+15
       789.1200128    5.8628575E+15
       816.3300133    4.8161310E+15
       843.5400137    3.9650440E+15
       870.7500142    3.2710211E+15
       911.5700148    2.4592591E+15
       952.3900155    1.8554322E+15
       993.2000162    1.4038662E+15
      1020.4000166    1.1671057E+15
      1061.2000173    8.8572332E+14
      1088.4000177    7.3723402E+14
      1102.0000179    6.7262033E+14
      1115.7000181    6.1323664E+14
      1129.3000184    5.5943415E+14
      1142.9000186    5.1029610E+14
      1156.5000188    4.6540316E+14
      1170.1000190    4.2437562E+14
      1197.3000195    3.5257162E+14
      1210.9000197    3.2119960E+14
      1224.5000199    2.9249570E+14
      1227.2000200    2.8709380E+14
      1229.9000200    2.8178603E+14
      1232.7000200    2.7637932E+14
      1235.4000201    2.7125812E+14
      1238.1000201    2.6622601E+14
      1240.8000202    2.6128142E+14
      1243.5000202    2.5642273E+14
      1246.3000203    2.5147320E+14
      1249.0000203    2.4678481E+14
      1257.2000204    2.6534179E+14
      1259.9000205    2.6041836E+14
      1262.6000205    2.5546496E+14
      1270.8000207    2.4068413E+14
      1281.6000208    2.2227211E+14
      1289.8000210    2.2259358E+14
      1292.5000210    2.1818769E+14
      1295.2000211    2.1381819E+14
      1298.0000211    2.0934659E+14
      1300.7000212    2.0510254E+14
      1303.4000212    2.0092978E+14
      1306.1000212    1.9683006E+14
      1314.3000214    1.8482721E+14
      1330.6000216    1.6288028E+14
      1341.5000218    1.4951509E+14
      1355.1000220    1.3417531E+14
      1360.6000221    1.2836348E+14
      1371.4000223    1.1756184E+14
      1382.3000225    1.0742848E+14
      1390.5000226    1.0027808E+14
      1395.9000227    9.5777997E+13
      1404.1000228    8.9244740E+13
      1406.8000229    8.7169591E+13
      1409.5000229    8.5130832E+13
      1415.0000230    8.1087313E+13
      1417.7000231    7.9154578E+13
      1420.4000231    7.7255305E+13
      1423.1000231    7.5388781E+13
      1425.9000232    7.3486991E+13
      1428.6000232    7.1685059E+13
      1431.3000233    6.9913805E+13
      1436.7000234    6.6460664E+13
      1439.5000234    6.4715665E+13
      1442.2000235    6.3061537E+13
      1444.9000235    6.1434789E+13
      1447.6000235    5.9834787E+13
      1450.4000236    5.8203094E+13
      1453.1000236    5.6655610E+13
      1455.8000237    3.4107003E+14
      1458.5000237    3.3482844E+14
      1461.2000238    3.2753058E+14
      1466.7000239    3.1121662E+14
      1469.4000239    3.0297125E+14
      1472.1000239    2.9471317E+14
      1477.6000240    2.7802687E+14
      1480.3000241    2.6994202E+14
      1488.4000242    2.4617944E+14
      1491.2000242    2.3813614E+14
      1496.6000243    2.2285491E+14
      1551.0000252    7.0814666E+13
 
