       80.0000013    7.0853458E+18
        85.0000014    5.5280690E+18
        90.0000015    4.3278672E+18
        95.2390015    3.3624044E+18
       100.6800016    2.5986474E+18
       114.2900019    1.3907888E+18
       119.7300019    1.0913328E+18
       122.4500020    9.6821688E+17
       125.1700020    8.5986785E+17
       127.8900021    7.6442728E+17
       130.6100021    6.8028351E+17
       133.3300022    6.0603713E+17
       136.0600022    5.4024456E+17
       146.9400024    1.7135155E+18
       149.6600024    1.6289303E+18
       155.1000025    1.4525287E+18
       157.8200026    1.3684009E+18
       160.5500026    1.2882542E+18
       165.9900027    1.1419691E+18
       171.4300028    1.0126835E+18
       176.8700029    8.9861196E+17
       179.5900029    8.4669941E+17
       182.3100030    7.9791167E+17
       185.0400030    7.5188426E+17
       187.7600031    7.0876622E+17
       190.4800031    6.6820957E+17
       195.9200032    5.9414447E+17
       198.6400032    5.6034593E+17
       204.0800033    6.4956453E+17
       206.8000034    6.2130165E+17
       209.5300034    5.9431552E+17
       212.2500035    5.6882578E+17
       214.9700035    5.4467164E+17
       220.4100036    5.0004129E+17
       225.8500037    4.5978048E+17
       236.7400038    3.9014658E+17
       247.6200040    3.3239656E+17
       258.5100042    2.8394508E+17
       272.1100044    2.3387342E+17
       285.7200046    1.9300982E+17
       299.3200049    1.5953675E+17
       312.9300051    1.3198332E+17
       340.1400055    9.0528513E+16
       353.7400058    7.5035346E+16
       380.9500062    5.1591809E+16
       394.5600064    4.2789286E+16
       408.1700066    3.5490453E+16
       435.3800071    2.4410198E+16
       462.5900075    1.6763550E+16
       476.1900077    1.3878077E+16
       489.8000080    1.1475693E+16
       503.4000082    9.4777569E+15
       517.0100084    7.8132295E+15
       557.8300091    4.3119405E+15
       571.4300093    3.5110568E+15
       585.0400095    2.8428399E+15
       612.2500100    1.8198788E+15
       666.6700108    5.8075521E+14
       680.2800111    3.5821457E+14
 
