       80.0000013    1.0341523E+19
        85.0000014    8.5524215E+18
        90.0000015    7.0715882E+18
        95.2390015    5.7986545E+18
       100.6800016    4.7259682E+18
       114.2900019    2.8610535E+18
       119.7300019    2.3513628E+18
       122.4500020    2.1337112E+18
       125.1700020    1.9374384E+18
       127.8900021    1.7603249E+18
       130.6100021    1.6003900E+18
       133.3300022    1.4558687E+18
       136.0600022    1.3247297E+18
       146.9400024    2.3058771E+18
       149.6600024    2.2120116E+18
       155.1000025    2.0119713E+18
       157.8200026    1.9152371E+18
       160.5500026    1.8224337E+18
       165.9900027    1.6514718E+18
       171.4300028    1.4985254E+18
       176.8700029    1.3618091E+18
       179.5900029    1.2989170E+18
       182.3100030    1.2393556E+18
       185.0400030    1.1827063E+18
       187.7600031    1.1291819E+18
       190.4800031    1.0783834E+18
       195.9200032    9.8429264E+17
       198.6400032    9.4069721E+17
       204.0800033    9.7570146E+17
       206.8000034    9.3505465E+17
       209.5300034    8.9566849E+17
       212.2500035    8.5825864E+17
       214.9700035    8.2276606E+17
       220.4100036    7.5733392E+17
       225.8500037    6.9867532E+17
       236.7400038    5.9842721E+17
       247.6200040    5.1666807E+17
       258.5100042    4.4905120E+17
       272.1100044    3.7991339E+17
       285.7200046    3.2370193E+17
       299.3200049    2.7740527E+17
       312.9300051    2.3875146E+17
       340.1400055    1.7855054E+17
       353.7400058    1.5494017E+17
       380.9500062    1.1720455E+17
       394.5600064    1.0211925E+17
       408.1700066    8.9065561E+16
       435.3800071    6.7941332E+16
       462.5900075    5.2001209E+16
       476.1900077    4.5551684E+16
       489.8000080    3.9930444E+16
       503.4000082    3.5034512E+16
       517.0100084    3.0760680E+16
       557.8300091    2.0922300E+16
       571.4300093    1.8429657E+16
       585.0400095    1.6244651E+16
       612.2500100    1.2649418E+16
       666.6700108    7.7296768E+15
       680.2800111    6.8433915E+15
       707.4900115    5.3718595E+15
       734.7000119    4.2230658E+15
       761.9100124    3.3235042E+15
       789.1200128    2.6171472E+15
       816.3300133    2.0611119E+15
       843.5400137    1.6224356E+15
       870.7500142    1.2756712E+15
       911.5700148    8.8588687E+14
       952.3900155    6.1033465E+14
       993.2000162    4.1493615E+14
      1020.4000166    3.1707878E+14
      1061.2000173    2.0562493E+14
      1088.4000177    1.4894668E+14
      1102.0000179    1.2460057E+14
      1115.7000181    1.0221266E+14
      1129.3000184    8.1648066E+13
      1142.9000186    6.2120893E+13
      1156.5000188    4.2482994E+13
      1170.1000190    1.8219736E+13
 
