       80.0000013    2.6457837E+18
        85.0000014    1.8939165E+18
        90.0000015    1.3648258E+18
        95.2390015    9.7578379E+17
       100.6800016    6.9504590E+17
       114.2900019    3.1249498E+17
       119.7300019    2.3244779E+17
       122.4500020    2.0164707E+17
       125.1700020    1.7564597E+17
       127.8900021    1.5364708E+17
       130.6100021    1.3498873E+17
       133.3300022    1.1912157E+17
       136.0600022    1.0554323E+17
       146.9400024    7.3957509E+17
       149.6600024    6.7640361E+17
       155.1000025    5.6358846E+17
       157.8200026    5.1431625E+17
       160.5500026    4.6925665E+17
       165.9900027    3.9110491E+17
       171.4300028    3.2617610E+17
       176.8700029    2.7215462E+17
       179.5900029    2.4862952E+17
       182.3100030    2.2715211E+17
       185.0400030    2.0747101E+17
       187.7600031    1.8956458E+17
       190.4800031    1.7320749E+17
       195.9200032    1.4460880E+17
       198.6400032    1.3213074E+17
       204.0800033    2.7386649E+17
       206.8000034    2.5720728E+17
       209.5300034    2.4124414E+17
       212.2500035    2.2619894E+17
       214.9700035    2.1201584E+17
       220.4100036    1.8610500E+17
       225.8500037    1.6318349E+17
       236.7400038    1.2496347E+17
       247.6200040    9.5141411E+16
       258.5100042    7.1871003E+16
       272.1100044    4.9938130E+16
       285.7200046    3.3957948E+16
       299.3200049    2.2347256E+16
       312.9300051    1.3853917E+16
       340.1400055    8.6397569E+14
 
