       80.0000013    5.6124489E+18
        85.0000014    4.2778328E+18
        90.0000015    3.2753693E+18
        95.2390015    2.4882993E+18
       100.6800016    1.8803286E+18
       114.2900019    9.5449580E+17
       119.7300019    7.3452139E+17
       122.4500020    6.4563550E+17
       125.1700020    5.6828674E+17
       127.8900021    5.0091355E+17
       130.6100021    4.4217472E+17
       133.3300022    3.9091679E+17
       136.0600022    3.4599267E+17
       146.9400024    1.4392680E+18
       149.6600024    1.3556418E+18
       155.1000025    1.1893634E+18
       157.8200026    1.1120131E+18
       160.5500026    1.0391190E+18
       165.9900027    9.0778099E+17
       171.4300028    7.9343446E+17
       176.8700029    6.9393903E+17
       179.5900029    6.4912727E+17
       182.3100030    6.0730054E+17
       185.0400030    5.6811158E+17
       187.7600031    5.3165397E+17
       190.4800031    4.9760093E+17
       195.9200032    4.3606081E+17
       198.6400032    4.0827956E+17
       204.0800033    5.3767881E+17
       206.8000034    5.1325794E+17
       209.5300034    4.8983150E+17
       212.2500035    4.6764480E+17
       214.9700035    4.4658163E+17
       220.4100036    4.0758899E+17
       225.8500037    3.7235645E+17
       236.7400038    3.1138767E+17
       247.6200040    2.6095089E+17
       258.5100042    2.1889821E+17
       272.1100044    1.7591121E+17
       285.7200046    1.4138996E+17
       299.3200049    1.1365235E+17
       312.9300051    9.1308110E+16
       340.1400055    5.8826363E+16
       353.7400058    4.7152754E+16
       380.9500062    3.0161262E+16
       394.5600064    2.4051639E+16
       408.1700066    1.9131172E+16
       435.3800071    1.1982161E+16
       462.5900075    7.3507173E+15
       476.1900077    5.6888748E+15
       489.8000080    4.3490331E+15
       503.4000082    3.2679416E+15
       517.0100084    2.3896275E+15
       557.8300091    4.4205068E+14
 
