       80.0000013    1.3923087E+18
        85.0000014    9.5293704E+17
        90.0000015    6.6028718E+17
        95.2390015    4.5661488E+17
       100.6800016    3.1749199E+17
       114.2900019    1.4197728E+17
       119.7300019    1.0766062E+17
       122.4500020    9.4641829E+16
       125.1700020    8.3696784E+16
       127.8900021    7.4437135E+16
       130.6100021    6.6551725E+16
       133.3300022    5.9790381E+16
       136.0600022    5.3932201E+16
       146.9400024    3.7326173E+17
       149.6600024    3.3281983E+17
       155.1000025    2.6399398E+17
       157.8200026    2.3502137E+17
       160.5500026    2.0909024E+17
       165.9900027    1.6548660E+17
       171.4300028    1.3076087E+17
       176.8700029    1.0309899E+17
       179.5900029    9.1457781E+16
       182.3100030    8.1071141E+16
       185.0400030    7.1773662E+16
       187.7600031    6.3514105E+16
       190.4800031    5.6150092E+16
       195.9200032    4.3738250E+16
       198.6400032    3.8529138E+16
       204.0800033    1.1353328E+17
       206.8000034    1.0304960E+17
       209.5300034    9.3170734E+16
       212.2500035    8.4011725E+16
       214.9700035    7.5520119E+16
       220.4100036    6.0387141E+16
       225.8500037    4.7419871E+16
       236.7400038    2.6466067E+16
       247.6200040    8.3958090E+15
 
