       12.5000002    1.8374420E+01
        15.0000002    1.4260329E+01
        20.0000003    3.9699614E+00
        25.0000004    6.3939971E-01
        30.0000005    2.1702617E-01
        35.0000006    1.4068003E-01
        40.0000007    9.1754936E-02
        45.0000007    5.6813158E-02
        50.0000008    3.2849442E-02
        55.0000009    1.7784663E-02
        60.0000010    9.4404621E-03
        65.0000011    5.2324682E-03
        70.0000011    3.1626753E-03
        75.0000012    2.7881430E-02
        80.0000013    2.1802180E-02
        85.0000014    1.4898925E-02
        90.0000015    9.8924534E-03
        95.2390015    6.3187391E-03
       100.6800016    3.8945684E-03
       114.2900019    1.1626700E-03
       119.7300019    7.2436332E-04
       122.4500020    5.7327445E-04
       125.1700020    4.5457706E-04
       127.8900021    3.6119876E-04
       130.6100021    2.8763164E-04
       133.3300022    2.2958241E-04
       136.0600022    1.8355199E-04
       146.9400024    7.7340381E-05
       149.6600024    6.2781721E-05
       155.1000025    4.1776962E-05
       157.8200026    3.4251629E-05
       160.5500026    2.8158449E-05
       165.9900027    7.0230017E-05
       171.4300028    5.1242128E-05
       176.8700029    5.1231138E-05
       179.5900029    4.3726050E-05
       182.3100030    3.7187037E-05
       185.0400030    3.1559521E-05
       187.7600031    2.6782422E-05
       190.4800031    2.2720520E-05
       195.9200032    1.6336242E-05
       198.6400032    1.3843753E-05
       204.0800033    9.9245781E-06
       206.8000034    8.3941368E-06
       209.5300034    7.0891024E-06
       212.2500035    5.9846816E-06
       214.9700035    5.0466078E-06
       220.4100036    3.5743010E-06
       225.8500037    2.5154047E-06
       236.7400038    2.6792311E-06
       247.6200040    1.4032545E-06
       258.5100042    6.7128087E-07
       272.1100044    1.8391036E-07
 
