       12.5000002    2.6579189E+01
        15.0000002    2.2983973E+01
        20.0000003    7.6932511E+00
        25.0000004    2.4619489E+00
        30.0000005    6.7227989E-01
        35.0000006    2.3980822E-01
        40.0000007    1.3962042E-01
        45.0000007    9.3804426E-02
        50.0000008    6.4784795E-02
        55.0000009    4.2902481E-02
        60.0000010    2.6547261E-02
        65.0000011    1.5636772E-02
        70.0000011    9.0694744E-03
        75.0000012    6.2253114E-02
        80.0000013    5.2403305E-02
        85.0000014    3.9357428E-02
        90.0000015    2.9013874E-02
        95.2390015    2.0559821E-02
       100.6800016    1.3884563E-02
       114.2900019    5.0930926E-03
       119.7300019    3.4312983E-03
       122.4500020    2.8206946E-03
       125.1700020    2.3211238E-03
       127.8900021    1.9120176E-03
       130.6100021    1.5766888E-03
       133.3300022    1.3015837E-03
       136.0600022    1.0749304E-03
       146.9400024    5.0749292E-04
       149.6600024    4.2202752E-04
       155.1000025    2.9308943E-04
       157.8200026    2.4479319E-04
       160.5500026    2.0464280E-04
       165.9900027    3.3768517E-04
       171.4300028    2.6355899E-04
       176.8700029    2.6629792E-04
       179.5900029    2.3642043E-04
       182.3100030    2.0877547E-04
       185.0400030    1.8386329E-04
       187.7600031    1.6188424E-04
       190.4800031    1.4253771E-04
       195.9200032    1.1063410E-04
       198.6400032    9.7536846E-05
       204.0800033    7.5920652E-05
       206.8000034    6.7030734E-05
       209.5300034    5.9182574E-05
       212.2500035    5.2300482E-05
       214.9700035    4.6238150E-05
       220.4100036    3.6182348E-05
       225.8500037    2.8353246E-05
       236.7400038    2.3006736E-05
       247.6200040    1.5385032E-05
       258.5100042    1.0344930E-05
       272.1100044    6.3274938E-06
       285.7200046    3.8668395E-06
       299.3200049    2.3510597E-06
       312.9300051    1.4141502E-06
       340.1400055    4.8405622E-07
       353.7400058    2.7014360E-07
       380.9500062    6.6844237E-08
       394.5600064    2.1372639E-08
 
