       12.5000002    1.4408499E+03
        15.0000002    6.0092004E+02
        20.0000003    4.6495636E+01
        25.0000004    2.0456770E+01
        30.0000005    1.4132662E+01
        35.0000006    8.8595476E+00
        40.0000007    5.9208632E+00
        45.0000007    3.8539050E+00
        50.0000008    2.3331716E+00
        55.0000009    1.2955738E+00
        60.0000010    6.6942960E-01
        65.0000011    3.3566049E-01
        70.0000011    1.7299122E-01
        75.0000012    3.7834007E-01
        80.0000013    3.0998638E-01
        85.0000014    2.6933193E-01
        90.0000015    2.5058249E-01
        95.2390015    2.0776778E-01
       100.6800016    1.5558073E-01
       114.2900019    8.6327046E-02
       119.7300019    7.1463019E-02
       122.4500020    6.5257914E-02
       125.1700020    5.9666045E-02
       127.8900021    5.4588925E-02
       130.6100021    4.9955048E-02
       133.3300022    4.5711033E-02
       136.0600022    4.1802093E-02
       146.9400024    2.9134631E-02
       149.6600024    2.6584795E-02
       155.1000025    2.2102064E-02
       157.8200026    2.0139202E-02
       160.5500026    1.8337283E-02
       165.9900027    1.8171437E-02
       171.4300028    1.5452286E-02
       176.8700029    1.3816332E-02
       179.5900029    1.2795717E-02
       182.3100030    1.1754540E-02
       185.0400030    1.0736019E-02
       187.7600031    9.7803809E-03
       190.4800031    8.9028813E-03
       195.9200032    7.3800008E-03
       198.6400032    6.7189336E-03
       204.0800033    5.5760476E-03
       206.8000034    5.0860937E-03
       209.5300034    4.6422631E-03
       212.2500035    4.2429049E-03
       214.9700035    3.8818596E-03
       220.4100036    3.2592143E-03
       225.8500037    2.7474251E-03
       236.7400038    2.3490868E-03
       247.6200040    1.7462916E-03
       258.5100042    1.2936031E-03
       272.1100044    8.9465664E-04
       285.7200046    6.2483811E-04
       299.3200049    4.4095915E-04
       312.9300051    3.1436744E-04
       340.1400055    1.6509861E-04
       353.7400058    1.2167702E-04
       380.9500062    6.8329689E-05
       394.5600064    5.2041090E-05
       408.1700066    4.0045557E-05
       435.3800071    2.4400402E-05
       462.5900075    1.5369582E-05
       476.1900077    1.2329696E-05
       489.8000080    9.9507515E-06
       503.4000082    8.0767095E-06
       517.0100084    6.5872532E-06
       557.8300091    3.6644274E-06
       571.4300093    3.0351073E-06
       585.0400095    2.5209231E-06
       612.2500100    1.7530194E-06
       666.6700108    8.7005895E-07
       680.2800111    7.3361264E-07
       707.4900115    5.4232441E-07
       734.7000119    3.9359531E-07
       761.9100124    2.8214427E-07
       789.1200128    2.0361051E-07
       816.3300133    1.4780746E-07
       843.5400137    1.0786815E-07
       870.7500142    7.9097077E-08
       911.5700148    5.0057260E-08
       952.3900155    3.1938509E-08
       993.2000162    2.9702449E-08
      1020.4000166    2.1679778E-08
      1061.2000173    1.5805599E-08
      1088.4000177    1.1544173E-08
      1102.0000179    9.8740873E-09
      1115.7000181    8.4399367E-09
      1129.3000184    7.2252830E-09
      1142.9000186    6.1874772E-09
      1156.5000188    5.3000710E-09
      1170.1000190    4.5407300E-09
      1197.3000195    1.2311663E-08
      1210.9000197    1.0679161E-08
      1224.5000199    9.2486667E-09
      1227.2000200    8.9873593E-09
      1229.9000200    8.7331680E-09
      1232.7000200    8.4768894E-09
      1235.4000201    8.2366478E-09
      1238.1000201    8.0029876E-09
      1240.8000202    7.7757365E-09
      1243.5000202    7.5547248E-09
      1246.3000203    7.3319404E-09
      1249.0000203    7.1231288E-09
      1257.2000204    6.5235386E-09
      1259.9000205    6.3369852E-09
      1262.6000205    6.1555738E-09
      1270.8000207    5.6347189E-09
      1281.6000208    5.0129141E-09
      1289.8000210    4.5852198E-09
      1292.5000210    4.4521795E-09
      1295.2000211    4.3228203E-09
      1298.0000211    4.1924513E-09
      1300.7000212    4.0702832E-09
      1303.4000212    3.9514996E-09
      1306.1000212    3.8360080E-09
      1314.3000214    3.5045240E-09
      1330.6000216    2.9241327E-09
      1341.5000218    2.5876961E-09
      1355.1000220    2.2184257E-09
      1360.6000221    2.0834527E-09
      1371.4000223    1.8401418E-09
      1382.3000225    1.6211875E-09
      1390.5000226    1.4723709E-09
      1395.9000227    1.3812226E-09
      1404.1000228    1.2524684E-09
      1406.8000229    1.2124828E-09
      1409.5000229    1.1736361E-09
      1415.0000230    1.0978969E-09
      1417.7000231    1.0623202E-09
      1420.4000231    1.0277610E-09
      1423.1000231    9.9419117E-10
      1425.9000232    9.6039399E-10
      1428.6000232    9.2875613E-10
      1431.3000233    8.9802704E-10
      1436.7000234    8.3919549E-10
      1439.5000234    8.1001794E-10
      1442.2000235    7.8270918E-10
      1444.9000235    7.5618928E-10
      1447.6000235    7.3043643E-10
      1450.4000236    7.0451711E-10
      1453.1000236    6.8026124E-10
      1455.8000237    6.5670930E-10
      1458.5000237    6.3384159E-10
      1461.2000238    6.1163902E-10
      1466.7000239    5.6839183E-10
      1469.4000239    5.4809696E-10
      1472.1000239    5.2839488E-10
      1477.6000240    4.9002535E-10
      1480.3000241    4.7202264E-10
      1488.4000242    4.2112105E-10
      1491.2000242    4.0455753E-10
      1496.6000243    3.7402501E-10
      1551.0000252    1.4911759E-10
 
