       12.5000002    4.7357007E+02
        15.0000002    1.1492526E+02
        20.0000003    2.3195032E+01
        25.0000004    1.2753341E+01
        30.0000005    9.1692371E+00
        35.0000006    5.4876919E+00
        40.0000007    3.0404925E+00
        45.0000007    1.5618889E+00
        50.0000008    7.5688732E-01
        55.0000009    3.5551909E-01
        60.0000010    1.7423201E-01
        65.0000011    9.7842462E-02
        70.0000011    6.4658299E-02
        75.0000012    2.0528255E-01
        80.0000013    1.8640338E-01
        85.0000014    1.6089429E-01
        90.0000015    1.4132877E-01
        95.2390015    1.2146026E-01
       100.6800016    9.9329352E-02
       114.2900019    5.7514347E-02
       119.7300019    4.6078619E-02
       122.4500020    4.1207582E-02
       125.1700020    3.6828570E-02
       127.8900021    3.2894950E-02
       130.6100021    2.9364793E-02
       133.3300022    2.6200017E-02
       136.0600022    2.3355981E-02
       146.9400024    1.4729482E-02
       149.6600024    1.3120684E-02
       155.1000025    1.0410619E-02
       157.8200026    9.2741791E-03
       160.5500026    8.2593262E-03
       165.9900027    7.8968713E-03
       171.4300028    6.4398400E-03
       176.8700029    5.6577851E-03
       179.5900029    5.1416825E-03
       182.3100030    4.6536750E-03
       185.0400030    4.2038262E-03
       187.7600031    3.7984508E-03
       190.4800031    3.4346499E-03
       195.9200032    2.8176203E-03
       198.6400032    2.5564281E-03
       204.0800033    2.1122172E-03
       206.8000034    1.9236270E-03
       209.5300034    1.7534916E-03
       212.2500035    1.6009120E-03
       214.9700035    1.4633468E-03
       220.4100036    1.2268290E-03
       225.8500037    1.0329286E-03
       236.7400038    8.6485443E-04
       247.6200040    6.1999989E-04
       258.5100042    4.4552211E-04
       272.1100044    2.9864782E-04
       285.7200046    2.0340933E-04
       299.3200049    1.4086369E-04
       312.9300051    9.9113109E-05
       340.1400055    5.1395389E-05
       353.7400058    3.7804770E-05
       380.9500062    2.1204345E-05
       394.5600064    1.6127793E-05
       408.1700066    1.2374422E-05
       435.3800071    7.4480390E-06
       462.5900075    4.5889096E-06
       476.1900077    3.6276001E-06
       489.8000080    2.8785121E-06
       503.4000082    2.2925021E-06
       517.0100084    1.8312102E-06
       557.8300091    9.4839578E-07
       571.4300093    7.6515016E-07
       585.0400095    6.1841183E-07
       612.2500100    4.0612571E-07
       666.6700108    1.7813061E-07
       680.2800111    1.4535101E-07
       707.4900115    9.7977285E-08
       734.7000119    6.5694429E-08
       761.9100124    4.3896065E-08
       789.1200128    2.9346150E-08
       816.3300133    1.9600794E-08
       843.5400137    1.3058921E-08
       870.7500142    8.6630800E-09
       911.5700148    4.6204041E-09
       952.3900155    2.4042321E-09
       993.2000162    1.4358559E-09
      1020.4000166    8.5293744E-10
      1061.2000173    3.7604309E-10
      1088.4000177    1.6667483E-10
      1102.0000179    8.5878450E-11
 
