       12.5000002    3.5134982E+02
        15.0000002    7.2794640E+01
        20.0000003    2.0143305E+01
        25.0000004    9.0670004E+00
        30.0000005    6.3734365E+00
        35.0000006    3.1051316E+00
        40.0000007    1.2858093E+00
        45.0000007    4.8929718E-01
        50.0000008    1.8794583E-01
        55.0000009    8.5446917E-02
        60.0000010    5.0288677E-02
        65.0000011    3.3085104E-02
        70.0000011    2.0853886E-02
        75.0000012    7.0079945E-02
        80.0000013    5.3563558E-02
        85.0000014    3.5280209E-02
        90.0000015    2.0259416E-02
        95.2390015    7.0983190E-03
 
