       12.5000002    3.9852426E+18
        15.0000002    3.3064200E+18
        20.0000003    1.8139035E+18
        25.0000004    1.7906165E+18
        30.0000005    2.1546762E+18
        35.0000006    2.0375260E+18
        40.0000007    1.7512011E+18
        45.0000007    1.3284726E+18
        50.0000008    9.1751510E+17
        55.0000009    6.2720438E+17
        60.0000010    4.6985393E+17
        65.0000011    3.8578709E+17
        70.0000011    3.0983523E+17
        75.0000012    1.4246287E+18
        80.0000013    1.1983912E+16
 
