       12.5000002    4.5384904E+18
        15.0000002    4.1709402E+18
        20.0000003    1.8647528E+18
        25.0000004    1.6974453E+18
        30.0000005    2.0883795E+18
        35.0000006    2.0516741E+18
        40.0000007    1.9392932E+18
        45.0000007    1.6652209E+18
        50.0000008    1.2745924E+18
        55.0000009    8.9295366E+17
        60.0000010    6.1819340E+17
        65.0000011    4.6218308E+17
        70.0000011    3.8045727E+17
        75.0000012    2.0569022E+18
        80.0000013    2.0962230E+18
        85.0000014    1.8336517E+18
        90.0000015    1.3496141E+18
 
