       12.5000002    2.0536388E+18
        15.0000002    3.0533410E+18
        20.0000003    3.0715671E+18
        25.0000004    2.5975583E+18
        30.0000005    2.8310459E+18
        35.0000006    2.1416555E+18
        40.0000007    1.6490596E+18
        45.0000007    1.3546034E+18
        50.0000008    1.1824039E+18
        55.0000009    1.0807709E+18
        60.0000010    9.9891112E+17
        65.0000011    9.0629981E+17
        70.0000011    7.9943608E+17
        75.0000012    5.2011969E+18
        80.0000013    5.6531253E+18
        85.0000014    5.5167111E+18
        90.0000015    5.3032744E+18
        95.2390015    4.9446687E+18
       100.6800016    4.3683262E+18
       114.2900019    2.9525667E+18
       119.7300019    2.4919175E+18
       122.4500020    2.2843569E+18
       125.1700020    2.0912585E+18
       127.8900021    1.9120157E+18
       130.6100021    1.7459860E+18
       133.3300022    1.5925027E+18
       136.0600022    1.4503863E+18
       146.9400024    9.8915413E+17
       149.6600024    8.9682044E+17
       155.1000025    7.3539887E+17
       157.8200026    6.6517870E+17
       160.5500026    6.0102137E+17
       165.9900027    9.5748510E+17
       171.4300028    8.5033577E+17
       176.8700029    9.4613711E+17
       179.5900029    8.9497257E+17
       182.3100030    8.4132603E+17
       185.0400030    7.8796377E+17
       187.7600031    7.3663774E+17
       190.4800031    6.8771449E+17
       195.9200032    5.9749640E+17
       198.6400032    5.5604440E+17
       204.0800033    4.7995174E+17
       206.8000034    4.4510468E+17
       209.5300034    4.1212702E+17
       212.2500035    3.8115220E+17
       214.9700035    3.5195285E+17
       220.4100036    2.9849483E+17
       225.8500037    2.5102806E+17
       236.7400038    2.2839193E+17
       247.6200040    1.5762843E+17
       258.5100042    8.9471582E+16
 
