       12.5000002    4.9357874E+18
        15.0000002    4.8500134E+18
        20.0000003    2.2511242E+18
        25.0000004    1.9348627E+18
        30.0000005    2.4423078E+18
        35.0000006    2.4583843E+18
        40.0000007    2.4583148E+18
        45.0000007    2.3839196E+18
        50.0000008    2.1676987E+18
        55.0000009    1.8204402E+18
        60.0000010    1.4305915E+18
        65.0000011    1.0903329E+18
        70.0000011    8.3852241E+17
        75.0000012    3.5473791E+18
        80.0000013    3.8068179E+18
        85.0000014    3.9411299E+18
        90.0000015    4.2111372E+18
        95.2390015    4.2193866E+18
       100.6800016    3.8920867E+18
       114.2900019    3.2163992E+18
       119.7300019    3.0350537E+18
       122.4500020    2.9522775E+18
       125.1700020    2.8726286E+18
       127.8900021    2.7950473E+18
       130.6100021    2.7187830E+18
       133.3300022    2.6433153E+18
       136.0600022    2.5680457E+18
       146.9400024    2.2704589E+18
       149.6600024    2.1967389E+18
       155.1000025    2.0508107E+18
       157.8200026    1.9788781E+18
       160.5500026    1.9075642E+18
       165.9900027    2.2588717E+18
       171.4300028    2.1485151E+18
       176.8700029    2.2169601E+18
       179.5900029    2.1672870E+18
       182.3100030    2.1030968E+18
       185.0400030    2.0304746E+18
       187.7600031    1.9549993E+18
       190.4800031    1.8801505E+18
       195.9200032    1.7368379E+18
       198.6400032    1.6680898E+18
       204.0800033    1.5379533E+18
       206.8000034    1.4771381E+18
       209.5300034    1.4189571E+18
       212.2500035    1.3637233E+18
       214.9700035    1.3110865E+18
       220.4100036    1.2130832E+18
       225.8500037    1.1239530E+18
       236.7400038    1.1409673E+18
       247.6200040    1.0004067E+18
       258.5100042    8.7084180E+17
       272.1100044    7.3155697E+17
       285.7200046    6.1566411E+17
       299.3200049    5.1955646E+17
       312.9300051    4.3986581E+17
       340.1400055    3.1929941E+17
       353.7400058    2.7399727E+17
       380.9500062    2.0472013E+17
       394.5600064    1.7817014E+17
       408.1700066    1.5568638E+17
       435.3800071    1.2003165E+17
       462.5900075    9.3311566E+16
       476.1900077    8.2388897E+16
       489.8000080    7.2738278E+16
       503.4000082    6.4182449E+16
       517.0100084    5.6554051E+16
       557.8300091    3.8131875E+16
       571.4300093    3.3190208E+16
       585.0400095    2.8730595E+16
       612.2500100    2.1056176E+16
       666.6700108    9.3171670E+15
       680.2800111    6.7798502E+15
 
