       12.5000002    3.5193649E+18
        15.0000002    4.8974568E+18
        20.0000003    3.2514596E+18
        25.0000004    1.8243480E+18
        30.0000005    2.0393615E+18
        35.0000006    1.9608622E+18
        40.0000007    1.7473683E+18
        45.0000007    1.4536355E+18
        50.0000008    1.1411308E+18
        55.0000009    8.8091435E+17
        60.0000010    7.0148168E+17
        65.0000011    5.8365678E+17
        70.0000011    4.9645204E+17
        75.0000012    2.9916722E+18
        80.0000013    2.4440046E+18
        85.0000014    1.6842275E+18
        90.0000015    1.0618978E+18
        95.2390015    5.8706513E+17
       100.6800016    2.4461636E+17
 
