       12.5000002    2.9946681E+18
        15.0000002    4.3588574E+18
        20.0000003    3.5451603E+18
        25.0000004    2.3568007E+18
        30.0000005    1.9112560E+18
        35.0000006    1.6730901E+18
        40.0000007    1.5804865E+18
        45.0000007    1.4702320E+18
        50.0000008    1.3176040E+18
        55.0000009    1.1179597E+18
        60.0000010    9.0651834E+17
        65.0000011    7.2497976E+17
        70.0000011    5.8971042E+17
        75.0000012    4.9785342E+18
        80.0000013    4.9024717E+18
        85.0000014    4.1931434E+18
        90.0000015    3.4350480E+18
        95.2390015    2.6868730E+18
       100.6800016    2.0040190E+18
       114.2900019    8.7716742E+17
       119.7300019    6.1057241E+17
       122.4500020    5.0549941E+17
       125.1700020    4.1610561E+17
       127.8900021    3.4029878E+17
       130.6100021    2.7618136E+17
       133.3300022    2.2203373E+17
       136.0600022    1.7613706E+17
       146.9400024    4.7896878E+16
       149.6600024    1.4033131E+16
 
