       12.5000002    3.9635885E+18
        15.0000002    3.3102922E+18
        20.0000003    2.2506215E+18
        25.0000004    2.2637592E+18
        30.0000005    2.7896875E+18
        35.0000006    2.7133855E+18
        40.0000007    2.4991347E+18
        45.0000007    2.1409333E+18
        50.0000008    1.7164568E+18
        55.0000009    1.3204086E+18
        60.0000010    1.0205279E+18
        65.0000011    8.2802427E+17
        70.0000011    7.1422090E+17
        75.0000012    3.8716630E+18
        80.0000013    4.3076647E+18
        85.0000014    4.4040919E+18
        90.0000015    4.5031043E+18
        95.2390015    4.4990180E+18
       100.6800016    4.2876916E+18
       114.2900019    3.5998769E+18
       119.7300019    3.3323240E+18
       122.4500020    3.2003823E+18
       125.1700020    3.0697730E+18
       127.8900021    2.9407068E+18
       130.6100021    2.8134345E+18
       133.3300022    2.6882565E+18
       136.0600022    2.5650273E+18
       146.9400024    2.1033701E+18
       149.6600024    1.9964198E+18
       155.1000025    1.7937046E+18
       157.8200026    1.6980937E+18
       160.5500026    1.6060309E+18
       165.9900027    1.9206636E+18
       171.4300028    1.7700425E+18
       176.8700029    1.8278343E+18
       179.5900029    1.7612058E+18
       182.3100030    1.6886315E+18
       185.0400030    1.6148648E+18
       187.7600031    1.5430304E+18
       190.4800031    1.4741041E+18
       195.9200032    1.3461648E+18
       198.6400032    1.2869403E+18
       204.0800033    1.1774309E+18
       206.8000034    1.1269016E+18
       209.5300034    1.0788063E+18
       212.2500035    1.0333306E+18
       214.9700035    9.9013427E+17
       220.4100036    9.0999224E+17
       225.8500037    8.3730985E+17
       236.7400038    8.2310719E+17
       247.6200040    6.9610528E+17
       258.5100042    5.8761475E+17
       272.1100044    4.7756195E+17
       285.7200046    3.9054742E+17
       299.3200049    3.2155554E+17
       312.9300051    2.6638774E+17
       340.1400055    1.8561351E+17
       353.7400058    1.5564668E+17
       380.9500062    1.0933335E+17
       394.5600064    9.1140915E+16
       408.1700066    7.5398555E+16
       435.3800071    4.9495298E+16
       462.5900075    2.8629210E+16
       476.1900077    1.8969208E+16
       489.8000080    7.3910498E+15
 
