       12.5000002    2.2869500E+18
        15.0000002    3.7707672E+18
        20.0000003    3.2941019E+18
        25.0000004    2.6695977E+18
        30.0000005    2.3689973E+18
        35.0000006    1.7446976E+18
        40.0000007    1.4764396E+18
        45.0000007    1.3429175E+18
        50.0000008    1.2519372E+18
        55.0000009    1.1551537E+18
        60.0000010    1.0253465E+18
        65.0000011    8.7334655E+17
        70.0000011    7.2424570E+17
        75.0000012    5.4741012E+18
        80.0000013    5.7663953E+18
        85.0000014    5.3737476E+18
        90.0000015    4.8684726E+18
        95.2390015    4.2459632E+18
       100.6800016    3.5235271E+18
       114.2900019    2.0536045E+18
       119.7300019    1.6307005E+18
       122.4500020    1.4491108E+18
       125.1700020    1.2854341E+18
       127.8900021    1.1382439E+18
       130.6100021    1.0061801E+18
       133.3300022    8.8795198E+17
       136.0600022    7.8197480E+17
       146.9400024    4.6405524E+17
       149.6600024    4.0585208E+17
       155.1000025    3.0921816E+17
       157.8200026    2.6940184E+17
       160.5500026    2.3430751E+17
       165.9900027    5.1485309E+17
       171.4300028    4.2562054E+17
       176.8700029    4.6408496E+17
       179.5900029    4.1568769E+17
       182.3100030    3.6810275E+17
       185.0400030    3.2241251E+17
       187.7600031    2.7925601E+17
       190.4800031    2.3832638E+17
       195.9200032    1.6131073E+17
       198.6400032    1.2338128E+17
       204.0800033    2.0195035E+16
 
