       12.5000002    5.0419865E+18
        15.0000002    4.9947768E+18
        20.0000003    2.2956619E+18
        25.0000004    1.9030680E+18
        30.0000005    2.3967088E+18
        35.0000006    2.4338094E+18
        40.0000007    2.4569483E+18
        45.0000007    2.4131531E+18
        50.0000008    2.2312148E+18
        55.0000009    1.9095849E+18
        60.0000010    1.5279504E+18
        65.0000011    1.1803088E+18
        70.0000011    9.1293660E+17
        75.0000012    3.7289547E+18
        80.0000013    3.9766496E+18
        85.0000014    4.1268729E+18
        90.0000015    4.4609806E+18
        95.2390015    4.4890459E+18
       100.6800016    4.1093860E+18
       114.2900019    3.3460794E+18
       119.7300019    3.1590888E+18
       122.4500020    3.0772670E+18
       125.1700020    3.0004664E+18
       127.8900021    2.9272430E+18
       130.6100021    2.8565208E+18
       133.3300022    2.7875116E+18
       136.0600022    2.7194001E+18
       146.9400024    2.4532386E+18
       149.6600024    2.3873564E+18
       155.1000025    2.2563213E+18
       157.8200026    2.1912948E+18
       160.5500026    2.1264687E+18
       165.9900027    2.5425088E+18
       171.4300028    2.4513450E+18
       176.8700029    2.5568538E+18
       179.5900029    2.5203684E+18
       182.3100030    2.4654088E+18
       185.0400030    2.3975112E+18
       187.7600031    2.3233088E+18
       190.4800031    2.2481077E+18
       195.9200032    2.1014478E+18
       198.6400032    2.0290856E+18
       204.0800033    1.8891358E+18
       206.8000034    1.8229192E+18
       209.5300034    1.7592075E+18
       212.2500035    1.6984056E+18
       214.9700035    1.6401595E+18
       220.4100036    1.5308838E+18
       225.8500037    1.4305138E+18
       236.7400038    1.4623128E+18
       247.6200040    1.3106596E+18
       258.5100042    1.1678101E+18
       272.1100044    1.0106156E+18
       285.7200046    8.7651033E+17
       299.3200049    7.6211941E+17
       312.9300051    6.6434162E+17
       340.1400055    5.0952307E+17
       353.7400058    4.4858240E+17
       380.9500062    3.5175634E+17
       394.5600064    3.1339394E+17
       408.1700066    2.8037899E+17
       435.3800071    2.2719491E+17
       462.5900075    1.8694072E+17
       476.1900077    1.7046756E+17
       489.8000080    1.5592826E+17
       503.4000082    1.4305419E+17
       517.0100084    1.3158503E+17
       557.8300091    1.0381738E+17
       571.4300093    9.6302487E+16
       585.0400095    8.9469726E+16
       612.2500100    7.7552412E+16
       666.6700108    5.9047069E+16
       680.2800111    5.5277767E+16
       707.4900115    5.1473972E+16
       734.7000119    4.6248019E+16
       761.9100124    4.0332539E+16
       789.1200128    3.5325468E+16
       816.3300133    3.1051467E+16
       843.5400137    2.7380863E+16
       870.7500142    2.4212290E+16
       911.5700148    2.0228879E+16
       952.3900155    1.6987952E+16
       993.2000162    2.3820419E+16
      1020.4000166    2.0866463E+16
      1061.2000173    2.0825173E+16
      1088.4000177    1.8277691E+16
      1102.0000179    1.7140926E+16
      1115.7000181    1.6078092E+16
      1129.3000184    1.5098096E+16
      1142.9000186    1.4186936E+16
      1156.5000188    1.3339190E+16
      1170.1000190    1.2549916E+16
      1197.3000195    3.3926535E+16
      1210.9000197    3.2348324E+16
      1224.5000199    3.0828113E+16
      1227.2000200    3.0535021E+16
      1229.9000200    3.0244949E+16
      1232.7000200    2.9947295E+16
      1235.4000201    2.9663314E+16
      1238.1000201    2.9382309E+16
      1240.8000202    2.9104264E+16
      1243.5000202    2.8829158E+16
      1246.3000203    2.8546940E+16
      1249.0000203    2.8277745E+16
      1257.2000204    2.7477577E+16
      1259.9000205    2.7219755E+16
      1262.6000205    2.6964679E+16
      1270.8000207    2.6206505E+16
      1281.6000208    2.5244710E+16
      1289.8000210    2.4541293E+16
      1292.5000210    2.4314611E+16
      1295.2000211    2.4090319E+16
      1298.0000211    2.3860214E+16
      1300.7000212    2.3640709E+16
      1303.4000212    2.3423510E+16
      1306.1000212    2.3208592E+16
      1314.3000214    2.2569568E+16
      1330.6000216    2.1358344E+16
      1341.5000218    2.0589985E+16
      1355.1000220    1.9675486E+16
      1360.6000221    1.9318988E+16
      1371.4000223    1.8640356E+16
      1382.3000225    1.7983176E+16
      1390.5000226    1.7506356E+16
      1395.9000227    1.7200324E+16
      1404.1000228    1.6747348E+16
      1406.8000229    1.6601224E+16
      1409.5000229    1.6456573E+16
      1415.0000230    1.6166395E+16
      1417.7000231    1.6026114E+16
      1420.4000231    1.5887240E+16
      1423.1000231    1.5749755E+16
      1425.9000232    1.5608628E+16
      1428.6000232    1.5473928E+16
      1431.3000233    1.5340569E+16
      1436.7000234    1.5077823E+16
      1439.5000234    1.4943638E+16
      1442.2000235    1.4815552E+16
      1444.9000235    1.4688736E+16
      1447.6000235    1.4563175E+16
      1450.4000236    1.4434276E+16
      1453.1000236    1.4311230E+16
      1455.8000237    1.4189398E+16
      1458.5000237    1.4068767E+16
      1461.2000238    1.3949321E+16
      1466.7000239    1.3709626E+16
      1469.4000239    1.3593706E+16
      1472.1000239    1.3478922E+16
      1477.6000240    1.3248560E+16
      1480.3000241    1.3137146E+16
      1488.4000242    1.2809372E+16
      1491.2000242    1.2698281E+16
      1496.6000243    1.2487177E+16
      1551.0000252    1.0572983E+16
      1632.7000266    8.3027409E+15
      1823.1000296    4.8947616E+15
      2340.2000381    1.4192663E+15
      2829.9000460    5.3096174E+14
      3047.6000496    3.5226785E+14
      3700.7000602    1.1827124E+14
      4000.0000650    7.0020667E+13
      4680.3000761    2.1602081E+13
      5006.8000814    9.7350530E+12
      5387.8000876    0.0000000E+00
 
