       12.5000002    3.9245888E+18
        15.0000002    3.2908971E+18
        20.0000003    2.1890985E+18
        25.0000004    2.2051897E+18
        30.0000005    2.7250942E+18
        35.0000006    2.6954379E+18
        40.0000007    2.5446872E+18
        45.0000007    2.2363825E+18
        50.0000008    1.8321591E+18
        55.0000009    1.4274022E+18
        60.0000010    1.1022335E+18
        65.0000011    8.8279562E+17
        70.0000011    7.4926866E+17
        75.0000012    4.0270100E+18
        80.0000013    4.4971416E+18
        85.0000014    4.6278323E+18
        90.0000015    4.7713873E+18
        95.2390015    4.7813214E+18
       100.6800016    4.5631734E+18
       114.2900019    3.9125761E+18
       119.7300019    3.6728067E+18
       122.4500020    3.5551554E+18
       125.1700020    3.4385863E+18
       127.8900021    3.3230086E+18
       130.6100021    3.2084497E+18
       133.3300022    3.0950142E+18
       136.0600022    2.9824583E+18
       146.9400024    2.5507947E+18
       149.6600024    2.4481044E+18
       155.1000025    2.2501976E+18
       157.8200026    2.1552378E+18
       160.5500026    2.0627393E+18
       165.9900027    2.4446019E+18
       171.4300028    2.2982879E+18
       176.8700029    2.3758506E+18
       179.5900029    2.3101908E+18
       182.3100030    2.2333134E+18
       185.0400030    2.1517263E+18
       187.7600031    2.0701492E+18
       190.4800031    1.9907154E+18
       195.9200032    1.8410742E+18
       198.6400032    1.7707136E+18
       204.0800033    1.6391932E+18
       206.8000034    1.5780750E+18
       209.5300034    1.5197021E+18
       212.2500035    1.4643455E+18
       214.9700035    1.4116272E+18
       220.4100036    1.3135016E+18
       225.8500037    1.2242038E+18
       236.7400038    1.2684575E+18
       247.6200040    1.1172793E+18
       258.5100042    9.7952234E+17
       272.1100044    8.3289394E+17
       285.7200046    7.1165024E+17
       299.3200049    6.1141821E+17
       312.9300051    5.2827280E+17
       340.1400055    4.0155024E+17
       353.7400058    3.5325412E+17
       380.9500062    2.7801114E+17
       394.5600064    2.4853668E+17
       408.1700066    2.2321289E+17
       435.3800071    1.8224319E+17
       462.5900075    1.5078709E+17
       476.1900077    1.3771917E+17
       489.8000080    1.2606213E+17
       503.4000082    1.1563049E+17
       517.0100084    1.0624329E+17
       557.8300091    8.3139598E+16
       571.4300093    7.6803086E+16
       585.0400095    7.1018397E+16
       612.2500100    6.0894046E+16
       666.6700108    4.5195219E+16
       680.2800111    4.2021565E+16
       707.4900115    3.7348688E+16
       734.7000119    3.2705366E+16
       761.9100124    2.8316019E+16
       789.1200128    2.4598199E+16
       816.3300133    2.1434116E+16
       843.5400137    1.8730724E+16
       870.7500142    1.6412870E+16
       911.5700148    1.3527518E+16
       952.3900155    1.1210874E+16
       993.2000162    1.3501079E+16
      1020.4000166    1.1776514E+16
      1061.2000173    1.1248952E+16
      1088.4000177    9.8375345E+15
      1102.0000179    9.2100581E+15
      1115.7000181    8.6248951E+15
      1129.3000184    8.0866417E+15
      1142.9000186    7.5874463E+15
      1156.5000188    7.1240649E+15
      1170.1000190    6.6935927E+15
      1197.3000195    2.0989198E+16
      1210.9000197    1.9956666E+16
      1224.5000199    1.8962229E+16
      1227.2000200    1.8770785E+16
      1229.9000200    1.8581401E+16
      1232.7000200    1.8387184E+16
      1235.4000201    1.8202005E+16
      1238.1000201    1.8018885E+16
      1240.8000202    1.7837809E+16
      1243.5000202    1.7658767E+16
      1246.3000203    1.7475222E+16
      1249.0000203    1.7300268E+16
      1257.2000204    1.6780966E+16
      1259.9000205    1.6613869E+16
      1262.6000205    1.6448664E+16
      1270.8000207    1.5958310E+16
      1281.6000208    1.5337767E+16
      1289.8000210    1.4885045E+16
      1292.5000210    1.4739344E+16
      1295.2000211    1.4595277E+16
      1298.0000211    1.4447580E+16
      1300.7000212    1.4306779E+16
      1303.4000212    1.4167552E+16
      1306.1000212    1.4029879E+16
      1314.3000214    1.3621089E+16
      1330.6000216    1.2848488E+16
      1341.5000218    1.2359969E+16
      1355.1000220    1.1780145E+16
      1360.6000221    1.1554606E+16
      1371.4000223    1.1126058E+16
      1382.3000225    1.0712024E+16
      1390.5000226    1.0412248E+16
      1395.9000227    1.0220124E+16
      1404.1000228    9.9361513E+15
      1406.8000229    9.8446492E+15
      1409.5000229    9.7541198E+15
      1415.0000230    9.5726661E+15
      1417.7000231    9.4850176E+15
      1420.4000231    9.3982947E+15
      1423.1000231    9.3124877E+15
      1425.9000232    9.2244559E+15
      1428.6000232    9.1404785E+15
      1431.3000233    9.0573827E+15
      1436.7000234    8.8937971E+15
      1439.5000234    8.8103206E+15
      1442.2000235    8.7306817E+15
      1444.9000235    8.6518739E+15
      1447.6000235    8.5738870E+15
      1450.4000236    8.4938691E+15
      1453.1000236    8.4175255E+15
      1455.8000237    8.3419738E+15
      1458.5000237    8.2672054E+15
      1461.2000238    8.1932101E+15
      1466.7000239    8.0448356E+15
      1469.4000239    7.9731354E+15
      1472.1000239    7.9021734E+15
      1477.6000240    7.7598672E+15
      1480.3000241    7.6910940E+15
      1488.4000242    7.4889637E+15
      1491.2000242    7.4205256E+15
      1496.6000243    7.2905695E+15
      1551.0000252    6.1181761E+15
      1632.7000266    4.7430237E+15
      1823.1000296    2.7115857E+15
      2340.2000381    7.2568304E+14
      2829.9000460    2.4476114E+14
      3047.6000496    1.5707326E+14
      3700.7000602    3.4199497E+13
      4000.0000650    1.5077242E+13
      4680.3000761    0.0000000E+00
      5006.8000814    0.0000000E+00
      5387.8000876    0.0000000E+00
 
