       12.5000002    3.2726793E+18
        15.0000002    2.8277523E+18
        20.0000003    2.4830299E+18
        25.0000004    2.3658373E+18
        30.0000005    2.9007445E+18
        35.0000006    2.7522497E+18
        40.0000007    2.4358399E+18
        45.0000007    2.0170794E+18
        50.0000008    1.5931579E+18
        55.0000009    1.2410861E+18
        60.0000010    9.9762160E+17
        65.0000011    8.5019283E+17
        70.0000011    7.6279471E+17
        75.0000012    4.4279458E+18
        80.0000013    4.9501025E+18
        85.0000014    5.0509810E+18
        90.0000015    5.1452488E+18
        95.2390015    5.1423466E+18
       100.6800016    4.9110440E+18
       114.2900019    4.1283080E+18
       119.7300019    3.8245088E+18
       122.4500020    3.6758029E+18
       125.1700020    3.5293804E+18
       127.8900021    3.3854417E+18
       130.6100021    3.2442154E+18
       133.3300022    3.1059521E+18
       136.0600022    2.9704030E+18
       146.9400024    2.4664454E+18
       149.6600024    2.3502850E+18
       155.1000025    2.1303806E+18
       157.8200026    2.0266877E+18
       160.5500026    1.9267986E+18
       165.9900027    2.3137757E+18
       171.4300028    2.1536020E+18
       176.8700029    2.2392696E+18
       179.5900029    2.1686815E+18
       182.3100030    2.0901521E+18
       185.0400030    2.0093627E+18
       187.7600031    1.9300758E+18
       190.4800031    1.8536052E+18
       195.9200032    1.7108181E+18
       198.6400032    1.6443180E+18
       204.0800033    1.5207288E+18
       206.8000034    1.4634577E+18
       209.5300034    1.4088082E+18
       212.2500035    1.3570163E+18
       214.9700035    1.3077073E+18
       220.4100036    1.2159417E+18
       225.8500037    1.1324017E+18
       236.7400038    1.1606184E+18
       247.6200040    1.0135684E+18
       258.5100042    8.8331411E+17
       272.1100044    7.4725909E+17
       285.7200046    6.3643801E+17
       299.3200049    5.4598693E+17
       312.9300051    4.7171138E+17
       340.1400055    3.5954638E+17
       353.7400058    3.1696886E+17
       380.9500062    2.5049591E+17
       394.5600064    2.2430439E+17
       408.1700066    2.0168094E+17
       435.3800071    1.6476108E+17
       462.5900075    1.3609009E+17
       476.1900077    1.2409355E+17
       489.8000080    1.1335340E+17
       503.4000082    1.0371672E+17
       517.0100084    9.5028995E+16
       557.8300091    7.3631072E+16
       571.4300093    6.7773012E+16
       585.0400095    6.2434909E+16
       612.2500100    5.3127543E+16
       666.6700108    3.8833703E+16
       680.2800111    3.5972537E+16
       707.4900115    3.1474068E+16
       734.7000119    2.7289045E+16
       761.9100124    2.3511136E+16
       789.1200128    2.0324335E+16
       816.3300133    1.7624899E+16
       843.5400137    1.5329860E+16
       870.7500142    1.3371955E+16
       911.5700148    1.0949586E+16
       952.3900155    9.0187194E+15
       993.2000162    1.0198592E+16
      1020.4000166    8.8817900E+15
      1061.2000173    8.3171140E+15
      1088.4000177    7.2646134E+15
      1102.0000179    6.7971744E+15
      1115.7000181    6.3615504E+15
      1129.3000184    5.9611365E+15
      1142.9000186    5.5899805E+15
      1156.5000188    5.2456594E+15
      1170.1000190    4.9259699E+15
      1197.3000195    1.6374836E+16
      1210.9000197    1.5547715E+16
      1224.5000199    1.4751345E+16
      1227.2000200    1.4598127E+16
      1229.9000200    1.4446592E+16
      1232.7000200    1.4291230E+16
      1235.4000201    1.4143136E+16
      1238.1000201    1.3996727E+16
      1240.8000202    1.3851993E+16
      1243.5000202    1.3708924E+16
      1246.3000203    1.3562298E+16
      1249.0000203    1.3422574E+16
      1257.2000204    1.3008079E+16
      1259.9000205    1.2874784E+16
      1262.6000205    1.2743037E+16
      1270.8000207    1.2352212E+16
      1281.6000208    1.1858122E+16
      1289.8000210    1.1498016E+16
      1292.5000210    1.1382191E+16
      1295.2000211    1.1267695E+16
      1298.0000211    1.1150348E+16
      1300.7000212    1.1038513E+16
      1303.4000212    1.0927959E+16
      1306.1000212    1.0818669E+16
      1314.3000214    1.0494340E+16
      1330.6000216    9.8821335E+15
      1341.5000218    9.4955682E+15
      1355.1000220    9.0373166E+15
      1360.6000221    8.8592360E+15
      1371.4000223    8.5211351E+15
      1382.3000225    8.1948320E+15
      1390.5000226    7.9587961E+15
      1395.9000227    7.8076208E+15
      1404.1000228    7.5843195E+15
      1406.8000229    7.5124051E+15
      1409.5000229    7.4412730E+15
      1415.0000230    7.2987536E+15
      1417.7000231    7.2299386E+15
      1420.4000231    7.1618682E+15
      1423.1000231    7.0945327E+15
      1425.9000232    7.0254702E+15
      1428.6000232    6.9596053E+15
      1431.3000233    6.8944485E+15
      1436.7000234    6.7662260E+15
      1439.5000234    6.7008201E+15
      1442.2000235    6.6384373E+15
      1444.9000235    6.5767207E+15
      1447.6000235    6.5156630E+15
      1450.4000236    6.4530305E+15
      1453.1000236    6.3932891E+15
      1455.8000237    6.3341829E+15
      1458.5000237    6.2757031E+15
      1461.2000238    6.2178429E+15
      1466.7000239    6.1018659E+15
      1469.4000239    6.0458424E+15
      1472.1000239    5.9904094E+15
      1477.6000240    5.8792873E+15
      1480.3000241    5.8256040E+15
      1488.4000242    5.6679030E+15
      1491.2000242    5.6145343E+15
      1496.6000243    5.5132310E+15
      1551.0000252    4.6017015E+15
      1632.7000266    3.5388238E+15
      1823.1000296    1.9902072E+15
      2340.2000381    5.0273720E+14
      2829.9000460    1.5773902E+14
      3047.6000496    9.3320664E+13
      3700.7000602    7.9693595E+12
      4000.0000650    0.0000000E+00
      4680.3000761    0.0000000E+00
      5006.8000814    0.0000000E+00
      5387.8000876    0.0000000E+00
 
