       12.5000002    2.2420436E+18
        15.0000002    3.2794831E+18
        20.0000003    3.2927168E+18
        25.0000004    2.7482370E+18
        30.0000005    3.0316930E+18
        35.0000006    2.3756128E+18
        40.0000007    1.8507450E+18
        45.0000007    1.5005399E+18
        50.0000008    1.2762910E+18
        55.0000009    1.1425245E+18
        60.0000010    1.0548597E+18
        65.0000011    9.7515975E+17
        70.0000011    8.8745638E+17
        75.0000012    5.6765026E+18
        80.0000013    6.2526725E+18
        85.0000014    6.2273370E+18
        90.0000015    6.1588880E+18
        95.2390015    5.9570325E+18
       100.6800016    5.4769956E+18
       114.2900019    4.1249894E+18
       119.7300019    3.6515600E+18
       122.4500020    3.4314815E+18
       125.1700020    3.2223354E+18
       127.8900021    3.0239277E+18
       130.6100021    2.8360297E+18
       133.3300022    2.6583668E+18
       136.0600022    2.4900329E+18
       146.9400024    1.9114891E+18
       149.6600024    1.7880173E+18
       155.1000025    1.5637073E+18
       157.8200026    1.4620904E+18
       160.5500026    1.3666524E+18
       165.9900027    1.8412360E+18
       171.4300028    1.6937990E+18
       176.8700029    1.8432500E+18
       179.5900029    1.7800046E+18
       182.3100030    1.7115724E+18
       185.0400030    1.6422575E+18
       187.7600031    1.5747695E+18
       190.4800031    1.5098722E+18
       195.9200032    1.3888786E+18
       198.6400032    1.3325821E+18
       204.0800033    1.2277841E+18
       206.8000034    1.1790672E+18
       209.5300034    1.1324665E+18
       212.2500035    1.0881892E+18
       214.9700035    1.0459326E+18
       220.4100036    9.6701264E+17
       225.8500037    8.9485575E+17
       236.7400038    8.7317984E+17
       247.6200040    7.5381782E+17
       258.5100042    6.5425354E+17
       272.1100044    5.5337005E+17
       285.7200046    4.7265091E+17
       299.3200049    4.0733600E+17
       312.9300051    3.5372557E+17
       340.1400055    2.7184179E+17
       353.7400058    2.4012142E+17
       380.9500062    1.8946461E+17
       394.5600064    1.6905297E+17
       408.1700066    1.5120958E+17
       435.3800071    1.2172704E+17
       462.5900075    9.8659058E+16
       476.1900077    8.9018145E+16
       489.8000080    8.0420402E+16
       503.4000082    7.2750381E+16
       517.0100084    6.5886933E+16
       557.8300091    4.9286382E+16
       571.4300093    4.4842053E+16
       585.0400095    4.0839637E+16
       612.2500100    3.3984298E+16
       666.6700108    2.3822773E+16
       680.2800111    2.1851516E+16
       707.4900115    1.8544758E+16
       734.7000119    1.5731577E+16
       761.9100124    1.3356767E+16
       789.1200128    1.1382790E+16
       816.3300133    9.7351382E+15
       843.5400137    8.3543787E+15
       870.7500142    7.1928923E+15
       911.5700148    5.7797106E+15
       952.3900155    4.6750381E+15
       993.2000162    4.6067647E+15
      1020.4000166    3.9875921E+15
      1061.2000173    3.5470476E+15
      1088.4000177    3.0819799E+15
      1102.0000179    2.8760824E+15
      1115.7000181    2.6846039E+15
      1129.3000184    2.5089792E+15
      1142.9000186    2.3465272E+15
      1156.5000188    2.1961350E+15
      1170.1000190    2.0567941E+15
      1197.3000195    7.7083609E+15
      1210.9000197    7.2855707E+15
      1224.5000199    6.8797651E+15
      1227.2000200    6.8018801E+15
      1229.9000200    6.7249170E+15
      1232.7000200    6.6460802E+15
      1235.4000201    6.5709999E+15
      1238.1000201    6.4968397E+15
      1240.8000202    6.4235939E+15
      1243.5000202    6.3512564E+15
      1246.3000203    6.2771897E+15
      1249.0000203    6.2066755E+15
      1257.2000204    5.9978800E+15
      1259.9000205    5.9308602E+15
      1262.6000205    5.8646796E+15
      1270.8000207    5.6687222E+15
      1281.6000208    5.4217901E+15
      1289.8000210    5.2424016E+15
      1292.5000210    5.1848094E+15
      1295.2000211    5.1279311E+15
      1298.0000211    5.0696897E+15
      1300.7000212    5.0142358E+15
      1303.4000212    4.9594664E+15
      1306.1000212    4.9053723E+15
      1314.3000214    4.7451352E+15
      1330.6000216    4.4438899E+15
      1341.5000218    4.2545280E+15
      1355.1000220    4.0309414E+15
      1360.6000221    3.9443227E+15
      1371.4000223    3.7802973E+15
      1382.3000225    3.6225400E+15
      1390.5000226    3.5087676E+15
      1395.9000227    3.4360544E+15
      1404.1000228    3.3288759E+15
      1406.8000229    3.2944176E+15
      1409.5000229    3.2603623E+15
      1415.0000230    3.1922154E+15
      1417.7000231    3.1593524E+15
      1420.4000231    3.1268715E+15
      1423.1000231    3.0947679E+15
      1425.9000232    3.0618688E+15
      1428.6000232    3.0305185E+15
      1431.3000233    2.9995308E+15
      1436.7000234    2.9386247E+15
      1439.5000234    2.9075949E+15
      1442.2000235    2.8780238E+15
      1444.9000235    2.8487922E+15
      1447.6000235    2.8198957E+15
      1450.4000236    2.7902784E+15
      1453.1000236    2.7620513E+15
      1455.8000237    2.7341464E+15
      1458.5000237    2.7065595E+15
      1461.2000238    2.6792868E+15
      1466.7000239    2.6246857E+15
      1469.4000239    2.5983422E+15
      1472.1000239    2.5722967E+15
      1477.6000240    2.5201478E+15
      1480.3000241    2.4949846E+15
      1488.4000242    2.4211799E+15
      1491.2000242    2.3962422E+15
      1496.6000243    2.3489619E+15
      1551.0000252    1.9269847E+15
      1632.7000266    1.4437753E+15
      1823.1000296    7.6171560E+14
      2340.2000381    1.5154062E+14
      2829.9000460    5.1898404E+12
      3047.6000496    0.0000000E+00
 
