       12.5000002    3.6626142E+18
        15.0000002    5.2049655E+18
        20.0000003    3.7963715E+18
        25.0000004    2.1823382E+18
        30.0000005    2.2516500E+18
        35.0000006    2.1888360E+18
        40.0000007    2.0657311E+18
        45.0000007    1.8708748E+18
        50.0000008    1.6209484E+18
        55.0000009    1.3489093E+18
        60.0000010    1.1037059E+18
        65.0000011    9.1303528E+17
        70.0000011    7.7628077E+17
        75.0000012    6.5211776E+18
        80.0000013    6.5787431E+18
        85.0000014    5.8304199E+18
        90.0000015    5.0122200E+18
        95.2390015    4.1854210E+18
       100.6800016    3.3924230E+18
       114.2900019    1.9672878E+18
       119.7300019    1.5858038E+18
       122.4500020    1.4251844E+18
       125.1700020    1.2818351E+18
       127.8900021    1.1539075E+18
       130.6100021    1.0397412E+18
       133.3300022    9.3784652E+17
       136.0600022    8.4657289E+17
       146.9400024    5.7016388E+17
       149.6600024    5.1835002E+17
       155.1000025    4.3042967E+17
       157.8200026    3.9318879E+17
       160.5500026    3.5965891E+17
       165.9900027    9.2203465E+17
       171.4300028    8.2852001E+17
       176.8700029    9.9721691E+17
       179.5900029    9.4585460E+17
       182.3100030    8.9347112E+17
       185.0400030    8.4242361E+17
       187.7600031    7.9406929E+17
       190.4800031    7.4850862E+17
       195.9200032    6.6560125E+17
       198.6400032    6.2794848E+17
       204.0800033    5.5945784E+17
       206.8000034    5.2832894E+17
       209.5300034    4.9898892E+17
       212.2500035    4.7152759E+17
       214.9700035    4.4571535E+17
       220.4100036    3.9861176E+17
       225.8500037    3.5690302E+17
       236.7400038    4.6590142E+17
       247.6200040    4.0188267E+17
       258.5100042    3.4739984E+17
       272.1100044    2.9082691E+17
       285.7200046    2.4442315E+17
       299.3200049    2.0615941E+17
       312.9300051    1.7439442E+17
       340.1400055    1.2583789E+17
       353.7400058    1.0731124E+17
       380.9500062    7.8606595E+16
       394.5600064    6.7515679E+16
       408.1700066    5.8126644E+16
       435.3800071    4.3389778E+16
       462.5900075    3.2684302E+16
       476.1900077    2.8462645E+16
       489.8000080    2.4837285E+16
       503.4000082    2.1721709E+16
       517.0100084    1.9034337E+16
       557.8300091    1.2962023E+16
       571.4300093    1.1447750E+16
       585.0400095    1.0127647E+16
       612.2500100    7.9682612E+15
       666.6700108    5.0267562E+15
       680.2800111    4.4957723E+15
       707.4900115    3.6119180E+15
       734.7000119    2.9142859E+15
       761.9100124    2.3609935E+15
       789.1200128    1.9198266E+15
       816.3300133    1.5660593E+15
       843.5400137    1.2808745E+15
       870.7500142    1.0498505E+15
       911.5700148    7.8118852E+14
       952.3900155    5.8963962E+14
       993.2000162    4.6320038E+14
      1020.4000166    3.7991220E+14
      1061.2000173    2.9001451E+14
      1088.4000177    2.3616693E+14
      1102.0000179    2.1280833E+14
      1115.7000181    1.9137935E+14
      1129.3000184    1.7199534E+14
      1142.9000186    1.5431672E+14
      1156.5000188    1.3818483E+14
      1170.1000190    1.2345711E+14
      1197.3000195    4.8526983E+14
      1210.9000197    4.3139326E+14
      1224.5000199    3.8119908E+14
      1227.2000200    3.7170365E+14
      1229.9000200    3.6236240E+14
      1232.7000200    3.2965917E+14
      1235.4000201    3.2088885E+14
      1238.1000201    3.1227040E+14
      1240.8000202    3.0380176E+14
      1243.5000202    2.9548090E+14
      1246.3000203    2.8700555E+14
      1249.0000203    2.7897885E+14
      1257.2000204    2.5545719E+14
      1259.9000205    2.4798651E+14
      1262.6000205    2.4064802E+14
      1270.8000207    2.1914898E+14
      1281.6000208    1.9256340E+14
      1289.8000210    1.7361860E+14
      1292.5000210    1.6760432E+14
      1295.2000211    1.6169760E+14
      1298.0000211    1.5568369E+14
      1300.7000212    1.4999019E+14
      1303.4000212    1.4439853E+14
      1306.1000212    1.3890682E+14
      1314.3000214    1.2282190E+14
      1330.6000216    7.9261415E+13
      1341.5000218    6.3317855E+13
      1355.1000220    3.4524405E+13
      1360.6000221    2.9036353E+13
      1371.4000223    6.9094930E+12
      1382.3000225    0.0000000E+00
 
