       12.5000002    4.6273414E+18
        15.0000002    4.1800419E+18
        20.0000003    2.0929725E+18
        25.0000004    2.0117627E+18
        30.0000005    2.5288251E+18
        35.0000006    2.5541553E+18
        40.0000007    2.5375129E+18
        45.0000007    2.3913350E+18
        50.0000008    2.0926882E+18
        55.0000009    1.7005904E+18
        60.0000010    1.3159050E+18
        65.0000011    1.0118421E+18
        70.0000011    8.0356687E+17
        75.0000012    3.7424613E+18
        80.0000013    4.1078117E+18
        85.0000014    4.2583011E+18
        90.0000015    4.4891743E+18
        95.2390015    4.5038487E+18
       100.6800016    4.2283517E+18
       114.2900019    3.5930319E+18
       119.7300019    3.4009033E+18
       122.4500020    3.3102595E+18
       125.1700020    3.2217214E+18
       127.8900021    3.1345628E+18
       130.6100021    3.0483075E+18
       133.3300022    2.9626607E+18
       136.0600022    2.8771490E+18
       146.9400024    2.5407556E+18
       149.6600024    2.4581779E+18
       155.1000025    2.2957760E+18
       157.8200026    2.2162376E+18
       160.5500026    2.1377068E+18
       165.9900027    2.5327902E+18
       171.4300028    2.4142079E+18
       176.8700029    2.4997034E+18
       179.5900029    2.4473218E+18
       182.3100030    2.3793506E+18
       185.0400030    2.3024540E+18
       187.7600031    2.2225513E+18
       190.4800031    2.1432985E+18
       195.9200032    1.9914779E+18
       198.6400032    1.9185605E+18
       204.0800033    1.7802538E+18
       206.8000034    1.7154738E+18
       209.5300034    1.6534027E+18
       212.2500035    1.5943780E+18
       214.9700035    1.5380303E+18
       220.4100036    1.4328234E+18
       225.8500037    1.3367615E+18
       236.7400038    1.3825496E+18
       247.6200040    1.2304038E+18
       258.5100042    1.0882421E+18
       272.1100044    9.3372589E+17
       285.7200046    8.0357759E+17
       299.3200049    6.9406905E+17
       312.9300051    6.0175275E+17
       340.1400055    4.5833609E+17
       353.7400058    4.0286625E+17
       380.9500062    3.1583348E+17
       394.5600064    2.8167098E+17
       408.1700066    2.5237121E+17
       435.3800071    2.0524511E+17
       462.5900075    1.6947352E+17
       476.1900077    1.5475898E+17
       489.8000080    1.4171516E+17
       503.4000082    1.3011017E+17
       517.0100084    1.1972082E+17
       557.8300091    9.4339558E+16
       571.4300093    8.7412317E+16
       585.0400095    8.1094076E+16
       612.2500100    7.0034140E+16
       666.6700108    5.2806365E+16
       680.2800111    4.9298842E+16
       707.4900115    4.4834829E+16
       734.7000119    3.9787005E+16
       761.9100124    3.4613537E+16
       789.1200128    3.0223653E+16
       816.3300133    2.6474827E+16
       843.5400137    2.3258244E+16
       870.7500142    2.0487046E+16
       911.5700148    1.7015013E+16
       952.3900155    1.4204540E+16
       993.2000162    1.8551982E+16
      1020.4000166    1.6216558E+16
      1061.2000173    1.5865360E+16
      1088.4000177    1.3898180E+16
      1102.0000179    1.3022062E+16
      1115.7000181    1.2204030E+16
      1129.3000184    1.1450762E+16
      1142.9000186    1.0751306E+16
      1156.5000188    1.0101339E+16
      1170.1000190    9.4969232E+15
      1197.3000195    2.7543462E+16
      1210.9000197    2.6227838E+16
      1224.5000199    2.4960619E+16
      1227.2000200    2.4716500E+16
      1229.9000200    2.4474933E+16
      1232.7000200    2.4227125E+16
      1235.4000201    2.3990742E+16
      1238.1000201    2.3756942E+16
      1240.8000202    2.3525677E+16
      1243.5000202    2.3296929E+16
      1246.3000203    2.3062349E+16
      1249.0000203    2.2838667E+16
      1257.2000204    2.2174227E+16
      1259.9000205    2.1960288E+16
      1262.6000205    2.1748696E+16
      1270.8000207    2.1120203E+16
      1281.6000208    2.0323830E+16
      1289.8000210    1.9742118E+16
      1292.5000210    1.9554773E+16
      1295.2000211    1.9369471E+16
      1298.0000211    1.9179430E+16
      1300.7000212    1.8998199E+16
      1303.4000212    1.8818932E+16
      1306.1000212    1.8641608E+16
      1314.3000214    1.8114720E+16
      1330.6000216    1.7117417E+16
      1341.5000218    1.6485775E+16
      1355.1000220    1.5734992E+16
      1360.6000221    1.5442625E+16
      1371.4000223    1.4886581E+16
      1382.3000225    1.4348709E+16
      1390.5000226    1.3958856E+16
      1395.9000227    1.3708814E+16
      1404.1000228    1.3338963E+16
      1406.8000229    1.3219719E+16
      1409.5000229    1.3101708E+16
      1415.0000230    1.2865068E+16
      1417.7000231    1.2750712E+16
      1420.4000231    1.2637533E+16
      1423.1000231    1.2525516E+16
      1425.9000232    1.2410564E+16
      1428.6000232    1.2300872E+16
      1431.3000233    1.2192303E+16
      1436.7000234    1.1978479E+16
      1439.5000234    1.1869320E+16
      1442.2000235    1.1765150E+16
      1444.9000235    1.1662040E+16
      1447.6000235    1.1559975E+16
      1450.4000236    1.1455223E+16
      1453.1000236    1.1355254E+16
      1455.8000237    1.1256294E+16
      1458.5000237    1.1158334E+16
      1461.2000238    1.1061361E+16
      1466.7000239    1.0866833E+16
      1469.4000239    1.0772792E+16
      1472.1000239    1.0679693E+16
      1477.6000240    1.0492921E+16
      1480.3000241    1.0402621E+16
      1488.4000242    1.0137088E+16
      1491.2000242    1.0047135E+16
      1496.6000243    9.8762580E+15
      1551.0000252    8.3305186E+15
      1632.7000266    6.5065979E+15
      1823.1000296    3.7914286E+15
      2340.2000381    1.0661902E+15
      2829.9000460    3.8149752E+14
      3047.6000496    2.5202024E+14
      3700.7000602    7.6162202E+13
      4000.0000650    4.1846642E+13
      4680.3000761    5.1481695E+12
      5006.8000814    0.0000000E+00
      5387.8000876    0.0000000E+00
 
