       12.5000002    4.2534731E+18
        15.0000002    4.3920913E+18
        20.0000003    3.6473118E+18
        25.0000004    3.2652516E+18
        30.0000005    3.5032180E+18
        35.0000006    2.7706720E+18
        40.0000007    2.1800811E+18
        45.0000007    1.7925625E+18
        50.0000008    1.5313826E+18
        55.0000009    1.3229178E+18
        60.0000010    1.1349038E+18
        65.0000011    9.6250183E+17
        70.0000011    8.0936570E+17
        75.0000012    2.8027156E+18
        80.0000013    2.2711922E+18
        85.0000014    1.7091159E+18
        90.0000015    1.2768791E+18
        95.2390015    9.4936644E+17
       100.6800016    7.0916878E+17
       114.2900019    3.7385965E+17
       119.7300019    2.9966220E+17
       122.4500020    2.7005816E+17
       125.1700020    2.4436342E+17
       127.8900021    2.2194597E+17
       130.6100021    2.0228739E+17
       133.3300022    1.8496151E+17
       136.0600022    1.6956385E+17
       146.9400024    1.2289974E+17
       149.6600024    1.1397292E+17
       155.1000025    9.8489269E+16
       157.8200026    9.1747983E+16
       160.5500026    8.5551711E+16
       165.9900027    2.2326786E+17
       171.4300028    1.8852666E+17
       176.8700029    2.1478475E+17
       179.5900029    1.9732002E+17
       182.3100030    1.8117062E+17
       185.0400030    1.6633407E+17
       187.7600031    1.5284804E+17
       190.4800031    1.4055193E+17
       195.9200032    1.1910584E+17
       198.6400032    1.0976168E+17
       204.0800033    9.3411991E+16
       206.8000034    8.6264616E+16
       209.5300034    7.9693608E+16
       212.2500035    7.3693083E+16
       214.9700035    6.8188791E+16
       220.4100036    5.8494246E+16
       225.8500037    5.0302240E+16
       236.7400038    1.3990290E+17
       247.6200040    1.1301359E+17
       258.5100042    9.0987972E+16
       272.1100044    6.9557511E+16
       285.7200046    5.3354403E+16
       299.3200049    4.1079378E+16
       312.9300051    3.1705934E+16
       340.1400055    1.9005138E+16
       353.7400058    1.4739438E+16
       380.9500062    8.8408804E+15
       394.5600064    6.8204140E+15
       408.1700066    5.2358153E+15
       435.3800071    3.0016729E+15
       462.5900075    1.5795424E+15
       476.1900077    1.0520243E+15
       489.8000080    5.7573090E+14
 
