       80.0000013    4.1141656E-01
        85.0000014    2.5444096E-01
        90.0000015    1.5996529E-01
        95.2390015    1.0000084E-01
       100.6800016    6.2418338E-02
       114.2900019    2.0497877E-02
       119.7300019    1.3442943E-02
       122.4500020    1.0935842E-02
       125.1700020    8.9221513E-03
       127.8900021    7.2998474E-03
       130.6100021    5.9890323E-03
       133.3300022    4.9269004E-03
       136.0600022    4.0610582E-03
       146.9400024    8.7771881E-03
       149.6600024    7.8287581E-03
       155.1000025    6.1529521E-03
       157.8200026    5.4487698E-03
       160.5500026    4.8255306E-03
       165.9900027    3.7987712E-03
       171.4300028    3.0037926E-03
       176.8700029    2.3860198E-03
       179.5900029    2.1300777E-03
       182.3100030    1.9036148E-03
       185.0400030    1.7022925E-03
       187.7600031    1.5244130E-03
       190.4800031    1.3664463E-03
       195.9200032    1.1009985E-03
       198.6400032    9.8961871E-04
       204.0800033    9.1667421E-04
       206.8000034    8.3577208E-04
       209.5300034    7.6266588E-04
       212.2500035    6.9704710E-04
       214.9700035    6.3783966E-04
       220.4100036    5.3590949E-04
       225.8500037    4.5217093E-04
       236.7400038    3.2543886E-04
       247.6200040    2.3735930E-04
       258.5100042    1.7500205E-04
       272.1100044    1.2122088E-04
       285.7200046    8.5043983E-05
       299.3200049    6.0366776E-05
       312.9300051    4.3283897E-05
       340.1400055    2.2883116E-05
       353.7400058    1.6851529E-05
       380.9500062    9.3486806E-06
       394.5600064    7.0375554E-06
       408.1700066    5.3335348E-06
       435.3800071    3.1229533E-06
       462.5900075    1.8724119E-06
       476.1900077    1.4620416E-06
       489.8000080    1.1474054E-06
       503.4000082    9.0518500E-07
       517.0100084    7.1744353E-07
       557.8300091    3.6715070E-07
       571.4300093    2.9621626E-07
       585.0400095    2.3990680E-07
       612.2500100    1.5919953E-07
       666.6700108    7.3119878E-08
       680.2800111    6.0680314E-08
       707.4900115    4.2173728E-08
       734.7000119    2.9647174E-08
       761.9100124    2.1065885E-08
       789.1200128    1.5120492E-08
       816.3300133    1.0957211E-08
       843.5400137    8.0123668E-09
       870.7500142    5.9094223E-09
       911.5700148    3.7999115E-09
       952.3900155    2.4853488E-09
       993.2000162    1.6516313E-09
      1020.4000166    1.2682567E-09
      1061.2000173    8.6337848E-10
      1088.4000177    6.7307082E-10
      1102.0000179    5.9553590E-10
      1115.7000181    5.2718718E-10
      1129.3000184    4.6772597E-10
      1142.9000186    4.1551529E-10
      1156.5000188    3.6960623E-10
      1170.1000190    3.2918235E-10
      1197.3000195    2.6207206E-10
      1210.9000197    2.3425326E-10
      1224.5000199    2.0962912E-10
      1227.2000200    2.0508525E-10
      1229.9000200    2.0064879E-10
      1232.7000200    1.9615849E-10
      1235.4000201    1.9193236E-10
      1238.1000201    1.8780551E-10
      1240.8000202    1.8377531E-10
      1243.5000202    1.7983950E-10
      1246.3000203    1.7585497E-10
      1249.0000203    1.7210393E-10
      1257.2000204    1.7630754E-10
      1259.9000205    1.7263900E-10
      1262.6000205    1.6899956E-10
      1270.8000207    1.5832335E-10
      1281.6000208    1.4529812E-10
      1289.8000210    1.4259646E-10
      1292.5000210    1.3962391E-10
      1295.2000211    1.3669811E-10
      1298.0000211    1.3372256E-10
      1300.7000212    1.3091418E-10
      1303.4000212    1.2816632E-10
      1306.1000212    1.2547909E-10
      1314.3000214    1.1768400E-10
      1330.6000216    1.0370869E-10
      1341.5000218    9.5379295E-11
      1355.1000220    8.5995586E-11
      1360.6000221    8.2491215E-11
      1371.4000223    7.6055065E-11
      1382.3000225    7.0111271E-11
      1390.5000226    6.5974386E-11
      1395.9000227    6.3395927E-11
      1404.1000228    5.9688747E-11
      1406.8000229    5.8520452E-11
      1409.5000229    5.7377100E-11
      1415.0000230    5.5122764E-11
      1417.7000231    5.4051666E-11
      1420.4000231    5.3003262E-11
      1423.1000231    5.1977006E-11
      1425.9000232    5.0935648E-11
      1428.6000232    4.9953031E-11
      1431.3000233    4.8991065E-11
      1436.7000234    4.7127316E-11
      1439.5000234    4.6191509E-11
      1442.2000235    4.5308344E-11
      1444.9000235    4.4443591E-11
      1447.6000235    4.3596810E-11
      1450.4000236    4.2737269E-11
      1453.1000236    4.1925931E-11
      1455.8000237    2.5930624E-10
      1458.5000237    2.5660776E-10
      1461.2000238    2.5311808E-10
      1466.7000239    2.4491373E-10
      1469.4000239    2.4070643E-10
      1472.1000239    2.3649060E-10
      1477.6000240    2.2801439E-10
      1480.3000241    2.2394119E-10
      1488.4000242    2.1213979E-10
      1491.2000242    2.0821114E-10
      1496.6000243    2.0085134E-10
      1551.0000252    1.4050099E-10
      1632.7000266    8.3574980E-11
      1823.1000296    2.6964219E-11
      2340.2000381    1.9327445E-12
      2829.9000460    2.2617311E-13
      3047.6000496    8.8613185E-14
      3700.7000602    0.0000000E+00
      4000.0000650    0.0000000E+00
      4680.3000761    0.0000000E+00
      5006.8000814    0.0000000E+00
      5387.8000876    0.0000000E+00
 
