       80.0000013    2.9729381E-02
        85.0000014    1.6853141E-02
        90.0000015    9.7588357E-03
        95.2390015    5.6261853E-03
       100.6800016    3.2488268E-03
       114.2900019    9.0988429E-04
       119.7300019    5.6998146E-04
       122.4500020    4.5520556E-04
       125.1700020    3.6575476E-04
       127.8900021    2.9568060E-04
       130.6100021    2.4049879E-04
       133.3300022    1.9681460E-04
       136.0600022    1.6193342E-04
       146.9400024    9.2910184E-04
       149.6600024    8.0007612E-04
       155.1000025    5.9362722E-04
       157.8200026    5.1236653E-04
       160.5500026    4.4271414E-04
       165.9900027    3.3251307E-04
       171.4300028    2.5132333E-04
       176.8700029    1.9109069E-04
       179.5900029    1.6698051E-04
       182.3100030    1.4611203E-04
       185.0400030    1.2796043E-04
       187.7600031    1.1226483E-04
       190.4800031    9.8620163E-05
       195.9200032    7.6388234E-05
       198.6400032    6.7351066E-05
       204.0800033    1.0794781E-04
       206.8000034    9.7749617E-05
       209.5300034    8.8506073E-05
       212.2500035    8.0220016E-05
       214.9700035    7.2768111E-05
       220.4100036    6.0026505E-05
       225.8500037    4.9676855E-05
       236.7400038    3.4322009E-05
       247.6200040    2.3986733E-05
       258.5100042    1.6930650E-05
       272.1100044    1.1105170E-05
       285.7200046    7.3834681E-06
       299.3200049    4.9745950E-06
       312.9300051    3.3918018E-06
       340.1400055    1.6317804E-06
       353.7400058    1.1500133E-06
       380.9500062    5.8788771E-07
       394.5600064    4.2604154E-07
       408.1700066    3.1139382E-07
       435.3800071    1.7043364E-07
       462.5900075    9.6092592E-08
       476.1900077    7.2909579E-08
       489.8000080    5.5668494E-08
       503.4000082    4.2777557E-08
       517.0100084    3.3061383E-08
       557.8300091    1.5781410E-08
       571.4300093    1.2462787E-08
       585.0400095    9.8876853E-09
       612.2500100    6.3101933E-09
       666.6700108    2.7004454E-09
       680.2800111    2.2045563E-09
       707.4900115    1.4845766E-09
       734.7000119    1.0125977E-09
       761.9100124    6.9889927E-10
       789.1200128    4.8771553E-10
       816.3300133    3.4384318E-10
       843.5400137    2.4473543E-10
       870.7500142    1.7575444E-10
       911.5700148    1.0862553E-10
       952.3900155    6.8297895E-11
       993.2000162    4.3626512E-11
      1020.4000166    3.2622974E-11
      1061.2000173    2.1334615E-11
      1088.4000177    1.6188219E-11
      1102.0000179    1.4129658E-11
      1115.7000181    1.2336731E-11
      1129.3000184    1.0795693E-11
      1142.9000186    9.4588191E-12
      1156.5000188    8.2974738E-12
      1170.1000190    7.2872602E-12
      1197.3000195    5.6399911E-12
      1210.9000197    4.9699194E-12
      1224.5000199    4.3840955E-12
      1227.2000200    4.2768094E-12
      1229.9000200    4.1723174E-12
      1232.7000200    4.0668237E-12
      1235.4000201    3.9677866E-12
      1238.1000201    3.8713152E-12
      1240.8000202    3.7773387E-12
      1243.5000202    3.6857887E-12
      1246.3000203    3.5933396E-12
      1249.0000203    3.5065280E-12
      1257.2000204    3.3618440E-12
      1259.9000205    3.2815378E-12
      1262.6000205    3.2028844E-12
      1270.8000207    2.9751414E-12
      1281.6000208    2.7006008E-12
      1289.8000210    2.5559188E-12
      1292.5000210    2.4954466E-12
      1295.2000211    2.4363408E-12
      1298.0000211    2.3765261E-12
      1300.7000212    2.3202766E-12
      1303.4000212    2.2654140E-12
      1306.1000212    2.2119129E-12
      1314.3000214    2.0574586E-12
      1330.6000216    1.7833857E-12
      1341.5000218    1.6219075E-12
      1355.1000220    1.4418581E-12
      1360.6000221    1.3751691E-12
      1371.4000223    1.2535325E-12
      1382.3000225    1.1422445E-12
      1390.5000226    1.0654279E-12
      1395.9000227    1.0178353E-12
      1404.1000228    9.4980859E-13
      1406.8000229    9.2847334E-13
      1409.5000229    9.0764278E-13
      1415.0000230    8.6671940E-13
      1417.7000231    8.4734579E-13
      1420.4000231    8.2842793E-13
      1423.1000231    8.0995443E-13
      1425.9000232    7.9125427E-13
      1428.6000232    7.7365208E-13
      1431.3000233    7.5646157E-13
      1436.7000234    7.2327501E-13
      1439.5000234    7.0667349E-13
      1442.2000235    6.9104396E-13
      1444.9000235    6.7577741E-13
      1447.6000235    6.6086486E-13
      1450.4000236    6.4576469E-13
      1453.1000236    6.3154674E-13
      1455.8000237    4.1789835E-12
      1458.5000237    4.1228904E-12
      1461.2000238    4.0540162E-12
      1466.7000239    3.8966109E-12
      1469.4000239    3.8169303E-12
      1472.1000239    3.7374964E-12
      1477.6000240    3.5787304E-12
      1480.3000241    3.5028193E-12
      1488.4000242    3.2841711E-12
      1491.2000242    3.2118056E-12
      1496.6000243    3.0768159E-12
      1551.0000252    2.0023119E-12
      1632.7000266    1.0590976E-12
      1823.1000296    2.4463087E-13
      2340.2000381    0.0000000E+00
 
