       80.0000013    1.2983193E-04
        85.0000014    7.8248071E-05
        90.0000015    4.9355294E-05
        95.2390015    3.1597880E-05
       100.6800016    2.0488138E-05
       114.2900019    7.5855246E-06
       119.7300019    5.2326386E-06
       122.4500020    4.3650498E-06
       125.1700020    3.6510680E-06
       127.8900021    3.0616102E-06
       130.6100021    2.5735083E-06
       133.3300022    2.1682074E-06
       136.0600022    1.8296471E-06
       146.9400024    4.2987940E-06
       149.6600024    3.5435612E-06
       155.1000025    2.4250121E-06
       157.8200026    2.0139703E-06
       160.5500026    1.6758327E-06
       165.9900027    1.1707883E-06
       171.4300028    8.2591521E-07
       176.8700029    5.8797281E-07
       179.5900029    4.9771893E-07
       182.3100030    4.2220148E-07
       185.0400030    3.5865833E-07
       187.7600031    3.0546562E-07
       190.4800031    2.6066320E-07
       195.9200032    1.9086835E-07
       198.6400032    1.6376787E-07
       204.0800033    7.8317657E-07
       206.8000034    6.9031853E-07
       209.5300034    6.0763603E-07
       212.2500035    5.3515743E-07
       214.9700035    4.7159878E-07
       220.4100036    3.6717677E-07
       225.8500037    2.8699907E-07
       236.7400038    1.7738073E-07
       247.6200040    1.1135943E-07
       258.5100042    7.0872289E-08
       272.1100044    4.1047929E-08
       285.7200046    2.4210003E-08
       299.3200049    1.4528998E-08
       312.9300051    8.8524059E-09
       340.1400055    3.4261380E-09
       353.7400058    2.1708260E-09
       380.9500062    8.9787849E-10
       394.5600064    5.8471561E-10
       408.1700066    3.8337961E-10
       435.3800071    1.6742821E-10
       462.5900075    7.3980447E-11
       476.1900077    4.9226321E-11
       489.8000080    3.2700474E-11
       503.4000082    2.1652702E-11
       517.0100084    1.4257652E-11
       557.8300091    3.8090356E-12
       571.4300093    2.3569937E-12
       585.0400095    1.4013721E-12
       612.2500100    3.6640412E-13
 
