       80.0000013    9.2628015E-06
        85.0000014    5.5441869E-06
        90.0000015    3.3732731E-06
        95.2390015    2.0356674E-06
       100.6800016    1.2233646E-06
       114.2900019    3.6380919E-07
       119.7300019    2.2906104E-07
       122.4500020    1.8254964E-07
       125.1700020    1.4588824E-07
       127.8900021    1.1690506E-07
       130.6100021    9.3925401E-08
       133.3300022    7.5654270E-08
       136.0600022    6.1039103E-08
       146.9400024    5.6781037E-08
       149.6600024    4.5248896E-08
       155.1000025    2.8924468E-08
       157.8200026    2.3209605E-08
       160.5500026    1.8654074E-08
       165.9900027    1.2153418E-08
       171.4300028    7.9862135E-09
       176.8700029    5.2880513E-09
       179.5900029    4.3140189E-09
       182.3100030    3.5248058E-09
       185.0400030    2.8819105E-09
       187.7600031    2.3610354E-09
       190.4800031    1.9365252E-09
       195.9200032    1.3065599E-09
       198.6400032    1.0744780E-09
       204.0800033    7.9628490E-09
       206.8000034    6.6757790E-09
       209.5300034    5.5769100E-09
       212.2500035    4.6537636E-09
       214.9700035    3.8785917E-09
       220.4100036    2.6856728E-09
       225.8500037    1.8513383E-09
       236.7400038    8.6229890E-10
       247.6200040    3.8487816E-10
       258.5100042    1.5758234E-10
       272.1100044    3.5354650E-11
 
