       80.0000013    2.5467894E+00
        85.0000014    1.7145849E+00
        90.0000015    1.1658165E+00
        95.2390015    7.8665948E-01
       100.6800016    5.2895230E-01
       114.2900019    2.0602696E-01
       119.7300019    1.4399244E-01
       122.4500020    1.2082345E-01
       125.1700020    1.0162159E-01
       127.8900021    8.5666165E-02
       130.6100021    7.2374746E-02
       133.3300022    6.1275300E-02
       136.0600022    5.1953021E-02
       146.9400024    4.9200725E-02
       149.6600024    4.4054843E-02
       155.1000025    3.5111204E-02
       157.8200026    3.1358909E-02
       160.5500026    2.8028971E-02
       165.9900027    2.2508461E-02
       171.4300028    1.8186515E-02
       176.8700029    1.4782510E-02
       179.5900029    1.3355771E-02
       182.3100030    1.2082938E-02
       185.0400030    1.0941527E-02
       187.7600031    9.9237794E-03
       190.4800031    9.0113170E-03
       195.9200032    7.4552065E-03
       198.6400032    6.7917109E-03
       204.0800033    6.1275857E-03
       206.8000034    5.5855736E-03
       209.5300034    5.0858660E-03
       212.2500035    4.6339645E-03
       214.9700035    4.2255991E-03
       220.4100036    3.5247428E-03
       225.8500037    2.9537091E-03
       236.7400038    2.1027159E-03
       247.6200040    1.5242652E-03
       258.5100042    1.1229648E-03
       272.1100044    7.8295713E-04
       285.7200046    5.5710709E-04
       299.3200049    4.0364650E-04
       312.9300051    2.9692211E-04
       340.1400055    1.6689005E-04
       353.7400058    1.2708741E-04
       380.9500062    7.5524804E-05
       394.5600064    5.8831549E-05
       408.1700066    4.6107583E-05
       435.3800071    2.8788110E-05
       462.5900075    1.8320952E-05
       476.1900077    1.4711391E-05
       489.8000080    1.1858628E-05
       503.4000082    9.5973464E-06
       517.0100084    7.7947507E-06
       557.8300091    4.2645725E-06
       571.4300093    3.5112751E-06
       585.0400095    2.8996992E-06
       612.2500100    1.9958113E-06
       666.6700108    9.7821737E-07
       680.2800111    8.2392341E-07
       707.4900115    5.8902748E-07
       734.7000119    4.2519835E-07
       761.9100124    3.0978271E-07
       789.1200128    2.2769110E-07
       816.3300133    1.6876413E-07
       843.5400137    1.2609244E-07
       870.7500142    9.4931956E-08
       911.5700148    6.2857858E-08
       952.3900155    4.2261352E-08
       993.2000162    2.8824306E-08
      1020.4000166    2.2502437E-08
      1061.2000173    1.5685609E-08
      1088.4000177    1.2413826E-08
      1102.0000179    1.1064639E-08
      1115.7000181    9.8660760E-09
      1129.3000184    8.8154142E-09
      1142.9000186    7.8859763E-09
      1156.5000188    7.0627189E-09
      1170.1000190    6.3325922E-09
      1197.3000195    5.1078697E-09
      1210.9000197    4.5948250E-09
      1224.5000199    4.1376356E-09
      1227.2000200    4.0529295E-09
      1229.9000200    3.9701171E-09
      1232.7000200    3.8861891E-09
      1235.4000201    3.8070942E-09
      1238.1000201    3.7297569E-09
      1240.8000202    3.6541357E-09
      1243.5000202    3.5801886E-09
      1246.3000203    3.5052286E-09
      1249.0000203    3.4345691E-09
      1257.2000204    3.9204693E-09
      1259.9000205    3.8445940E-09
      1262.6000205    3.7679739E-09
      1270.8000207    3.5400192E-09
      1281.6000208    3.2596004E-09
      1289.8000210    3.3505592E-09
      1292.5000210    3.2838765E-09
      1295.2000211    3.2177612E-09
      1298.0000211    3.1502396E-09
      1300.7000212    3.0863407E-09
      1303.4000212    3.0237206E-09
      1306.1000212    2.9624110E-09
      1314.3000214    2.7842058E-09
      1330.6000216    2.4636058E-09
      1341.5000218    2.2718245E-09
      1355.1000220    2.0550757E-09
      1360.6000221    1.9739281E-09
      1371.4000223    1.8245858E-09
      1382.3000225    1.6862942E-09
      1390.5000226    1.5898173E-09
      1395.9000227    1.5295893E-09
      1404.1000228    1.4428523E-09
      1406.8000229    1.4154823E-09
      1409.5000229    1.3886795E-09
      1415.0000230    1.3357834E-09
      1417.7000231    1.3106268E-09
      1420.4000231    1.2859880E-09
      1423.1000231    1.2618555E-09
      1425.9000232    1.2373519E-09
      1428.6000232    1.2142161E-09
      1431.3000233    1.1915533E-09
      1436.7000234    1.1476047E-09
      1439.5000234    1.1255180E-09
      1442.2000235    1.1046605E-09
      1444.9000235    1.0842255E-09
      1447.6000235    1.0642039E-09
      1450.4000236    1.0438679E-09
      1453.1000236    1.0246607E-09
      1455.8000237    5.5897869E-09
      1458.5000237    5.5338507E-09
      1461.2000238    5.4617293E-09
      1466.7000239    5.2928297E-09
      1469.4000239    5.2063527E-09
      1472.1000239    5.1197162E-09
      1477.6000240    4.9454596E-09
      1480.3000241    4.8616542E-09
      1488.4000242    4.6184798E-09
      1491.2000242    4.5373887E-09
      1496.6000243    4.3852646E-09
      1551.0000252    3.1253169E-09
      1632.7000266    1.9097608E-09
      1823.1000296    6.5445144E-10
      2340.2000381    5.5980717E-11
      2829.9000460    8.4298367E-12
      3047.6000496    4.0079580E-12
      3700.7000602    5.5538115E-13
      4000.0000650    2.4801556E-13
      4680.3000761    4.2477852E-14
      5006.8000814    1.9703325E-14
      5387.8000876    3.9019339E-15
 
