       80.0000013    7.3545855E-01
        85.0000014    4.6573225E-01
        90.0000015    2.9932383E-01
        95.2390015    1.9122754E-01
       100.6800016    1.2194249E-01
       114.2900019    4.2082425E-02
       119.7300019    2.8111070E-02
       122.4500020    2.3072196E-02
       125.1700020    1.8987082E-02
       127.8900021    1.5665574E-02
       130.6100021    1.2957399E-02
       133.3300022    1.0743369E-02
       136.0600022    8.9226142E-03
       146.9400024    1.4495970E-02
       149.6600024    1.3001885E-02
       155.1000025    1.0322888E-02
       157.8200026    9.1852881E-03
       160.5500026    8.1730383E-03
       165.9900027    6.4939107E-03
       171.4300028    5.1827175E-03
       176.8700029    4.1554524E-03
       179.5900029    3.7272007E-03
       182.3100030    3.3467181E-03
       185.0400030    3.0070678E-03
       187.7600031    2.7057051E-03
       190.4800031    2.4369410E-03
       195.9200032    1.9824379E-03
       198.6400032    1.7904537E-03
       204.0800033    1.5621945E-03
       206.8000034    1.4231784E-03
       209.5300034    1.2978017E-03
       212.2500035    1.1854792E-03
       214.9700035    1.0843260E-03
       220.4100036    9.1066753E-04
       225.8500037    7.6850428E-04
       236.7400038    5.5425602E-04
       247.6200040    4.0592279E-04
       258.5100042    3.0103736E-04
       272.1100044    2.1043503E-04
       285.7200046    1.4919335E-04
       299.3200049    1.0710664E-04
       312.9300051    7.7700504E-05
       340.1400055    4.2046253E-05
       353.7400058    3.1312753E-05
       380.9500062    1.7741584E-05
       394.5600064    1.3487191E-05
       408.1700066    1.0317018E-05
       435.3800071    6.1453611E-06
       462.5900075    3.7417183E-06
       476.1900077    2.9425576E-06
       489.8000080    2.3250418E-06
       503.4000082    1.8461562E-06
       517.0100084    1.4723707E-06
       557.8300091    7.6660120E-07
       571.4300093    6.2182420E-07
       585.0400095    5.0625516E-07
       612.2500100    3.3932974E-07
       666.6700108    1.5878936E-07
       680.2800111    1.3235888E-07
       707.4900115    9.2782656E-08
       734.7000119    6.5762187E-08
       761.9100124    4.7096929E-08
       789.1200128    3.4060548E-08
       816.3300133    2.4860608E-08
       843.5400137    1.8304242E-08
       870.7500142    1.3588427E-08
       911.5700148    8.8181666E-09
       952.3900155    5.8164606E-09
       993.2000162    3.8954013E-09
      1020.4000166    3.0056277E-09
      1061.2000173    2.0599031E-09
      1088.4000177    1.6125706E-09
      1102.0000179    1.4296685E-09
      1115.7000181    1.2680743E-09
      1129.3000184    1.1271858E-09
      1142.9000186    1.0032152E-09
      1156.5000188    8.9398361E-10
      1170.1000190    7.9761109E-10
      1197.3000195    6.3716488E-10
      1210.9000197    5.7046762E-10
      1224.5000199    5.1132448E-10
      1227.2000200    5.0039928E-10
      1229.9000200    4.8972865E-10
      1232.7000200    4.7892479E-10
      1235.4000201    4.6875304E-10
      1238.1000201    4.5881687E-10
      1240.8000202    4.4911042E-10
      1243.5000202    4.3962792E-10
      1246.3000203    4.3002477E-10
      1249.0000203    4.2098133E-10
      1257.2000204    4.4209914E-10
      1259.9000205    4.3306789E-10
      1262.6000205    4.2407020E-10
      1270.8000207    3.9758119E-10
      1281.6000208    3.6519293E-10
      1289.8000210    3.6249864E-10
      1292.5000210    3.5503256E-10
      1295.2000211    3.4767017E-10
      1298.0000211    3.4017433E-10
      1300.7000212    3.3309394E-10
      1303.4000212    3.2616382E-10
      1306.1000212    3.1938505E-10
      1314.3000214    2.9970917E-10
      1330.6000216    2.6440258E-10
      1341.5000218    2.4334051E-10
      1355.1000220    2.1959397E-10
      1360.6000221    2.1072041E-10
      1371.4000223    1.9441514E-10
      1382.3000225    1.7934738E-10
      1390.5000226    1.6885435E-10
      1395.9000227    1.6231201E-10
      1404.1000228    1.5290164E-10
      1406.8000229    1.4993511E-10
      1409.5000229    1.4703144E-10
      1415.0000230    1.4130512E-10
      1417.7000231    1.3858373E-10
      1420.4000231    1.3591961E-10
      1423.1000231    1.3331146E-10
      1425.9000232    1.3066447E-10
      1428.6000232    1.2816641E-10
      1431.3000233    1.2572056E-10
      1436.7000234    1.2098074E-10
      1439.5000234    1.1860038E-10
      1442.2000235    1.1635239E-10
      1444.9000235    1.1415207E-10
      1447.6000235    1.1199723E-10
      1450.4000236    1.0980929E-10
      1453.1000236    1.0774399E-10
      1455.8000237    6.4745825E-10
      1458.5000237    6.4081551E-10
      1461.2000238    6.3221933E-10
      1466.7000239    6.1201261E-10
      1469.4000239    6.0165095E-10
      1472.1000239    5.9126753E-10
      1477.6000240    5.7038735E-10
      1480.3000241    5.6035099E-10
      1488.4000242    5.3126087E-10
      1491.2000242    5.2157262E-10
      1496.6000243    5.0341664E-10
      1551.0000252    3.5416392E-10
      1632.7000266    2.1255299E-10
      1823.1000296    7.0183255E-11
      2340.2000381    5.4663760E-12
      2829.9000460    7.3127555E-13
      3047.6000496    3.2588418E-13
      3700.7000602    2.4163438E-14
      4000.0000650    3.9386799E-15
      4680.3000761    0.0000000E+00
      5006.8000814    0.0000000E+00
      5387.8000876    0.0000000E+00
 
