       80.0000013    1.7948300E+00
        85.0000014    1.1853895E+00
        90.0000015    7.9198653E-01
        95.2390015    5.2548093E-01
       100.6800016    3.4768033E-01
       114.2900019    1.3062148E-01
       119.7300019    9.0083383E-02
       122.4500020    7.5098135E-02
       125.1700020    6.2758446E-02
       127.8900021    5.2569591E-02
       130.6100021    4.4134535E-02
       133.3300022    3.7133671E-02
       136.0600022    3.1289425E-02
       146.9400024    3.3806439E-02
       149.6600024    3.0349089E-02
       155.1000025    2.4238760E-02
       157.8200026    2.1652719E-02
       160.5500026    1.9350294E-02
       165.9900027    1.5521533E-02
       171.4300028    1.2516781E-02
       176.8700029    1.0147791E-02
       179.5900029    9.1547463E-03
       182.3100030    8.2690036E-03
       185.0400030    7.4750260E-03
       187.7600031    6.7674676E-03
       190.4800031    6.1335620E-03
       195.9200032    5.0539537E-03
       198.6400032    4.5943949E-03
       204.0800033    4.0132059E-03
       206.8000034    3.6524655E-03
       209.5300034    3.3241154E-03
       212.2500035    3.0291011E-03
       214.9700035    2.7634476E-03
       220.4100036    2.3086632E-03
       225.8500037    1.9385599E-03
       236.7400038    1.3866019E-03
       247.6200040    1.0101576E-03
       258.5100042    7.4765232E-04
       272.1100044    5.2371144E-04
       285.7200046    3.7375715E-04
       299.3200049    2.7111120E-04
       312.9300051    1.9929718E-04
       340.1400055    1.1135546E-04
       353.7400058    8.4395208E-05
       380.9500062    4.9563434E-05
       394.5600064    3.8352213E-05
       408.1700066    2.9850011E-05
       435.3800071    1.8375380E-05
       462.5900075    1.1531813E-05
       476.1900077    9.1973125E-06
       489.8000080    7.3651368E-06
       503.4000082    5.9228792E-06
       517.0100084    4.7809931E-06
       557.8300091    2.5717607E-06
       571.4300093    2.1066016E-06
       585.0400095    1.7311473E-06
       612.2500100    1.1806717E-06
       666.6700108    5.6962728E-07
       680.2800111    4.7811596E-07
       707.4900115    3.3960458E-07
       734.7000119    2.4371334E-07
       761.9100124    1.7661054E-07
       789.1200128    1.2917174E-07
       816.3300133    9.5307321E-08
       843.5400137    7.0908605E-08
       870.7500142    5.3174439E-08
       911.5700148    3.5014473E-08
       952.3900155    2.3420350E-08
       993.2000162    1.5896193E-08
      1020.4000166    1.2371006E-08
      1061.2000173    8.5841672E-09
      1088.4000177    6.7735368E-09
      1102.0000179    6.0285368E-09
      1115.7000181    5.3676530E-09
      1129.3000184    4.7891389E-09
      1142.9000186    4.2780863E-09
      1156.5000188    3.8260426E-09
      1170.1000190    3.4256864E-09
      1197.3000195    2.7554670E-09
      1210.9000197    2.4752864E-09
      1224.5000199    2.2259439E-09
      1227.2000200    2.1797841E-09
      1229.9000200    2.1346684E-09
      1232.7000200    2.0889572E-09
      1235.4000201    2.0458899E-09
      1238.1000201    2.0037907E-09
      1240.8000202    1.9626363E-09
      1243.5000202    1.9224038E-09
      1246.3000203    1.8816311E-09
      1249.0000203    1.8432078E-09
      1257.2000204    2.0432325E-09
      1259.9000205    2.0030322E-09
      1262.6000205    1.9626218E-09
      1270.8000207    1.8427940E-09
      1281.6000208    1.6956433E-09
      1289.8000210    1.7226958E-09
      1292.5000210    1.6880640E-09
      1295.2000211    1.6537858E-09
      1298.0000211    1.6188110E-09
      1300.7000212    1.5857308E-09
      1303.4000212    1.5533232E-09
      1306.1000212    1.5216017E-09
      1314.3000214    1.4294317E-09
      1330.6000216    1.2637212E-09
      1341.5000218    1.1646649E-09
      1355.1000220    1.0527842E-09
      1360.6000221    1.0109189E-09
      1371.4000223    9.3390340E-10
      1382.3000225    8.6262675E-10
      1390.5000226    8.1292623E-10
      1395.9000227    7.8191037E-10
      1404.1000228    7.3725837E-10
      1406.8000229    7.2317224E-10
      1409.5000229    7.0938000E-10
      1415.0000230    6.8216616E-10
      1417.7000231    6.6922629E-10
      1420.4000231    6.5655453E-10
      1423.1000231    6.4414485E-10
      1425.9000232    6.3154604E-10
      1428.6000232    6.1965216E-10
      1431.3000233    6.0800304E-10
      1436.7000234    5.8541710E-10
      1439.5000234    5.7406874E-10
      1442.2000235    5.6335336E-10
      1444.9000235    5.5285654E-10
      1447.6000235    5.4257343E-10
      1450.4000236    5.3213017E-10
      1453.1000236    5.2226801E-10
      1455.8000237    2.9467047E-09
      1458.5000237    2.9169929E-09
      1461.2000238    2.8786211E-09
      1466.7000239    2.7886204E-09
      1469.4000239    2.7425102E-09
      1472.1000239    2.6963085E-09
      1477.6000240    2.6033831E-09
      1480.3000241    2.5586993E-09
      1488.4000242    2.4290863E-09
      1491.2000242    2.3858819E-09
      1496.6000243    2.3048596E-09
      1551.0000252    1.6354597E-09
      1632.7000266    9.9327802E-10
      1823.1000296    3.3627870E-10
      2340.2000381    2.8116422E-11
      2829.9000460    4.1514309E-12
      3047.6000496    1.9521255E-12
      3700.7000602    2.5504560E-13
      4000.0000650    1.1015113E-13
      4680.3000761    1.6059748E-14
      5006.8000814    1.8511653E-15
      5387.8000876    0.0000000E+00
 
