       80.0000013    3.4333854E+00
        85.0000014    2.3543158E+00
        90.0000015    1.6279022E+00
        95.2390015    1.1162378E+00
       100.6800016    7.6206750E-01
       114.2900019    3.0682260E-01
       119.7300019    2.1699989E-01
       122.4500020    1.8313225E-01
       125.1700020    1.5489894E-01
       127.8900021    1.3130552E-01
       130.6100021    1.1154252E-01
       133.3300022    9.4949439E-02
       136.0600022    8.0939017E-02
       146.9400024    6.9797896E-02
       149.6600024    6.2311195E-02
       155.1000025    4.9475443E-02
       157.8200026    4.4136822E-02
       160.5500026    3.9417759E-02
       165.9900027    3.1628843E-02
       171.4300028    2.5558142E-02
       176.8700029    2.0791639E-02
       179.5900029    1.8797211E-02
       182.3100030    1.7019352E-02
       185.0400030    1.5426007E-02
       187.7600031    1.4005859E-02
       190.4800031    1.2732905E-02
       195.9200032    1.0562009E-02
       198.6400032    9.6360827E-03
       204.0800033    9.0182452E-03
       206.8000034    8.2451422E-03
       209.5300034    7.5202854E-03
       212.2500035    6.8588187E-03
       214.9700035    6.2578213E-03
       220.4100036    5.2214069E-03
       225.8500037    4.3736757E-03
       236.7400038    3.1067261E-03
       247.6200040    2.2444651E-03
       258.5100042    1.6469397E-03
       272.1100044    1.1423766E-03
       285.7200046    8.0908736E-04
       299.3200049    5.8411091E-04
       312.9300051    4.2869433E-04
       340.1400055    2.4087379E-04
       353.7400058    1.8375152E-04
       380.9500062    1.0992078E-04
       394.5600064    8.6007378E-05
       408.1700066    6.7744288E-05
       435.3800071    4.2768886E-05
       462.5900075    2.7541426E-05
       476.1900077    2.2247696E-05
       489.8000080    1.8040397E-05
       503.4000082    1.4686152E-05
       517.0100084    1.1996605E-05
       557.8300091    6.6718180E-06
       571.4300093    5.5214941E-06
       585.0400095    4.5823440E-06
       612.2500100    3.1834493E-06
       666.6700108    1.5861605E-06
       680.2800111    1.3408975E-06
       707.4900115    9.6521046E-07
       734.7000119    7.0111849E-07
       761.9100124    5.1372632E-07
       789.1200128    3.7955598E-07
       816.3300133    2.8266300E-07
       843.5400137    2.1211061E-07
       870.7500142    1.6033157E-07
       911.5700148    1.0673774E-07
       952.3900155    7.2111781E-08
       993.2000162    4.9400175E-08
      1020.4000166    3.8670692E-08
      1061.2000173    2.7059709E-08
      1088.4000177    2.1467622E-08
      1102.0000179    1.9157104E-08
      1115.7000181    1.7102005E-08
      1129.3000184    1.5298335E-08
      1142.9000186    1.3700901E-08
      1156.5000188    1.2284340E-08
      1170.1000190    1.1026618E-08
      1197.3000195    8.9135002E-09
      1210.9000197    8.0268494E-09
      1224.5000199    7.2358994E-09
      1227.2000200    7.0892630E-09
      1229.9000200    6.9458759E-09
      1232.7000200    6.8005259E-09
      1235.4000201    6.6635173E-09
      1238.1000201    6.5295271E-09
      1240.8000202    6.3984822E-09
      1243.5000202    6.2703136E-09
      1246.3000203    6.1403616E-09
      1249.0000203    6.0178404E-09
      1257.2000204    7.0832211E-09
      1259.9000205    6.9479307E-09
      1262.6000205    6.8107031E-09
      1270.8000207    6.4012027E-09
      1281.6000208    5.8967702E-09
      1289.8000210    6.1319674E-09
      1292.5000210    6.0107808E-09
      1295.2000211    5.8904375E-09
      1298.0000211    5.7674381E-09
      1300.7000212    5.6509890E-09
      1303.4000212    5.5368425E-09
      1306.1000212    5.4250671E-09
      1314.3000214    5.1001079E-09
      1330.6000216    4.5152828E-09
      1341.5000218    4.1653063E-09
      1355.1000220    3.7696264E-09
      1360.6000221    3.6214480E-09
      1371.4000223    3.3486791E-09
      1382.3000225    3.0960154E-09
      1390.5000226    2.9197005E-09
      1395.9000227    2.8096105E-09
      1404.1000228    2.6510343E-09
      1406.8000229    2.6009876E-09
      1409.5000229    2.5519744E-09
      1415.0000230    2.4552345E-09
      1417.7000231    2.4092208E-09
      1420.4000231    2.3641511E-09
      1423.1000231    2.3200040E-09
      1425.9000232    2.2751745E-09
      1428.6000232    2.2328444E-09
      1431.3000233    2.1913762E-09
      1436.7000234    2.1109505E-09
      1439.5000234    2.0705273E-09
      1442.2000235    2.0323507E-09
      1444.9000235    1.9949447E-09
      1447.6000235    1.9582926E-09
      1450.4000236    1.9210618E-09
      1453.1000236    1.8858950E-09
      1455.8000237    9.9337605E-09
      1458.5000237    9.8346957E-09
      1461.2000238    9.7073372E-09
      1466.7000239    9.4097592E-09
      1469.4000239    9.2575503E-09
      1472.1000239    9.1051007E-09
      1477.6000240    8.7985104E-09
      1480.3000241    8.6510541E-09
      1488.4000242    8.2230951E-09
      1491.2000242    8.0803408E-09
      1496.6000243    7.8124689E-09
      1551.0000252    5.5894356E-09
      1632.7000266    3.4346848E-09
      1823.1000296    1.1910669E-09
      2340.2000381    1.0424757E-10
      2829.9000460    1.5920546E-11
      3047.6000496    7.6146077E-12
      3700.7000602    1.0876921E-12
      4000.0000650    4.9477225E-13
      4680.3000761    9.3548914E-14
      5006.8000814    4.5222157E-14
      5387.8000876    1.6395708E-14
 
