       80.0000013    4.4463315E+00
        85.0000014    3.1040325E+00
        90.0000015    2.1819990E+00
        95.2390015    1.5200268E+00
       100.6800016    1.0533705E+00
       114.2900019    4.3789166E-01
       119.7300019    3.1316635E-01
       122.4500020    2.6569694E-01
       125.1700020    2.2589897E-01
       127.8900021    1.9245940E-01
       130.6100021    1.6430137E-01
       133.3300022    1.4053968E-01
       136.0600022    1.2037753E-01
       146.9400024    9.7337924E-02
       149.6600024    8.6677000E-02
       155.1000025    6.8530083E-02
       157.8200026    6.1029635E-02
       160.5500026    5.4423124E-02
       165.9900027    4.3568976E-02
       171.4300028    3.5154641E-02
       176.8700029    2.8577335E-02
       179.5900029    2.5833078E-02
       182.3100030    2.3390722E-02
       185.0400030    2.1204939E-02
       187.7600031    1.9259149E-02
       190.4800031    1.7516868E-02
       195.9200032    1.4549198E-02
       198.6400032    1.3284611E-02
       204.0800033    1.2852217E-02
       206.8000034    1.1796249E-02
       209.5300034    1.0787019E-02
       212.2500035    9.8563386E-03
       214.9700035    9.0051889E-03
       220.4100036    7.5282929E-03
       225.8500037    6.3134432E-03
       236.7400038    4.4880318E-03
       247.6200040    3.2396079E-03
       258.5100042    2.3722132E-03
       272.1100044    1.6393338E-03
       285.7200046    1.1560718E-03
       299.3200049    8.3108596E-04
       312.9300051    6.0771388E-04
       340.1400055    3.3991295E-04
       353.7400058    2.5913882E-04
       380.9500062    1.5530486E-04
       394.5600064    1.2179475E-04
       408.1700066    9.6220530E-05
       435.3800071    6.1213876E-05
       462.5900075    3.9781073E-05
       476.1900077    3.2292191E-05
       489.8000080    2.6316748E-05
       503.4000082    2.1532551E-05
       517.0100084    1.7679045E-05
       557.8300091    9.9810695E-06
       571.4300093    8.3003297E-06
       585.0400095    6.9212806E-06
       612.2500100    4.8523634E-06
       666.6700108    2.4581186E-06
       680.2800111    2.0859229E-06
       707.4900115    1.5122901E-06
       734.7000119    1.1058104E-06
       761.9100124    8.1521137E-07
       789.1200128    6.0568868E-07
       816.3300133    4.5339996E-07
       843.5400137    3.4184600E-07
       870.7500142    2.5952042E-07
       911.5700148    1.7378547E-07
       952.3900155    1.1801824E-07
       993.2000162    8.1220143E-08
      1020.4000166    6.3756382E-08
      1061.2000173    4.4783686E-08
      1088.4000177    3.5611919E-08
      1102.0000179    3.1814537E-08
      1115.7000181    2.8432590E-08
      1129.3000184    2.5460720E-08
      1142.9000186    2.2825526E-08
      1156.5000188    2.0486015E-08
      1170.1000190    1.8406521E-08
      1197.3000195    1.4907247E-08
      1210.9000197    1.3436678E-08
      1224.5000199    1.2123544E-08
      1227.2000200    1.1879957E-08
      1229.9000200    1.1641720E-08
      1232.7000200    1.1400179E-08
      1235.4000201    1.1172455E-08
      1238.1000201    1.0949705E-08
      1240.8000202    1.0731814E-08
      1243.5000202    1.0518664E-08
      1246.3000203    1.0302509E-08
      1249.0000203    1.0098677E-08
      1257.2000204    1.2277503E-08
      1259.9000205    1.2045560E-08
      1262.6000205    1.1809255E-08
      1270.8000207    1.1102142E-08
      1281.6000208    1.0230136E-08
      1289.8000210    1.0762291E-08
      1292.5000210    1.0550621E-08
      1295.2000211    1.0340118E-08
      1298.0000211    1.0124824E-08
      1300.7000212    9.9209245E-09
      1303.4000212    9.7210195E-09
      1306.1000212    9.5252455E-09
      1314.3000214    8.9560066E-09
      1330.6000216    7.9313311E-09
      1341.5000218    7.3179867E-09
      1355.1000220    6.6243939E-09
      1360.6000221    6.3646066E-09
      1371.4000223    5.8863225E-09
      1382.3000225    5.4432161E-09
      1390.5000226    5.1339613E-09
      1395.9000227    4.9408451E-09
      1404.1000228    4.6626507E-09
      1406.8000229    4.5748454E-09
      1409.5000229    4.4888506E-09
      1415.0000230    4.3191086E-09
      1417.7000231    4.2383683E-09
      1420.4000231    4.1592809E-09
      1423.1000231    4.0818100E-09
      1425.9000232    4.0031387E-09
      1428.6000232    3.9288510E-09
      1431.3000233    3.8560732E-09
      1436.7000234    3.7149175E-09
      1439.5000234    3.6439667E-09
      1442.2000235    3.5769567E-09
      1444.9000235    3.5112975E-09
      1447.6000235    3.4469592E-09
      1450.4000236    3.3816028E-09
      1453.1000236    3.3198673E-09
      1455.8000237    1.6852630E-08
      1458.5000237    1.6684274E-08
      1461.2000238    1.6468789E-08
      1466.7000239    1.5966904E-08
      1469.4000239    1.5710555E-08
      1472.1000239    1.5453907E-08
      1477.6000240    1.4937900E-08
      1480.3000241    1.4689743E-08
      1488.4000242    1.3969442E-08
      1491.2000242    1.3729125E-08
      1496.6000243    1.3278098E-08
      1551.0000252    9.5294155E-09
      1632.7000266    5.8828880E-09
      1823.1000296    2.0613866E-09
      2340.2000381    1.8463463E-10
      2829.9000460    2.8602828E-11
      3047.6000496    1.3749686E-11
      3700.7000602    1.9961244E-12
      4000.0000650    9.1704931E-13
      4680.3000761    1.8350889E-13
      5006.8000814    9.1145915E-14
      5387.8000876    4.2047068E-14
 
