       80.0000013    1.1760538E-03
        85.0000014    6.3968927E-04
        90.0000015    3.6542691E-04
        95.2390015    2.1394638E-04
       100.6800016    1.2924087E-04
       114.2900019    4.4314409E-05
       119.7300019    3.0602350E-05
       122.4500020    2.5663961E-05
       125.1700020    2.1634945E-05
       127.8900021    1.8323428E-05
       130.6100021    1.5583317E-05
       133.3300022    1.3302328E-05
       136.0600022    1.1386830E-05
       146.9400024    5.1861844E-05
       149.6600024    4.3428292E-05
       155.1000025    3.0636642E-05
       157.8200026    2.5819822E-05
       160.5500026    2.1795689E-05
       165.9900027    1.5651545E-05
       171.4300028    1.1331940E-05
       176.8700029    8.2683819E-06
       179.5900029    7.0825704E-06
       182.3100030    6.0777834E-06
       185.0400030    5.2218779E-06
       187.7600031    4.4967619E-06
       190.4800031    3.8789317E-06
       195.9200032    2.9006071E-06
       198.6400032    2.5143543E-06
       204.0800033    7.8168023E-06
       206.8000034    6.9714383E-06
       209.5300034    6.2125100E-06
       212.2500035    5.5406776E-06
       214.9700035    4.9450996E-06
       220.4100036    3.9498495E-06
       225.8500037    3.1671984E-06
       236.7400038    2.0593432E-06
       247.6200040    1.3593275E-06
       258.5100042    9.0926488E-07
       272.1100044    5.6018507E-07
       285.7200046    3.5136921E-07
       299.3200049    2.2421023E-07
       312.9300051    1.4526158E-07
       340.1400055    6.3607473E-08
       353.7400058    4.2902037E-08
       380.9500062    2.0177147E-08
       394.5600064    1.4048673E-08
       408.1700066    9.8733794E-09
       435.3800071    5.0052997E-09
       462.5900075    2.6176847E-09
       476.1900077    1.9134769E-09
       489.8000080    1.4076299E-09
       503.4000082    1.0422250E-09
       517.0100084    7.7608747E-10
       557.8300091    3.3113381E-10
       571.4300093    2.5181240E-10
       585.0400095    1.9232430E-10
       612.2500100    1.1363604E-10
       666.6700108    4.1447616E-11
       680.2800111    3.2458217E-11
       707.4900115    2.0062414E-11
       734.7000119    1.2508167E-11
       761.9100124    7.8577604E-12
       789.1200128    4.9574515E-12
       816.3300133    3.1362426E-12
       843.5400137    1.9850102E-12
       870.7500142    1.2536929E-12
       911.5700148    6.2229779E-13
       952.3900155    3.0066916E-13
       993.2000162    1.3378473E-13
      1020.4000166    7.4307720E-14
      1061.2000173    2.5407438E-14
      1088.4000177    5.9657958E-15
      1102.0000179    0.0000000E+00
 
