       80.0000013    1.1911348E+00
        85.0000014    7.7087897E-01
        90.0000015    5.0551939E-01
        95.2390015    3.2939035E-01
       100.6800016    2.1414267E-01
       114.2900019    7.7280357E-02
       119.7300019    5.2497968E-02
       122.4500020    4.3442428E-02
       125.1700020    3.6039926E-02
       127.8900021    2.9971680E-02
       130.6100021    2.4983736E-02
       133.3300022    2.0873107E-02
       136.0600022    1.7465677E-02
       146.9400024    2.2549238E-02
       149.6600024    2.0262843E-02
       155.1000025    1.6169019E-02
       157.8200026    1.4427458E-02
       160.5500026    1.2874976E-02
       165.9900027    1.0292058E-02
       171.4300028    8.2663521E-03
       176.8700029    6.6718855E-03
       179.5900029    6.0046623E-03
       182.3100030    5.4103322E-03
       185.0400030    4.8783645E-03
       187.7600031    4.4050608E-03
       190.4800031    3.9817579E-03
       195.9200032    3.2628158E-03
       198.6400032    2.9577205E-03
       204.0800033    2.5428364E-03
       206.8000034    2.3142672E-03
       209.5300034    2.1077476E-03
       212.2500035    1.9227647E-03
       214.9700035    1.7563653E-03
       220.4100036    1.4714092E-03
       225.8500037    1.2390637E-03
       236.7400038    8.9102436E-04
       247.6200040    6.5193343E-04
       258.5100042    4.8393980E-04
       272.1100044    3.3950349E-04
       285.7200046    2.4209371E-04
       299.3200049    1.7509538E-04
       312.9300051    1.2811735E-04
       340.1400055    7.0659509E-05
       353.7400058    5.3142634E-05
       380.9500062    3.0700725E-05
       394.5600064    2.3557615E-05
       408.1700066    1.8183046E-05
       435.3800071    1.1014217E-05
       462.5900075    6.8086938E-06
       476.1900077    5.3920335E-06
       489.8000080    4.2887905E-06
       503.4000082    3.4268173E-06
       517.0100084    2.7492615E-06
       557.8300091    1.4545731E-06
       571.4300093    1.1855886E-06
       585.0400095    9.6970382E-07
       612.2500100    6.5561971E-07
       666.6700108    3.1159735E-07
       680.2800111    2.6066652E-07
       707.4900115    1.8399216E-07
       734.7000119    1.3127317E-07
       761.9100124    9.4612609E-08
       789.1200128    6.8844663E-08
       816.3300133    5.0548564E-08
       843.5400137    3.7432617E-08
       870.7500142    2.7944441E-08
       911.5700148    1.8281472E-08
       952.3900155    1.2151631E-08
       993.2000162    8.1978948E-09
      1020.4000166    6.3548584E-09
      1061.2000173    4.3843320E-09
      1088.4000177    3.4466912E-09
      1102.0000179    3.0619882E-09
      1115.7000181    2.7213494E-09
      1129.3000184    2.4237130E-09
      1142.9000186    2.1612601E-09
      1156.5000188    1.9295274E-09
      1170.1000190    1.7246566E-09
      1197.3000195    1.3825762E-09
      1210.9000197    1.2399510E-09
      1224.5000199    1.1132412E-09
      1227.2000200    1.0898082E-09
      1229.9000200    1.0669129E-09
      1232.7000200    1.0437232E-09
      1235.4000201    1.0218822E-09
      1238.1000201    1.0005395E-09
      1240.8000202    9.7968267E-10
      1243.5000202    9.5929975E-10
      1246.3000203    9.3865005E-10
      1249.0000203    9.1919683E-10
      1257.2000204    9.9098751E-10
      1259.9000205    9.7111963E-10
      1262.6000205    9.5123898E-10
      1270.8000207    8.9249769E-10
      1281.6000208    8.2051332E-10
      1289.8000210    8.2390716E-10
      1292.5000210    8.0714158E-10
      1295.2000211    7.9057805E-10
      1298.0000211    7.7369533E-10
      1300.7000212    7.5773732E-10
      1303.4000212    7.4211071E-10
      1306.1000212    7.2681988E-10
      1314.3000214    6.8241329E-10
      1330.6000216    6.0265054E-10
      1341.5000218    5.5501848E-10
      1355.1000220    5.0126758E-10
      1360.6000221    4.8116816E-10
      1371.4000223    4.4421419E-10
      1382.3000225    4.1003967E-10
      1390.5000226    3.8622566E-10
      1395.9000227    3.7137124E-10
      1404.1000228    3.4999567E-10
      1406.8000229    3.4325487E-10
      1409.5000229    3.3665587E-10
      1415.0000230    3.2363867E-10
      1417.7000231    3.1745079E-10
      1420.4000231    3.1139216E-10
      1423.1000231    3.0545985E-10
      1425.9000232    2.9943820E-10
      1428.6000232    2.9375447E-10
      1431.3000233    2.8818861E-10
      1436.7000234    2.7740002E-10
      1439.5000234    2.7198066E-10
      1442.2000235    2.6686442E-10
      1444.9000235    2.6185340E-10
      1447.6000235    2.5694522E-10
      1450.4000236    2.5196142E-10
      1453.1000236    2.4725572E-10
      1455.8000237    1.4408810E-09
      1458.5000237    1.4262238E-09
      1461.2000238    1.4072739E-09
      1466.7000239    1.3627748E-09
      1469.4000239    1.3399658E-09
      1472.1000239    1.3171096E-09
      1477.6000240    1.2711443E-09
      1480.3000241    1.2490462E-09
      1488.4000242    1.1849719E-09
      1491.2000242    1.1636234E-09
      1496.6000243    1.1236022E-09
      1551.0000252    7.9381790E-10
      1632.7000266    4.7926835E-10
      1823.1000296    1.6038056E-10
      2340.2000381    1.3056001E-11
      2829.9000460    1.8651879E-12
      3047.6000496    8.5497961E-13
      3700.7000602    9.9772417E-14
      4000.0000650    3.4405665E-14
      4680.3000761    0.0000000E+00
      5006.8000814    0.0000000E+00
      5387.8000876    0.0000000E+00
 
