       80.0000013    7.4264952E-03
        85.0000014    4.0515759E-03
        90.0000015    2.2738951E-03
        95.2390015    1.2804366E-03
       100.6800016    7.2986830E-04
       114.2900019    2.0942152E-04
       119.7300019    1.3532033E-04
       122.4500020    1.1016080E-04
       125.1700020    9.0401154E-05
       127.8900021    7.4755211E-05
       130.6100021    6.2266125E-05
       133.3300022    5.2217492E-05
       136.0600022    4.4042597E-05
       146.9400024    2.7483181E-04
       149.6600024    2.3354471E-04
       155.1000025    1.6935507E-04
       157.8200026    1.4463422E-04
       160.5500026    1.2369547E-04
       165.9900027    9.1094123E-05
       171.4300028    6.7566602E-05
       176.8700029    5.0452123E-05
       179.5900029    4.3700915E-05
       182.3100030    3.7911341E-05
       185.0400030    3.2921220E-05
       187.7600031    2.8644743E-05
       190.4800031    2.4959538E-05
       195.9200032    1.9029867E-05
       198.6400032    1.6650225E-05
       204.0800033    3.6117061E-05
       206.8000034    3.2487787E-05
       209.5300034    2.9210081E-05
       212.2500035    2.6286629E-05
       214.9700035    2.3673203E-05
       220.4100036    1.9247627E-05
       225.8500037    1.5702362E-05
       236.7400038    1.0549684E-05
       247.6200040    7.1782911E-06
       258.5100042    4.9392306E-06
       272.1100044    3.1442260E-06
       285.7200046    2.0330313E-06
       299.3200049    1.3347933E-06
       312.9300051    8.8854267E-07
       340.1400055    4.0958727E-07
       353.7400058    2.8321136E-07
       380.9500062    1.3990183E-07
       394.5600064    9.9827865E-08
       408.1700066    7.1907429E-08
       435.3800071    3.8309061E-08
       462.5900075    2.1068850E-08
       476.1900077    1.5796912E-08
       489.8000080    1.1921565E-08
       503.4000082    9.0562775E-09
       517.0100084    6.9199388E-09
       557.8300091    3.1922340E-09
       571.4300093    2.4921458E-09
       585.0400095    1.9544035E-09
       612.2500100    1.2182333E-09
       666.6700108    4.9654414E-10
       680.2800111    4.0032072E-10
       707.4900115    2.6282779E-10
       734.7000119    1.7470742E-10
       761.9100124    1.1747561E-10
       789.1200128    7.9842806E-11
       816.3300133    5.4810028E-11
       843.5400137    3.7977659E-11
       870.7500142    2.6544005E-11
       911.5700148    1.5743488E-11
       952.3900155    9.4908638E-12
       993.2000162    5.8054082E-12
      1020.4000166    4.2135280E-12
      1061.2000173    2.6298163E-12
      1088.4000177    1.9311213E-12
      1102.0000179    1.6571865E-12
      1115.7000181    1.4217438E-12
      1129.3000184    1.2220804E-12
      1142.9000186    1.0512063E-12
      1156.5000188    9.0480260E-13
      1170.1000190    7.7922803E-13
      1197.3000195    5.7874273E-13
      1210.9000197    4.9902937E-13
      1224.5000199    4.3039956E-13
      1227.2000200    4.1795034E-13
      1229.9000200    4.0586347E-13
      1232.7000200    3.9369997E-13
      1235.4000201    3.8231779E-13
      1238.1000201    3.7126592E-13
      1240.8000202    3.6053449E-13
      1243.5000202    3.5011390E-13
      1246.3000203    3.3962579E-13
      1249.0000203    3.2981005E-13
      1257.2000204    3.0696642E-13
      1259.9000205    2.9810917E-13
      1262.6000205    2.8948727E-13
      1270.8000207    2.6474824E-13
      1281.6000208    2.3531462E-13
      1289.8000210    2.1737415E-13
      1292.5000210    2.1105666E-13
      1295.2000211    2.0491286E-13
      1298.0000211    1.9872328E-13
      1300.7000212    1.9292686E-13
      1303.4000212    1.8729551E-13
      1306.1000212    1.8182492E-13
      1314.3000214    1.6615134E-13
      1330.6000216    1.3881378E-13
      1341.5000218    1.2302839E-13
      1355.1000220    1.0575295E-13
      1360.6000221    9.9451263E-14
      1371.4000223    8.8107751E-14
      1382.3000225    7.7916616E-14
      1390.5000226    7.0998308E-14
      1395.9000227    6.6763937E-14
      1404.1000228    6.0786012E-14
      1406.8000229    5.8930271E-14
      1409.5000229    5.7127690E-14
      1415.0000230    5.3613997E-14
      1417.7000231    5.1963845E-14
      1420.4000231    5.0361066E-14
      1423.1000231    4.8804321E-14
      1425.9000232    4.1907829E-14
      1428.6000232    4.0538963E-14
      1431.3000233    3.9211219E-14
      1436.7000234    3.6674402E-14
      1439.5000234    3.5418913E-14
      1442.2000235    3.4245505E-14
      1444.9000235    3.3107597E-14
      1447.6000235    3.2004168E-14
      1450.4000236    3.0895225E-14
      1453.1000236    2.9858992E-14
      1455.8000237    1.9871053E-13
      1458.5000237    1.9368276E-13
      1461.2000238    1.8812350E-13
      1466.7000239    1.7626682E-13
      1469.4000239    1.7047443E-13
      1472.1000239    1.6478599E-13
      1477.6000240    1.5361745E-13
      1480.3000241    1.4835996E-13
      1488.4000242    1.3349415E-13
      1491.2000242    1.2866445E-13
      1496.6000243    1.1977869E-13
      1551.0000252    4.0737121E-14
      1632.7000266    0.0000000E+00
 
