       80.0000013    2.0363678E-01
        85.0000014    1.2277777E-01
        90.0000015    7.5365864E-02
        95.2390015    4.6007361E-02
       100.6800016    2.8049165E-02
       114.2900019    8.7283906E-03
       119.7300019    5.6151683E-03
       122.4500020    4.5268345E-03
       125.1700020    3.6615999E-03
       127.8900021    2.9714778E-03
       130.6100021    2.4192731E-03
       133.3300022    1.9760493E-03
       136.0600022    1.6180399E-03
       146.9400024    4.8635267E-03
       149.6600024    4.2974749E-03
       155.1000025    3.3256013E-03
       157.8200026    2.9246120E-03
       160.5500026    2.5727923E-03
       165.9900027    1.9993959E-03
       171.4300028    1.5611895E-03
       176.8700029    1.2247872E-03
       179.5900029    1.0866828E-03
       182.3100030    9.6520665E-04
       185.0400030    8.5785403E-04
       187.7600031    7.6356233E-04
       190.4800031    6.8032020E-04
       195.9200032    5.4165209E-04
       198.6400032    4.8399120E-04
       204.0800033    5.0401769E-04
       206.8000034    4.5931319E-04
       209.5300034    4.1880802E-04
       212.2500035    3.8239759E-04
       214.9700035    3.4951486E-04
       220.4100036    2.9285712E-04
       225.8500037    2.4629050E-04
       236.7400038    1.7586505E-04
       247.6200040    1.2707585E-04
       258.5100042    9.2728173E-05
       272.1100044    6.3355918E-05
       285.7200046    4.3825537E-05
       299.3200049    3.0674404E-05
       312.9300051    2.1693391E-05
       340.1400055    1.1174101E-05
       353.7400058    8.1294511E-06
       380.9500062    4.4093263E-06
       394.5600064    3.2846895E-06
       408.1700066    2.4646140E-06
       435.3800071    1.4163858E-06
       462.5900075    8.3471201E-07
       476.1900077    6.4648214E-07
       489.8000080    5.0337144E-07
       503.4000082    3.9408903E-07
       517.0100084    3.1004541E-07
       557.8300091    1.5537206E-07
       571.4300093    1.2452944E-07
       585.0400095    1.0021176E-07
       612.2500100    6.5687331E-08
       666.6700108    2.9499629E-08
       680.2800111    2.4354204E-08
       707.4900115    1.6760069E-08
       734.7000119    1.1673602E-08
       761.9100124    8.2235134E-09
       789.1200128    5.8553686E-09
       816.3300133    4.2115089E-09
       843.5400137    3.0582226E-09
       870.7500142    2.2409203E-09
       911.5700148    1.4280769E-09
       952.3900155    9.2642005E-10
       993.2000162    6.1102123E-10
      1020.4000166    4.6697052E-10
      1061.2000173    3.1574171E-10
      1088.4000177    2.4507135E-10
      1102.0000179    2.1637392E-10
      1115.7000181    1.9112939E-10
      1129.3000184    1.6921232E-10
      1142.9000186    1.5000624E-10
      1156.5000188    1.3315138E-10
      1170.1000190    1.1833894E-10
      1197.3000195    9.3816087E-11
      1210.9000197    8.3679806E-11
      1224.5000199    7.4724060E-11
      1227.2000200    7.3073304E-11
      1229.9000200    7.1462149E-11
      1232.7000200    6.9832050E-11
      1235.4000201    6.8298416E-11
      1238.1000201    6.6801349E-11
      1240.8000202    6.5339900E-11
      1243.5000202    6.3913125E-11
      1246.3000203    6.2469259E-11
      1249.0000203    6.1110492E-11
      1257.2000204    6.1179881E-11
      1259.9000205    5.9876007E-11
      1262.6000205    5.8587878E-11
      1270.8000207    5.4822619E-11
      1281.6000208    5.0239687E-11
      1289.8000210    4.8755260E-11
      1292.5000210    4.7719644E-11
      1295.2000211    4.6702257E-11
      1298.0000211    4.5668771E-11
      1300.7000212    4.4693971E-11
      1303.4000212    4.3740796E-11
      1306.1000212    4.2809128E-11
      1314.3000214    4.0107966E-11
      1330.6000216    3.5270994E-11
      1341.5000218    3.2391843E-11
      1355.1000220    2.9152018E-11
      1360.6000221    2.7943224E-11
      1371.4000223    2.5724894E-11
      1382.3000225    2.3678446E-11
      1390.5000226    2.2255475E-11
      1395.9000227    2.1369219E-11
      1404.1000228    2.0095809E-11
      1406.8000229    1.9694727E-11
      1409.5000229    1.9302313E-11
      1415.0000230    1.8528934E-11
      1417.7000231    1.8161632E-11
      1420.4000231    1.7802213E-11
      1423.1000231    1.7450498E-11
      1425.9000232    1.7093700E-11
      1428.6000232    1.6757127E-11
      1431.3000233    1.6427729E-11
      1436.7000234    1.5789802E-11
      1439.5000234    1.5469643E-11
      1442.2000235    1.5167576E-11
      1444.9000235    1.4871892E-11
      1447.6000235    1.4582448E-11
      1450.4000236    1.4288722E-11
      1453.1000236    1.4011552E-11
      1455.8000237    8.8917027E-11
      1458.5000237    8.7956267E-11
      1461.2000238    8.6722053E-11
      1466.7000239    8.3829492E-11
      1469.4000239    8.2348219E-11
      1472.1000239    8.0864773E-11
      1477.6000240    7.7884345E-11
      1480.3000241    7.6453052E-11
      1488.4000242    7.2309506E-11
      1491.2000242    7.0931296E-11
      1496.6000243    6.8351026E-11
      1551.0000252    4.7288798E-11
      1632.7000266    2.7642263E-11
      1823.1000296    8.5260488E-12
      2340.2000381    5.1887715E-13
      2829.9000460    4.0168725E-14
      3047.6000496    4.3782091E-15
      3700.7000602    0.0000000E+00
      4000.0000650    0.0000000E+00
 
