       80.0000013    8.6686864E-02
        85.0000014    5.0826773E-02
        90.0000015    3.0380838E-02
        95.2390015    1.8060328E-02
       100.6800016    1.0727625E-02
       114.2900019    3.1544743E-03
       119.7300019    1.9927742E-03
       122.4500020    1.5938671E-03
       125.1700020    1.2801621E-03
       127.8900021    1.0325287E-03
       130.6100021    8.3632045E-04
       133.3300022    6.8028091E-04
       136.0600022    5.5531930E-04
       146.9400024    2.3585625E-03
       149.6600024    2.0586762E-03
       155.1000025    1.5617566E-03
       157.8200026    1.3614004E-03
       160.5500026    1.1875610E-03
       165.9900027    9.0817199E-04
       171.4300028    6.9827255E-04
       176.8700029    5.3968187E-04
       179.5900029    4.7534041E-04
       182.3100030    4.1917252E-04
       185.0400030    3.6990564E-04
       187.7600031    3.2695284E-04
       190.4800031    2.8930997E-04
       195.9200032    2.2726483E-04
       198.6400032    2.0174554E-04
       204.0800033    2.5201583E-04
       206.8000034    2.2915688E-04
       209.5300034    2.0841896E-04
       212.2500035    1.8978401E-04
       214.9700035    1.7297151E-04
       220.4100036    1.4406699E-04
       225.8500037    1.2039727E-04
       236.7400038    8.4832573E-05
       247.6200040    6.0453251E-05
       258.5100042    4.3495063E-05
       272.1100044    2.9200506E-05
       285.7200046    1.9854484E-05
       299.3200049    1.3667133E-05
       312.9300051    9.5118721E-06
       340.1400055    4.7541766E-06
       353.7400058    3.4103064E-06
       380.9500062    1.8012503E-06
       394.5600064    1.3251588E-06
       408.1700066    9.8243413E-07
       435.3800071    5.5192976E-07
       462.5900075    3.1850053E-07
       476.1900077    2.4424588E-07
       489.8000080    1.8837419E-07
       503.4000082    1.4613576E-07
       517.0100084    1.1396581E-07
       557.8300091    5.5745719E-08
       571.4300093    4.4350941E-08
       585.0400095    3.5438774E-08
       612.2500100    2.2924455E-08
       666.6700108    1.0059471E-08
       680.2800111    8.2618747E-09
       707.4900115    5.6304628E-09
       734.7000119    3.8864605E-09
       761.9100124    2.7149110E-09
       789.1200128    1.9178774E-09
       816.3300133    1.3691366E-09
       843.5400137    9.8707920E-10
       870.7500142    7.1825007E-10
       911.5700148    4.5305057E-10
       952.3900155    2.9092151E-10
       993.2000162    1.8990826E-10
      1020.4000166    1.4412189E-10
      1061.2000173    9.6399985E-11
      1088.4000177    7.4269611E-11
      1102.0000179    6.5325009E-11
      1115.7000181    5.7481041E-11
      1129.3000184    5.0692377E-11
      1142.9000186    4.4762239E-11
      1156.5000188    3.9574781E-11
      1170.1000190    3.5030766E-11
      1197.3000195    2.7544527E-11
      1210.9000197    2.4466174E-11
      1224.5000199    2.1755727E-11
      1227.2000200    2.1257192E-11
      1229.9000200    2.0770954E-11
      1232.7000200    2.0279349E-11
      1235.4000201    1.9817165E-11
      1238.1000201    1.9366321E-11
      1240.8000202    1.8926515E-11
      1243.5000202    1.8497457E-11
      1246.3000203    1.8063561E-11
      1249.0000203    1.7655538E-11
      1257.2000204    1.7299048E-11
      1259.9000205    1.6914465E-11
      1262.6000205    1.6536088E-11
      1270.8000207    1.5434631E-11
      1281.6000208    1.4098822E-11
      1289.8000210    1.3523395E-11
      1292.5000210    1.3224887E-11
      1295.2000211    1.2932288E-11
      1298.0000211    1.2635519E-11
      1300.7000212    1.2355924E-11
      1303.4000212    1.2082782E-11
      1306.1000212    1.1816018E-11
      1314.3000214    1.1043713E-11
      1330.6000216    9.6649112E-12
      1341.5000218    8.8469709E-12
      1355.1000220    7.9293776E-12
      1360.6000221    7.5878557E-12
      1371.4000223    6.9624033E-12
      1382.3000225    6.3870263E-12
      1390.5000226    5.9879423E-12
      1395.9000227    5.7398292E-12
      1404.1000228    5.3839658E-12
      1406.8000229    5.2720437E-12
      1409.5000229    5.1626190E-12
      1415.0000230    4.9471972E-12
      1417.7000231    4.8449994E-12
      1420.4000231    4.7450676E-12
      1423.1000231    4.6473480E-12
      1425.9000232    4.5482901E-12
      1428.6000232    4.4549169E-12
      1431.3000233    4.3636006E-12
      1436.7000234    4.1869477E-12
      1439.5000234    4.0983892E-12
      1442.2000235    4.0148974E-12
      1444.9000235    3.9332309E-12
      1447.6000235    3.8533469E-12
      1450.4000236    3.7723418E-12
      1453.1000236    3.6959606E-12
      1455.8000237    2.3986781E-11
      1458.5000237    2.3707527E-11
      1461.2000238    2.3354351E-11
      1466.7000239    2.2533517E-11
      1469.4000239    2.2114760E-11
      1472.1000239    2.1696029E-11
      1477.6000240    2.0856223E-11
      1480.3000241    2.0453535E-11
      1488.4000242    1.9289846E-11
      1491.2000242    1.8903469E-11
      1496.6000243    1.8181042E-11
      1551.0000252    1.2337134E-11
      1632.7000266    7.0018496E-12
      1823.1000296    2.0127424E-12
      2340.2000381    7.3502937E-14
      2829.9000460    0.0000000E+00
      3047.6000496    0.0000000E+00
 
