       80.0000013    3.6416009E-01
        85.0000014    2.2311416E-01
        90.0000015    1.3899963E-01
        95.2390015    8.6077668E-02
       100.6800016    5.3198196E-02
       114.2900019    1.7017867E-02
       119.7300019    1.1035444E-02
       122.4500020    8.9251650E-03
       125.1700020    7.2385115E-03
       127.8900021    5.8865189E-03
       130.6100021    4.7997516E-03
       133.3300022    3.9238231E-03
       136.0600022    3.2136533E-03
       146.9400024    7.2948928E-03
       149.6600024    6.4664865E-03
       155.1000025    5.0205621E-03
       157.8200026    4.4188872E-03
       160.5500026    3.8893998E-03
       165.9900027    3.0240754E-03
       171.4300028    2.3613090E-03
       176.8700029    1.8518848E-03
       179.5900029    1.6426223E-03
       182.3100030    1.4585051E-03
       185.0400030    1.2957603E-03
       187.7600031    1.1527945E-03
       190.4800031    1.0265700E-03
       195.9200032    8.1629097E-04
       198.6400032    7.2886021E-04
       204.0800033    6.9238519E-04
       206.8000034    6.2876288E-04
       209.5300034    5.7143497E-04
       212.2500035    5.2013603E-04
       214.9700035    4.7399476E-04
       220.4100036    3.9493170E-04
       225.8500037    3.3039565E-04
       236.7400038    2.3364901E-04
       247.6200040    1.6731652E-04
       258.5100042    1.2102020E-04
       272.1100044    8.1754581E-05
       285.7200046    5.5866200E-05
       299.3200049    3.8579699E-05
       312.9300051    2.6879703E-05
       340.1400055    1.3372852E-05
       353.7400058    9.5377954E-06
       380.9500062    4.9475875E-06
       394.5600064    3.5960816E-06
       408.1700066    2.6289340E-06
       435.3800071    1.4285492E-06
       462.5900075    7.9228005E-07
       476.1900077    5.9433552E-07
       489.8000080    4.4777980E-07
       503.4000082    3.3890890E-07
       517.0100084    2.5753496E-07
       557.8300091    1.1572191E-07
       571.4300093    8.9297977E-08
       585.0400095    6.9128753E-08
       612.2500100    4.1832866E-08
       666.6700108    1.5842637E-08
       680.2800111    1.2502134E-08
       707.4900115    7.8340410E-09
       734.7000119    4.9424886E-09
       761.9100124    3.1347940E-09
       789.1200128    1.9956714E-09
       816.3300133    1.2730894E-09
       843.5400137    8.1233947E-10
       870.7500142    5.1744492E-10
       911.5700148    2.6085870E-10
       952.3900155    1.2903785E-10
       993.2000162    6.1706369E-11
      1020.4000166    3.6562444E-11
      1061.2000173    1.5250079E-11
      1088.4000177    7.4807530E-12
      1102.0000179    4.7379301E-12
      1115.7000181    2.3863782E-12
 
