       80.0000013    2.4625525E+00
        85.0000014    1.6499559E+00
        90.0000015    1.1159341E+00
        95.2390015    7.4847209E-01
       100.6800016    4.9992812E-01
       114.2900019    1.9128089E-01
       119.7300019    1.3270830E-01
       122.4500020    1.1094584E-01
       125.1700020    9.2971243E-02
       127.8900021    7.8087032E-02
       130.6100021    6.5730952E-02
       133.3300022    5.5448513E-02
       136.0600022    4.6842612E-02
       146.9400024    4.4905681E-02
       149.6600024    4.0163074E-02
       155.1000025    3.1931184E-02
       157.8200026    2.8483141E-02
       160.5500026    2.5426589E-02
       165.9900027    2.0367375E-02
       171.4300028    1.6414763E-02
       176.8700029    1.3307774E-02
       179.5900029    1.2007413E-02
       182.3100030    1.0848402E-02
       185.0400030    9.8100202E-03
       187.7600031    8.8849887E-03
       190.4800031    8.0564125E-03
       195.9200032    6.6452920E-03
       198.6400032    6.0444847E-03
       204.0800033    5.3783818E-03
       206.8000034    4.8936442E-03
       209.5300034    4.4489331E-03
       212.2500035    4.0479684E-03
       214.9700035    3.6863920E-03
       220.4100036    3.0672560E-03
       225.8500037    2.5640512E-03
       236.7400038    1.8163491E-03
       247.6200040    1.3099144E-03
       258.5100042    9.5972011E-04
       272.1100044    6.6406722E-04
       285.7200046    4.6851681E-04
       299.3200049    3.3628737E-04
       312.9300051    2.4484715E-04
       340.1400055    1.3452233E-04
       353.7400058    1.0118823E-04
       380.9500062    5.8597292E-05
       394.5600064    4.5037617E-05
       408.1700066    3.4819612E-05
       435.3800071    2.1147862E-05
       462.5900075    1.3088181E-05
       476.1900077    1.0363543E-05
       489.8000080    8.2376555E-06
       503.4000082    6.5741251E-06
       517.0100084    5.2650275E-06
       557.8300091    2.7617673E-06
       571.4300093    2.2421461E-06
       585.0400095    1.8256382E-06
       612.2500100    1.2213234E-06
       666.6700108    5.6488699E-07
       680.2800111    4.6879697E-07
       707.4900115    3.2522226E-07
       734.7000119    2.2766876E-07
       761.9100124    1.6074144E-07
       789.1200128    1.1440587E-07
       816.3300133    8.2049709E-08
       843.5400137    5.9270889E-08
       870.7500142    4.3110457E-08
       911.5700148    2.7066628E-08
       952.3900155    1.7226935E-08
       993.2000162    1.1105694E-08
      1020.4000166    8.3435108E-09
      1061.2000173    5.4842824E-09
      1088.4000177    4.1706687E-09
      1102.0000179    3.6432255E-09
      1115.7000181    3.1828546E-09
      1129.3000184    2.7864009E-09
      1142.9000186    2.4418887E-09
      1156.5000188    2.1421660E-09
      1170.1000190    1.8811137E-09
      1197.3000195    1.4547972E-09
      1210.9000197    1.2811731E-09
      1224.5000199    1.1292959E-09
      1227.2000200    1.1014744E-09
      1229.9000200    1.0743756E-09
      1232.7000200    1.0470158E-09
      1235.4000201    1.0213286E-09
      1238.1000201    9.9630559E-10
      1240.8000202    9.7192876E-10
      1243.5000202    9.4818053E-10
      1246.3000203    9.2419833E-10
      1249.0000203    9.0167807E-10
      1257.2000204    9.6991004E-10
      1259.9000205    9.4680386E-10
      1262.6000205    9.2381780E-10
      1270.8000207    8.5649704E-10
      1281.6000208    7.7505258E-10
      1289.8000210    7.7132883E-10
      1292.5000210    7.5258899E-10
      1295.2000211    7.3416356E-10
      1298.0000211    7.1546419E-10
      1300.7000212    6.9785944E-10
      1303.4000212    6.8068451E-10
      1306.1000212    6.6393985E-10
      1314.3000214    6.1565780E-10
      1330.6000216    5.3029980E-10
      1341.5000218    4.8023674E-10
      1355.1000220    4.2464579E-10
      1360.6000221    4.0412326E-10
      1371.4000223    3.6679618E-10
      1382.3000225    3.3277442E-10
      1390.5000226    3.0937064E-10
      1395.9000227    2.9490602E-10
      1404.1000228    2.7428149E-10
      1406.8000229    2.6782587E-10
      1409.5000229    2.6152921E-10
      1415.0000230    2.4917737E-10
      1417.7000231    2.4333874E-10
      1420.4000231    2.3764310E-10
      1423.1000231    2.3208679E-10
      1425.9000232    2.2646805E-10
      1428.6000232    2.2118453E-10
      1431.3000233    2.1602985E-10
      1436.7000234    2.0609364E-10
      1439.5000234    2.0113072E-10
      1442.2000235    1.9646321E-10
      1444.9000235    1.9190871E-10
      1447.6000235    1.8746467E-10
      1450.4000236    1.8296907E-10
      1453.1000236    1.7874052E-10
      1455.8000237    1.0374752E-09
      1458.5000237    1.0224219E-09
      1461.2000238    1.0044059E-09
      1466.7000239    9.6392871E-10
      1469.4000239    9.4359931E-10
      1472.1000239    9.2338764E-10
      1477.6000240    8.8309193E-10
      1480.3000241    8.6385776E-10
      1488.4000242    8.0853535E-10
      1491.2000242    7.9024631E-10
      1496.6000243    7.5615481E-10
      1551.0000252    4.8603727E-10
      1632.7000266    2.5182675E-10
      1823.1000296    5.5108113E-11
      2340.2000381    1.5455547E-13
 
