       80.0000013    4.3304482E+00
        85.0000014    3.0187163E+00
        90.0000015    2.1183219E+00
        95.2390015    1.4724672E+00
       100.6800016    1.0177103E+00
       114.2900019    4.1950712E-01
       119.7300019    2.9879814E-01
       122.4500020    2.5295612E-01
       125.1700020    2.1458121E-01
       127.8900021    1.8238983E-01
       130.6100021    1.5532953E-01
       133.3300022    1.3253571E-01
       136.0600022    1.1323180E-01
       146.9400024    9.1211654E-02
       149.6600024    8.1073932E-02
       155.1000025    6.3883238E-02
       157.8200026    5.6799110E-02
       160.5500026    5.0569858E-02
       165.9900027    4.0359464E-02
       171.4300028    3.2468341E-02
       176.8700029    2.6318168E-02
       179.5900029    2.3757739E-02
       182.3100030    2.1482166E-02
       185.0400030    1.9448439E-02
       187.7600031    1.7640442E-02
       190.4800031    1.6023664E-02
       195.9200032    1.3274946E-02
       198.6400032    1.2105875E-02
       204.0800033    1.1598428E-02
       206.8000034    1.0624533E-02
       209.5300034    9.6988995E-03
       212.2500035    8.8483645E-03
       214.9700035    8.0725932E-03
       220.4100036    6.7307227E-03
       225.8500037    5.6308904E-03
       236.7400038    3.9855749E-03
       247.6200040    2.8661785E-03
       258.5100042    2.0918127E-03
       272.1100044    1.4400958E-03
       285.7200046    1.0118377E-03
       299.3200049    7.2460290E-04
       312.9300051    5.2759965E-04
       340.1400055    2.9207204E-04
       353.7400058    2.2128818E-04
       380.9500062    1.3070783E-04
       394.5600064    1.0166572E-04
       408.1700066    7.9616206E-05
       435.3800071    4.9700920E-05
       462.5900075    3.1649575E-05
       476.1900077    2.5422369E-05
       489.8000080    2.0497479E-05
       503.4000082    1.6590418E-05
       517.0100084    1.3473016E-05
       557.8300091    7.3584424E-06
       571.4300093    6.0519487E-06
       585.0400095    4.9909104E-06
       612.2500100    3.4227176E-06
       666.6700108    1.6598524E-06
       680.2800111    1.3933809E-06
       707.4900115    9.8870203E-07
       734.7000119    7.0764372E-07
       761.9100124    5.1066223E-07
       789.1200128    3.7140094E-07
       816.3300133    2.7213017E-07
       843.5400137    2.0080556E-07
       870.7500142    1.4917357E-07
       911.5700148    9.6649650E-08
       952.3900155    6.3460632E-08
       993.2000162    4.2193147E-08
      1020.4000166    3.2352339E-08
      1061.2000173    2.1921286E-08
      1088.4000177    1.7009148E-08
      1102.0000179    1.5007615E-08
      1115.7000181    1.3243820E-08
      1129.3000184    1.1710362E-08
      1142.9000186    1.0365147E-08
      1156.5000188    9.1837418E-09
      1170.1000190    8.1450571E-09
      1197.3000195    6.4254015E-09
      1210.9000197    5.7149934E-09
      1224.5000199    5.0877889E-09
      1227.2000200    4.9722471E-09
      1229.9000200    4.8595004E-09
      1232.7000200    4.7454534E-09
      1235.4000201    4.6381810E-09
      1238.1000201    4.5334918E-09
      1240.8000202    4.4313193E-09
      1243.5000202    4.3315995E-09
      1246.3000203    4.2307100E-09
      1249.0000203    4.1357948E-09
      1257.2000204    4.7821755E-09
      1259.9000205    4.6783590E-09
      1262.6000205    4.5738529E-09
      1270.8000207    4.2645829E-09
      1281.6000208    3.8872048E-09
      1289.8000210    3.9931911E-09
      1292.5000210    3.9036703E-09
      1295.2000211    3.8151731E-09
      1298.0000211    3.7250398E-09
      1300.7000212    3.6399590E-09
      1303.4000212    3.5567804E-09
      1306.1000212    3.4755332E-09
      1314.3000214    3.2404617E-09
      1330.6000216    2.8218570E-09
      1341.5000218    2.5743387E-09
      1355.1000220    2.2974951E-09
      1360.6000221    2.1947053E-09
      1371.4000223    2.0068496E-09
      1382.3000225    1.8345250E-09
      1390.5000226    1.7153070E-09
      1395.9000227    1.6413263E-09
      1404.1000228    1.5354161E-09
      1406.8000229    1.5021575E-09
      1409.5000229    1.4696657E-09
      1415.0000230    1.4057738E-09
      1417.7000231    1.3754984E-09
      1420.4000231    1.3459173E-09
      1423.1000231    1.3170134E-09
      1425.9000232    1.2877368E-09
      1428.6000232    1.2601623E-09
      1431.3000233    1.2332164E-09
      1436.7000234    1.1811502E-09
      1439.5000234    1.1550801E-09
      1442.2000235    1.1305216E-09
      1444.9000235    1.1065190E-09
      1447.6000235    1.0830589E-09
      1450.4000236    1.0592891E-09
      1453.1000236    1.0368943E-09
      1455.8000237    5.5602674E-09
      1458.5000237    5.4898268E-09
      1461.2000238    5.4038063E-09
      1466.7000239    5.2084217E-09
      1469.4000239    5.1097602E-09
      1472.1000239    5.0114330E-09
      1477.6000240    4.8147863E-09
      1480.3000241    4.7206479E-09
      1488.4000242    4.4488835E-09
      1491.2000242    4.3587023E-09
      1496.6000243    4.1901256E-09
      1551.0000252    2.8276823E-09
      1632.7000266    1.5878741E-09
      1823.1000296    4.4105689E-10
      2340.2000381    1.8271855E-11
      2829.9000460    8.3522479E-13
      3047.6000496    1.2742421E-13
 
