       80.0000013    6.6958308E-01
        85.0000014    4.1996202E-01
        90.0000015    2.6745102E-01
        95.2390015    1.6931385E-01
       100.6800016    1.0699421E-01
       114.2900019    3.6134224E-02
       119.7300019    2.3933195E-02
       122.4500020    1.9559471E-02
       125.1700020    1.6027324E-02
       127.8900021    1.3166500E-02
       130.6100021    1.0842944E-02
       133.3300022    8.9507094E-03
       136.0600022    7.4006557E-03
       146.9400024    1.2613824E-02
       149.6600024    1.1273215E-02
       155.1000025    8.8827265E-03
       157.8200026    7.8726327E-03
       160.5500026    6.9765882E-03
       165.9900027    5.4968838E-03
       171.4300028    4.3486594E-03
       176.8700029    3.4550144E-03
       179.5900029    3.0844482E-03
       182.3100030    2.7564061E-03
       185.0400030    2.4646586E-03
       187.7600031    2.2067891E-03
       190.4800031    1.9777142E-03
       195.9200032    1.5926311E-03
       198.6400032    1.4310048E-03
       204.0800033    1.2527753E-03
       206.8000034    1.1374931E-03
       209.5300034    1.0338362E-03
       212.2500035    9.4123150E-04
       214.9700035    8.5805904E-04
       220.4100036    7.1582076E-04
       225.8500037    5.9998949E-04
       236.7400038    4.2675762E-04
       247.6200040    3.0811111E-04
       258.5100042    2.2515145E-04
       272.1100044    1.5441721E-04
       285.7200046    1.0733725E-04
       299.3200049    7.5504671E-05
       312.9300051    5.3637108E-05
       340.1400055    2.7783841E-05
       353.7400058    2.0227206E-05
       380.9500062    1.0933616E-05
       394.5600064    8.1113449E-06
       408.1700066    6.0515990E-06
       435.3800071    3.4227876E-06
       462.5900075    1.9740912E-06
       476.1900077    1.5096105E-06
       489.8000080    1.1591776E-06
       503.4000082    8.9396457E-07
       517.0100084    6.9206527E-07
       557.8300091    3.2850875E-07
       571.4300093    2.5812184E-07
       585.0400095    2.0346378E-07
       612.2500100    1.2766729E-07
       666.6700108    5.2091661E-08
       680.2800111    4.1916493E-08
       707.4900115    2.7350994E-08
       734.7000119    1.8016527E-08
       761.9100124    1.1971722E-08
       789.1200128    8.0187563E-09
       816.3300133    5.4099845E-09
       843.5400137    3.6736005E-09
       870.7500142    2.5087403E-09
       911.5700148    1.4283517E-09
       952.3900155    8.1990675E-10
       993.2000162    4.7317061E-10
      1020.4000166    3.2845568E-10
      1061.2000173    1.8986440E-10
      1088.4000177    1.3149004E-10
      1102.0000179    1.0930834E-10
      1115.7000181    9.0657933E-11
      1129.3000184    7.5205439E-11
      1142.9000186    6.2301199E-11
      1156.5000188    5.1527650E-11
      1170.1000190    4.2536311E-11
      1197.3000195    2.8783880E-11
      1210.9000197    2.3575928E-11
      1224.5000199    1.9241872E-11
      1227.2000200    1.8472527E-11
      1229.9000200    1.7730926E-11
      1232.7000200    1.6990128E-11
      1235.4000201    1.6302086E-11
      1238.1000201    1.5638952E-11
      1240.8000202    1.4999859E-11
      1243.5000202    1.4383965E-11
      1246.3000203    1.3768897E-11
      1249.0000203    1.3197784E-11
      1257.2000204    1.2222905E-11
      1259.9000205    1.1704385E-11
      1262.6000205    1.1202654E-11
      1270.8000207    9.7849081E-12
      1281.6000208    8.1485166E-12
      1289.8000210    7.2600441E-12
      1292.5000210    6.9202469E-12
      1295.2000211    6.5927090E-12
      1298.0000211    6.2658589E-12
      1300.7000212    5.9627615E-12
      1303.4000212    5.6711706E-12
      1306.1000212    5.3907065E-12
      1314.3000214    4.6031178E-12
      1330.6000216    3.2900035E-12
      1341.5000218    2.5688158E-12
      1355.1000220    1.8089756E-12
      1360.6000221    1.5373469E-12
      1371.4000223    1.0462591E-12
      1382.3000225    5.6357517E-13
 
