       80.0000013    1.7133359E+00
        85.0000014    1.1234562E+00
        90.0000015    7.4499238E-01
        95.2390015    4.9033061E-01
       100.6800016    3.2169217E-01
       114.2900019    1.1836429E-01
       119.7300019    8.0975398E-02
       122.4500020    6.7239001E-02
       125.1700020    5.5971935E-02
       127.8900021    4.6704758E-02
       130.6100021    3.9062101E-02
       133.3300022    3.2742899E-02
       136.0600022    2.7487433E-02
       146.9400024    3.0505188E-02
       149.6600024    2.7358359E-02
       155.1000025    2.1796022E-02
       157.8200026    1.9443810E-02
       160.5500026    1.7351137E-02
       165.9900027    1.3875390E-02
       171.4300028    1.1152516E-02
       176.8700029    9.0097953E-03
       179.5900029    8.1129661E-03
       182.3100030    7.3138839E-03
       185.0400030    6.5983739E-03
       187.7600031    5.9614750E-03
       190.4800031    5.3915568E-03
       195.9200032    4.4227494E-03
       198.6400032    4.0112087E-03
       204.0800033    3.4588729E-03
       206.8000034    3.1414204E-03
       209.5300034    2.8536459E-03
       212.2500035    2.5957557E-03
       214.9700035    2.3639738E-03
       220.4100036    1.9680616E-03
       225.8500037    1.6467157E-03
       236.7400038    1.1691564E-03
       247.6200040    8.4502419E-04
       258.5100042    6.2013615E-04
       272.1100044    4.2944943E-04
       285.7200046    3.0273461E-04
       299.3200049    2.1673954E-04
       312.9300051    1.5715003E-04
       340.1400055    8.5291744E-05
       353.7400058    6.3673826E-05
       380.9500062    3.6255668E-05
       394.5600064    2.7616970E-05
       408.1700066    2.1156775E-05
       435.3800071    1.2614387E-05
       462.5900075    7.6650431E-06
       476.1900077    6.0147640E-06
       489.8000080    4.7383978E-06
       503.4000082    3.7482848E-06
       517.0100084    2.9758180E-06
       557.8300091    1.5215340E-06
       571.4300093    1.2249868E-06
       585.0400095    9.8919679E-07
       612.2500100    6.5100960E-07
       666.6700108    2.9158684E-07
       680.2800111    2.4007676E-07
       707.4900115    1.6395411E-07
       734.7000119    1.1300252E-07
       761.9100124    7.8564383E-08
       789.1200128    5.5072110E-08
       816.3300133    3.8906204E-08
       843.5400137    2.7689385E-08
       870.7500142    1.9845075E-08
       911.5700148    1.2190280E-08
       952.3900155    7.5927984E-09
       993.2000162    4.7908455E-09
      1020.4000166    3.5481229E-09
      1061.2000173    2.2823794E-09
      1088.4000177    1.7105787E-09
      1102.0000179    1.4832837E-09
      1115.7000181    1.2861869E-09
      1129.3000184    1.1175619E-09
      1142.9000186    9.7198172E-10
      1156.5000188    8.4615254E-10
      1170.1000190    7.3727280E-10
      1197.3000195    5.6116956E-10
      1210.9000197    4.9017373E-10
      1224.5000199    4.2848364E-10
      1227.2000200    4.1722922E-10
      1229.9000200    4.0628184E-10
      1232.7000200    3.9524392E-10
      1235.4000201    3.8489512E-10
      1238.1000201    3.7482750E-10
      1240.8000202    3.6503306E-10
      1243.5000202    3.5550407E-10
      1246.3000203    3.4589448E-10
      1249.0000203    3.3688313E-10
      1257.2000204    3.4911249E-10
      1259.9000205    3.4016123E-10
      1262.6000205    3.3131403E-10
      1270.8000207    3.0557051E-10
      1281.6000208    2.7461985E-10
      1289.8000210    2.6816485E-10
      1292.5000210    2.6117386E-10
      1295.2000211    2.5432373E-10
      1298.0000211    2.4738891E-10
      1300.7000212    2.4087302E-10
      1303.4000212    2.3452645E-10
      1306.1000212    2.2834816E-10
      1314.3000214    2.1058361E-10
      1330.6000216    1.7936871E-10
      1341.5000218    1.6118817E-10
      1355.1000220    1.4112754E-10
      1360.6000221    1.3375953E-10
      1371.4000223    1.2041634E-10
      1382.3000225    1.0832648E-10
      1390.5000226    1.0005400E-10
      1395.9000227    9.4960838E-11
      1404.1000228    8.7727166E-11
      1406.8000229    8.5470089E-11
      1409.5000229    8.3272056E-11
      1415.0000230    7.8970636E-11
      1417.7000231    7.6942334E-11
      1420.4000231    7.4966908E-11
      1423.1000231    7.3042940E-11
      1425.9000232    7.1100577E-11
      1428.6000232    6.9277181E-11
      1431.3000233    6.7501157E-11
      1436.7000234    6.4086132E-11
      1439.5000234    6.2384799E-11
      1442.2000235    6.0787486E-11
      1444.9000235    5.9231509E-11
      1447.6000235    5.7715763E-11
      1450.4000236    5.6185230E-11
      1453.1000236    5.4748161E-11
      1455.8000237    3.2967007E-10
      1458.5000237    3.2407649E-10
      1461.2000238    3.1754949E-10
      1466.7000239    3.0311070E-10
      1469.4000239    2.9591479E-10
      1472.1000239    2.8878391E-10
      1477.6000240    2.7462291E-10
      1480.3000241    2.6788688E-10
      1488.4000242    2.4859390E-10
      1491.2000242    2.4224217E-10
      1496.6000243    2.3043906E-10
      1551.0000252    1.3897418E-10
      1632.7000266    6.4164382E-11
      1823.1000296    9.1296666E-12
 
