       80.0000013    5.0640516E-04
        85.0000014    2.6489868E-04
        90.0000015    1.4680062E-04
        95.2390015    8.3747869E-05
       100.6800016    4.9300555E-05
       114.2900019    1.5439531E-05
       119.7300019    1.0110411E-05
       122.4500020    8.2241136E-06
       125.1700020    6.7074014E-06
       127.8900021    5.4820935E-06
       130.6100021    4.4882807E-06
       133.3300022    3.6795621E-06
       136.0600022    3.0174679E-06
       146.9400024    7.7255439E-06
       149.6600024    6.0642422E-06
       155.1000025    3.7383920E-06
       157.8200026    2.9361229E-06
       160.5500026    2.3039665E-06
       165.9900027    1.4198809E-06
       171.4300028    8.7246486E-07
       176.8700029    5.3326141E-07
       179.5900029    4.1571816E-07
       182.3100030    3.2329161E-07
       185.0400030    2.5044292E-07
       187.7600031    1.9351286E-07
       190.4800031    1.4890325E-07
       195.9200032    8.6772209E-08
       198.6400032    6.5564475E-08
       204.0800033    2.5062136E-07
       206.8000034    1.9010808E-07
       209.5300034    1.4102497E-07
       212.2500035    1.0179167E-07
       214.9700035    7.0331615E-08
       220.4100036    2.2715790E-08
 
