       80.0000013    4.4249962E-03
        85.0000014    2.3166530E-03
        90.0000015    1.2524104E-03
        95.2390015    6.8153086E-04
       100.6800016    3.7726990E-04
       114.2900019    1.0327154E-04
       119.7300019    6.5926142E-05
       122.4500020    5.3362921E-05
       125.1700020    4.3534794E-05
       127.8900021    3.5774501E-05
       130.6100021    2.9592034E-05
       133.3300022    2.4624534E-05
       136.0600022    2.0587962E-05
       146.9400024    1.0829137E-04
       149.6600024    8.9334462E-05
       155.1000025    6.1024479E-05
       157.8200026    5.0560306E-05
       160.5500026    4.1930325E-05
       165.9900027    2.9012719E-05
       171.4300028    2.0191836E-05
       176.8700029    1.4128989E-05
       179.5900029    1.1841627E-05
       182.3100030    9.9367307E-06
       185.0400030    8.3428558E-06
       187.7600031    7.0172209E-06
       190.4800031    5.9088125E-06
       195.9200032    4.2030251E-06
       198.6400032    3.5502469E-06
       204.0800033    9.3655435E-06
       206.8000034    8.1657145E-06
       209.5300034    7.1099012E-06
       212.2500035    6.1927049E-06
       214.9700035    5.3944386E-06
       220.4100036    4.0962709E-06
       225.8500037    3.1136692E-06
       236.7400038    1.8019435E-06
       247.6200040    1.0439184E-06
       258.5100042    6.0291279E-07
       272.1100044    3.0096803E-07
       285.7200046    1.4737630E-07
       299.3200049    6.9930934E-08
       312.9300051    3.1379081E-08
       340.1400055    3.6830834E-09
 
