       80.0000013    3.3391311E+00
        85.0000014    2.2834198E+00
        90.0000015    1.5738167E+00
        95.2390015    1.0749954E+00
       100.6800016    7.3060715E-01
       114.2900019    2.9030085E-01
       119.7300019    2.0411286E-01
       122.4500020    1.7173518E-01
       125.1700020    1.4481165E-01
       127.8900021    1.2237112E-01
       130.6100021    1.0362412E-01
       133.3300022    8.7927304E-02
       136.0600022    7.4710965E-02
       146.9400024    6.4531997E-02
       149.6600024    5.7518899E-02
       155.1000025    4.5531344E-02
       157.8200026    4.0558700E-02
       160.5500026    3.6170118E-02
       165.9900027    2.8942576E-02
       171.4300028    2.3325255E-02
       176.8700029    1.8926285E-02
       179.5900029    1.7089130E-02
       182.3100030    1.5453408E-02
       185.0400030    1.3989135E-02
       187.7600031    1.2685488E-02
       190.4800031    1.1518227E-02
       195.9200032    9.5306598E-03
       198.6400032    8.6842477E-03
       204.0800033    8.0271745E-03
       206.8000034    7.3253461E-03
       209.5300034    6.6709197E-03
       212.2500035    6.0757594E-03
       214.9700035    5.5363281E-03
       220.4100036    4.6086223E-03
       225.8500037    3.8520654E-03
       236.7400038    2.7253211E-03
       247.6200040    1.9615355E-03
       258.5100042    1.4339761E-03
       272.1100044    9.8982535E-04
       285.7200046    6.9729239E-04
       299.3200049    5.0036906E-04
       312.9300051    3.6473043E-04
       340.1400055    2.0165398E-04
       353.7400058    1.5242177E-04
       380.9500062    8.9343397E-05
       394.5600064    6.9146117E-05
       408.1700066    5.3849228E-05
       435.3800071    3.3205277E-05
       462.5900075    2.0869526E-05
       476.1900077    1.6651928E-05
       489.8000080    1.3336737E-05
       503.4000082    1.0723246E-05
       517.0100084    8.6513401E-06
       557.8300091    4.6358650E-06
       571.4300093    3.7895643E-06
       585.0400095    3.1065335E-06
       612.2500100    2.1058891E-06
       666.6700108    9.9918987E-07
       680.2800111    8.3440455E-07
       707.4900115    5.8604502E-07
       734.7000119    4.1528548E-07
       761.9100124    2.9676647E-07
       789.1200128    2.1376690E-07
       816.3300133    1.5514578E-07
       843.5400137    1.1340696E-07
       870.7500142    8.3460378E-08
       911.5700148    5.3322601E-08
       952.3900155    3.4528345E-08
       993.2000162    2.2641853E-08
      1020.4000166    1.7202760E-08
      1061.2000173    1.1498188E-08
      1088.4000177    8.8413827E-09
      1102.0000179    7.7659550E-09
      1115.7000181    6.8223422E-09
      1129.3000184    6.0054792E-09
      1142.9000186    5.2919487E-09
      1156.5000188    4.6679718E-09
      1170.1000190    4.1217021E-09
      1197.3000195    3.2228955E-09
      1210.9000197    2.8539786E-09
      1224.5000199    2.5296327E-09
      1227.2000200    2.4700346E-09
      1229.9000200    2.4119267E-09
      1232.7000200    2.3531983E-09
      1235.4000201    2.2980047E-09
      1238.1000201    2.2441848E-09
      1240.8000202    2.1917022E-09
      1243.5000202    2.1405218E-09
      1246.3000203    2.0887847E-09
      1249.0000203    2.0401518E-09
      1257.2000204    2.2753137E-09
      1259.9000205    2.2238047E-09
      1262.6000205    2.1722537E-09
      1270.8000207    2.0204440E-09
      1281.6000208    1.8359221E-09
      1289.8000210    1.8574189E-09
      1292.5000210    1.8142815E-09
      1295.2000211    1.7717464E-09
      1298.0000211    1.7284959E-09
      1300.7000212    1.6877184E-09
      1303.4000212    1.6478903E-09
      1306.1000212    1.6090195E-09
      1314.3000214    1.4967250E-09
      1330.6000216    1.2973963E-09
      1341.5000218    1.1799578E-09
      1355.1000220    1.0490235E-09
      1360.6000221    1.0005312E-09
      1371.4000223    9.1209418E-10
      1382.3000225    8.3119661E-10
      1390.5000226    7.7536821E-10
      1395.9000227    7.4078482E-10
      1404.1000228    6.9136158E-10
      1406.8000229    6.7586320E-10
      1409.5000229    6.6073264E-10
      1415.0000230    6.3101097E-10
      1417.7000231    6.1694211E-10
      1420.4000231    6.0320526E-10
      1423.1000231    5.8979227E-10
      1425.9000232    5.7621585E-10
      1428.6000232    5.6343763E-10
      1431.3000233    5.5095933E-10
      1436.7000234    5.2687299E-10
      1439.5000234    5.1482540E-10
      1442.2000235    5.0348420E-10
      1444.9000235    4.9240734E-10
      1447.6000235    4.8158832E-10
      1450.4000236    4.7063409E-10
      1453.1000236    4.6032081E-10
      1455.8000237    2.5698330E-09
      1458.5000237    2.5354927E-09
      1461.2000238    2.4938636E-09
      1466.7000239    2.3996596E-09
      1469.4000239    2.3521789E-09
      1472.1000239    2.3048996E-09
      1477.6000240    2.2104616E-09
      1480.3000241    2.1653053E-09
      1488.4000242    2.0351427E-09
      1491.2000242    1.9920179E-09
      1496.6000243    1.9114996E-09
      1551.0000252    1.2661223E-09
      1632.7000266    6.9025519E-10
      1823.1000296    1.7678280E-10
      2340.2000381    4.7653864E-12
 
