       80.0000013    1.1135908E+00
        85.0000014    7.1419322E-01
        90.0000015    4.6417475E-01
        95.2390015    2.9969716E-01
       100.6800016    1.9305708E-01
       114.2900019    6.8188168E-02
       119.7300019    4.5948431E-02
       122.4500020    3.7872508E-02
       125.1700020    3.1296585E-02
       127.8900021    2.5926610E-02
       130.6100021    2.1529282E-02
       133.3300022    1.7918848E-02
       136.0600022    1.4937029E-02
       146.9400024    2.0084478E-02
       149.6600024    1.8016813E-02
       155.1000025    1.4317896E-02
       157.8200026    1.2746951E-02
       160.5500026    1.1348351E-02
       165.9900027    9.0261865E-03
       171.4300028    7.2104661E-03
       176.8700029    5.7860441E-03
       179.5900029    5.1916302E-03
       182.3100030    4.6631796E-03
       185.0400030    4.1911406E-03
       187.7600031    3.7720518E-03
       190.4800031    3.3980687E-03
       195.9200032    2.7650879E-03
       198.6400032    2.4974875E-03
       204.0800033    2.1299752E-03
       206.8000034    1.9333751E-03
       209.5300034    1.7563395E-03
       212.2500035    1.5981649E-03
       214.9700035    1.4561854E-03
       220.4100036    1.2137443E-03
       225.8500037    1.0168010E-03
       236.7400038    7.2338508E-04
       247.6200040    5.2337092E-04
       258.5100042    3.8397749E-04
       272.1100044    2.6528776E-04
       285.7200046    1.8617691E-04
       299.3200049    1.3244917E-04
       312.9300051    9.5280324E-05
       340.1400055    5.0736719E-05
       353.7400058    3.7477836E-05
       380.9500062    2.0868894E-05
       394.5600064    1.5715668E-05
       408.1700066    1.1901839E-05
       435.3800071    6.9353250E-06
       462.5900075    4.1195904E-06
       476.1900077    3.1965446E-06
       489.8000080    2.4902872E-06
       503.4000082    1.9482536E-06
       517.0100084    1.5298372E-06
       557.8300091    7.5719282E-07
       571.4300093    6.0313852E-07
       585.0400095    4.8190498E-07
       612.2500100    3.1056487E-07
       666.6700108    1.3350444E-07
       680.2800111    1.0881743E-07
       707.4900115    7.2847058E-08
       734.7000119    4.9231353E-08
       761.9100124    3.3570128E-08
       789.1200128    2.3084656E-08
       816.3300133    1.6000762E-08
       843.5400137    1.1173768E-08
       870.7500142    7.8577962E-09
       911.5700148    4.6903006E-09
       952.3900155    2.8369418E-09
       993.2000162    1.7363853E-09
      1020.4000166    1.2590576E-09
      1061.2000173    7.8324308E-10
      1088.4000177    5.7323679E-10
      1102.0000179    4.9094839E-10
      1115.7000181    4.2027398E-10
      1129.3000184    3.6039804E-10
      1142.9000186    3.0921785E-10
      1156.5000188    2.6543071E-10
      1170.1000190    2.2793653E-10
      1197.3000195    1.6824955E-10
      1210.9000197    1.4460119E-10
      1224.5000199    1.2429341E-10
      1227.2000200    1.2061581E-10
      1229.9000200    1.1704723E-10
      1232.7000200    1.1345811E-10
      1235.4000201    1.1010153E-10
      1238.1000201    1.0684424E-10
      1240.8000202    1.0368328E-10
      1243.5000202    1.0061573E-10
      1246.3000203    9.7530220E-11
      1249.0000203    9.4644334E-11
      1257.2000204    9.4057033E-11
      1259.9000205    9.1290663E-11
      1262.6000205    8.8578075E-11
      1270.8000207    8.0758504E-11
      1281.6000208    7.1461871E-11
      1289.8000210    6.7990384E-11
      1292.5000210    6.5945152E-11
      1295.2000211    6.3951545E-11
      1298.0000211    6.1941605E-11
      1300.7000212    6.0059784E-11
      1303.4000212    5.8232884E-11
      1306.1000212    5.6459937E-11
      1314.3000214    5.1392706E-11
      1330.6000216    4.2608354E-11
      1341.5000218    3.7572369E-11
      1355.1000220    3.2096530E-11
      1360.6000221    3.0109290E-11
      1371.4000223    2.6547530E-11
      1382.3000225    2.3366137E-11
      1390.5000226    2.1217476E-11
      1395.9000227    1.9907166E-11
      1404.1000228    1.8063967E-11
      1406.8000229    1.7493448E-11
      1409.5000229    1.6940059E-11
      1415.0000230    1.5863682E-11
      1417.7000231    1.5359271E-11
      1420.4000231    1.4870031E-11
      1423.1000231    1.4395511E-11
      1425.9000232    1.3918499E-11
      1428.6000232    1.3472631E-11
      1431.3000233    1.3040198E-11
      1436.7000234    1.2214058E-11
      1439.5000234    1.1805210E-11
      1442.2000235    1.1423088E-11
      1444.9000235    1.1052514E-11
      1447.6000235    1.0693143E-11
      1450.4000236    1.0331944E-11
      1453.1000236    9.9943821E-12
      1455.8000237    6.2194673E-11
      1458.5000237    6.0690480E-11
      1461.2000238    5.9022932E-11
      1466.7000239    5.5460660E-11
      1469.4000239    5.3718214E-11
      1472.1000239    5.2005632E-11
      1477.6000240    4.8638704E-11
      1480.3000241    4.7051460E-11
      1488.4000242    4.2554089E-11
      1491.2000242    4.1089590E-11
      1496.6000243    3.8390170E-11
      1551.0000252    1.8647422E-11
      1632.7000266    4.7776917E-12
 
