       80.0000013    1.7489026E-01
        85.0000014    1.0425993E-01
        90.0000015    6.3239291E-02
        95.2390015    3.8093217E-02
       100.6800016    2.2882648E-02
       114.2900019    6.8339533E-03
       119.7300019    4.3193446E-03
       122.4500020    3.4509161E-03
       125.1700020    2.7660762E-03
       127.8900021    2.2243473E-03
       130.6100021    1.7945300E-03
       133.3300022    1.4524941E-03
       136.0600022    1.1786205E-03
       146.9400024    3.7427379E-03
       149.6600024    3.2781851E-03
       155.1000025    2.4948064E-03
       157.8200026    2.1761747E-03
       160.5500026    1.8988908E-03
       165.9900027    1.4520710E-03
       171.4300028    1.1156833E-03
       176.8700029    8.6124265E-04
       179.5900029    7.5796305E-04
       182.3100030    6.6779001E-04
       185.0400030    5.8869098E-04
       187.7600031    5.1973108E-04
       190.4800031    4.5930405E-04
       195.9200032    3.5974089E-04
       198.6400032    3.1881299E-04
       204.0800033    3.5158015E-04
       206.8000034    3.1867973E-04
       209.5300034    2.8896460E-04
       212.2500035    2.6235296E-04
       214.9700035    2.3841379E-04
       220.4100036    1.9741658E-04
       225.8500037    1.6400743E-04
       236.7400038    1.1414009E-04
       247.6200040    8.0257611E-05
       258.5100042    5.6901707E-05
       272.1100044    3.7427933E-05
       285.7200046    2.4871468E-05
       299.3200049    1.6690889E-05
       312.9300051    1.1296932E-05
       340.1400055    5.3039344E-06
       353.7400058    3.6760389E-06
       380.9500062    1.8024899E-06
       394.5600064    1.2744416E-06
       408.1700066    9.0664599E-07
       435.3800071    4.6697281E-07
       462.5900075    2.4566589E-07
       476.1900077    1.7949928E-07
       489.8000080    1.3170640E-07
       503.4000082    9.7061047E-08
       517.0100084    7.1787412E-08
       557.8300091    2.9630081E-08
       571.4300093    2.2185036E-08
       585.0400095    1.6642725E-08
       612.2500100    9.4141281E-09
       666.6700108    3.0372433E-09
       680.2800111    2.2867213E-09
       707.4900115    1.2902707E-09
       734.7000119    7.2011641E-10
       761.9100124    3.9469905E-10
       789.1200128    2.1014193E-10
       816.3300133    1.0658002E-10
       843.5400137    4.9289406E-11
       870.7500142    1.7680538E-11
 
