       80.0000013    2.1711211E-02
        85.0000014    1.1913898E-02
        90.0000015    6.6776580E-03
        95.2390015    3.7230252E-03
       100.6800016    2.0794862E-03
       114.2900019    5.4244537E-04
       119.7300019    3.3250696E-04
       122.4500020    2.6311240E-04
       125.1700020    2.0969561E-04
       127.8900021    1.6832326E-04
       130.6100021    1.3607767E-04
       133.3300022    1.1078366E-04
       136.0600022    9.0747836E-05
       146.9400024    5.3531163E-04
       149.6600024    4.5342073E-04
       155.1000025    3.2570606E-04
       157.8200026    2.7658754E-04
       160.5500026    2.3508204E-04
       165.9900027    1.7075981E-04
       171.4300028    1.2471232E-04
       176.8700029    9.1542976E-05
       179.5900029    7.8570793E-05
       182.3100030    6.7514413E-05
       185.0400030    5.8046870E-05
       187.7600031    4.9989344E-05
       190.4800031    4.3096371E-05
       195.9200032    3.2130982E-05
       198.6400032    2.7786076E-05
       204.0800033    5.0450419E-05
       206.8000034    4.4928303E-05
       209.5300034    3.9989508E-05
       212.2500035    3.5622622E-05
       214.9700035    3.1750424E-05
       220.4100036    2.5270333E-05
       225.8500037    2.0163283E-05
       236.7400038    1.2922915E-05
       247.6200040    8.3580591E-06
       258.5100042    5.4462477E-06
       272.1100044    3.2221859E-06
       285.7200046    1.9246137E-06
       299.3200049    1.1598678E-06
       312.9300051    7.0369761E-07
       340.1400055    2.6296421E-07
       353.7400058    1.6138016E-07
       380.9500062    6.0570888E-08
       394.5600064    3.6855554E-08
       408.1700066    2.2230657E-08
       435.3800071    7.7304652E-09
       462.5900075    2.3743234E-09
       476.1900077    1.1808352E-09
       489.8000080    4.7127549E-10
 
