       80.0000013    7.0788346E-02
        85.0000014    4.0707380E-02
        90.0000015    2.3833010E-02
        95.2390015    1.3847129E-02
       100.6800016    8.0242036E-03
       114.2900019    2.2152523E-03
       119.7300019    1.3657152E-03
       122.4500020    1.0795692E-03
       125.1700020    8.5728877E-04
       127.8900021    6.8394857E-04
       130.6100021    5.4824492E-04
       133.3300022    4.4158712E-04
       136.0600022    3.5714897E-04
       146.9400024    1.6231450E-03
       149.6600024    1.4007638E-03
       155.1000025    1.0400959E-03
       157.8200026    8.9720293E-04
       160.5500026    7.7447097E-04
       165.9900027    5.7999272E-04
       171.4300028    4.3661630E-04
       176.8700029    3.3030479E-04
       179.5900029    2.8779329E-04
       182.3100030    2.5103244E-04
       185.0400030    2.1909564E-04
       187.7600031    1.9151875E-04
       190.4800031    1.6758418E-04
       195.9200032    1.2869609E-04
       198.6400032    1.1294194E-04
       204.0800033    1.5438478E-04
       206.8000034    1.3910273E-04
       209.5300034    1.2532259E-04
       212.2500035    1.1302149E-04
       214.9700035    1.0200042E-04
       220.4100036    8.3256054E-05
       225.8500037    6.8140856E-05
       236.7400038    4.5964698E-05
       247.6200040    3.1289837E-05
       258.5100042    2.1461323E-05
       272.1100044    1.3538916E-05
       285.7200046    8.6284463E-06
       299.3200049    5.5551086E-06
       312.9300051    3.6085517E-06
       340.1400055    1.5627187E-06
       353.7400058    1.0407050E-06
       380.9500062    4.7110765E-07
       394.5600064    3.1986542E-07
       408.1700066    2.1834026E-07
       435.3800071    1.0312932E-07
       462.5900075    4.9346742E-08
       476.1900077    3.4238372E-08
       489.8000080    2.3768072E-08
       503.4000082    1.6501707E-08
       517.0100084    1.1440444E-08
       557.8300091    3.7408774E-09
       571.4300093    2.5479370E-09
       585.0400095    1.7186326E-09
       612.2500100    7.4925022E-10
       666.6700108    8.3760561E-11
       680.2800111    1.2257565E-11
 
