       80.0000013    1.6215886E+00
        85.0000014    1.0592831E+00
        90.0000015    7.0006603E-01
        95.2390015    4.5927268E-01
       100.6800016    3.0036050E-01
       114.2900019    1.0962217E-01
       119.7300019    7.4721381E-02
       122.4500020    6.1924245E-02
       125.1700020    5.1441435E-02
       127.8900021    4.2831164E-02
       130.6100021    3.5740532E-02
       133.3300022    2.9886726E-02
       136.0600022    2.5026226E-02
       146.9400024    2.8104670E-02
       149.6600024    2.5160436E-02
       155.1000025    1.9958062E-02
       157.8200026    1.7761365E-02
       160.5500026    1.5809750E-02
       165.9900027    1.2576033E-02
       171.4300028    1.0052160E-02
       176.8700029    8.0743162E-03
       179.5900029    7.2493269E-03
       182.3100030    6.5159779E-03
       185.0400030    5.8609159E-03
       187.7600031    5.2792719E-03
       190.4800031    4.7601187E-03
       195.9200032    3.8809869E-03
       198.6400032    3.5090572E-03
       204.0800033    3.0080352E-03
       206.8000034    2.7251379E-03
       209.5300034    2.4697455E-03
       212.2500035    2.2416140E-03
       214.9700035    2.0371466E-03
       220.4100036    1.6891602E-03
       225.8500037    1.4079809E-03
       236.7400038    9.9254877E-04
       247.6200040    7.1258296E-04
       258.5100042    5.1952829E-04
       272.1100044    3.5680499E-04
       285.7200046    2.4932635E-04
       299.3200049    1.7681254E-04
       312.9300051    1.2687175E-04
       340.1400055    6.7233297E-05
       353.7400058    4.9519480E-05
       380.9500062    2.7361837E-05
       394.5600064    2.0501853E-05
       408.1700066    1.5435626E-05
       435.3800071    8.8670922E-06
       462.5900075    5.1757870E-06
       476.1900077    3.9767415E-06
       489.8000080    3.0656317E-06
       503.4000082    2.3717366E-06
       517.0100084    1.8405732E-06
       557.8300091    8.7652080E-07
       571.4300093    6.8858742E-07
       585.0400095    5.4234920E-07
       612.2500100    3.3917200E-07
       666.6700108    1.3650349E-07
       680.2800111    1.0929698E-07
       707.4900115    7.0476617E-08
       734.7000119    4.5748926E-08
       761.9100124    2.9865785E-08
       789.1200128    1.9586489E-08
       816.3300133    1.2889421E-08
       843.5400137    8.5011544E-09
       870.7500142    5.6121170E-09
       911.5700148    3.0058713E-09
       952.3900155    1.5994082E-09
       993.2000162    8.3977758E-10
      1020.4000166    5.4004695E-10
      1061.2000173    2.7064906E-10
      1088.4000177    1.6585536E-10
      1102.0000179    1.2815765E-10
      1115.7000181    9.7662371E-11
      1129.3000184    7.3404983E-11
      1142.9000186    5.3979536E-11
      1156.5000188    3.8413665E-11
      1170.1000190    2.5852596E-11
      1197.3000195    5.0228775E-12
 
