       80.0000013    6.2459040E-01
        85.0000014    3.8977540E-01
        90.0000015    2.4681589E-01
        95.2390015    1.5519555E-01
       100.6800016    9.7297139E-02
       114.2900019    3.2091245E-02
       119.7300019    2.1028133E-02
       122.4500020    1.7089428E-02
       125.1700020    1.3923462E-02
       127.8900021    1.1371687E-02
       130.6100021    9.3095750E-03
       133.3300022    7.6389778E-03
       136.0600022    6.2778047E-03
       146.9400024    1.0970875E-02
       149.6600024    9.7646527E-03
       155.1000025    7.6324474E-03
       157.8200026    6.7378427E-03
       160.5500026    5.9474958E-03
       165.9900027    4.6497132E-03
       171.4300028    3.6500578E-03
       176.8700029    2.8775884E-03
       179.5900029    2.5589929E-03
       182.3100030    2.2779421E-03
       185.0400030    2.0288569E-03
       187.7600031    1.8094606E-03
       190.4800031    1.6152377E-03
       195.9200032    1.2904030E-03
       198.6400032    1.1547855E-03
       204.0800033    1.0244612E-03
       206.8000034    9.2815986E-04
       209.5300034    8.4169913E-04
       212.2500035    7.6456828E-04
       214.9700035    6.9538894E-04
       220.4100036    5.7731400E-04
       225.8500037    4.8140829E-04
       236.7400038    3.3853747E-04
       247.6200040    2.4127532E-04
       258.5100042    1.7376088E-04
       272.1100044    1.1676136E-04
       285.7200046    7.9335143E-05
       299.3200049    5.4436226E-05
       312.9300051    3.7648784E-05
       340.1400055    1.8396659E-05
       353.7400058    1.2981722E-05
       380.9500062    6.5703239E-06
       394.5600064    4.7095305E-06
       408.1700066    3.3917127E-06
       435.3800071    1.7828701E-06
       462.5900075    9.5208799E-07
       476.1900077    6.9949698E-07
       489.8000080    5.1540593E-07
       503.4000082    3.8091375E-07
       517.0100084    2.8215172E-07
       557.8300091    1.1600123E-07
       571.4300093    8.6484050E-08
       585.0400095    6.4499652E-08
       612.2500100    3.5877232E-08
       666.6700108    1.0926135E-08
       680.2800111    8.0575004E-09
       707.4900115    4.3168624E-09
       734.7000119    2.2440680E-09
       761.9100124    1.1093920E-09
       789.1200128    4.9862187E-10
       816.3300133    1.7241479E-10
 
