       80.0000013    4.2332263E+00
        85.0000014    2.9366429E+00
        90.0000015    2.0507112E+00
        95.2390015    1.4183340E+00
       100.6800016    9.7538185E-01
       114.2900019    3.9753339E-01
       119.7300019    2.8203136E-01
       122.4500020    2.3832050E-01
       125.1700020    2.0180824E-01
       127.8900021    1.7124265E-01
       130.6100021    1.4559978E-01
       133.3300022    1.2404062E-01
       136.0600022    1.0581519E-01
       146.9400024    8.5975729E-02
       149.6600024    7.6430395E-02
       155.1000025    6.0227886E-02
       157.8200026    5.3546708E-02
       160.5500026    4.7669828E-02
       165.9900027    3.8032502E-02
       171.4300028    3.0579684E-02
       176.8700029    2.4767693E-02
       179.5900029    2.2347089E-02
       182.3100030    2.0195305E-02
       185.0400030    1.8271854E-02
       187.7600031    1.6561646E-02
       190.4800031    1.5032171E-02
       195.9200032    1.2431785E-02
       198.6400032    1.1325894E-02
       204.0800033    1.0771393E-02
       206.8000034    9.8489467E-03
       209.5300034    8.9763859E-03
       212.2500035    8.1768679E-03
       214.9700035    7.4490500E-03
       220.4100036    6.1928649E-03
       225.8500037    5.1658377E-03
       236.7400038    3.6346668E-03
       247.6200040    2.5979416E-03
       258.5100042    1.8844038E-03
       272.1100044    1.2874055E-03
       285.7200046    8.9775992E-04
       299.3200049    6.3819462E-04
       312.9300051    4.6135648E-04
       340.1400055    2.5186199E-04
       353.7400058    1.8951770E-04
       380.9500062    1.1041143E-04
       394.5600064    8.5280473E-05
       408.1700066    6.6310844E-05
       435.3800071    4.0790906E-05
       462.5900075    2.5576202E-05
       476.1900077    2.0378608E-05
       489.8000080    1.6294391E-05
       503.4000082    1.3075611E-05
       517.0100084    1.0524839E-05
       557.8300091    5.5876521E-06
       571.4300093    4.5496699E-06
       585.0400095    3.7133905E-06
       612.2500100    2.4921758E-06
       666.6700108    1.1532898E-06
       680.2800111    9.5617213E-07
       707.4900115    6.6125955E-07
       734.7000119    4.6079543E-07
       761.9100124    3.2343752E-07
       789.1200128    2.2859859E-07
       816.3300133    1.6263898E-07
       843.5400137    1.1644254E-07
       870.7500142    8.3870113E-08
       911.5700148    5.1814073E-08
       952.3900155    3.2394741E-08
       993.2000162    2.0480080E-08
      1020.4000166    1.5172489E-08
      1061.2000173    9.7503969E-09
      1088.4000177    7.2957631E-09
      1102.0000179    6.3193033E-09
      1115.7000181    5.4723555E-09
      1129.3000184    4.7476858E-09
      1142.9000186    4.1220987E-09
      1156.5000188    3.5815160E-09
      1170.1000190    3.1139433E-09
      1197.3000195    2.3583915E-09
      1210.9000197    2.0541990E-09
      1224.5000199    1.7901732E-09
      1227.2000200    1.7420425E-09
      1229.9000200    1.6952373E-09
      1232.7000200    1.6480580E-09
      1235.4000201    1.6038368E-09
      1238.1000201    1.5608297E-09
      1240.8000202    1.5190019E-09
      1243.5000202    1.4783200E-09
      1246.3000203    1.4373069E-09
      1249.0000203    1.3988597E-09
      1257.2000204    1.5278355E-09
      1259.9000205    1.4876212E-09
      1262.6000205    1.4476719E-09
      1270.8000207    1.3311046E-09
      1281.6000208    1.1910635E-09
      1289.8000210    1.1853682E-09
      1292.5000210    1.1531874E-09
      1295.2000211    1.1216166E-09
      1298.0000211    1.0896493E-09
      1300.7000212    1.0596214E-09
      1303.4000212    1.0303920E-09
      1306.1000212    1.0019583E-09
      1314.3000214    9.2033775E-10
      1330.6000216    7.7749862E-10
      1341.5000218    6.9470585E-10
      1355.1000220    6.0376032E-10
      1360.6000221    5.7047955E-10
      1371.4000223    5.1040000E-10
      1382.3000225    4.5620149E-10
      1390.5000226    4.1926415E-10
      1395.9000227    3.9658932E-10
      1404.1000228    3.6447839E-10
      1406.8000229    3.5448389E-10
      1409.5000229    3.4476266E-10
      1415.0000230    3.2577416E-10
      1417.7000231    3.1683728E-10
      1420.4000231    3.0814429E-10
      1423.1000231    2.9968847E-10
      1425.9000232    2.9116293E-10
      1428.6000232    2.8317007E-10
      1431.3000233    2.7539498E-10
      1436.7000234    2.6047425E-10
      1439.5000234    2.5305577E-10
      1442.2000235    2.4610039E-10
      1444.9000235    2.3933416E-10
      1447.6000235    2.3275189E-10
      1450.4000236    2.2611470E-10
      1453.1000236    2.1989160E-10
      1455.8000237    1.2488486E-09
      1458.5000237    1.2252498E-09
      1461.2000238    1.1982888E-09
      1466.7000239    1.1395035E-09
      1469.4000239    1.1104169E-09
      1472.1000239    1.0816741E-09
      1477.6000240    1.0247698E-09
      1480.3000241    9.9776909E-10
      1488.4000242    9.2064151E-10
      1491.2000242    8.9531677E-10
      1496.6000243    8.4834589E-10
      1551.0000252    4.8926313E-10
      1632.7000266    2.0644561E-10
      1823.1000296    1.6464654E-11
 
