       80.0000013    2.7122374E-03
        85.0000014    1.3546271E-03
        90.0000015    7.0018659E-04
        95.2390015    3.6520109E-04
       100.6800016    1.9476205E-04
       114.2900019    4.9905069E-05
       119.7300019    3.1136944E-05
       122.4500020    2.4887302E-05
       125.1700020    2.0021494E-05
       127.8900021    1.6195549E-05
       130.6100021    1.3160166E-05
       133.3300022    1.0732824E-05
       136.0600022    8.7717435E-06
       146.9400024    3.2639851E-05
       149.6600024    2.5556643E-05
       155.1000025    1.5611033E-05
       157.8200026    1.2177941E-05
       160.5500026    9.4755651E-06
       165.9900027    5.7105622E-06
       171.4300028    3.4020964E-06
       176.8700029    1.9945751E-06
       179.5900029    1.5152076E-06
       182.3100030    1.1434552E-06
       185.0400030    8.5511726E-07
       187.7600031    6.3392872E-07
       190.4800031    4.6423082E-07
       195.9200032    2.3614587E-07
       198.6400032    1.6165119E-07
       204.0800033    3.7515144E-07
       206.8000034    1.7953880E-07
 
