       80.0000013    5.7795208E-02
        85.0000014    3.2556701E-02
        90.0000015    1.8676013E-02
        95.2390015    1.0624580E-02
       100.6800016    6.0258554E-03
       114.2900019    1.5803399E-03
       119.7300019    9.5584354E-04
       122.4500020    7.4869121E-04
       125.1700020    5.8930326E-04
       127.8900021    4.6616583E-04
       130.6100021    3.7064121E-04
       133.3300022    2.9622624E-04
       136.0600022    2.3781865E-04
       146.9400024    1.1441377E-03
       149.6600024    9.7445521E-04
       155.1000025    7.0501183E-04
       157.8200026    6.0022710E-04
       160.5500026    5.1124621E-04
       165.9900027    3.7256454E-04
       171.4300028    2.7266581E-04
       176.8700029    2.0035311E-04
       179.5900029    1.7198559E-04
       182.3100030    1.4776750E-04
       185.0400030    1.2700002E-04
       187.7600031    1.0930437E-04
       190.4800031    9.4151714E-05
       195.9200032    7.0023518E-05
       198.6400032    6.0457747E-05
       204.0800033    8.9908630E-05
       206.8000034    7.9951293E-05
       209.5300034    7.1064045E-05
       212.2500035    6.3214437E-05
       214.9700035    5.6258090E-05
       220.4100036    4.4622022E-05
       225.8500037    3.5455872E-05
       236.7400038    2.2475697E-05
       247.6200040    1.4317992E-05
       258.5100042    9.1449992E-06
       272.1100044    5.2352593E-06
       285.7200046    2.9946984E-06
       299.3200049    1.7076978E-06
       312.9300051    9.6636961E-07
       340.1400055    2.9691685E-07
       353.7400058    1.5875266E-07
       380.9500062    3.8666329E-08
       394.5600064    1.5594011E-08
       408.1700066    1.4210748E-09
 
