       80.0000013    3.3343151E-01
        85.0000014    2.0229961E-01
        90.0000015    1.2468378E-01
        95.2390015    7.6276302E-02
       100.6800016    4.6508584E-02
       114.2900019    1.4348550E-02
       119.7300019    9.1662584E-03
       122.4500020    7.3580351E-03
       125.1700020    5.9230621E-03
       127.8900021    4.7810571E-03
       130.6100021    3.8697096E-03
       133.3300022    3.1404926E-03
       136.0600022    2.5535694E-03
       146.9400024    6.0957954E-03
       149.6600024    5.3752339E-03
       155.1000025    4.1323975E-03
       157.8200026    3.6197731E-03
       160.5500026    3.1708153E-03
       165.9900027    2.4418226E-03
       171.4300028    1.8881219E-03
       176.8700029    1.4659931E-03
       179.5900029    1.2936749E-03
       182.3100030    1.1426880E-03
       185.0400030    1.0097860E-03
       187.7600031    8.9353061E-04
       190.4800031    7.9132908E-04
       195.9200032    6.2216510E-04
       198.6400032    5.5231131E-04
       204.0800033    5.3965813E-04
       206.8000034    4.8813806E-04
       209.5300034    4.4179257E-04
       212.2500035    4.0040570E-04
       214.9700035    3.6326479E-04
       220.4100036    2.9985385E-04
       225.8500037    2.4837287E-04
       236.7400038    1.7188971E-04
       247.6200040    1.2020458E-04
       258.5100042    8.4739106E-05
       272.1100044    5.5304932E-05
       285.7200046    3.6426027E-05
       299.3200049    2.4197938E-05
       312.9300051    1.6189253E-05
       340.1400055    7.3922843E-06
       353.7400058    5.0398585E-06
       380.9500062    2.3775694E-06
       394.5600064    1.6435498E-06
       408.1700066    1.1403324E-06
       435.3800071    5.5391564E-07
       462.5900075    2.7105142E-07
       476.1900077    1.8981684E-07
       489.8000080    1.3283747E-07
       503.4000082    9.2863942E-08
       517.0100084    6.4751582E-08
       557.8300091    2.1383872E-08
       571.4300093    1.4572304E-08
       585.0400095    9.8167225E-09
       612.2500100    4.2348631E-09
       666.6700108    3.7381417E-10
 
