       80.0000013    1.0467162E+00
        85.0000014    6.6904485E-01
        90.0000015    4.3335843E-01
        95.2390015    2.7875140E-01
       100.6800016    1.7879675E-01
       114.2900019    6.2323853E-02
       119.7300019    4.1728217E-02
       122.4500020    3.4275323E-02
       125.1700020    2.8221637E-02
       127.8900021    2.3291118E-02
       130.6100021    1.9264942E-02
       133.3300022    1.5969058E-02
       136.0600022    1.3255578E-02
       146.9400024    1.8057397E-02
       149.6600024    1.6148677E-02
       155.1000025    1.2749889E-02
       157.8200026    1.1313019E-02
       160.5500026    1.0037616E-02
       165.9900027    7.9293549E-03
       171.4300028    6.2909224E-03
       176.8700029    5.0135111E-03
       179.5900029    4.4829883E-03
       182.3100030    4.0128198E-03
       185.0400030    3.5941673E-03
       187.7600031    3.2236527E-03
       190.4800031    2.8940628E-03
       195.9200032    2.3388208E-03
       198.6400032    2.1052237E-03
       204.0800033    1.7974677E-03
       206.8000034    1.6281501E-03
       209.5300034    1.4761270E-03
       212.2500035    1.3406264E-03
       214.9700035    1.2192534E-03
       220.4100036    1.0125699E-03
       225.8500037    8.4523170E-04
       236.7400038    5.9697154E-04
       247.6200040    4.2860274E-04
       258.5100042    3.1181989E-04
       272.1100044    2.1291859E-04
       285.7200046    1.4744569E-04
       299.3200049    1.0333660E-04
       312.9300051    7.3113864E-05
       340.1400055    3.7491776E-05
       353.7400058    2.7120745E-05
       380.9500062    1.4430832E-05
       394.5600064    1.0606352E-05
       408.1700066    7.8322328E-06
       435.3800071    4.3286886E-06
       462.5900075    2.4318067E-06
       476.1900077    1.8333501E-06
       489.8000080    1.3868793E-06
       503.4000082    1.0529741E-06
       517.0100084    8.0194479E-07
       557.8300091    3.6084901E-07
       571.4300093    2.7808039E-07
       585.0400095    2.1478412E-07
       612.2500100    1.2901232E-07
       666.6700108    4.7527308E-08
       680.2800111    3.7137315E-08
       707.4900115    2.2724109E-08
       734.7000119    1.3917030E-08
       761.9100124    8.5109759E-09
       789.1200128    5.1835776E-09
       816.3300133    3.1341008E-09
       843.5400137    1.8735506E-09
       870.7500142    1.1011819E-09
       911.5700148    4.7111953E-10
       952.3900155    1.7840569E-10
       993.2000162    4.3931733E-11
 
