       80.0000013    2.3532293E+00
        85.0000014    1.5693005E+00
        90.0000015    1.0568752E+00
        95.2390015    7.0603687E-01
       100.6800016    4.6984759E-01
       114.2900019    1.7837760E-01
       119.7300019    1.2340842E-01
       122.4500020    1.0302702E-01
       125.1700020    8.6214021E-02
       127.8900021    7.2308317E-02
       130.6100021    6.0777891E-02
       133.3300022    5.1193435E-02
       136.0600022    4.3180749E-02
       146.9400024    4.1952077E-02
       149.6600024    3.7500080E-02
       155.1000025    2.9754782E-02
       157.8200026    2.6507748E-02
       160.5500026    2.3629237E-02
       165.9900027    1.8866532E-02
       171.4300028    1.5149724E-02
       176.8700029    1.2233010E-02
       179.5900029    1.1014271E-02
       182.3100030    9.9293320E-03
       185.0400030    8.9586042E-03
       187.7600031    8.0950838E-03
       190.4800031    7.3227864E-03
       195.9200032    6.0107084E-03
       198.6400032    5.4535731E-03
       204.0800033    4.8118620E-03
       206.8000034    4.3668076E-03
       209.5300034    3.9604008E-03
       212.2500035    3.5952113E-03
       214.9700035    3.2668151E-03
       220.4100036    2.7065258E-03
       225.8500037    2.2532050E-03
       236.7400038    1.5837530E-03
       247.6200040    1.1339291E-03
       258.5100042    8.2516723E-04
       272.1100044    5.6642084E-04
       285.7200046    3.9655701E-04
       299.3200049    2.8246318E-04
       312.9300051    2.0405017E-04
       340.1400055    1.1023291E-04
       353.7400058    8.2155944E-05
       380.9500062    4.6618447E-05
       394.5600064    3.5433517E-05
       408.1700066    2.7072803E-05
       435.3800071    1.6027272E-05
       462.5900075    9.6438553E-06
       476.1900077    7.5227481E-06
       489.8000080    5.8872588E-06
       503.4000082    4.6233131E-06
       517.0100084    3.6415595E-06
       557.8300091    1.8118695E-06
       571.4300093    1.4440217E-06
       585.0400095    1.1537503E-06
       612.2500100    7.4238409E-07
       666.6700108    3.1641090E-07
       680.2800111    2.5708303E-07
       707.4900115    1.7080961E-07
       734.7000119    1.1439040E-07
       761.9100124    7.7172267E-08
       789.1200128    5.2417551E-08
       816.3300133    3.5824222E-08
       843.5400137    2.4620233E-08
       870.7500142    1.7003670E-08
       911.5700148    9.8344524E-09
       952.3900155    5.7287681E-09
       993.2000162    3.3528818E-09
      1020.4000166    2.3489570E-09
      1061.2000173    1.3767814E-09
      1088.4000177    9.6257646E-10
      1102.0000179    8.0410772E-10
      1115.7000181    6.7027722E-10
      1129.3000184    5.5890209E-10
      1142.9000186    4.6548035E-10
      1156.5000188    3.8713452E-10
      1170.1000190    3.2145295E-10
      1197.3000195    2.2031592E-10
      1210.9000197    1.8173583E-10
      1224.5000199    1.4947338E-10
      1227.2000200    1.4372900E-10
      1229.9000200    1.3818632E-10
      1232.7000200    1.3264403E-10
      1235.4000201    1.2749120E-10
      1238.1000201    1.2251991E-10
      1240.8000202    1.1772400E-10
      1243.5000202    1.1309748E-10
      1246.3000203    1.0847238E-10
      1249.0000203    1.0417332E-10
      1257.2000204    1.0104804E-10
      1259.9000205    9.6968926E-11
      1262.6000205    9.3004111E-11
      1270.8000207    8.1750884E-11
      1281.6000208    6.8711245E-11
      1289.8000210    6.2848775E-11
      1292.5000210    6.0080309E-11
      1295.2000211    5.7406132E-11
      1298.0000211    5.4733801E-11
      1300.7000212    5.2253157E-11
      1303.4000212    4.9864845E-11
      1306.1000212    4.7566201E-11
      1314.3000214    4.1104828E-11
      1330.6000216    3.0319601E-11
      1341.5000218    2.4403457E-11
      1355.1000220    1.8215476E-11
      1360.6000221    1.6034883E-11
      1371.4000223    1.2206790E-11
      1382.3000225    8.8452648E-12
      1390.5000226    6.5530589E-12
      1395.9000227    5.0945667E-12
      1404.1000228    2.7255123E-12
      1406.8000229    1.7006452E-12
 
