       80.0000013    3.2276766E+00
        85.0000014    2.1958451E+00
        90.0000015    1.5060567E+00
        95.2390015    1.0237924E+00
       100.6800016    6.9263756E-01
       114.2900019    2.7258411E-01
       119.7300019    1.9104220E-01
       122.4500020    1.6049707E-01
       125.1700020    1.3514046E-01
       127.8900021    1.1403970E-01
       130.6100021    9.6438468E-02
       133.3300022    8.1721932E-02
       136.0600022    6.9347650E-02
       146.9400024    6.0651686E-02
       149.6600024    5.4066796E-02
       155.1000025    4.2782988E-02
       157.8200026    3.8095228E-02
       160.5500026    3.3955425E-02
       165.9900027    2.7133195E-02
       171.4300028    2.1828217E-02
       176.8700029    1.7673396E-02
       179.5900029    1.5938500E-02
       182.3100030    1.4394187E-02
       185.0400030    1.3012208E-02
       187.7600031    1.1782357E-02
       190.4800031    1.0681749E-02
       195.9200032    8.8094696E-03
       198.6400032    8.0130929E-03
       204.0800033    7.3444345E-03
       206.8000034    6.6868938E-03
       209.5300034    6.0766973E-03
       212.2500035    5.5235014E-03
       214.9700035    5.0233100E-03
       220.4100036    4.1656219E-03
       225.8500037    3.4686888E-03
       236.7400038    2.4359392E-03
       247.6200040    1.7406754E-03
       258.5100042    1.2637210E-03
       272.1100044    8.6513534E-04
       285.7200046    6.0469448E-04
       299.3200049    4.3067613E-04
       312.9300051    3.1164222E-04
       340.1400055    1.6981958E-04
       353.7400058    1.2741066E-04
       380.9500062    7.3530107E-05
       394.5600064    5.6440214E-05
       408.1700066    4.3577249E-05
       435.3800071    2.6381551E-05
       462.5900075    1.6251555E-05
       476.1900077    1.2829546E-05
       489.8000080    1.0161740E-05
       503.4000082    8.0766431E-06
       517.0100084    6.4384649E-06
       557.8300091    3.3197884E-06
       571.4300093    2.6769637E-06
       585.0400095    2.1638571E-06
       612.2500100    1.4246294E-06
       666.6700108    6.3498140E-07
       680.2800111    5.2163517E-07
       707.4900115    3.5425859E-07
       734.7000119    2.4249229E-07
       761.9100124    1.6723558E-07
       789.1200128    1.1615543E-07
       816.3300133    8.1219902E-08
       843.5400137    5.7151791E-08
       870.7500142    4.0455038E-08
       911.5700148    2.4339570E-08
       952.3900155    1.4807055E-08
       993.2000162    9.0965013E-09
      1020.4000166    6.6048034E-09
      1061.2000173    4.1101971E-09
      1088.4000177    3.0054725E-09
      1102.0000179    2.5720064E-09
      1115.7000181    2.1994899E-09
      1129.3000184    1.8837618E-09
      1142.9000186    1.6138328E-09
      1156.5000188    1.3828976E-09
      1170.1000190    1.1851956E-09
      1197.3000195    8.7070257E-10
      1210.9000197    7.4624967E-10
      1224.5000199    6.3949301E-10
      1227.2000200    6.2017486E-10
      1229.9000200    6.0143451E-10
      1232.7000200    5.8259170E-10
      1235.4000201    5.6497479E-10
      1238.1000201    5.4788424E-10
      1240.8000202    5.3130406E-10
      1243.5000202    5.1521892E-10
      1246.3000203    4.9904497E-10
      1249.0000203    4.8392251E-10
      1257.2000204    5.0345050E-10
      1259.9000205    4.8828119E-10
      1262.6000205    4.7334381E-10
      1270.8000207    4.3018672E-10
      1281.6000208    3.7892595E-10
      1289.8000210    3.6672868E-10
      1292.5000210    3.5527306E-10
      1295.2000211    3.4409545E-10
      1298.0000211    3.3282602E-10
      1300.7000212    3.2227931E-10
      1303.4000212    3.1204708E-10
      1306.1000212    3.0212494E-10
      1314.3000214    2.7381786E-10
      1330.6000216    2.2496138E-10
      1341.5000218    1.9710097E-10
      1355.1000220    1.6695648E-10
      1360.6000221    1.5606162E-10
      1371.4000223    1.3660308E-10
      1382.3000225    1.1930737E-10
      1390.5000226    1.0767858E-10
      1395.9000227    1.0061040E-10
      1404.1000228    9.0700947E-11
      1406.8000229    8.7642220E-11
      1409.5000229    8.4679465E-11
      1415.0000230    7.8928912E-11
      1417.7000231    7.6239785E-11
      1420.4000231    7.3635452E-11
      1423.1000231    7.1113157E-11
      1425.9000232    6.8581404E-11
      1428.6000232    6.6218524E-11
      1431.3000233    6.3930278E-11
      1436.7000234    5.9568593E-11
      1439.5000234    5.7415104E-11
      1442.2000235    5.5405579E-11
      1444.9000235    5.3459841E-11
      1447.6000235    5.1575924E-11
      1450.4000236    4.9685509E-11
      1453.1000236    4.7921719E-11
      1455.8000237    2.8397792E-10
      1458.5000237    2.7631214E-10
      1461.2000238    2.6794741E-10
      1466.7000239    2.5028835E-10
      1469.4000239    2.4170549E-10
      1472.1000239    2.3329222E-10
      1477.6000240    2.1680287E-10
      1480.3000241    2.0904987E-10
      1488.4000242    1.8714856E-10
      1491.2000242    1.8003801E-10
      1496.6000243    1.6696020E-10
      1551.0000252    7.2717922E-11
      1632.7000266    1.3100467E-12
 
