       80.0000013    1.6048949E-02
        85.0000014    8.5752048E-03
        90.0000015    4.6781367E-03
        95.2390015    2.5348028E-03
       100.6800016    1.3746966E-03
       114.2900019    3.3489749E-04
       119.7300019    2.0055394E-04
       122.4500020    1.5703148E-04
       125.1700020    1.2392840E-04
       127.8900021    9.8575358E-05
       130.6100021    7.9018755E-05
       133.3300022    6.3822430E-05
       136.0600022    5.1887062E-05
       146.9400024    2.9318334E-04
       149.6600024    2.4276313E-04
       155.1000025    1.6662759E-04
       157.8200026    1.3826443E-04
       160.5500026    1.1478126E-04
       165.9900027    7.9464204E-05
       171.4300028    5.5222987E-05
       176.8700029    3.8501923E-05
       179.5900029    3.2182976E-05
       182.3100030    2.6918067E-05
       185.0400030    2.2512626E-05
       187.7600031    1.8850213E-05
       190.4800031    1.5790793E-05
       195.9200032    1.1093473E-05
       198.6400032    9.3022882E-06
       204.0800033    1.9475534E-05
       206.8000034    1.6858265E-05
       209.5300034    1.4565978E-05
       212.2500035    1.2582429E-05
       214.9700035    1.0862587E-05
       220.4100036    8.0822347E-06
       225.8500037    5.9979498E-06
       236.7400038    3.2667667E-06
       247.6200040    1.7445509E-06
       258.5100042    9.0275466E-07
       272.1100044    3.6870210E-07
       285.7200046    1.2676966E-07
       299.3200049    1.2441470E-08
 
