1      15.830308      -67021.741541      26.282288      29.458841     3683882820.637979
2      15.812681      -67028.747800      26.332525      34.726637     3683883084.135050
3      15.792318      -67025.435478      26.249338      33.039305     3683883353.360449
4      15.995890      -67029.932679      26.315363      29.661672     3683883645.293147
5      16.108738      -67036.113976      26.269575      34.470367     3683883985.637613
6      15.893399      -67032.628218      26.302665      29.297211     3683884351.373532
7      15.983792      -67041.690143      26.356058      31.466094     3683884719.514589
8      16.135616      -67033.433495      26.216019      29.330604     3683885070.243649
9      15.943848      -67038.431048      26.281732      29.991239     3683885390.584971
10      15.773475      -67037.699446      26.175798      29.361638     3683885702.939837
11      16.081550      -67033.861931      26.306479      30.270343     3683886033.948770
12      15.940036      -67036.871229      26.214956      29.839001     3683886317.477986
13      16.033534      -67039.401238      26.236848      29.254080     3683886598.325050
14      15.954736      -67035.343900      26.190106      32.835121     3683886869.584566
15      16.220804      -67037.254713      26.386477      30.713493     3683887179.881314
16      15.847400      -67034.670541      26.235026      29.917549     3683887501.589714
17      15.873677      -67034.905727      26.256991      31.352595     3683887829.847490
18      15.991022      -67029.794221      26.272777      29.248017     3683888143.601435
19      16.081199      -67030.711951      26.308003      32.406716     3683888468.480017
20      16.129511      -67027.154256      26.207942      29.404936     3683888781.536923
21      16.020535      -67033.533354      26.122071      32.038358     3683889067.166260
22      15.881129      -67039.024109      26.196327      30.811249     3683889350.497466
23      15.905232      -67042.318888      26.182775      29.621140     3683889642.257154
24      15.708763      -67050.018954      26.226943      33.931607     3683889954.903035
25      16.161991      -67039.768713      26.273824      29.567785     3683890304.230016
26      15.992592      -67044.921395      26.211966      33.112735     3683890651.013851
27      16.004267      -67032.309349      26.273126      29.632018     3683890975.819429
28      15.879106      -67031.710291      26.312968      34.162387     3683891314.971827
29      16.141482      -67025.776632      26.242076      29.323779     3683891680.982761
30      15.928191      -67036.661770      26.293268      31.530778     3683892027.396575
31      15.827533      -67034.773635      26.209521      29.272871     3683892363.868821
32      16.154479      -67038.988653      26.274877      29.969376     3683892697.484902
33      16.102264      -67035.701542      26.254600      29.599477     3683892980.800107
34      16.059346      -67042.244726      26.219607      31.105298     3683893242.672085
35      16.032945      -67035.846536      26.156871      34.366448     3683893521.142013
36      15.996838      -67033.169356      26.254650      29.589092     3683893858.658318
37      15.798001      -67040.632661      26.295991      32.785700     3683894213.125592
38      15.940681      -67036.507095      26.216521      29.633082     3683894523.708356
39      15.977605      -67029.897259      26.209912      30.646808     3683894806.255517
40      16.175105      -67025.367892      26.247898      31.154105     3683895091.319822
41      16.172552      -67022.204809      26.184683      29.530742     3683895405.324781
42      15.886129      -67026.703608      26.287849      32.365605     3683895739.882917
43      15.856070      -67024.338078      26.155699      29.592634     3683896082.192496
44      16.035119      -67026.658545      26.284632      33.159740     3683896419.101767
45      16.016393      -67025.995493      26.155854      29.177076     3683896765.234564
46      15.840446      -67027.608146      26.350803      30.579106     3683897093.216324
47      15.969466      -67027.231513      26.177428      31.519443     3683897442.469300
48      16.114051      -67033.584895      26.233911      31.059354     3683897771.271106
49      15.936547      -67024.749990      26.158997      29.119159     3683898097.284753
50      15.913538      -67024.611611      26.295279      29.713830     3683898451.761028
51      15.974153      -67036.751997      26.123859      34.102242     3683898783.526004
52      16.173999      -67030.708731      26.170453      30.222981     3683899094.376783
53      16.250603      -67024.875498      26.239838      29.571136     3683899381.050180
54      16.129961      -67019.284050      26.189000      29.335545     3683899666.024480
55      15.964346      -67028.535311      26.247146      31.930965     3683899954.973006
56      15.829227      -67022.751753      26.235932      29.239247     3683900314.811589
57      16.180572      -67026.172517      26.266558      30.036420     3683900675.742233
58      15.909804      -67023.591537      26.156654      32.828155     3683901001.285853
59      15.832986      -67023.546489      26.263893      29.608705     3683901340.569258
60      15.982899      -67024.009850      26.241013      33.166229     3683901686.711057
61      16.159746      -67025.692952      26.241505      29.710979     3683902013.906771
62      16.143051      -67022.745318      26.281205      29.592971     3683902281.181058
63      16.066844      -67026.597388      26.199855      33.476355     3683902548.312337
64      16.022991      -67023.546489      26.305220      30.441110     3683902835.184746
65      15.845619      -67026.027679      26.249395      29.454463     3683903172.897062
66      16.004099      -67023.768513      26.373120      31.300700     3683903532.304618
67      16.006411      -67027.740133      26.119459      29.157621     3683903874.177173
68      15.891057      -67030.499416      26.259280      29.869086     3683904215.271682
69      15.810410      -67033.691199      26.234807      34.326432     3683904550.908879
70      15.988047      -67038.672780      26.285977      30.138381     3683904881.560791
71      16.061039      -67047.050402      26.170119      32.823930     3683905201.566094
72      16.110386      -67044.147336      26.281461      34.708118     3683905480.072024
73      16.137618      -67047.740825      26.245533      30.073707     3683905762.321168
74      15.966277      -67041.725609      26.218678      29.412585     3683906049.766609
75      15.988733      -67034.097097      26.369763      30.254612     3683906390.263085
76      15.987240      -67035.643545      26.264640      32.505902     3683906746.530462
77      16.015969      -67036.532874      26.223398      29.728240     3683907094.273351
78      15.827001      -67035.801427      26.268546      33.713039     3683907438.456038
79      16.002522      -67038.363364      26.169137      29.555656     3683907795.523461
80      16.132618      -67035.540440      26.320260      31.106701     3683908139.873156
81      15.894328      -67033.836160      26.184951      29.512919     3683908471.942150
82      15.865442      -67032.563799      26.223249      32.629140     3683908822.001172
83      16.104557      -67029.375638      26.156194      29.220811     3683909175.636398
84      16.188437      -67028.309950      26.168705      33.470976     3683909473.990463
85      16.070062      -67027.781982      26.185256      29.577227     3683909773.983623
86      15.777921      -67024.840098      26.165434      34.379918     3683910085.024413
87      16.041395      -67028.757459      26.151595      29.595284     3683910451.376367
88      16.169156      -67033.987567      26.279669      31.556357     3683910804.061539
89      15.792045      -67027.682187      26.126465      29.304048     3683911176.103819
90      16.166851      -67028.918439      26.151311      29.389744     3683911543.045806
91      15.922958      -67032.444625      26.219032      32.350222     3683911906.604601
92      15.815266      -67031.339927      26.175804      29.431701     3683912263.376007
93      16.162208      -67025.190885      26.180396      30.066773     3683912600.985318
94      16.068238      -67029.826420      26.222470      29.393618     3683912921.861670
95      15.952006      -67031.906752      26.179728      33.835262     3683913229.827285
96      15.808156      -67028.519214      26.198509      29.470256     3683913548.191494
97      15.794771      -67034.934723      26.137774      34.684874     3683913869.715885
98      16.111115      -67027.553421      26.209087      29.534568     3683914206.875169
99      15.934324      -67025.425823      26.185548      31.953401     3683914559.225322
100      15.841998      -67026.075958      26.120911      29.496174     3683914882.535814
101      15.733712      -67028.763898      26.219113      32.024405     3683915175.331562
102      16.121202      -67025.892499      26.160576      29.636198     3683915490.207571
103      16.067082      -67024.862625      26.101062      29.334265     3683915830.292023
104      15.836979      -67031.336706      26.183965      29.332400     3683916202.257298
105      16.003767      -67028.660872      26.236444      31.043137     3683916554.448442
106      16.086491      -67029.623565      26.151356      29.396284     3683916910.279795
107      15.926066      -67024.061336      26.376170      29.749410     3683917246.778041
108      15.768856      -67027.559859      26.167077      29.332790     3683917581.214170
109      16.052856      -67030.840763      26.231703      30.164453     3683917896.519205
110      16.094755      -67023.877918      26.283444      29.533510     3683918180.612453
111      15.996553      -67031.307722      26.114716      30.125096     3683918439.267248
112      16.067995      -67027.917191      26.188838      34.474557     3683918695.365896
113      15.986018      -67026.095270      26.176575      32.768563     3683918957.271876
114      16.170693      -67027.131723      26.273701      29.638617     3683919260.853240
115      15.951172      -67033.265991      26.167936      30.451315     3683919565.679675
116      15.997052      -67029.404616      26.217030      31.212766     3683919877.068486
117      15.868040      -67032.499381      26.218552      29.362120     3683920165.090959
118      15.870007      -67032.860131      26.194555      29.383982     3683920417.663405
119      15.897451      -67030.660427      26.183569      29.363094     3683920678.166306
120      15.929928      -67030.663647      26.241730      31.687634     3683920934.072942
121      15.780527      -67031.484850      26.160275      30.424510     3683921202.276283
122      15.794697      -67030.463994      26.193285      29.259290     3683921491.246811
123      15.773954      -67024.688845      26.199386      29.441438     3683921767.440609
124      15.843028      -67032.686196      26.248963      32.399140     3683922081.600578
125      16.021455      -67031.500953      26.224095      29.368090     3683922388.240116
126      16.110158      -67025.586743      26.239208      33.858869     3683922694.893656
127      16.120722      -67023.752424      26.246044      29.625762     3683923025.228550
128      15.849453      -67024.412092      26.208310      29.339649     3683923305.763595
129      15.839266      -67026.108144      26.172891      33.269405     3683923575.701035
130      15.858022      -67024.637356      26.272267      30.710672     3683923854.893004
131      15.830313      -67027.698283      26.264547      30.227135     3683924195.875507
132      16.144210      -67027.073782      26.259457      29.734597     3683924535.770948
133      16.067841      -67026.896740      26.288396      29.180461     3683924881.052697
134      15.829589      -67026.771204      26.259169      29.951240     3683925215.957853
135      15.919131      -67025.908592      26.293278      33.794177     3683925575.452415
136      16.168083      -67023.897225      26.250132      29.517817     3683925930.795739
137      15.830636      -67029.684743      26.363856      33.406280     3683926274.990426
138      15.939796      -67028.023427      26.259089      29.347179     3683926611.373666
139      16.150442      -67030.319087      26.314588      30.794935     3683926946.285821
140      15.812287      -67026.166079      26.245050      29.936071     3683927291.548570
141      15.763726      -67024.756426      26.245896      31.633800     3683927630.415952
142      16.066382      -67026.890303      26.261751      34.565282     3683927992.078638
143      15.808037      -67032.653986      26.212171      29.566619     3683928346.704921
144      15.749230      -67031.191785      26.148115      33.263632     3683928654.054501
145      15.854106      -67031.726395      26.278711      30.579388     3683928967.896451
146      15.986382      -67031.156360      26.267536      29.351164     3683929270.606765
147      16.205352      -67030.154862      26.354548      31.319750     3683929621.080811
148      15.835462      -67022.874015      26.160762      29.194021     3683929954.061857
149      15.975759      -67033.497920      26.266717      29.939267     3683930308.665138
150      16.071527      -67033.745962      26.175713      33.900264     3683930660.812280
151      15.940942      -67033.852267      26.186418      29.459871     3683931030.473424
152      16.074906      -67034.854179      26.215451      29.941457     3683931403.068735
153      16.025572      -67029.491551      26.272956      33.367549     3683931746.807396
154      15.870781      -67033.336858      26.249956      29.580256     3683932106.310958
155      16.051406      -67028.870145      26.286324      32.956734     3683932453.082792
156      16.105932      -67025.950433      26.224564      29.284801     3683932787.020893
157      15.865695      -67036.210643      26.176091      34.033003     3683933122.112058
158      15.877599      -67022.902972      26.169754      29.360970     3683933445.411551
159      15.868558      -67032.509044      26.251516      34.586894     3683933778.284590
160      16.141198      -67026.748672      26.154225      29.449469     3683934132.895872
161      15.930655      -67022.224112      26.211150      31.826845     3683934464.925863
162      15.823705      -67027.369932      26.075218      29.324140     3683934796.070803
163      15.706711      -67036.104310      26.141797      32.479848     3683935070.986528
164      15.940313      -67030.866526      26.219665      30.924788     3683935342.764073
165      15.869610      -67034.093876      26.204675      29.940960     3683935619.177882
166      15.972697      -67029.691183      26.088800      29.243195     3683935896.613751
167      16.035557      -67025.029972      26.205668      33.465058     3683936209.866668
168      16.191442      -67020.596344      26.182156      29.578091     3683936497.269106
169      16.022124      -67018.074851      26.137639      29.164314     3683936788.245749
170      15.893457      -67017.434942      26.186201      31.618415     3683937086.911832
171      15.942455      -67025.602835      26.186030      30.466471     3683937371.770125
172      15.895242      -67019.081434      26.187948      29.369299     3683937637.406318
173      15.830826      -67016.779003      26.125631      29.171645     3683937906.588715
174      15.898403      -67013.602875      26.141295      33.715818     3683938174.144018
175      16.018130      -67020.113861      26.189782      33.186627     3683938433.545855
176      15.888607      -67018.341761      26.159737      29.506666     3683938700.361116
177      15.926513      -67021.567822      26.135867      29.445851     3683938956.628774
178      15.948182      -67027.105972      26.064808      29.479663     3683939203.125873
179      16.114810      -67021.625728      26.112044      29.526332     3683939461.064626
180      16.044549      -67025.474099      26.019904      34.370725     3683939731.726107
181      16.061806      -67018.438237      26.160361      29.948432     3683940005.418762
182      15.813810      -67017.052305      26.188159      29.443740     3683940288.070928
183      15.818135      -67020.007718      26.087989      29.531206     3683940566.665863
184      15.835957      -67021.432710      26.211923      31.372002     3683940850.012070
185      15.906478      -67021.918481      26.202209      30.055978     3683941105.559686
186      15.882403      -67023.372735      26.135217      29.664350     3683941367.437664
187      15.789881      -67019.872629      26.071559      29.252753     3683941681.777643
188      16.021186      -67023.282642      26.138824      29.459920     3683942034.246803
189      15.983818      -67020.474112      26.206417      30.813378     3683942403.771939
190      15.743576      -67018.431805      26.083024      29.541118     3683942755.960083
191      16.013251      -67017.486391      26.117745      29.532456     3683943112.009448
192      16.065610      -67018.203482      26.113167      29.147888     3683943422.990235
193      15.941279      -67022.484711      26.122054      29.719444     3683943744.173605
194      15.935878      -67023.894008      26.098083      29.383041     3683944004.089472
195      15.961211      -67022.803231      26.115399      29.237829     3683944258.639032
196      15.999705      -67028.081375      26.098881      29.297065     3683944529.978551
197      15.851368      -67031.178903      26.145493      31.724553     3683944791.571514
198      15.975921      -67034.925058      26.232784      30.210455     3683945074.893718
199      15.862462      -67034.155084      26.123648      29.384074     3683945359.042971
200      15.856014      -67033.981124      26.087208      29.321664     3683945623.073073
201      15.900735      -67034.000453      26.209902      31.633768     3683945884.616032
202      15.875684      -67031.690968      26.219725      30.454732     3683946134.741338
203      16.037672      -67033.001858      26.139777      31.242626     3683946375.995138
204      16.194008      -67036.310534      26.246318      30.192381     3683946631.132730
205      15.933184      -67036.136532      26.171822      29.392254     3683946895.326842
206      16.048845      -67035.073261      26.138334      29.924029     3683947160.478007
207      15.923874      -67032.550916      26.233472      31.830675     3683947441.557084
208      16.075317      -67032.409196      26.260453      30.217980     3683947733.510783
209      15.894869      -67021.188225      26.229851      29.416029     3683948019.770156
210      15.758064      -67032.405975      26.213738      34.274939     3683948296.173965
211      15.779846      -67029.700843      26.273567      31.899616     3683948577.217040
212      15.857369      -67025.982619      26.244309      29.583461     3683948852.245771
213      15.846896      -67024.833662      26.165174      32.098237     3683949137.726099
214      16.058396      -67022.642361      26.226383      30.748032     3683949434.353065
215      16.013648      -67020.068830      26.221360      29.770492     3683949731.818079
216      15.999418      -67021.651464      26.126629      29.251771     3683950017.488419
217      16.146303      -67026.945024      26.183977      32.735780     3683950300.016578
218      16.149286      -67021.538869      26.190867      29.653983     3683950592.902330
219      16.179388      -67023.803909      26.131820      29.365048     3683950872.712335
220      15.875213      -67033.543018      26.038252      34.205960     3683951147.482051
221      16.033093      -67032.528369      26.128055      33.363296     3683951429.232166
222      15.945154      -67024.811134      26.140560      29.494116     3683951710.986281
223      15.774237      -67026.954681      26.040370      29.951048     3683951989.202194
224      15.831884      -67023.337341      26.154926      34.156920     3683952277.592690
225      15.984700      -67021.670766      26.192101      29.370641     3683952591.452641
226      15.818327      -67024.968825      26.090045      29.342811     3683952881.549233
227      15.936517      -67025.956870      26.169244      34.290894     3683953175.211030
228      16.126949      -67026.706827      26.187920      29.703453     3683953472.178016
229      16.215137      -67017.724343      26.079698      29.111148     3683953764.524737
230      16.042561      -67025.570651      26.149233      33.116276     3683954057.968522
231      15.891454      -67025.911811      26.113008      29.624683     3683954355.503539
232      15.797133      -67019.258321      26.100845      29.742208     3683954649.462353
233      15.843170      -67021.098154      26.147283      31.192508     3683954944.415223
234      15.946277      -67017.451020      26.258423      29.385260     3683955235.621879
235      15.908665      -67019.557429      26.135921      33.128707     3683955536.765103
236      15.919058      -67021.149623      26.198636      34.205195     3683955824.956587
237      16.104195      -67017.261307      26.273535      29.751819     3683956104.641584
238      16.132838      -67012.812233      26.107737      29.134368     3683956402.215605
239      16.036254      -67020.110644      26.138389      32.468187     3683956692.591213
240      15.774539      -67018.586168      26.106772      29.384711     3683957037.295929
241      16.096441      -67017.406003      26.216210      30.102992     3683957392.106223
242      16.024403      -67017.759715      26.109273      29.204359     3683957704.189073
243      16.115250      -67024.103169      26.195386      33.915948     3683958000.450018
244      16.105466      -67021.847705      26.140735      29.588907     3683958319.817285
245      15.705423      -67029.894039      26.204762      34.500081     3683958677.462741
246      16.116872      -67022.877233      26.118968      29.320266     3683959037.079310
247      16.095627      -67021.371588      26.175245      31.320466     3683959346.983035
248      15.880638      -67021.094937      26.142132      29.410551     3683959634.551483
249      15.933657      -67023.009149      26.161775      29.267429     3683959927.831258
250      15.826473      -67026.941805      26.204048      30.359097     3683960244.724383
251      15.994763      -67026.999746      26.180462      31.503505     3683960586.014904
252      16.005283      -67045.047186      26.105742      31.693572     3683960902.085982
253      16.074739      -67038.514848      26.087534      29.687269     3683961222.819327
254      15.803779      -67037.174148      26.119492      33.949970     3683961514.330001
255      15.866376      -67035.508220      26.305187      30.326021     3683961807.352761
256      15.785110      -67030.860085      26.126222      29.487531     3683962122.519787
257      15.834882      -67033.720191      26.163231      34.462241     3683962433.058549
258      16.100448      -67024.679191      26.083970      29.371112     3683962770.250835
259      15.973053      -67020.757177      26.176967      31.149542     3683963134.276656
260      15.846257      -67014.676460      26.172256      29.122123     3683963483.446628
261      16.019773      -67024.096733      26.161497      29.723125     3683963818.443789
262      16.046246      -67031.320604      26.065950      29.476390     3683964108.480378
263      15.923508      -67034.254951      26.101395      32.875006     3683964405.830385
264      15.900283      -67025.506283      26.128186      29.556042     3683964717.866232
265      15.895310      -67031.471968      26.166996      33.081758     3683965036.437454
266      16.114312      -67026.246546      26.194468      29.715285     3683965351.018446
267      16.062295      -67018.094146      26.154066      29.201060     3683965669.432659
268      16.125774      -67019.657134      26.170889      32.336815     3683965982.984593
269      15.910597      -67023.147503      26.199933      29.575105     3683966278.107473
270      15.765055      -67025.078245      26.088852      31.529781     3683966577.116575
271      15.973150      -67025.290652      26.234043      29.660912     3683966932.213886
272      15.992458      -67023.781384      26.188949      30.508248     3683967330.116645
273      15.917072      -67021.593558      26.208136      33.174564     3683967691.845335
274      15.956231      -67027.031935      26.180825      29.768504     3683968003.964186
275      16.068681      -67025.828129      26.066420      29.210519     3683968329.690817
276      15.762406      -67027.154256      26.170110      29.420942     3683968702.858161
277      16.234431      -67027.604927      26.245257      29.853777     3683969085.689058
278      15.806580      -67030.219263      26.235965      34.527310     3683969468.853973
279      15.930040      -67031.269076      26.219889      29.318440     3683969868.962858
280      15.945462      -67021.358720      26.240113      29.264286     3683970267.696665
281      16.068858      -67024.772517      26.239656      29.595767     3683970659.068049
282      15.886845      -67023.118545      26.206822      30.548410     3683971041.267910
283      15.790105      -67027.328084      26.189261      30.800549     3683971408.390909
284      16.166316      -67026.822706      26.204735      29.611409     3683971755.430758
285      15.817846      -67035.608103      26.113167      34.328073     3683972121.382689
286      15.955855      -67034.573890      26.229965      30.417894     3683972504.081578
287      16.026310      -67030.480095      26.194518      29.769346     3683972871.557597
288      15.954239      -67033.604223      26.189620      30.964177     3683973252.628393
289      16.015051      -67033.997231      26.190973      33.808172     3683973647.232963
290      15.696503      -67032.071009      26.217056      29.445072     3683974024.803558
291      16.197515      -67028.255220      26.219394      29.759964     3683974391.658542
292      15.841525      -67028.158639      26.166226      34.099576     3683974751.730137
293      15.874399      -67025.943996      26.192545      29.374331     3683975110.760672
294      16.192818      -67026.075958      26.290451      31.230661     3683975469.953217
295      15.779902      -67028.557848      26.106645      29.456494     3683975794.024753
296      15.928786      -67027.669310      26.243882      31.877200     3683976102.190378
297      15.855947      -67028.702727      26.116807      29.265681     3683976436.267487
298      16.250765      -67026.822706      26.138876      29.990604     3683976818.007321
299      15.764877      -67035.443781      26.236513      32.264874     3683977205.207467
300      16.108374      -67029.375638      26.148253      34.147140     3683977584.889184
301      15.864284      -67024.881934      26.138043      29.405563     3683977969.658192
302      15.929792      -67027.450409      26.232256      32.244988     3683978320.330249
303      16.055059      -67026.690733      26.102840      29.450860     3683978659.040622
304      16.080418      -67026.475074      26.211971      33.081202     3683978955.894601
305      15.855120      -67024.917334      26.149397      29.585681     3683979270.257582
306      15.778070      -67028.403313      26.103919      34.015767     3683979595.686195
307      16.090091      -67031.768263      26.131525      29.323923     3683979977.150013
308      15.811115      -67028.657653      26.109851      29.726342     3683980375.495798
309      16.150075      -67029.362759      26.222933      30.308593     3683980774.025592
310      15.837719      -67026.716484      26.091733      32.505354     3683981128.970893
311      15.933081      -67024.083861      26.133185      29.289145     3683981510.267703
312      16.232534      -67023.964800      26.255308      30.255718     3683981877.508708
313      15.850199      -67024.939862      26.143883      32.737697     3683982252.485155
314      16.096310      -67017.663246      26.140414      29.288438     3683982623.821394
315      15.974943      -67025.667204      26.152426      30.275966     3683982983.585972
316      15.956409      -67029.214650      26.123079      32.802644     3683983360.062505
317      15.908794      -67023.231160      26.075083      33.574519     3683983735.164960
318      15.822321      -67028.364680      26.157015      29.389842     3683984093.339447
319      15.830252      -67026.816268      26.044483      32.924374     3683984432.207828
320      16.191975      -67023.153938      26.186415      29.615478     3683984773.903372
321      15.858064      -67024.936643      26.162087      30.142657     3683985137.984197
322      15.943820      -67027.147818      26.060072      33.283668     3683985521.149112
323      15.765865      -67023.366300      26.119776      29.205048     3683985887.813084
324      15.670992      -67029.768461      26.098222      33.658470     3683986227.413508
325      16.065917      -67023.134633      26.170689      29.322459     3683986571.184170
326      15.924635      -67025.969745      26.118614      29.527753     3683986935.492008
327      15.876678      -67019.673215      26.207152      33.165078     3683987290.573318
328      16.015591      -67018.746966      26.177956      29.578790     3683987629.339694
329      16.013675      -67022.330281      26.068407      29.507589     3683987920.077323
330      16.100771      -67021.519567      26.118856      31.675827     3683988216.145257
331      16.096066      -67019.338725      26.120089      29.459407     3683988526.544011
332      15.714144      -67022.002126      26.108893      32.312041     3683988883.692439
333      16.014830      -67022.552275      26.100137      29.195283     3683989214.683371
334      16.163276      -67017.817596      26.133564      30.042327     3683989549.264507
335      15.704350      -67023.562578      26.098846      33.401707     3683989887.655862
336      15.866055      -67024.038811      26.133703      30.387756     3683990216.160651
337      16.026703      -67021.439144      26.097042      32.548853     3683990562.509461
338      16.189998      -67024.814353      26.101801      30.442482     3683990873.741263
339      16.067629      -67021.468096      26.051842      29.374932     3683991181.247851
340      15.835701      -67018.364272      26.100737      34.499070     3683991478.620860
341      15.871587      -67020.117077      26.154764      29.546950     3683991797.401093
342      15.799636      -67024.836880      26.124782      33.846005     3683992119.876538
343      16.124079      -67019.998068      26.151014      29.442801     3683992462.536137
344      15.859670      -67021.162491      26.180006      32.755130     3683992789.522839
345      15.744150      -67021.519567      26.133804      29.697260     3683993106.809987
346      15.999708      -67021.490615      26.234808      33.711548     3683993441.538133
347      16.133759      -67014.827544      26.238721      29.636575     3683993756.710159
348      16.108864      -67014.518950      26.128179      29.315495     3683994060.732549
349      15.973731      -67021.037035      26.152641      31.746393     3683994365.882001
350      15.804416      -67019.229375      26.136931      29.499557     3683994659.411791
351      15.708417      -67022.754970      26.076430      32.883556     3683994944.112075
352      15.766651      -67028.760679      26.114005      34.613329     3683995226.888249
353      15.893223      -67020.963048      26.160050      29.670917     3683995527.977470
354      15.964768      -67032.396312      26.135930      34.792276     3683995855.830223
355      15.983663      -67023.211855      26.163528      29.322769     3683996198.596827
356      15.817046      -67028.821851      26.087390      34.333044     3683996514.185878
357      15.864490      -67025.741229      26.106479      33.524934     3683996766.634317
358      15.981703      -67031.352809      26.148298      31.008123     3683997021.725907
359      15.819964      -67028.834729      26.075997      29.424667     3683997291.540340
360      15.683880      -67032.889120      26.108958      33.913636     3683997588.734338
361      15.944786      -67031.256194      26.201622      30.354839     3683997895.139864
362      15.969104      -67025.062154      26.144610      29.265226     3683998190.238742
363      15.883619      -67024.534377      26.079647      29.341532     3683998446.065375
364      15.796244      -67026.964338      26.071477      34.166964     3683998699.781887
365      15.879396      -67021.834836      26.179452      32.869757     3683998941.246697
366      15.800883      -67022.941582      26.131140      31.043388     3683999223.425838
367      15.985999      -67021.580690      26.059305      29.479998     3683999538.737872
368      16.104906      -67028.477361      26.124305      31.861269     3683999853.022848
369      15.907198      -67024.521505      26.083333      29.167214     3684000193.628330
370      15.922429      -67030.003519      26.135374      29.981106     3684000549.840704
371      16.036070      -67022.494363      26.048981      33.787729     3684000892.137282
372      16.244113      -67025.268124      26.225078      30.123371     3684001233.322797
373      15.794120      -67025.120083      26.082948      32.975420     3684001577.026456
374      15.948967      -67022.034298      26.083563      29.429861     3684001918.109965
375      16.059118      -67026.922492      26.140447      32.927331     3684002242.233503
376      16.047220      -67033.233780      26.103343      29.537405     3684002556.870500
377      15.820416      -67029.002150      26.054014      30.432627     3684002862.193963
378      15.878907      -67030.331967      26.164260      31.179494     3684003184.407393
379      15.887923      -67028.699507      26.059099      29.318338     3684003517.946470
380      16.219702      -67025.190885      26.083234      29.809800     3684003854.498720
381      15.953683      -67023.292295      26.117608      29.263229     3684004181.386417
382      15.905278      -67029.549508      26.177915      29.984153     3684004497.134477
383      15.866478      -67023.794256      26.097914      29.345754     3684004811.976485
384      15.911766      -67033.723412      26.067013      32.989416     3684005099.105907
385      15.977418      -67035.923868      26.085245      29.899167     3684005399.788105
386      16.143131      -67032.132204      26.061753      29.303805     3684005705.238576
387      16.063504      -67033.536575      26.159453      32.081513     3684006020.650617
388      15.715186      -67030.985679      26.132334      29.273218     3684006348.634376
389      15.753125      -67033.233780      26.116189      32.510818     3684006626.222254
390      15.877250      -67037.506081      26.188796      30.672392     3684006902.107033
391      15.925675      -67031.079070      26.060769      29.589289     3684007185.772258
392      15.987522      -67032.415637      26.161932      34.289446     3684007502.928399
393      16.081350      -67029.939119      26.142121      29.473632     3684007843.638885
394      15.882122      -67023.015585      26.121629      33.505120     3684008181.151190
395      15.814638      -67026.504043      26.078261      29.687107     3684008507.287844
396      15.848485      -67030.653987      26.125856      32.219482     3684008830.416327
397      16.113365      -67025.438696      26.192139      30.715498     3684009125.854224
398      16.131246      -67021.619294      26.114120      29.495692     3684009428.203517
399      15.994949      -67028.606141      26.077175      34.514021     3684009732.530924
400      15.772732      -67026.185391      26.099865      29.483625     3684010046.858902
401      15.768390      -67025.712263      26.052403      33.594736     3684010383.695168
402      16.109547      -67023.588319      26.181630      29.400837     3684010707.115667
403      16.057383      -67025.461225      26.067741      33.337936     3684011001.098482
404      16.077719      -67025.532030      26.113576      33.899334     3684011279.897428
405      16.059518      -67031.529938      26.060955      29.911453     3684011580.940647
406      15.784112      -67030.560600      26.096283      34.707673     3684011898.192793
407      15.893797      -67025.438696      26.146598      30.087687     3684012197.730926
408      15.936980      -67024.045247      26.116913      29.358825     3684012520.622394
409      15.963082      -67020.885846      26.179122      33.366667     3684012829.723073
410      15.995605      -67022.635926      26.018249      29.257346     3684013137.553680
411      15.851641      -67017.772577      26.069615      33.988225     3684013437.248822
412      15.868377      -67022.172637      26.113786      29.676695     3684013735.620888
413      15.790337      -67018.306387      26.106342      29.352038     3684014054.964153
414      15.951969      -67020.679977      26.220092      32.181544     3684014357.878479
415      15.985459      -67022.085773      26.208256      29.494548     3684014650.335207
416      16.043350      -67022.754970      26.101657      31.513803     3684014971.557579
417      16.084001      -67025.261687      26.154291      30.884566     3684015257.702946
418      16.197838      -67025.673641      26.184681      29.718320     3684015524.716218
419      16.167713      -67019.875845      26.217778      29.450429     3684015782.557966
420      16.005275      -67029.662204      26.107836      31.819837     3684016057.537694
421      15.835166      -67030.377049      26.135482      31.004915     3684016374.736837
422      15.752245      -67032.789268      26.069546      29.305050     3684016696.318230
423      15.704688      -67035.556551      26.099878      34.118628     3684016973.901106
424      15.995651      -67032.534811      26.155641      30.049631     3684017262.407608
425      15.905653      -67029.929459      26.191126      29.861240     3684017529.416880
426      16.033006      -67026.030898      26.226757      34.306804     3684017836.481443
427      15.965780      -67016.914045      26.080396      29.440402     3684018187.036494
428      15.819182      -67019.740758      26.174964      30.832648     3684018537.793556
429      15.961030      -67016.110251      26.124097      29.357145     3684018880.527159
430      16.138886      -67017.399572      26.197035      31.407867     3684019231.716247
431      15.807268      -67021.596775      26.021993      29.189127     3684019579.174120
432      15.908941      -67021.358720      26.155108      29.803478     3684019903.498671
433      16.000107      -67021.645030      26.173314      29.208582     3684020224.514031
434      16.161039      -67020.918014      26.163371      30.091119     3684020544.462331
435      15.758912      -67024.920552      26.141002      33.483486     3684020895.311399
436      16.070942      -67026.780861      26.149917      29.415500     3684021270.650867
437      16.205191      -67023.581884      26.221304      32.551401     3684021617.897728
438      15.804619      -67013.901795      26.154414      29.178894     3684021960.882346
439      15.779739      -67015.335461      26.163008      30.757661     3684022221.360244
440      15.895766      -67014.293941      26.150626      30.720644     3684022493.678820
441      15.902746      -67010.896981      26.167498      29.788423     3684022761.855158
442      15.829265      -67014.146080      26.116162      29.486356     3684023025.564241
443      15.906990      -67015.740530      26.104385      29.215516     3684023285.025083
444      15.776852      -67019.377320      26.026809      34.416544     3684023582.626104
445      16.085529      -67019.618538      26.126358      29.357303     3684023902.377393
446      16.049315      -67022.639144      26.124313      34.205829     3684024218.632482
447      15.933371      -67023.865047      26.089090      29.417953     3684024548.709361
448      15.922257      -67023.601190      26.258510      31.719694     3684024887.160719
449      15.952239      -67021.497049      26.160805      29.430490     3684025229.324290
450      16.163676      -67026.471855      26.144932      33.166823     3684025553.716844
451      16.035264      -67020.853679      26.106356      29.627817     3684025878.903444
452      15.701775      -67026.928930      26.130897      35.314937     3684026187.636102
453      15.829232      -67019.052489      26.232200      32.324950     3684026482.982995
454      15.964746      -67016.894753      26.052987      29.454937     3684026790.480583
455      15.925926      -67010.209390      26.137161      30.996173     3684027078.215040
456      16.098896      -67006.900691      26.162564      30.567036     3684027377.926183
