1      16.020462      -67023.222947      26.836413      30.346753     3682663237.836071
2      15.908024      -67024.374532      26.674047      32.108170     3682663570.513098
3      15.893483      -67020.736927      26.810760      30.795231     3682663891.221442
4      15.751133      -67025.696787      26.727671      30.241813     3682664218.893183
5      16.206208      -67024.348797      26.877335      29.791127     3682664560.327712
6      15.825073      -67027.643525      26.764915      34.081217     3682664913.707925
7      15.892648      -67020.881631      26.841196      29.357267     3682665271.022362
8      16.102564      -67016.576876      26.794911      31.577117     3682665629.267852
9      15.761052      -67022.721185      26.731063      29.310127     3682665972.760499
10      15.919344      -67023.531737      26.854684      29.945905     3682666302.828378
11      15.858986      -67025.333228      26.766326      29.398790     3682666637.753534
12      16.056298      -67025.371835      26.828522      30.152507     3682666962.513110
13      15.946856      -67019.788368      26.851712      29.257056     3682667291.438923
14      15.837071      -67024.767006      26.818153      30.319133     3682667623.419911
15      16.027754      -67027.360337      26.814153      32.248780     3682667946.167371
16      16.114213      -67022.637561      26.841282      31.063673     3682668272.725049
17      15.705816      -67027.849486      26.754550      29.926828     3682668612.653492
18      15.875214      -67024.406702      26.856813      31.351771     3682668942.726371
19      15.966169      -67021.228930      26.744637      29.453305     3682669279.972661
20      15.908382      -67021.917138      26.942846      29.849057     3682669606.297326
21      15.696738      -67023.396640      26.746151      33.985300     3682669959.777543
22      16.082192      -67027.772250      26.810917      29.499731     3682670308.919513
23      15.937353      -67027.662834      26.841261      31.976173     3682670651.832127
24      15.759124      -67021.733825      26.789592      29.447676     3682671002.654192
25      15.873338      -67023.374124      26.852649      32.760256     3682671343.621695
26      16.110129      -67014.941033      26.742828      29.334590     3682671681.504021
27      15.859815      -67021.833521      26.839671      30.349987     3682672023.021554
28      15.847914      -67025.774004      26.745244      32.295492     3682672362.593977
29      16.092284      -67021.949298      26.846902      30.923813     3682672693.070879
30      15.835716      -67024.496777      26.755954      30.353011     3682673029.297110
31      15.916962      -67028.332225      26.828102      31.117646     3682673335.721636
32      15.719979      -67027.057850      26.799872      29.585686     3682673640.435065
33      15.723477      -67032.877681      26.704386      33.789009     3682673943.830419
34      16.009548      -67032.027647      26.768138      30.231504     3682674243.834578
35      16.107259      -67025.809396      26.743521      32.524326     3682674555.861424
36      15.885397      -67032.771422      26.875623      30.562511     3682674876.196746
37      15.702905      -67032.059844      26.799523      31.087703     3682675202.884432
38      15.846635      -67033.328489      26.878802      31.286912     3682675514.344246
39      15.966417      -67036.207757      26.795261      29.484394     3682675822.870893
40      16.018532      -67035.534557      26.794878      33.629199     3682676129.601437
41      15.900821      -67029.799910      26.810466      29.650938     3682676450.161772
42      15.675851      -67030.540282      26.750942      31.816648     3682676789.166162
43      16.062233      -67024.728401      26.841553      29.582141     3682677133.422852
44      16.098700      -67028.361190      26.833116      33.493952     3682677453.007131
45      15.964089      -67028.126253      26.847095      29.809050     3682677763.018863
46      15.872733      -67021.955730      26.767162      29.256008     3682678083.908217
47      15.881988      -67026.105406      26.779703      29.908716     3682678401.802399
48      15.919291      -67029.416873      26.732415      29.349985     3682678712.812188
49      16.003498      -67028.364408      26.795113      30.320572     3682679047.747345
50      15.841568      -67033.373571      26.749309      29.559301     3682679371.998891
51      15.750399      -67030.376107      26.699893      34.050030     3682679691.445163
52      15.891931      -67023.251896      26.767260      29.469075     3682680019.048901
53      16.113299      -67022.762997      26.765754      32.308158     3682680356.770217
54      15.775696      -67019.502213      26.844028      29.283288     3682680695.573596
55      15.702480      -67027.099683      26.817300      33.077242     3682681018.786082
56      15.864103      -67028.827864      26.723974      29.660488     3682681334.668149
57      15.933153      -67026.298461      26.837857      29.361601     3682681636.526415
58      16.039864      -67032.839041      26.744353      30.011465     3682681948.494258
59      15.881498      -67031.364419      26.676819      29.272417     3682682254.952787
60      15.733118      -67030.990972      26.786815      32.879050     3682682560.628271
61      15.774739      -67035.692384      26.827001      29.588542     3682682865.898731
62      15.762568      -67036.330162      26.764500      29.879938     3682683165.606874
63      15.940793      -67042.375207      26.805673      31.940963     3682683462.685865
64      15.997128      -67040.873232      26.752500      29.537892     3682683765.852206
65      16.097887      -67036.491225      26.762350      32.568743     3682684052.967628
66      15.958409      -67035.077196      26.842478      31.314464     3682684358.856123
67      15.848091      -67034.375096      26.851773      29.400731     3682684667.851797
68      15.893754      -67036.877786      26.795631      29.407290     3682684944.544623
69      15.768331      -67032.983941      26.881610      33.782994     3682685233.126129
70      15.756687      -67035.946845      26.915477      29.651471     3682685526.139888
71      15.788444      -67037.161275      26.834091      29.366671     3682685809.314085
72      15.897607      -67035.093300      26.864931      32.851167     3682686096.917535
73      16.071577      -67035.666616      26.806140      29.702048     3682686400.436895
74      16.066629      -67036.607191      26.785443      29.995516     3682686721.196241
75      15.923716      -67034.768007      26.861287      31.893068     3682687041.055537
76      15.662315      -67037.035637      26.732823      29.367327     3682687366.454148
77      15.847761      -67039.326396      26.859147      32.733040     3682687668.651433
78      15.914963      -67035.943624      26.857166      29.696668     3682687989.392778
79      16.036203      -67037.792715      26.801653      33.366064     3682688303.198727
80      15.920732      -67036.011267      26.789804      29.929178     3682688629.790407
81      15.696098      -67037.235370      26.763952      29.368824     3682688940.691190
82      15.898117      -67039.207172      26.845606      30.020760     3682689261.367531
83      16.006184      -67032.426895      26.794006      29.436525     3682689577.946639
84      16.034710      -67039.339286      26.840075      33.012236     3682689883.045089
85      16.096308      -67041.891711      26.791129      29.796542     3682690177.406926
86      15.900467      -67037.116174      26.798458      29.405463     3682690474.671928
87      15.829963      -67039.468179      26.871379      32.297524     3682690794.292210
88      15.911826      -67029.574592      26.871592      29.365466     3682691119.347802
89      15.895961      -67037.412557      26.850963      32.971177     3682691438.806074
90      15.948273      -67040.428489      26.830941      29.386736     3682691745.439612
91      15.993638      -67037.367455      26.817664      29.474202     3682692037.266303
92      15.853216      -67040.705645      26.844186      29.753311     3682692346.141971
93      15.739331      -67042.268836      26.800347      29.418243     3682692657.654787
94      15.813696      -67041.195523      26.852925      33.175710     3682692978.050114
95      16.033582      -67042.420335      26.842238      29.242061     3682693302.234655
96      16.026453      -67044.625418      26.836671      33.887651     3682693609.269217
97      15.873384      -67043.393857      26.872283      30.113049     3682693923.128169
98      15.688765      -67050.843840      26.791311      34.375934     3682694246.764679
99      15.956585      -67045.160652      26.912520      30.307708     3682694573.545371
100      16.055950      -67043.561494      26.739550      32.994969     3682694910.721656
101      16.033742      -67042.459016      26.876443      30.759989     3682695232.265047
102      15.725425      -67038.959062      26.765306      30.996454     3682695554.716490
103      15.832426      -67039.197506      26.870754      31.634661     3682695873.262710
104      16.023869      -67029.136847      26.806392      29.248628     3682696209.753956
105      16.064263      -67035.975835      26.848434      32.587891     3682696534.249516
106      15.732643      -67031.338664      26.812007      29.252822     3682696867.990605
107      15.756723      -67026.414295      26.842056      33.057937     3682697188.606943
108      15.978593      -67031.061797      26.788267      29.266098     3682697509.761312
109      16.041153      -67033.151383      26.807190      33.749635     3682697811.761586
110      16.042422      -67031.261398      26.832686      30.001901     3682698110.949698
111      15.811033      -67033.148163      26.738136      29.288856     3682698411.297877
112      15.796074      -67033.573223      26.882354      32.672795     3682698729.208061
113      15.723334      -67031.744320      26.860520      29.751466     3682699041.717935
114      15.964990      -67034.127120      26.824186      33.702474     3682699348.747496
115      16.176817      -67029.020977      26.912267      29.707398     3682699677.583305
116      15.794653      -67031.956815      26.756656      34.271548     3682700005.652069
117      15.850991      -67029.526310      26.885856      30.008155     3682700335.188918
118      15.826485      -67031.686368      26.820873      33.227627     3682700657.869374
119      15.997776      -67038.601409      26.888405      30.586072     3682700984.283043
120      15.936124      -67036.848793      26.784318      31.353658     3682701311.041733
121      15.856222      -67031.718564      26.849455      31.687921     3682701624.951688
122      15.789032      -67032.330301      26.766093      29.492268     3682701935.099427
123      15.727187      -67035.106183      26.795483      32.829567     3682702234.154532
124      16.076223      -67030.662610      26.854992      29.766369     3682702548.075487
125      16.055598      -67031.042481      26.814544      29.306394     3682702861.156394
126      15.961314      -67032.426895      26.853945      32.209025     3682703183.149811
127      15.739494      -67028.718434      26.838755      29.318414     3682703501.377013
128      15.797337      -67032.433335      26.938385      33.210347     3682703818.837171
129      15.973650      -67032.929201      26.849907      29.660935     3682704127.922850
130      16.046058      -67026.591268      26.781197      29.231451     3682704433.469326
131      16.100527      -67032.793962      26.785224      32.227094     3682704741.594950
132      15.793779      -67032.149995      26.793356      29.303877     3682705052.011704
133      15.745400      -67033.560342      26.876472      33.101582     3682705381.913574
134      15.918287      -67036.748930      26.759891      29.480534     3682705722.018026
135      16.068846      -67038.011796      26.845450      33.777234     3682706039.907209
136      15.870183      -67032.555689      26.785662      29.599616     3682706365.129810
137      15.708573      -67039.793642      26.825116      34.264777     3682706659.791664
138      15.789345      -67041.427580      26.890473      30.095445     3682706954.414515
139      15.762970      -67041.169739      26.952624      29.642965     3682707243.635057
140      15.755650      -67036.967986      26.846371      30.667001     3682707527.328284
141      15.881468      -67036.388144      26.985107      31.645149     3682707823.207208
142      15.981961      -67039.974101      26.776165      29.409503     3682708115.395920
143      16.041748      -67038.037571      26.781649      33.483447     3682708398.667121
144      16.034120      -67030.984534      26.842997      33.732744     3682708693.091962
145      15.859508      -67034.133560      26.793892      29.370300     3682709001.872623
146      15.792315      -67036.942215      26.896172      34.053831     3682709297.366525
147      15.828035      -67032.871241      26.830316      32.954245     3682709591.001320
148      15.765921      -67031.995450      26.839145      29.621948     3682709889.699404
149      15.727857      -67035.731036      26.839517      29.645737     3682710186.941406
150      15.884521      -67036.607191      26.911144      31.706977     3682710484.043398
151      16.089632      -67037.960247      26.845009      29.561461     3682710796.193253
152      15.979026      -67037.296580      26.955895      32.632790     3682711117.867651
153      15.720057      -67034.594094      26.799015      29.483025     3682711461.045280
154      15.799417      -67038.546635      26.869995      33.283005     3682711791.275168
155      16.082514      -67032.996821      26.859741      29.610892     3682712124.166208
156      15.833543      -67037.096845      26.893998      31.153604     3682712448.332749
157      15.777567      -67034.642403      26.794545      29.414097     3682712776.716532
158      15.712625      -67031.522173      26.851928      33.610944     3682713089.109400
159      16.027337      -67034.429845      26.968352      29.491644     3682713406.521555
160      16.056093      -67031.567246      26.897351      31.825364     3682713713.456110
161      16.021819      -67029.738752      26.891843      31.180821     3682714026.315005
162      15.851197      -67031.889202      26.817493      29.393542     3682714316.990631
163      15.728450      -67031.248520      26.844295      33.427455     3682714616.465760
164      15.739033      -67035.025664      26.940210      30.490763     3682714911.614642
165      15.828314      -67036.871343      26.856942      29.411440     3682715217.538139
166      15.902174      -67035.563545      26.925591      34.391959     3682715520.868489
167      16.086572      -67034.558667      26.963975      30.060518     3682715839.348705
168      15.790860      -67037.283694      26.848111      33.743533     3682716148.090364
169      15.803137      -67036.671618      26.909539      30.697280     3682716451.828737
170      15.775530      -67037.676733      26.913125      29.345075     3682716754.589054
171      15.775870      -67039.551960      26.930713      29.340534     3682717041.118442
172      15.739550      -67037.406114      27.025346      33.028946     3682717337.355386
173      15.862081      -67039.036395      26.884562      29.519395     3682717630.220137
174      15.924345      -67043.999944      26.929759      29.741480     3682717914.121375
175      16.126072      -67039.042839      26.973660      32.191590     3682718200.976782
176      16.154924      -67036.436463      26.974810      30.377893     3682718490.726355
177      16.084772      -67037.245035      26.849821      29.461186     3682718774.248571
178      15.839525      -67035.885645      26.930154      34.301389     3682719053.041518
179      15.888907      -67035.009560      26.948073      30.180223     3682719347.115337
180      15.869110      -67034.088474      26.944825      29.685057     3682719644.124326
181      15.760839      -67033.367131      26.856570      29.190416     3682719936.089025
182      15.771346      -67040.538062      27.065246      31.866937     3682720226.128614
183      15.964327      -67036.684503      26.986768      29.621736     3682720516.865243
184      15.917906      -67035.904971      26.906447      31.004590     3682720796.380230
185      15.794328      -67038.933285      26.889043      34.290526     3682721078.691378
186      16.080162      -67039.829089      27.020660      30.259039     3682721366.506840
187      16.079987      -67036.143334      26.892485      29.488775     3682721656.212410
188      15.844612      -67044.057976      26.879625      34.035689     3682721950.374235
189      15.944114      -67047.459941      26.912463      32.380571     3682722244.669068
190      15.797054      -67042.600847      27.033698      29.380139     3682722549.970531
191      15.740360      -67046.566598      26.897435      33.252322     3682722857.181102
192      15.910735      -67050.708330      26.928357      29.716440     3682723179.971564
193      15.933802      -67045.076818      26.953686      29.292629     3682723480.823772
194      15.931817      -67047.140649      26.964338      30.030299     3682723799.189981
195      16.016297      -67048.988827      26.978549      29.647879     3682724094.666882
196      15.856902      -67044.606073      26.920077      30.642492     3682724383.532404
197      15.725188      -67050.295361      26.971459      31.654492     3682724673.740003
198      15.696159      -67054.832612      26.840979      29.679185     3682724945.317536
199      15.777996      -67045.734612      27.026980      29.513323     3682725208.306579
200      15.743851      -67043.941913      26.956572      29.599358     3682725482.813279
201      15.743337      -67045.147754      27.029976      32.685960     3682725750.432586
202      15.760206      -67044.780181      27.088637      31.122597     3682726025.493319
203      15.807963      -67043.045698      26.997024      29.669033     3682726307.670458
204      15.773348      -67043.509913      27.039693      29.370331     3682726592.266736
205      15.859053      -67040.847449      27.007513      34.037869     3682726885.849528
206      16.087158      -67041.640304      27.011642      29.927634     3682727182.402491
207      16.117718      -67038.868842      26.890416      29.252640     3682727461.573458
208      15.978083      -67039.497180      26.977357      33.767736     3682727748.130848
209      16.036430      -67039.062172      27.054868      32.152918     3682728040.405565
210      15.883194      -67041.027930      27.051835      29.518104     3682728339.659682
211      15.775682      -67040.431712      26.975063      31.634971     3682728633.576493
212      15.696164      -67045.463750      27.126355      31.746486     3682728921.042934
213      15.791144      -67044.986536      27.014406      29.457906     3682729231.461689
214      15.856620      -67045.289628      26.993247      32.453530     3682729531.632858
215      16.024571      -67048.217900      27.087807      31.076928     3682729820.866402
216      16.111724      -67048.288862      26.946350      29.548147     3682730097.693235
217      16.100211      -67044.225626      26.987559      29.344434     3682730374.835087
218      15.955958      -67045.818452      26.977660      34.015569     3682730646.877647
219      16.046569      -67050.079205      26.995767      31.831848     3682730927.580702
220      15.944147      -67047.005196      27.002028      29.610712     3682731195.897049
221      15.978896      -67049.179150      27.008925      29.630557     3682731469.387692
222      16.032661      -67050.005004      26.978216      29.564304     3682731734.984883
223      15.884819      -67048.940441      27.009828      33.125049     3682732007.076446
224      15.834888      -67046.676246      26.982517      29.980248     3682732301.660295
225      15.841795      -67047.308356      26.957553      29.644388     3682732586.411582
226      15.707960      -67046.469852      27.031575      32.923649     3682732859.539204
227      15.708659      -67046.176394      27.122234      34.030318     3682733128.747602
228      15.788810      -67044.999433      27.027514      32.244402     3682733389.676527
229      15.760052      -67046.940695      26.937884      29.606279     3682733659.447956
230      15.739454      -67046.347308      26.963471      29.541058     3682733931.734529
231      15.727015      -67046.689145      27.122203      34.057630     3682734201.024933
232      15.706368      -67048.166293      27.062657      33.056586     3682734476.474687
233      15.700613      -67051.631126      27.013213      31.464911     3682734740.000760
234      15.855864      -67047.940512      27.029577      29.476014     3682735009.488173
235      15.799960      -67039.603518      27.057050      29.607470     3682735280.757689
236      15.810525      -67047.714737      26.991366      34.111788     3682735548.214987
237      15.868293      -67047.192251      27.134719      32.204715     3682735824.916813
238      16.081766      -67042.878071      27.127588      29.556135     3682736099.195502
239      15.929148      -67043.255237      26.975720      29.576199     3682736386.009906
240      16.020260      -67048.908183      26.981255      34.338399     3682736668.113041
241      16.193785      -67045.799105      27.067569      30.314431     3682736963.155918
242      15.876494      -67047.501869      26.875788      29.528758     3682737254.251567
