1      14.739727      -66884.911156      24.338854      29.786588     3687747430.690096
2      14.730773      -66884.252078      24.352588      29.774670     3687747676.618162
3      14.771367      -66883.884537      24.390010      29.794519     3687747909.571486
4      14.748131      -66882.782001      24.350837      29.784528     3687748149.164190
5      14.732123      -66882.268798      24.399858      29.808891     3687748406.046883
6      14.749931      -66881.369178      24.326343      29.743158     3687748662.642559
7      14.741973      -66880.488650      24.287597      29.771147     3687748902.693290
8      14.821551      -66878.442862      24.334150      29.792137     3687749155.041723
9      14.719563      -66876.815428      24.346295      29.774939     3687749406.279093
10      14.779509      -66875.574468      24.283578      29.744920     3687749650.681072
11      14.630198      -66875.466842      24.322999      29.772304     3687749879.019132
12      14.608777      -66875.150301      24.366257      29.737189     3687750115.959684
13      14.606130      -66873.934889      24.273634      29.729062     3687750347.373920
14      14.664593      -66873.371549      24.258214      29.750908     3687750578.127119
15      14.606710      -66872.574073      24.306559      29.765786     3687750810.147389
16      14.736061      -66871.213461      24.268674      29.681038     3687751028.161859
17      14.773377      -66869.593649      24.267251      29.700497     3687751247.325395
18      14.869386      -66868.511826      24.257697      29.708206     3687751484.303949
19      14.817870      -66868.897725      24.373680      29.689819     3687751738.732502
20      14.844825      -66868.473870      24.295997      29.685798     3687751987.410725
21      14.748023      -66868.904051      24.261167      29.705609     3687752245.016459
22      14.773967      -66869.966939      24.265016      29.724715     3687752501.099106
23      14.801993      -66869.454460      24.271375      29.738884     3687752765.344221
24      14.799127      -66868.878746      24.324839      29.708289     3687753021.449869
25      14.813333      -66868.726915      24.219645      29.737352     3687753280.634694
26      14.812225      -66868.113292      24.184320      29.746942     3687753533.786173
27      14.687907      -66866.873521      24.237440      29.722953     3687753793.144007
28      14.632921      -66866.658476      24.189196      29.680360     3687754047.031529
29      14.646785      -66866.538306      24.210283      29.740152     3687754313.524771
30      14.673665      -66865.286103      24.205663      29.680874     3687754576.023786
31      14.623103      -66865.792023      24.229293      29.723708     3687754821.230810
32      14.670708      -66863.996134      24.182129      29.718812     3687755062.857630
33      14.680349      -66862.858078      24.247856      29.703577     3687755296.553998
34      14.773659      -66862.390252      24.161530      29.717461     3687755541.497007
35      14.633416      -66862.276460      24.333653      29.672029     3687755808.817297
36      14.652533      -66861.460993      24.214508      29.692400     3687756071.788338
37      14.672162      -66860.538150      24.218731      29.703993     3687756340.060682
38      14.582008      -66859.925080      24.261262      29.682056     3687756603.764766
39      14.587643      -66859.552203      24.232546      29.660620     3687756871.835098
40      14.539341      -66859.912440      24.176789      29.669486     3687757141.895545
41      14.718090      -66860.070444      24.242625      29.699332     3687757417.712321
42      14.716079      -66859.470045      24.290364      29.677910     3687757680.426347
43      14.834497      -66858.711703      24.266649      29.695265     3687757944.445448
44      14.833099      -66857.220482      24.338900      29.697156     3687758209.306597
45      14.820445      -66855.900071      24.193315      29.647336     3687758464.043167
46      14.801646      -66855.521041      24.268221      29.646277     3687758711.823339
47      14.811889      -66856.260164      24.322338      29.673823     3687758965.429845
48      14.788209      -66856.550776      24.344619      29.662007     3687759227.405829
49      14.812741      -66856.234894      24.186233      29.669548     3687759495.430159
50      14.843729      -66857.706998      24.240993      29.678709     3687759759.514264
51      14.795789      -66857.801776      24.185566      29.681408     3687760021.116227
52      14.871567      -66856.342293      24.209652      29.632420     3687760289.580583
53      14.682506      -66855.761092      24.209166      29.673209     3687760554.720747
54      14.699291      -66856.114862      24.233585      29.645417     3687760798.277678
55      14.673961      -66855.893754      24.181094      29.654267     3687761061.936759
56      14.625218      -66857.068846      24.220109      29.695619     3687761330.639127
57      14.599112      -66858.161945      24.307089      29.665699     3687761594.878241
58      14.615242      -66859.280454      24.213150      29.696159     3687761859.468374
59      14.589245      -66859.015032      24.299770      29.698338     3687762097.309978
60      14.639504      -66858.319918      24.213468      29.674216     3687762338.422769
61      14.643792      -66858.661149      24.249561      29.647302     3687762576.033360
62      14.656226      -66858.427341      24.246265      29.633842     3687762812.217869
63      14.659815      -66858.022931      24.252595      29.656794     3687763073.911837
64      14.639264      -66855.723188      24.269512      29.602571     3687763346.209411
65      14.560554      -66855.792678      24.181621      29.624646     3687763609.401465
66      14.560591      -66856.493916      24.232312      29.651114     3687763872.937539
67      14.555069      -66856.317022      24.267235      29.700017     3687764138.873749
68      14.706094      -66855.331532      24.310125      29.678902     3687764404.937967
69      14.633018      -66854.794611      24.248855      29.642895     3687764672.892293
70      14.704667      -66854.756712      24.218217      29.651089     3687764935.235299
71      14.797926      -66854.624066      24.274424      29.606966     3687765198.706368
72      14.816399      -66854.693547      24.318317      29.655936     3687765451.620833
73      14.799545      -66854.668281      24.265694      29.618737     3687765713.220797
74      14.783933      -66855.173611      24.378878      29.680122     3687765976.020828
75      14.805160      -66855.445237      24.248685      29.645509     3687766231.567444
76      14.791070      -66855.855850      24.229719      29.679154     3687766484.537914
77      14.785853      -66855.521041      24.263063      29.684764     3687766735.645276
78      14.799780      -66856.456010      24.305784      29.677856     3687766986.160605
79      14.817357      -66855.963244      24.271894      29.631824     3687767241.940234
80      14.826887      -66854.914626      24.277012      29.649869     3687767508.589486
81      14.807852      -66854.478790      24.183786      29.658319     3687767766.855258
82      14.807690      -66854.093503      24.202389      29.622456     3687768024.102971
83      14.819932      -66854.737763      24.254252      29.655650     3687768287.615043
84      14.640865      -66855.647383      24.206359      29.619425     3687768552.161174
85      14.628217      -66855.022009      24.178020      29.660965     3687768813.191105
86      14.690854      -66854.080871      24.306450      29.647446     3687769066.406588
87      14.626038      -66855.419969      24.291258      29.629177     3687769341.040296
88      14.587030      -66856.519187      24.418569      29.638231     3687769612.863843
89      14.599295      -66856.474963      24.397292      29.594926     3687769879.248080
90      14.671349      -66858.149307      24.351583      29.672603     3687770150.097571
91      14.621491      -66859.748120      24.324318      29.673926     3687770402.422003
92      14.658535      -66860.715127      24.303864      29.645353     3687770661.679832
93      14.620765      -66862.112097      24.326890      29.621751     3687770927.669045
94      14.658761      -66863.193157      24.345817      29.679885     3687771157.258178
95      14.577994      -66863.920259      24.265303      29.705989     3687771378.746846
96      14.617680      -66865.292426      24.295733      29.696201     3687771619.214600
97      14.591826      -66866.215752      24.265251      29.695737     3687771848.814733
98      14.694779      -66865.760402      24.357653      29.665160     3687772081.924066
99      14.670910      -66866.468735      24.281754      29.720863     3687772317.263526
100      14.721598      -66867.379530      24.215108      29.687429     3687772543.437462
101      14.840458      -66867.651521      24.334858      29.686667     3687772769.413388
102      14.892956      -66868.195528      24.308465      29.743099     3687773031.478377
103      14.717494      -66868.005755      24.297847      29.724255     3687773295.749493
104      14.765475      -66867.803334      24.196662      29.695623     3687773556.034380
105      14.727894      -66868.897725      24.278961      29.729693     3687773809.879899
106      14.710603      -66868.998947      24.288752      29.698572     3687774065.750534
107      14.776406      -66869.631610      24.274909      29.720123     3687774312.098624
108      14.781558      -66869.258333      24.266358      29.736241     3687774579.910943
109      14.816494      -66869.720186      24.296840      29.716769     3687774828.676171
110      14.855123      -66868.764873      24.288738      29.733796     3687775071.836078
111      14.835450      -66867.366879      24.293375      29.685060     3687775323.760488
112      14.806232      -66866.437112      24.237074      29.704508     3687775582.567291
113      14.867557      -66867.955149      24.282635      29.702261     3687775819.927867
114      14.866974      -66868.391632      24.299414      29.721633     3687776051.166093
115      14.809275      -66868.556109      24.282263      29.710702     3687776282.047299
116      14.777276      -66868.802830      24.301085      29.730703     3687776524.168147
117      14.781669      -66869.169761      24.219099      29.703894     3687776779.670762
118      14.751079      -66869.410173      24.259940      29.701151     3687777018.988450
119      14.775599      -66869.321599      24.244104      29.722123     3687777256.090011
120      14.662998      -66869.524054      24.238830      29.715981     3687777485.032105
121      14.594223      -66869.909996      24.331842      29.744422     3687777712.425112
122      14.660724      -66870.245335      24.247388      29.725833     3687777961.570363
123      14.659964      -66870.985657      24.245707      29.722780     3687778206.669381
124      14.676448      -66869.650590      24.284834      29.702580     3687778446.396093
125      14.562202      -66869.808763      24.235766      29.713416     3687778680.794499
126      14.555938      -66869.568342      24.273245      29.725432     3687778921.143246
127      14.574644      -66869.460786      24.255925      29.731027     3687779167.698349
128      14.644235      -66868.809156      24.226545      29.695027     3687779420.524810
129      14.609976      -66869.321599      24.283966      29.691058     3687779653.559138
130      14.751963      -66868.815483      24.291758      29.765061     3687779883.947316
131      14.754467      -66868.265113      24.233715      29.721588     3687780118.062706
132      14.764353      -66867.879241      24.272010      29.718647     3687780361.592635
133      14.712617      -66869.138129      24.265401      29.725095     3687780623.202599
134      14.612980      -66869.815090      24.255958      29.767685     3687780894.406110
135      14.580811      -66870.485775      24.180358      29.717990     3687781151.291804
136      14.606679      -66870.719894      24.186000      29.737012     3687781426.109522
137      14.528213      -66870.618652      24.308462      29.721306     3687781700.431213
138      14.531585      -66870.738876      24.354433      29.738479     3687781974.685899
139      14.677378      -66869.182414      24.261360      29.720173     3687782245.798406
140      14.702617      -66868.688958      24.206358      29.725145     3687782505.205243
141      14.693201      -66868.726915      24.206982      29.737352     3687782777.219801
142      14.774903      -66868.923030      24.195584      29.756221     3687783047.800278
143      14.786040      -66867.107547      24.296542      29.684946     3687783308.385182
144      14.801775      -66867.670498      24.196122      29.723836     3687783581.009776
145      14.769887      -66868.290416      24.231472      29.738844     3687783841.136654
146      14.866835      -66867.550314      24.215333      29.696462     3687784109.726016
147      14.828023      -66867.075921      24.166501      29.714493     3687784379.867468
148      14.654301      -66868.581413      24.192319      29.727495     3687784658.854425
149      14.717658      -66867.929846      24.261898      29.733223     3687784923.379555
150      14.679848      -66865.507439      24.193430      29.714220     3687785188.211702
151      14.622231      -66866.158832      24.244385      29.717300     3687785432.938700
152      14.678517      -66865.994399      24.172895      29.713858     3687785680.353851
153      14.698222      -66866.013372      24.183291      29.693069     3687785939.130653
154      14.682622      -66867.215074      24.191457      29.722007     3687786192.772160
155      14.546937      -66867.860264      24.138261      29.736189     3687786456.384238
156      14.558382      -66866.810272      24.142437      29.736144     3687786705.282474
157      14.558703      -66866.310620      24.125396      29.711419     3687786967.548474
158      14.623451      -66865.760402      24.181794      29.746763     3687787227.989371
159      14.580873      -66866.114561      24.258274      29.706922     3687787484.641050
160      14.597375      -66866.860872      24.231761      29.766018     3687787740.220669
161      14.625720      -66866.076615      24.224822      29.733197     3687787993.223140
162      14.526930      -66865.115361      24.226544      29.745099     3687788244.990540
163      14.562003      -66864.913004      24.212589      29.723423     3687788499.210081
164      14.521533      -66863.237414      24.220789      29.696291     3687788755.936765
165      14.551183      -66862.074167      24.206681      29.673998     3687789002.648875
166      14.601018      -66861.852914      24.195932      29.697220     3687789264.429849
167      14.568546      -66861.296645      24.294034      29.683394     3687789518.084357
168      14.620307      -66861.309287      24.191847      29.670925     3687789768.811697
169      14.542481      -66860.784654      24.213635      29.692929     3687790029.296597
170      14.547387      -66861.043806      24.183263      29.672177     3687790276.094713
171      14.559901      -66861.751772      24.230229      29.698205     3687790528.302137
172      14.503028      -66862.586230      24.216735      29.706194     3687790756.838210
173      14.673496      -66863.167868      24.244425      29.689520     3687790987.423398
174      14.676472      -66863.654702      24.173705      29.698895     3687791217.448555
175      14.665705      -66863.136256      24.185201      29.702840     3687791443.842504
176      14.839554      -66863.509281      24.185779      29.733084     3687791689.002526
177      14.872414      -66863.471346      24.257382      29.687494     3687791941.187951
178      14.823297      -66864.204793      24.277245      29.703887     3687792187.861059
179      14.862923      -66863.490314      24.293569      29.690816     3687792430.828956
180      14.667521      -66863.458701      24.226847      29.702280     3687792697.516210
181      14.688471      -66864.931975      24.255345      29.697071     3687792947.835527
182      14.735177      -66864.767564      24.259835      29.678791     3687793209.986522
183      14.666209      -66864.988888      24.309036      29.673189     3687793468.749321
184      14.747962      -66864.388164      24.270956      29.712505     3687793718.923631
185      14.719972      -66864.217439      24.247752      29.735465     3687793975.168287
186      14.811818      -66863.629411      24.297885      29.686274     3687794224.919573
187      14.789482      -66865.975426      24.228632      29.679007     3687794485.642485
188      14.706005      -66866.620528      24.256109      29.726109     3687794742.520177
189      14.585825      -66866.962071      24.234986      29.699199     3687794996.841724
190      14.617712      -66866.108237      24.210411      29.746306     3687795248.897141
191      14.659789      -66866.095588      24.229589      29.689690     3687795510.662113
192      14.544155      -66866.266348      24.183850      29.728859     3687795763.330565
193      14.606661      -66865.867913      24.195833      29.723550     3687796024.925527
194      14.613161      -66866.165157      24.251914      29.692288     3687796286.867509
195      14.571212      -66866.671126      24.242245      29.743003     3687796549.719543
196      14.574399      -66866.285322      24.209255      29.688598     3687796806.698242
197      14.573297      -66866.019696      24.217555      29.732505     3687797059.849721
198      14.577547      -66866.120886      24.226409      29.697211     3687797330.632209
199      14.592265      -66865.513763      24.218314      29.729082     3687797589.279003
200      14.652740      -66863.819093      24.303814      29.664779     3687797850.462942
201      14.657441      -66864.375517      24.267622      29.678143     3687798108.649709
202      14.685101      -66865.735105      24.259546      29.703079     3687798372.402795
203      14.640319      -66867.056946      24.400897      29.709317     3687798604.324060
204      14.600962      -66866.917796      24.253565      29.709685     3687798839.425507
205      14.609810      -66865.241836      24.224244      29.703880     3687799075.119988
206      14.597329      -66863.964519      24.199823      29.678347     3687799322.977165
207      14.606898      -66865.463171      24.210135      29.744178     3687799571.983407
208      14.613542      -66867.411156      24.126585      29.720940     3687799827.303010
209      14.594417      -66866.032345      24.162729      29.710765     3687800075.565210
210      14.592790      -66865.178598      24.292925      29.674878     3687800336.546138
211      14.555043      -66865.197569      24.175754      29.739866     3687800590.624670
212      14.604484      -66865.804671      24.239194      29.704750     3687800852.204631
213      14.570602      -66866.177806      24.260407      29.683993     3687801114.307623
214      14.559655      -66866.424462      24.297049      29.690084     3687801371.380326
215      14.568240      -66866.531982      24.215416      29.719263     3687801630.287135
216      14.666084      -66866.690100      24.233412      29.698106     3687801902.826723
217      14.719231      -66866.924121      24.243273      29.725474     3687802154.059093
218      14.721106      -66865.298750      24.292007      29.729145     3687802419.337266
219      14.652372      -66864.653742      24.198403      29.701981     3687802664.901312
220      14.719198      -66864.723299      24.281697      29.682323     3687802919.578878
221      14.666969      -66865.633920      24.218333      29.716119     3687803172.904368
222      14.601743      -66867.221399      24.193828      29.709977     3687803430.759116
223      14.719722      -66866.696425      24.226871      29.696277     3687803688.771873
224      14.800693      -66865.216541      24.223672      29.721860     3687803945.103535
225      14.821559      -66864.362871      24.197690      29.709622     3687804211.065747
226      14.824857      -66863.888645      24.195294      29.705862     3687804462.584134
227      14.788925      -66865.033153      24.168988      29.722051     3687804726.290217
228      14.773040      -66864.780211      24.200793      29.684406     3687804985.094019
229      14.770195      -66864.786534      24.210668      29.722915     3687805240.930652
230      14.866337      -66864.660065      24.180605      29.713598     3687805494.083132
231      14.832467      -66865.146979      24.194310      29.704426     3687805743.914421
232      14.851149      -66865.267131      24.189170      29.725309     3687806005.795400
233      14.825459      -66865.880562      24.171963      29.739828     3687806275.104803
234      14.826620      -66865.583327      24.232197      29.727507     3687806537.650821
235      14.847190      -66865.697160      24.204050      29.676498     3687806774.752382
236      14.831464      -66865.020506      24.220061      29.685371     3687807006.508637
237      14.744153      -66864.046717      24.244713      29.704643     3687807233.994649
238      14.719906      -66864.432426      24.204539      29.718247     3687807466.038921
239      14.754782      -66863.724252      24.180555      29.707056     3687807727.235861
240      14.733068      -66862.643128      24.234789      29.666546     3687807980.129325
241      14.734129      -66863.591475      24.174386      29.723678     3687808240.904241
242      14.830540      -66865.836292      24.162871      29.762830     3687808499.213015
243      14.829380      -66867.518687      24.318376      29.742699     3687808760.729973
244      14.833012      -66867.702125      24.242214      29.720718     3687809024.004032
245      14.840681      -66866.089264      24.230970      29.740666     3687809290.738288
246      14.740114      -66865.380960      24.194792      29.723912     3687809561.606781
247      14.769690      -66864.780211      24.219554      29.698316     3687809811.777090
248      14.748435      -66863.578830      24.277984      29.701372     3687810071.084922
249      14.744509      -66862.516689      24.196285      29.684586     3687810330.843779
250      14.749703      -66861.922450      24.188241      29.692863     3687810592.077720
251      14.669149      -66862.466114      24.207805      29.705248     3687810849.562448
252      14.634929      -66863.218447      24.216959      29.684159     3687811099.624751
253      14.657234      -66862.478758      24.192378      29.694171     3687811366.502015
254      14.629027      -66862.718992      24.146918      29.709509     3687811629.489057
255      14.571482      -66863.389153      24.237820      29.682991     3687811898.807461
256      14.554554      -66862.655772      24.268137      29.707400     3687812159.480371
257      14.545633      -66862.352321      24.223289      29.687635     3687812422.709426
258      14.571305      -66863.231092      24.265317      29.671227     3687812693.651923
259      14.635894      -66862.643128      24.292002      29.654490     3687812952.247715
260      14.613510      -66862.902333      24.241470      29.712100     3687813222.624179
261      14.634818      -66863.306961      24.217788      29.699352     3687813476.021673
262      14.687483      -66863.193157      24.274073      29.697968     3687813739.203726
263      14.735348      -66864.116270      24.237023      29.706313     3687814002.877807
264      14.797619      -66863.205802      24.216439      29.707292     3687814256.969340
265      14.762970      -66863.736897      24.333960      29.730289     3687814520.267400
266      14.744101      -66863.572507      24.281710      29.687437     3687814776.393050
267      14.712241      -66864.546245      24.226576      29.701085     3687815036.122906
268      14.729027      -66864.438749      24.254748      29.680252     3687815293.197609
269      14.809739      -66865.090066      24.334768      29.692142     3687815548.115190
270      14.828200      -66866.772323      24.382394      29.696582     3687815811.261241
271      14.843047      -66866.544631      24.298944      29.734150     3687816069.755025
272      14.828082      -66865.128008      24.333047      29.722896     3687816330.018912
273      14.784388      -66866.709075      24.260221      29.738519     3687816608.907863
274      14.831182      -66867.145497      24.219785      29.688344     3687816876.518169
275      14.835771      -66866.405489      24.235069      29.703918     3687817135.927007
276      14.645618      -66867.411156      24.279956      29.717694     3687817398.013998
277      14.635551      -66867.177123      24.228356      29.750135     3687817654.745682
278      14.819186      -66867.714776      24.291506      29.720305     3687817884.256809
279      14.807899      -66868.916704      24.229327      29.712151     3687818113.550924
280      14.748627      -66869.511400      24.315218      29.753484     3687818341.841981
281      14.771154      -66869.403846      24.320408      29.700662     3687818574.221273
282      14.789235      -66868.916704      24.304361      29.741823     3687818828.953842
283      14.710761      -66869.498747      24.167435      29.697334     3687819089.603751
284      14.727122      -66870.327590      24.234122      29.765108     3687819338.874009
285      14.887760      -66869.365886      24.224117      29.685672     3687819602.600093
286      14.862098      -66869.524054      24.273065      29.713200     3687819856.720627
287      14.865408      -66869.283640      24.418849      29.711307     3687820110.657152
288      14.833774      -66869.732840      24.301581      29.736756     3687820374.548245
289      14.867361      -66869.062211      24.224290      29.733135     3687820629.722841
290      14.859653      -66869.511400      24.264103      29.764611     3687820884.501414
291      14.849159      -66869.403846      24.255225      29.731726     3687821141.754127
292      14.861173      -66868.492848      24.247772      29.726676     3687821401.504984
293      14.856047      -66868.410610      24.224926      29.708727     3687821653.740411
294      14.828673      -66868.733241      24.252969      29.731814     3687821902.414634
295      14.896443      -66868.113292      24.297346      29.698723     3687822146.635603
296      14.889803      -66867.550314      24.163270      29.691361     3687822411.974780
297      14.841369      -66867.525013      24.271508      29.715370     3687822641.759923
298      14.810041      -66866.778648      24.201410      29.714226     3687822880.574583
299      14.827203      -66866.993696      24.245432      29.703035     3687823119.767263
300      14.867943      -66867.240375      24.168577      29.710517     3687823356.479803
301      14.791619      -66865.798347      24.231664      29.721879     3687823600.013732
302      14.821519      -66865.969101      24.264718      29.741110     3687823855.887366
303      14.757075      -66866.816597      24.239554      29.701396     3687824102.352464
304      14.813371      -66866.658476      24.225779      29.730434     3687824344.305303
305      14.696648      -66866.095588      24.210360      29.732346     3687824590.537386
306      14.775807      -66867.063271      24.212885      29.750605     3687824850.266243
307      14.802784      -66867.221399      24.237447      29.684476     3687825108.441009
308      14.819062      -66868.031057      24.244019      29.732703     3687825364.656663
309      14.778220      -66868.106967      24.196958      29.726053     3687825622.078387
310      14.754505      -66866.196779      24.168557      29.690560     3687825889.538685
311      14.879440      -66865.165951      24.260516      29.724903     3687826153.299771
312      14.894567      -66866.044993      24.201712      29.746051     3687826413.359645
313      14.864796      -66865.096390      24.249916      29.715814     3687826675.349631
314      14.916478      -66864.520952      24.205368      29.745493     3687826936.286555
315      14.840956      -66865.924831      24.178240      29.714042     3687827198.414549
316      14.795474      -66865.804671      24.112550      29.687131     3687827445.627688
317      14.908259      -66866.000723      24.222168      29.719447     3687827705.700563
318      14.884795      -66864.957270      24.199168      29.725919     3687827969.025625
319      14.870958      -66864.735946      24.220312      29.701847     3687828235.532868
320      14.706936      -66866.152508      24.162280      29.727475     3687828494.844700
321      14.705356      -66866.810272      24.201538      29.733362     3687828752.754451
322      14.674741      -66867.853939      24.187487      29.703245     3687829014.764438
323      14.684065      -66866.639502      24.263221      29.720158     3687829282.760767
324      14.724936      -66863.913936      24.189299      29.709673     3687829543.414675
325      14.658098      -66863.610443      24.143974      29.689444     3687829815.510238
326      14.596182      -66864.034071      24.348296      29.699028     3687830052.769808
327      14.712366      -66864.691682      24.187300      29.704452     3687830284.564066
328      14.707749      -66865.425228      24.209981      29.711108     3687830517.499390
329      14.787096      -66865.399932      24.176576      29.708224     3687830755.826021
330      14.905952      -66865.905859      24.267743      29.714893     3687830992.964584
331      14.809634      -66865.988074      24.134405      29.733769     3687831248.016173
332      14.733754      -66864.539922      24.135086      29.733515     3687831496.678395
333      14.874845      -66865.096390      24.196919      29.687531     3687831743.419508
334      14.821310      -66864.533598      24.177746      29.712162     3687831997.868062
335      14.782829      -66863.793802      24.187404      29.676270     3687832251.670578
336      14.765416      -66863.287993      24.181127      29.664037     3687832516.024698
337      14.754579      -66863.098322      24.177073      29.694341     3687832778.178693
338      14.763784      -66863.471346      24.202510      29.685175     3687833040.912720
339      14.690047      -66862.541977      24.092251      29.664285     3687833301.650634
340      14.620561      -66862.870722      24.146127      29.705018     3687833567.640847
341      14.618363      -66863.610443      24.113483      29.706135     3687833825.945621
342      14.632541      -66864.027748      24.164902      29.685556     3687834063.478208
343      14.627557      -66864.211116      24.144539      29.732194     3687834302.125858
344      14.790623      -66865.096390      24.162678      29.721378     3687834533.160072
345      14.796097      -66866.070291      24.196655      29.715553     3687834774.134855
346      14.804101      -66865.577003      24.190429      29.699199     3687835043.161242
347      14.624927      -66865.077419      24.193089      29.694410     3687835306.135283
348      14.692590      -66864.539922      24.094274      29.722851     3687835565.414114
349      14.621543      -66865.184922      24.207128      29.713851     3687835812.142226
350      14.694255      -66864.710653      24.217864      29.687836     3687836061.694499
351      14.675010      -66863.648379      24.209326      29.695624     3687836309.362665
352      14.685882      -66864.192147      24.103650      29.655613     3687836567.325419
353      14.636843      -66864.603155      24.176153      29.702241     3687836820.288888
354      14.722032      -66863.098322      24.121252      29.671621     3687837072.099291
355      14.690977      -66863.458701      24.252641      29.668432     3687837326.353834
356      14.740056      -66863.635734      24.309634      29.715046     3687837570.833817
357      14.710570      -66863.104645      24.286844      29.720795     3687837822.222195
358      14.722916      -66864.350225      24.248291      29.699834     3687838067.500225
359      14.708582      -66864.818151      24.330850      29.698005     3687838326.161019
360      14.762707      -66864.596832      24.200986      29.695261     3687838583.153718
361      14.622093      -66866.241050      24.299118      29.695839     3687838849.926977
362      14.643801      -66867.550314      24.334447      29.699244     3687839108.213750
363      14.599212      -66867.765380      24.277643      29.693153     3687839364.243394
364      14.614481      -66868.676305      24.209121      29.691711     3687839622.844186
365      14.606270      -66869.467113      24.225936      29.719926     3687839870.414346
366      14.657385      -66869.555688      24.298516      29.715645     3687840119.371585
367      14.617735      -66869.460786      24.289221      29.718973     3687840379.873485
368      14.623977      -66868.657327      24.251254      29.715282     3687840631.785893
369      14.694026      -66868.233483      24.208260      29.725170     3687840885.322395
370      14.628587      -66868.499174      24.247328      29.713719     3687841143.628169
371      14.669858      -66870.023883      24.229605      29.737462     3687841378.515604
372      14.631424      -66871.029952      24.211181      29.728521     3687841607.222685
373      14.634495      -66871.770338      24.211375      29.732422     3687841851.857677
374      14.652476      -66871.257756      24.183964      29.723409     3687842097.698739
375      14.658543      -66871.681741      24.180528      29.710276     3687842362.317874
376      14.623995      -66871.662756      24.240954      29.739872     3687842611.873148
377      14.638199      -66871.162837      24.272689      29.727664     3687842861.121404
378      14.628888      -66871.688069      24.247623      29.709374     3687843106.636446
379      14.657796      -66872.194346      24.183549      29.745253     3687843364.029169
380      14.625990      -66872.143717      24.200698      29.755712     3687843606.739051
381      14.684930      -66871.580489      24.158540      29.761331     3687843868.410017
382      14.722791      -66871.707054      24.142636      29.761376     3687844125.922746
383      14.628001      -66870.897068      24.137468      29.748851     3687844393.060026
384      14.594934      -66871.466582      24.252350      29.689474     3687844659.912289
385      14.563097      -66871.409629      24.191617      29.742564     3687844907.151431
386      14.682739      -66871.283068      24.192041      29.725829     3687845136.099525
387      14.695061      -66871.599474      24.248201      29.702990     3687845368.824837
388      14.661001      -66871.466582      24.218583      29.727030     3687845605.268360
389      14.656964      -66872.339906      24.187893      29.716165     3687845863.119109
390      14.676800      -66871.928547      24.287054      29.701994     3687846110.138237
391      14.611229      -66872.624704      24.233138      29.754399     3687846361.007586
392      14.668794      -66872.422180      24.186351      29.737822     3687846607.140664
393      14.697073      -66871.276740      24.170908      29.680365     3687846857.353975
394      14.691041      -66871.207133      24.124656      29.736651     3687847125.087289
395      14.701041      -66871.656428      24.234362      29.692555     3687847379.740854
396      14.720937      -66872.529770      24.210709      29.747991     3687847630.055171
397      14.692768      -66872.200675      24.151210      29.723487     3687847887.083873
398      14.695476      -66872.276619      24.156209      29.751146     3687848138.774269
399      14.703300      -66872.662678      24.164814      29.767532     3687848391.428719
400      14.699089      -66872.339906      24.230574      29.748155     3687848640.283954
401      14.696288      -66872.010818      24.286451      29.723188     3687848894.463491
402      14.576848      -66872.415851      24.206963      29.729452     3687849155.115400
403      14.648817      -66871.529864      24.148014      29.720329     3687849417.026381
404      14.604417      -66870.751532      24.198324      29.734357     3687849674.195090
405      14.617034      -66870.099809      24.172223      29.699748     3687849932.778880
406      14.605202      -66870.017556      24.159224      29.724455     3687850191.132657
407      14.639819      -66871.207133      24.222219      29.717642     3687850446.853283
408      14.551763      -66871.447598      24.233045      29.732981     3687850700.541794
409      14.573821      -66871.340020      24.243395      29.747384     3687850946.266848
410      14.620720      -66870.295954      24.205384      29.715837     3687851191.090851
411      14.519174      -66870.517412      24.298672      29.732490     3687851449.555634
412      14.556962      -66870.276972      24.156995      29.708806     3687851699.312920
413      14.626097      -66870.207372      24.229413      29.729390     3687851922.798702
414      14.644041      -66870.378209      24.140520      29.711994     3687852157.795143
415      14.626297      -66871.409629      24.174732      29.762036     3687852403.982225
416      14.736054      -66871.327364      24.166892      29.703288     3687852633.337342
417      14.753127      -66870.827464      24.166268      29.751816     3687852856.117085
418      14.809152      -66869.796109      24.213671      29.731447     3687853083.395085
419      14.782233      -66869.074864      24.264675      29.737823     3687853335.912528
420      14.799724      -66868.676305      24.211466      29.713967     3687853593.514262
421      14.817293      -66869.220374      24.232437      29.737016     3687853839.705343
422      14.740661      -66869.783456      24.187354      29.730469     3687854084.931370
423      14.760613      -66870.093482      24.196119      29.738205     3687854335.401695
424      14.797993      -66868.720589      24.198513      29.732227     3687854591.996372
425      14.768798      -66867.335253      24.214459      29.724808     3687854842.376693
426      14.802411      -66868.170225      24.140928      29.716107     3687855098.279330
427      14.851242      -66868.290416      24.219747      29.699898     3687855348.832660
428      14.819018      -66869.289966      24.195199      29.738223     3687855597.582888
429      14.836913      -66868.758546      24.237596      29.743506     3687855852.487468
430      14.869091      -66868.556109      24.218951      29.715802     3687856113.715409
431      14.856001      -66868.284090      24.198147      29.670661     3687856364.516755
432      14.853412      -66868.929356      24.193733      29.743265     3687856617.399219
433      14.825886      -66868.176551      24.278376      29.760640     3687856880.685277
434      14.823513      -66868.296742      24.215083      29.719397     3687857128.652460
435      14.737676      -66868.948336      24.194749      29.705323     3687857396.432776
436      14.677783      -66867.664172      24.196097      29.715929     3687857654.846557
437      14.743465      -66868.151247      24.203704      29.717422     3687857911.997265
438      14.689587      -66868.663653      24.214698      29.718089     3687858176.355386
439      14.749176      -66868.258787      24.169901      29.755407     3687858440.942518
440      14.617929      -66866.968396      24.161843      29.683459     3687858703.310525
441      14.563072      -66867.594592      24.221141      29.731413     3687858964.835484
442      14.605947      -66867.657847      24.189035      29.714049     3687859222.874243
443      14.630442      -66866.753348      24.202245      29.728961     3687859470.133386
444      14.635741      -66864.799181      24.252460      29.667790     3687859720.217690
445      14.631485      -66864.350225      24.202798      29.690561     3687859977.430401
446      14.614237      -66865.501115      24.223421      29.700748     3687860234.598110
447      14.599244      -66866.734374      24.255634      29.709875     3687860494.213959
448      14.580873      -66866.576255      24.286880      29.730104     3687860748.497503
449      14.573389      -66865.349341      24.266889      29.672782     3687861013.351652
450      14.588133      -66865.671864      24.339476      29.707925     3687861271.455415
451      14.582277      -66864.837122      24.263870      29.649394     3687861536.608581
452      14.678583      -66864.856093      24.276140      29.666163     3687861818.222688
453      14.691173      -66865.583327      24.362560      29.718697     3687862082.139783
454      14.657828      -66865.507439      24.214067      29.695210     3687862341.874639
455      14.765717      -66867.746404      24.342277      29.716723     3687862599.904397
456      14.763219      -66867.259350      24.202425      29.720794     3687862860.869324
