1      14.828270      -67012.290306      24.076910      30.199231     3687134514.557813
2      14.700307      -67025.545932      24.163523      30.364389     3687134726.201919
3      14.760285      -67032.520793      24.085093      30.500873     3687134940.374168
4      14.604060      -67033.982758      24.103456      30.528248     3687135152.885323
5      14.601381      -67032.005620      24.105053      30.547644     3687135401.390537
6      14.615531      -67028.773585      24.125485      30.549752     3687135679.485442
7      14.723654      -67023.149274      24.162010      30.524464     3687135974.006288
8      14.901434      -67015.805656      24.218995      30.509649     3687136273.557422
9      14.697027      -67005.848000      24.101203      30.456590     3687136595.470834
10      14.640574      -66996.145090      24.077545      30.373520     3687136939.873533
11      14.910199      -66986.708922      24.085459      30.356327     3687137279.842978
12      14.731431      -66975.721084      24.066663      30.307908     3687137644.922859
13      14.879876      -66965.862018      24.116480      30.237603     3687138007.596603
14      14.717093      -66958.507524      24.045102      30.159490     3687138392.104595
15      14.962220      -66949.697698      24.023638      30.166092     3687138790.971410
16      14.735295      -66943.086404      24.128388      30.118738     3687139208.747305
17      14.762061      -66934.759812      24.031237      30.031370     3687139634.494656
18      14.939298      -66928.913796      24.093116      30.011395     3687140054.483678
19      14.709200      -66923.446927      24.126737      30.008462     3687140465.955213
20      14.732391      -66919.340994      24.088011      29.952136     3687140850.317198
21      14.790878      -66915.379947      24.114847      29.929986     3687141255.574377
22      14.593279      -66910.956813      24.029554      29.931469     3687141667.101915
23      14.904992      -66910.007011      24.024757      29.936926     3687142089.010046
24      14.801696      -66906.904171      24.084403      29.913814     3687142509.238082
25      14.594946      -66904.488059      24.037991      29.895311     3687142938.799652
26      14.634462      -66900.739758      24.069679      29.860799     3687143425.915513
27      14.681809      -66897.957305      24.044298      29.856119     3687143922.413911
28      14.652340      -66895.121796      24.055296      29.874864     3687144435.916282
29      14.657132      -66892.236451      24.026211      29.789578     3687144918.289872
30      14.682821      -66889.542177      24.034499      29.788727     3687145415.075286
31      14.673565      -66889.041447      24.004312      29.812444     3687145926.635546
32      14.646483      -66887.590121      24.008736      29.788538     3687146449.668462
33      14.593571      -66885.682835      24.031483      29.788296     3687146954.099314
34      14.609070      -66883.763282      23.994120      29.770853     3687147470.677860
35      14.623108      -66885.416734      24.005533      29.822922     3687147981.062053
36      14.676139      -66885.967952      24.033111      29.766725     3687148500.155743
37      14.697730      -66883.440228      24.008761      29.751011     3687149035.850383
38      14.662763      -66880.317973      23.964161      29.756090     3687149482.717942
39      14.615217      -66878.665449      23.984661      29.755943     3687149941.642191
40      14.609376      -66877.487972      23.993013      29.761877     3687150473.599617
41      14.829944      -66875.734701      23.978378      29.732119     3687151042.479156
42      14.894430      -66875.361304      24.006891      29.777907     3687151609.976614
43      14.748477      -66873.861543      23.895207      29.696312     3687152188.852725
44      14.619438      -66875.411933      24.052609      29.710886     3687152784.019766
45      14.739052      -66875.513192      24.005162      29.694601     3687153405.040287
46      14.623410      -66874.753776      23.969228      29.746724     3687154006.122666
47      14.781409      -66874.070355      24.003989      29.718015     3687154580.366511
48      14.772023      -66875.038550      23.992910      29.746013     3687155169.633215
49      14.647549      -66873.994423      24.044501      29.720029     3687155756.765798
50      14.908877      -66872.728976      24.048741      29.704282     3687156343.602363
51      14.834359      -66874.260189      24.069509      29.729442     3687156914.135995
52      14.662427      -66872.849186      23.971809      29.739074     3687157472.179914
53      14.606978      -66872.292437      24.080278      29.697428     3687158024.467503
54      14.889190      -66873.981768      24.066970      29.728787     3687158604.210662
55      14.648487      -66873.874198      23.967999      29.732991     3687159193.354359
56      14.611298      -66874.949952      24.105152      29.742875     3687159772.349476
57      14.818850      -66874.443699      24.042105      29.741769     3687160369.134610
58      14.710102      -66874.418387      24.048571      29.714313     3687160955.413143
59      14.709175      -66873.386986      23.983850      29.719907     3687161551.302226
60      14.777231      -66872.716322      24.112494      29.747349     3687162139.671878
61      14.705586      -66871.020902      24.017400      29.714112     3687162733.468842
62      14.698012      -66869.540831      24.020299      29.743403     3687163295.853009
63      14.926807      -66868.743969      23.995944      29.730466     3687163891.144058
64      14.601168      -66866.044014      23.936164      29.686237     3687164511.660549
65      14.805133      -66866.056658      24.012704      29.683970     3687165114.052003
66      14.757621      -66866.948125      23.980666      29.687087     3687165737.683673
67      14.736144      -66865.462396      24.014042      29.689465     3687166369.630818
68      14.788260      -66864.988278      24.004607      29.676432     3687166988.557219
69      14.733710      -66866.145169      24.034178      29.693599     3687167599.328154
70      14.813544      -66865.892284      23.987166      29.654097     3687168219.963651
71      14.729462      -66866.044014      24.031890      29.738166     3687168872.923998
72      14.709883      -66865.708947      23.955450      29.731257     3687169505.093157
73      14.791447      -66864.602680      23.969254      29.696212     3687170153.825263
74      14.622734      -66864.779674      23.934778      29.719642     3687170807.173631
75      14.760668      -66863.989551      23.956906      29.677520     3687171406.145891
76      14.862017      -66863.964268      23.930993      29.687619     3687171975.019429
77      14.576373      -66861.682784      23.957851      29.724819     3687172555.279618
78      14.857492      -66862.295758      23.923739      29.668397     3687173190.962977
79      14.652164      -66863.218457      24.039640      29.682768     3687173843.913323
80      14.631667      -66864.394085      23.975914      29.690737     3687174561.727380
81      14.849492      -66863.136295      23.982062      29.688466     3687175230.390625
82      14.585914      -66862.251521      23.975180      29.660336     3687175877.471636
83      14.813642      -66862.915093      24.020108      29.711224     3687176528.544875
84      14.689748      -66862.238882      24.001875      29.690425     3687177147.916302
85      14.880279      -66861.328921      24.023513      29.669613     3687177778.051343
86      14.725163      -66860.160006      24.065679      29.669090     3687178434.019862
87      14.654421      -66860.646509      24.056397      29.664089     3687179141.860348
88      14.822438      -66859.496635      24.060637      29.678944     3687179726.192770
89      14.610476      -66860.324277      24.080891      29.653057     3687180353.115628
90      14.829572      -66860.640191      24.024936      29.658035     3687181018.939711
91      14.601937      -66860.343232      23.992760      29.651278     3687181689.720078
92      14.651757      -66861.158313      24.042525      29.644815     3687182353.366036
93      14.887423      -66859.705118      24.008465      29.677927     3687183017.723035
94      14.574282      -66858.062656      24.014457      29.660199     3687183675.480657
95      14.911945      -66859.041780      24.020314      29.649758     3687184316.239305
96      14.695385      -66859.212348      24.021946      29.674556     3687184967.817575
97      14.724850      -66859.622988      23.963554      29.651166     3687185631.656543
98      14.817024      -66859.345014      24.044537      29.670916     3687186288.207096
99      14.633606      -66857.475232      24.024268      29.653202     3687186967.449946
100      14.766820      -66856.471014      23.995785      29.666788     3687187634.630107
101      14.872251      -66855.353241      23.973879      29.661369     3687188306.879558
102      14.572650      -66856.515222      24.003942      29.666965     3687188968.509401
103      14.838333      -66855.713187      24.012412      29.694345     3687189630.462263
104      14.712515      -66856.995214      24.075802      29.681877     3687190244.601389
105      14.916072      -66856.805741      24.015446      29.666278     3687190842.210570
106      14.667624      -66857.020478      24.002243      29.670850     3687191493.951848
107      14.755481      -66857.083637      23.974814      29.674350     3687192156.303732
108      14.770739      -66857.993173      24.007605      29.641372     3687192825.941033
109      14.628524      -66857.519445      23.962978      29.672391     3687193494.689283
110      14.820142      -66858.365857      23.975805      29.675328     3687194161.391416
111      14.740403      -66856.679427      24.000387      29.677826     3687194824.608350
112      14.866435      -66855.681612      23.991168      29.652487     3687195382.410254
113      14.595136      -66857.203640      23.990318      29.681787     3687196034.119530
114      14.705302      -66857.102584      23.965037      29.671180     3687196724.495018
115      14.911352      -66858.321640      23.962486      29.645474     3687197423.336989
116      14.943469      -66857.759464      23.935797      29.663154     3687198141.108043
117      14.650967      -66855.890008      23.960576      29.695056     3687198827.591308
118      14.597422      -66854.292432      23.958303      29.684000     3687199511.502426
119      14.706713      -66854.557623      23.983782      29.666055     3687200222.149072
120      14.919364      -66856.445752      23.998498      29.643501     3687200920.513016
121      14.732316      -66853.806269      24.021081      29.641705     3687201617.585886
122      14.671173      -66853.490592      24.023551      29.633945     3687202289.742331
123      14.727817      -66853.875719      23.957078      29.650331     3687202948.384003
124      14.636240      -66852.455251      23.972887      29.639523     3687203583.410325
125      14.749144      -66852.209059      23.947015      29.658937     3687204236.485678
126      14.831073      -66851.192799      23.959776      29.652998     3687204918.233673
127      14.590064      -66851.249605      23.930912      29.663428     3687205556.947205
128      14.714105      -66850.454345      23.945041      29.628236     3687206139.996553
129      14.580413      -66849.154308      23.928961      29.627649     3687206807.500733
130      14.861841      -66848.226725      23.919557      29.635514     3687207477.400049
131      14.838311      -66847.860766      23.919476      29.623842     3687208147.003347
132      14.586546      -66846.132124      23.922301      29.617358     3687208814.437522
133      14.690401      -66844.624562      23.896458      29.616864     3687209506.465104
134      14.658464      -66853.427459      23.930383      29.444918     3687210097.515911
135      14.612116      -66864.874493      23.899965      29.612446     3687210581.764608
136      14.653644      -66869.692622      23.969769      29.710168     3687211111.614913
137      14.919126      -66869.660999      23.933038      29.759185     3687211696.800384
138      14.603528      -66867.074582      24.394405      29.714024     3687212359.220273
139      14.779695      -66867.308530      24.438486      29.644484     3687212913.126955
140      14.868762      -66869.977237      24.087288      29.719193     3687213488.800881
141      14.580736      -66871.160066      23.947579      29.759179     3687214133.228740
142      14.857200      -66868.111589      24.044517      29.716799     3687214769.996161
143      14.651271      -66863.464947      24.179970      29.667066     3687215408.720695
144      14.741601      -66861.815486      24.100088      29.703561     3687216077.638954
145      14.759259      -66859.610353      24.145072      29.704439     3687216793.951925
146      14.865308      -66856.679427      24.173968      29.699155     3687217496.341099
147      14.651017      -66856.363651      24.187225      29.692786     3687218130.004343
148      14.888647      -66853.768387      24.165420      29.658710     3687218836.476750
149      14.929936      -66851.148616      24.238728      29.625461     3687219573.134885
150      14.811479      -66850.391232      24.148409      29.188166     3687220283.869537
151      14.867169      -66868.554251      24.180483      29.633259     3687220811.741730
152      14.882770      -66875.665083      24.166226      29.694283     3687221338.081834
153      14.856397      -66876.690413      24.247780      29.774437     3687221869.200213
154      14.671509      -66875.962544      24.171187      29.764096     3687222422.593865
155      14.749703      -66873.810922      24.184020      29.779561     3687223009.697445
156      14.904871      -66871.185369      24.230572      29.749081     3687223622.363488
157      14.669173      -66868.819858      24.343825      29.728453     3687224290.844722
158      14.604945      -66866.492897      24.254653      29.742287     3687224969.831558
159      14.755516      -66863.439665      24.339317      29.707768     3687225650.707502
160      14.601887      -66861.600636      24.245091      29.678587     3687226289.793056
161      14.816179      -66859.256570      24.226655      29.671024     3687226880.695854
162      14.830308      -66858.624850      24.213300      29.651329     3687227429.278230
163      14.700725      -66857.153112      24.294549      29.668601     3687228041.671257
164      14.841361      -66857.020478      24.252742      29.642564     3687228675.033484
165      14.600929      -66855.599518      24.217890      29.663286     3687229288.766587
166      14.842154      -66855.826857      24.236636      29.679037     3687229882.840567
167      14.688141      -66855.965789      24.294883      29.692578     3687230564.648563
168      14.628002      -66855.662667      24.247224      29.676987     3687231250.502792
169      14.904994      -66855.864747      24.294472      29.694954     3687231936.888051
170      14.851023      -66854.734421      24.224692      29.667693     3687232660.097416
171      14.670796      -66853.976739      24.249283      29.680414     3687233334.297978
172      14.630552      -66853.623175      24.319595      29.659518     3687234042.119463
173      14.708680      -66851.685134      24.200105      29.658686     3687234744.155618
174      14.854798      -66851.028693      24.324058      29.622197     3687235432.414984
175      14.629760      -66850.662621      24.269112      29.623972     3687236108.434649
176      14.728555      -66851.514707      24.196598      29.662638     3687236752.950514
177      14.800887      -66850.952953      24.259975      29.629312     3687237395.640274
178      14.661756      -66849.028101      24.313584      29.630852     3687238135.224576
179      14.655750      -66849.772749      24.223287      29.637090     3687238881.053235
180      14.687923      -66855.220633      24.169915      29.454910     3687239397.677784
181      14.675817      -66866.613025      24.150548      29.616185     3687239826.930336
182      14.678747      -66875.399276      24.185784      29.746071     3687240336.557485
183      14.651538      -66877.380361      24.213064      29.762836     3687240886.111917
184      14.867390      -66874.494323      24.277783      29.754027     3687241520.170184
185      14.648851      -66867.959825      24.278902      29.782949     3687242161.348857
186      14.861271      -66863.553432      24.170010      29.743925     3687242811.442040
187      14.721905      -66861.682784      24.282473      29.720183     3687243486.173633
188      14.593297      -66857.683668      24.209006      29.694844     3687244184.348566
189      14.654809      -66854.854393      24.212985      29.658437     3687244907.993956
190      14.939057      -66852.310060      24.213432      29.699683     3687245558.581167
191      14.625347      -66851.445275      24.243685      29.654476     3687246194.775556
192      14.771933      -66848.933447      24.260678      29.625834     3687246880.549780
193      14.975106      -66846.927006      24.189676      29.036818     3687247557.112477
194      14.872920      -66863.016213      24.286953      29.564631     3687248085.692710
195      14.852847      -66871.216998      24.286977      29.708872     3687248598.645050
196      14.903341      -66874.279173      24.272219      29.754090     3687249119.882863
197      14.917528      -66875.854950      24.304881      29.749292     3687249615.400204
198      14.741315      -66872.134277      24.226924      29.748720     3687250188.840003
199      14.835312      -66868.718673      24.316217      29.737319     3687250828.271577
200      14.603640      -66866.062981      24.184430      29.747051     3687251470.547313
201      14.910146      -66864.147570      24.254502      29.754193     3687252137.818479
202      14.655036      -66861.025620      24.206641      29.692506     3687252788.274683
203      14.669064      -66859.098636      24.223199      29.676881     3687253456.028875
204      14.841696      -66854.677592      24.240876      29.690648     3687254124.800127
205      14.668372      -66853.623175      24.194380      29.671574     3687254706.087375
206      14.815880      -66851.798754      24.312651      29.654042     3687255352.814365
207      14.600392      -66851.546268      24.336946      29.650245     3687256007.256798
208      14.894860      -66850.189274      24.238581      29.651748     3687256660.949186
209      14.597163      -66850.883525      24.225925      29.651292     3687257244.463562
210      14.836490      -66850.883525      24.267196      29.569672     3687257863.281956
211      14.639348      -66852.512065      24.190802      29.639751     3687258516.217301
212      14.777744      -66851.142304      24.248082      29.653259     3687259096.057467
213      14.676406      -66851.521019      24.175516      29.624639     3687259720.730196
214      14.596123      -66850.517459      24.233349      29.688771     3687260280.957239
215      14.805156      -66849.905278      24.195685      29.613972     3687260846.526588
216      14.679779      -66848.756761      24.166626      29.629297     3687261486.627200
217      14.838166      -66847.248764      24.208807      29.577325     3687262148.720069
218      14.626113      -66845.513930      24.198473      29.605135     3687262809.242849
219      14.673122      -66845.305772      24.235616      29.586212     3687263517.814377
220      14.771362      -66852.373186      24.161156      29.345105     3687264165.759437
221      14.799841      -66867.434992      24.256136      29.608821     3687264677.827725
222      14.790269      -66875.399276      24.281928      29.704807     3687265174.666143
223      14.872928      -66876.753709      24.219429      29.765419     3687265683.863268
224      14.916140      -66873.557824      24.243026      29.765564     3687266194.749489
225      14.688760      -66870.888065      24.288455      29.738151     3687266756.822638
226      14.610486      -66867.251623      24.232410      29.750435     3687267347.413418
227      14.608891      -66869.521857      24.182070      29.491980     3687267800.050306
228      14.697433      -66880.482609      24.206907      29.672831     3687268170.844515
229      14.624524      -66884.257385      24.201607      29.740848     3687268626.799594
230      14.627277      -66883.997661      24.265742      29.799609     3687269116.076579
231      14.744390      -66882.572476      24.302158      29.810110     3687269658.104582
232      14.852900      -66877.924761      24.387372      29.790520     3687270228.575211
233      14.672986      -66873.779284      24.244395      29.790097     3687270823.744252
234      14.695514      -66867.668950      24.274907      29.729393     3687271423.978584
235      14.727506      -66863.610316      24.215269      29.719581     3687272054.047622
236      14.792671      -66862.820294      24.262240      29.733562     3687272715.649463
237      14.870217      -66859.825156      24.285711      29.736366     3687273291.859420
238      14.611939      -66856.060516      24.230081      29.693423     3687273904.164443
239      14.810052      -66851.893438      24.231437      29.667870     3687274578.182993
240      14.832090      -66850.283942      24.253504      29.653056     3687275289.884701
241      14.796789      -66849.387796      24.259710      29.625805     3687276012.457030
242      14.712460      -66847.980648      24.242267      29.615976     3687276619.145730
243      14.666293      -66844.813782      24.283328      29.605104     3687277195.708708
244      14.943877      -66845.741017      24.172191      29.659376     3687277797.874150
245      14.875133      -66845.431928      24.200484      29.631703     3687278549.537142
246      14.583374      -66842.713660      24.214293      29.633299     3687279236.606440
247      14.650997      -66843.319051      24.148743      29.630631     3687279939.579648
248      14.685766      -66845.122850      24.211892      29.639271     3687280676.069773
249      14.680099      -66856.565747      24.234479      29.482583     3687281264.342420
250      14.662019      -66868.364536      24.251471      29.648263     3687281745.272928
251      14.603477      -66873.526187      24.220854      29.721857     3687282238.933163
252      14.702494      -66873.507205      24.201548      29.771388     3687282785.680436
253      14.802778      -66870.913367      24.226184      29.734544     3687283337.457995
254      14.776456      -66868.143207      24.295123      29.723417     3687283915.021030
255      14.594737      -66864.147570      24.269509      29.736112     3687284532.794365
256      14.654877      -66861.448980      24.197105      29.724344     3687285202.317659
257      14.790983      -66856.988898      24.233385      29.691125     3687285892.986163
258      14.775263      -66853.313818      24.286451      29.669867     3687286570.472914
259      14.797290      -66858.163722      24.163115      29.450968     3687287126.526719
260      14.775119      -66871.514312      24.171405      29.694766     3687287613.063546
261      14.810861      -66875.633439      24.253335      29.732639     3687288126.029886
262      14.900149      -66876.741050      24.161217      29.816361     3687288677.196411
263      14.630142      -66872.798571      24.198668      29.791257     3687289275.125611
264      14.856545      -66867.030322      24.225883      29.760672     3687289898.809283
265      14.614564      -66861.771252      24.135092      29.745574     3687290584.891525
266      14.575323      -66855.890008      24.264562      29.714066     3687291315.123292
267      14.886345      -66860.368504      24.266347      29.499723     3687291955.331910
268      14.871241      -66872.191214      24.333138      29.713713     3687292468.556265
269      14.843335      -66877.348711      24.230288      29.760854     3687292944.846507
270      14.764676      -66876.152417      24.290146      29.779230     3687293422.011799
271      14.729524      -66874.715807      24.292282      29.780877     3687293931.948966
272      14.795442      -66868.566899      24.258390      29.738564     3687294505.602777
273      14.846215      -66866.385416      24.252809      29.748346     3687295201.784596
274      14.727140      -66860.867655      24.199902      29.736381     3687295895.945300
275      14.616157      -66851.653573      24.273139      29.710955     3687296614.568403
276      14.732396      -66846.901771      24.154864      29.080359     3687297333.023496
277      14.671700      -66862.965653      24.201393      29.633064     3687297895.474667
278      14.830724      -66867.150456      24.211832      29.730093     3687298473.165709
279      14.658512      -66866.480252      24.223648      29.745018     3687299098.300464
280      14.845432      -66861.695422      24.253918      29.756860     3687299739.824158
281      14.671342      -66857.108900      24.197290      29.707372     3687300401.818021
282      14.740415      -66850.681555      24.183362      29.679693     3687301153.221999
283      14.778030      -66856.635218      24.218816      29.480543     3687301740.447587
284      14.616378      -66865.671016      24.174864      29.644861     3687302189.629278
285      14.630062      -66868.623814      24.229544      29.723956     3687302639.091986
286      14.752625      -66866.435995      24.239883      29.776829     3687303200.172078
287      14.796035      -66865.247459      24.152973      29.731257     3687303838.428584
288      14.757700      -66857.734199      24.229848      29.696438     3687304490.693891
289      14.806637      -66850.839343      24.227153      29.687282     3687305205.029749
