1      14.547848      -66880.084681      24.163077      29.710181     3688370271.334785
2      14.579660      -66881.174206      24.223319      29.738666     3688370494.651559
3      14.547097      -66881.750694      24.268338      29.727536     3688370727.343868
4      14.562297      -66882.067461      24.147211      29.731590     3688370959.778162
5      14.624965      -66882.054790      24.258787      29.729221     3688371193.670541
6      14.741216      -66881.345248      24.117069      29.744916     3688371430.604092
7      14.697528      -66881.313573      24.155405      29.772605     3688371661.121277
8      14.755316      -66880.705441      24.228918      29.770163     3688371892.633519
9      14.753976      -66881.421268      24.144116      29.725285     3688372142.984838
10      14.794738      -66882.941796      24.187819      29.768017     3688372397.032369
11      14.785097      -66883.271277      24.196193      29.758678     3688372650.184848
12      14.774745      -66885.045614      24.238578      29.770903     3688372907.026539
13      14.759705      -66885.920236      24.208362      29.765607     3688373161.240079
14      14.785379      -66886.687184      24.309024      29.777031     3688373414.681575
15      14.804593      -66885.780798      24.336290      29.701066     3688373667.801053
16      14.830956      -66885.444887      24.211591      29.758134     3688373908.817838
17      14.846459      -66885.375171      24.303695      29.794014     3688374137.700930
18      14.770482      -66885.749107      24.225490      29.767237     3688374375.090507
19      14.736058      -66886.104044      24.403243      29.758463     3688374614.238185
20      14.736750      -66886.617459      24.231362      29.732708     3688374865.878579
21      14.714209      -66887.530268      24.224753      29.783198     3688375115.636864
22      14.709110      -66888.493888      24.247896      29.782431     3688375365.455153
23      14.663538      -66889.394205      24.206060      29.823131     3688375612.473281
24      14.675980      -66888.931355      24.153522      29.791142     3688375859.703423
25      14.679247      -66889.026459      24.212070      29.821191     3688376093.957821
26      14.709983      -66888.588988      24.156353      29.824534     3688376334.312568
27      14.724470      -66888.157877      24.282172      29.791744     3688376588.003078
28      14.587288      -66888.208595      24.197960      29.805392     3688376813.168958
29      14.569968      -66887.726787      24.166922      29.787232     3688377030.576392
30      14.540185      -66888.627028      24.253595      29.770913     3688377255.835277
31      14.724184      -66889.127905      24.206854      29.778487     3688377471.470611
32      14.747917      -66888.271993      24.171951      29.807500     3688377706.613059
33      14.708605      -66888.487548      24.214571      29.789823     3688377947.716850
34      14.754698      -66887.714109      24.191730      29.844661     3688378199.669261
35      14.771317      -66888.259313      24.158766      29.796324     3688378429.428402
36      14.816218      -66888.354411      24.187765      29.778626     3688378651.830123
37      14.650596      -66887.542946      24.221521      29.803182     3688378877.568034
38      14.641484      -66887.885274      24.181637      29.783233     3688379106.713141
39      14.524354      -66887.580982      24.163515      29.832075     3688379331.090974
40      14.575089      -66887.460536      24.231504      29.816295     3688379572.305771
41      14.532126      -66887.492232      24.136417      29.819667     3688379805.398103
42      14.599578      -66886.554072      24.121816      29.787159     3688380034.260194
43      14.522937      -66886.085029      24.183235      29.793156     3688380287.079654
44      14.627983      -66884.975901      24.119625      29.791947     3688380527.557408
45      14.613883      -66885.039276      24.107686      29.777367     3688380755.942471
46      14.841047      -66885.685727      24.156284      29.798043     3688380978.624208
47      14.843012      -66884.659032      24.061572      29.790212     3688381206.352233
48      14.844645      -66883.898592      24.160749      29.772323     3688381451.046229
49      14.853174      -66883.993644      24.126423      29.749061     3688381700.360489
50      14.851408      -66882.644006      24.092792      29.784901     3688381947.280612
51      14.802778      -66882.225849      24.172246      29.772560     3688382198.837000
52      14.827094      -66883.474041      24.151519      29.784526     3688382449.399331
53      14.797214      -66884.462579      24.144747      29.779687     3688382696.923489
54      14.861402      -66884.247119      24.132613      29.802001     3688382942.385529
55      14.807692      -66883.873245      24.243195      29.794473     3688383190.927744
56      14.779658      -66883.575425      24.162719      29.813211     3688383445.120283
57      14.834061      -66882.384239      24.102526      29.780613     3688383685.156013
58      14.686361      -66882.314547      24.194182      29.790069     3688383927.673884
59      14.668188      -66881.972430      24.250480      29.758098     3688384175.067034
60      14.676521      -66881.788705      24.223470      29.786103     3688384427.245458
61      14.647901      -66881.351583      24.220287      29.789447     3688384667.401194
62      14.676346      -66882.092803      24.182024      29.789642     3688384917.145478
63      14.644060      -66883.657800      24.187914      29.801489     3688385177.122348
64      14.743339      -66883.011493      24.141196      29.779887     3688385435.016099
65      14.742615      -66883.645127      24.199588      29.792630     3688385686.915506
66      14.610895      -66883.626117      24.168085      29.749903     3688385932.151534
67      14.606945      -66883.366322      24.201270      29.761377     3688386170.069141
68      14.653438      -66882.802404      24.181624      29.772557     3688386423.074613
69      14.610889      -66882.701029      24.163857      29.799501     3688386675.720063
70      14.666174      -66881.833052      24.157985      29.763101     3688386916.300823
71      14.641972      -66881.307238      24.194311      29.777679     3688387165.752091
72      14.622309      -66881.991436      24.190524      29.760492     3688387414.363311
73      14.569730      -66882.358897      24.231415      29.795346     3688387654.136025
74      14.596335      -66881.731688      24.250440      29.783556     3688387901.221158
75      14.572180      -66880.756117      24.139068      29.765730     3688388143.799032
76      14.584421      -66881.167871      24.167478      29.775265     3688388395.792446
77      14.601775      -66879.926330      24.094414      29.720672     3688388647.534845
78      14.570592      -66880.604089      24.130006      29.755384     3688388883.502341
79      14.539310      -66881.604985      24.150022      29.782120     3688389133.064615
80      14.564528      -66882.143487      24.146582      29.786137     3688389389.936307
81      14.563996      -66882.130816      24.218763      29.770787     3688389648.697107
82      14.569807      -66883.993644      24.276981      29.786149     3688389897.361331
83      14.530447      -66884.316826      24.163856      29.765658     3688390141.443291
84      14.507197      -66884.830140      24.168756      29.783945     3688390391.626601
85      14.566642      -66883.461368      24.149591      29.769177     3688390635.563553
86      14.562998      -66880.851135      24.169944      29.740150     3688390896.409473
87      14.551387      -66880.591420      24.220013      29.756260     3688391134.563095
88      14.539889      -66880.705441      24.162316      29.761818     3688391385.150427
89      14.655470      -66881.560639      24.170481      29.769888     3688391632.653583
90      14.569456      -66881.484618      24.164544      29.765411     3688391879.860723
91      14.593332      -66882.739044      24.176676      29.767203     3688392124.134695
92      14.617796      -66882.865764      24.174846      29.795527     3688392361.210254
93      14.618187      -66882.498282      24.182734      29.746301     3688392595.043629
94      14.838884      -66882.162494      24.161200      29.736608     3688392810.792969
95      14.829626      -66881.776035      24.275006      29.794396     3688393036.807897
96      14.744477      -66882.593319      24.204226      29.774035     3688393266.845054
97      14.779958      -66882.377904      24.174740      29.762971     3688393503.539592
98      14.740233      -66882.377904      24.185528      29.771316     3688393749.397655
99      14.742851      -66882.663013      24.210607      29.791468     3688393989.757402
100      14.677931      -66882.821412      24.238922      29.736936     3688394244.585978
101      14.730333      -66881.490953      24.177703      29.742719     3688394487.814889
102      14.721818      -66879.552634      24.264567      29.742816     3688394746.731699
103      14.694545      -66880.363384      24.289902      29.767862     3688395000.998241
104      14.683188      -66880.395055      24.245479      29.714209     3688395254.242726
105      14.696834      -66880.338047      24.251344      29.750143     3688395507.580217
106      14.656853      -66881.547969      24.237969      29.748975     3688395765.876990
107      14.689688      -66881.731688      24.306245      29.799781     3688396016.217309
108      14.635451      -66882.967140      24.247955      29.763947     3688396253.347872
109      14.631371      -66883.714829      24.180641      29.784102     3688396488.241307
110      14.558114      -66883.252269      24.198461      29.772046     3688396719.715547
111      14.529381      -66882.789732      24.180166      29.753499     3688396953.347909
112      14.512594      -66882.783396      24.194680      29.762745     3688397199.781005
113      14.547629      -66882.802404      24.314346      29.769776     3688397455.951657
114      14.581540      -66882.897444      24.295975      29.762740     3688397716.945585
115      14.563451      -66882.922788      24.211662      29.785094     3688397956.032260
116      14.670497      -66883.106535      24.179108      29.742717     3688398183.563273
117      14.707006      -66883.714829      24.174074      29.828140     3688398401.379733
118      14.738293      -66883.410677      24.242254      29.780099     3688398615.940005
119      14.743178      -66882.510954      24.253606      29.772314     3688398840.548851
120      14.745369      -66881.769700      24.239339      29.795761     3688399093.100297
121      14.724245      -66880.946155      24.223330      29.766957     3688399335.667171
122      14.600049      -66881.934418      24.155114      29.808475     3688399579.330107
123      14.606693      -66882.035784      24.212749      29.766697     3688399833.271632
124      14.735531      -66882.282869      24.241893      29.781597     3688400089.388281
125      14.576390      -66881.655666      24.244972      29.760534     3688400329.265001
126      14.561293      -66881.940753      24.167804      29.773733     3688400584.023573
127      14.718919      -66882.663013      24.215297      29.788223     3688400846.305574
128      14.594683      -66882.834084      24.207081      29.786128     3688401081.815045
129      14.572548      -66881.883735      24.208379      29.778603     3688401305.544842
130      14.580807      -66882.143487      24.146112      29.798653     3688401536.283039
131      14.539281      -66881.136197      24.221757      29.714868     3688401768.495320
132      14.559813      -66882.276534      24.123198      29.785280     3688401995.677314
133      14.613963      -66883.442359      24.196888      29.786717     3688402245.997632
134      14.559030      -66883.011493      24.230314      29.804456     3688402507.098567
135      14.559048      -66883.708492      24.208288      29.751161     3688402768.989546
136      14.560923      -66883.467705      24.159467      29.784500     3688403019.736887
137      14.572399      -66883.233260      24.149602      29.796076     3688403275.192498
138      14.532654      -66883.809879      24.124269      29.816933     3688403534.208313
139      14.590854      -66883.873245      24.224435      29.760168     3688403797.859394
140      14.487078      -66884.944214      24.197831      29.771423     3688404043.401438
141      14.557213      -66884.766766      24.160993      29.826338     3688404300.182125
142      14.566859      -66884.437231      24.290506      29.788394     3688404548.028301
143      14.550281      -66884.018991      24.187974      29.789496     3688404799.055658
144      14.567387      -66883.987307      24.144692      29.762480     3688405041.245511
145      14.545644      -66883.131880      24.189999      29.776198     3688405289.283698
146      14.587088      -66883.657800      24.209958      29.782946     3688405529.740451
147      14.585161      -66883.885919      24.177584      29.786180     3688405780.128773
148      14.613966      -66882.865764      24.141073      29.789037     3688406032.157188
149      14.606714      -66882.156158      24.138659      29.759763     3688406276.504164
150      14.618534      -66881.427603      24.123032      29.766573     3688406531.885771
151      14.620519      -66881.098188      24.168602      29.787965     3688406779.757948
152      14.525164      -66882.004107      24.185885      29.762397     3688407047.978290
153      14.609692      -66881.142532      24.131256      29.770991     3688407308.898213
154      14.588009      -66881.224885      24.144256      29.788011     3688407564.073809
155      14.564618      -66880.895478      24.186540      29.768608     3688407812.561021
156      14.574367      -66881.167871      24.102743      29.778510     3688408062.711329
157      14.644274      -66878.976286      24.108380      29.766927     3688408318.428955
158      14.537962      -66879.894660      24.119149      29.792867     3688408592.139610
159      14.534900      -66878.925620      24.143826      29.782022     3688408843.034961
160      14.477260      -66879.229621      24.150690      29.771653     3688409094.467342
161      14.565077      -66880.775121      24.192618      29.776469     3688409347.032788
162      14.531456      -66881.212215      24.170942      29.786569     3688409600.995314
163      14.523380      -66882.035784      24.137231      29.753716     3688409855.500870
164      14.529716      -66882.986149      24.156573      29.774222     3688410109.305387
165      14.571686      -66881.560639      24.229579      29.763398     3688410367.619163
166      14.574671      -66879.394293      24.158864      29.763970     3688410622.188723
167      14.562993      -66878.887620      24.169470      29.783260     3688410853.563957
168      14.560728      -66878.456971      24.131601      29.780604     3688411101.252123
169      14.617348      -66878.140329      24.295408      29.750126     3688411360.560955
170      14.597374      -66878.634294      24.197522      29.756745     3688411616.145574
171      14.628614      -66877.855362      24.134317      29.761035     3688411842.948546
172      14.711017      -66876.601611      24.175660      29.746727     3688412071.741632
173      14.769705      -66876.557289      24.151089      29.721513     3688412311.029319
174      14.740158      -66877.165144      24.138548      29.761508     3688412553.480186
175      14.765697      -66877.437425      24.139186      29.745912     3688412806.778675
176      14.807780      -66877.545074      24.203884      29.752835     3688413058.500072
177      14.771404      -66878.121331      24.125546      29.755149     3688413310.825504
178      14.791547      -66878.824288      24.174372      29.771880     3688413546.678994
179      14.770051      -66879.064953      24.170191      29.746421     3688413799.287442
180      14.795087      -66878.754623      24.151105      29.765574     3688414050.004782
181      14.765697      -66878.938286      24.165455      29.763530     3688414309.597631
182      14.787184      -66879.387960      24.163060      29.752818     3688414541.935919
183      14.700418      -66879.932664      24.180752      29.752688     3688414778.543453
184      14.685427      -66879.780650      24.152929      29.727505     3688415018.148157
185      14.705000      -66879.767983      24.181021      29.807193     3688415257.232832
186      14.723744      -66880.363384      24.231281      29.765544     3688415490.764190
187      14.540785      -66880.344381      24.120976      29.768249     3688415715.326034
188      14.561248      -66878.697625      24.254059      29.737528     3688415956.199811
189      14.581513      -66878.273317      24.174479      29.717278     3688416186.867004
190      14.568797      -66877.285453      24.218775      29.793051     3688416449.288013
191      14.517717      -66876.861212      24.150447      29.745915     3688416707.027755
192      14.540748      -66876.987849      24.184265      29.750597     3688416961.188293
193      14.516948      -66877.830032      24.098561      29.737752     3688417198.751881
194      14.495215      -66880.325378      24.240975      29.740356     3688417454.404503
195      14.484766      -66881.731688      24.180088      29.759449     3688417714.583385
196      14.535594      -66880.939820      24.283802      29.761368     3688417979.713549
197      14.653181      -66882.624998      24.285020      29.780189     3688418236.745250
198      14.601258      -66883.264941      24.247289      29.799911     3688418504.544568
199      14.639860      -66884.145728      24.309955      29.773316     3688418769.131701
200      14.595433      -66884.861827      24.337247      29.807251     3688419022.419189
201      14.721443      -66885.349820      24.250131      29.785105     3688419284.951205
202      14.723760      -66884.754092      24.256622      29.766023     3688419539.506764
203      14.787112      -66884.449905      24.172839      29.768047     3688419799.161615
204      14.741997      -66884.304152      24.153485      29.760971     3688420042.546536
205      14.619144      -66885.153352      24.266216      29.763918     3688420262.536119
206      14.620277      -66885.888545      24.249975      29.812764     3688420493.254315
207      14.623526      -66885.286443      24.237211      29.758425     3688420742.418566
208      14.549463      -66886.015308      24.189519      29.767379     3688420967.998469
209      14.520714      -66886.934396      24.151507      29.787295     3688421218.670806
210      14.544925      -66886.883685      24.196799      29.807489     3688421471.697279
211      14.558852      -66887.124563      24.192149      29.770443     3688421724.671749
212      14.547432      -66887.834558      24.207697      29.820114     3688421968.054669
213      14.576129      -66887.942330      24.189374      29.811739     3688422220.330099
214      14.551516      -66887.549286      24.091614      29.790228     3688422471.753479
215      14.597363      -66888.329051      24.126214      29.783160     3688422715.440417
216      14.572255      -66888.855272      24.217472      29.811233     3688422960.649442
217      14.550381      -66889.007438      24.211524      29.804427     3688423216.187058
218      14.609810      -66888.905994      24.147321      29.803556     3688423475.626898
219      14.570046      -66888.322711      24.182477      29.804459     3688423730.847495
220      14.533366      -66888.252974      24.153581      29.779610     3688423972.317307
221      14.579647      -66886.712539      24.156703      29.811437     3688424230.466072
222      14.574011      -66887.200632      24.158217      29.800417     3688424469.196726
223      14.626738      -66887.561964      24.362279      29.794451     3688424710.153508
224      14.524528      -66887.276700      24.320796      29.765027     3688424969.766357
225      14.576944      -66888.138858      24.176570      29.778224     3688425230.013242
226      14.542295      -66888.443169      24.170771      29.811896     3688425474.133205
227      14.592223      -66888.474868      24.165271      29.778183     3688425725.924607
228      14.596658      -66888.620688      24.191192      29.826979     3688425976.834959
229      14.612917      -66887.923311      24.227287      29.781067     3688426224.078100
230      14.652279      -66887.948669      24.246150      29.784878     3688426470.431190
231      14.605581      -66888.348071      24.191960      29.816150     3688426719.268423
232      14.631671      -66888.405129      24.228776      29.804326     3688426943.446245
233      14.780962      -66888.392450      24.299069      29.831161     3688427160.345651
234      14.790366      -66888.005726      24.277802      29.810140     3688427385.427525
235      14.792438      -66888.043763      24.273267      29.783869     3688427611.167437
236      14.773188      -66888.595328      24.254404      29.765222     3688427841.986639
237      14.606235      -66888.043763      24.287336      29.788505     3688428075.590000
238      14.624001      -66888.056443      24.278477      29.773257     3688428307.418260
239      14.597636      -66888.741150      24.247024      29.798722     3688428555.585454
240      14.617910      -66887.511250      24.335816      29.774777     3688428812.190131
