1      19.192866      -67199.398848      24.687289      31.209933     3688435536.859532
2      21.352988      -67210.556090      24.456130      31.611554     3688435802.936751
3      22.769676      -67211.462947      24.406823      31.633640     3688436073.069201
4      23.977160      -67206.936160      24.418986      31.605905     3688436344.507727
5      25.172856      -67199.208528      24.489923      31.641152     3688436614.912194
6      25.878233      -67189.487998      24.520914      31.562232     3688436891.726027
7      26.797156      -67174.429797      24.519058      31.500816     3688437163.172552
8      27.327039      -67162.331046      24.473854      31.432243     3688437436.636194
9      27.677867      -67147.527628      24.428005      31.271991     3688437704.536516
10      28.016169      -67135.810797      24.426517      31.241177     3688437978.297174
11      28.466038      -67121.662958      24.426431      31.175226     3688438258.218185
12      28.522304      -67110.785792      24.451299      31.089725     3688438528.259630
13      28.738549      -67098.961468      24.486387      30.986315     3688438804.894453
14      29.258702      -67090.131056      24.450624      30.997277     3688439081.313263
15      29.390868      -67080.389804      24.424290      30.922511     3688439352.104752
16      29.411035      -67069.682484      24.576144      30.855894     3688439625.279377
17      29.577033      -67061.278350      24.518432      30.787831     3688439902.639241
18      29.856216      -67054.354109      24.541468      30.734233     3688440178.128998
19      29.876991      -67047.219094      24.520527      30.701068     3688440444.624240
20      29.818503      -67040.373407      24.485521      30.639441     3688440711.162486
21      29.886673      -67035.697616      24.458837      30.620733     3688440981.681958
22      30.028165      -67030.125945      24.514770      30.596818     3688441257.513735
23      30.118877      -67026.343692      24.470378      30.537944     3688441537.427746
24      29.983692      -67022.669191      24.511733      30.532726     3688441812.403473
25      30.364455      -67019.317764      24.566578      30.512136     3688442087.295196
26      30.349857      -67016.134746      24.607807      30.481804     3688442359.635773
27      30.402992      -67012.984991      24.518647      30.437020     3688442629.169189
28      30.328700      -67011.661138      24.521952      30.447691     3688442899.792668
29      30.578478      -67009.181046      24.557596      30.384750     3688443163.098728
30      30.812800      -67007.205815      24.427482      30.450453     3688443431.812098
31      30.686342      -67006.358044      24.512640      30.409328     3688443702.437577
32      30.770473      -67004.373803      24.490299      30.398141     3688443974.995166
33      30.595723      -67002.852206      24.578339      30.393668     3688444244.867601
34      30.487252      -67001.019570      24.478106      30.404154     3688444509.293726
35      30.796161      -66999.405491      24.548197      30.406949     3688444776.798027
36      30.844359      -66999.601219      24.522510      30.365369     3688445045.527397
37      30.718442      -66997.730749      24.447426      30.359498     3688445316.567899
38      30.768732      -66997.464487      24.459472      30.403343     3688445585.075258
39      30.635065      -66996.957649      24.609978      30.341352     3688445856.265769
40      31.171219      -66995.828595      24.548225      30.338914     3688446126.394219
41      31.350117      -66995.665022      24.504207      30.343352     3688446394.780570
42      31.052226      -66993.413792      24.520859      30.357024     3688446662.793899
43      30.967088      -66994.093591      24.461976      30.324787     3688446935.397491
44      30.827534      -66994.818339      24.550925      30.377466     3688447203.991854
45      31.443432      -66993.695966      24.525752      30.353987     3688447472.538214
46      31.088001      -66992.185794      24.512833      30.349790     3688447748.609005
47      30.833827      -66993.038642      24.436603      30.342093     3688448024.719797
48      31.105780      -66993.394553      24.453047      30.378245     3688448306.154894
49      31.103786      -66991.855578      24.434852      30.357033     3688448581.873664
50      31.095207      -66991.906873      24.522951      30.356081     3688448857.668439
51      31.188276      -66992.522435      24.460292      30.358547     3688449133.250202
52      31.272652      -66992.586558      24.560624      30.343292     3688449410.911082
53      31.204678      -66991.595902      24.486770      30.350668     3688449683.687685
54      31.525325      -66989.970693      24.451350      30.353419     3688449958.199386
55      31.476078      -66989.784790      24.496300      30.296875     3688450230.342951
56      31.374788      -66990.855386      24.563447      30.363213     3688450508.302850
57      31.566384      -66991.576667      24.519268      30.348739     3688450783.872611
58      31.234368      -66988.848925      24.462505      30.316975     3688451059.122355
59      31.657157      -66988.288093      24.482966      30.326999     3688451340.790466
60      31.513314      -66988.352187      24.518615      30.331192     3688451615.089154
61      31.521885      -66988.416280      24.438952      30.286299     3688451886.501678
62      31.643883      -66987.913157      24.436678      30.352817     3688452162.237450
63      31.549719      -66987.810613      24.460873      30.290587     3688452443.277524
64      31.599356      -66986.362304      24.513592      30.343363     3688452715.278081
65      31.420023      -66986.567360      24.527782      30.284217     3688452991.422876
66      31.443138      -66984.952670      24.452564      30.307154     3688453266.469608
67      31.726422      -66985.051977      24.607638      30.300837     3688453542.980423
68      31.580604      -66984.385674      24.542371      30.322248     3688453815.752025
69      31.687307      -66984.565059      24.503258      30.279668     3688454089.486681
70      31.958164      -66985.055181      24.572268      30.317752     3688454359.521127
71      31.949361      -66984.641939      24.489976      30.299657     3688454632.141720
72      31.712068      -66985.215357      24.637588      30.278569     3688454902.193166
73      31.763800      -66985.856092      24.493962      30.302206     3688455176.452853
74      31.593864      -66986.490464      24.599411      30.325123     3688455448.710425
75      31.930830      -66985.260207      24.492249      30.234057     3688455724.324189
76      31.935621      -66984.321609      24.490552      30.299300     3688455999.921953
77      31.901917      -66984.145433      24.467103      30.294195     3688456271.544488
78      31.737673      -66984.689989      24.417042      30.286189     3688456548.923354
79      31.812085      -66984.132620      24.504082      30.275157     3688456818.184754
80      32.013209      -66984.914228      24.493424      30.315798     3688457088.466214
81      31.583231      -66984.754057      24.369949      30.306358     3688457357.955627
82      32.050229      -66984.651549      24.466812      30.310347     3688457624.015846
83      31.871057      -66985.490868      24.388176      30.333389     3688457897.203470
84      31.963358      -66986.298225      24.446770      30.313008     3688458170.897125
85      31.899105      -66986.099583      24.454168      30.328651     3688458447.113924
86      31.782404      -66984.907821      24.458945      30.344714     3688458724.968816
87      32.130237      -66984.872583      24.526300      30.317484     3688458998.750476
88      32.139505      -66986.038709      24.562665      30.321229     3688459276.388356
89      32.132169      -66985.183322      24.463343      30.319655     3688459549.000948
90      32.055361      -66984.030119      24.438274      30.301606     3688459819.700431
91      32.443437      -66983.440762      24.477136      30.280952     3688460089.966889
92      32.056549      -66983.171720      24.422838      30.315532     3688460364.900615
93      31.794636      -66983.693796      24.422378      30.301647     3688460636.252135
94      31.537434      -66984.100589      24.464109      30.317632     3688460911.043853
95      31.563131      -66983.017986      24.479406      30.260039     3688461181.473320
96      31.409609      -66981.765788      24.487921      30.303879     3688461458.238151
97      31.327775      -66981.522414      24.445449      30.315407     3688461734.243937
98      31.090887      -66983.082041      24.462087      30.287156     3688462005.365444
99      30.992527      -66983.287023      24.525495      30.290061     3688462279.357116
100      31.033848      -66984.600295      24.467542      30.295786     3688462560.138175
101      31.007773      -66984.786091      24.544463      30.284721     3688462838.079073
102      30.953074      -66983.770669      24.486209      30.311912     3688463112.346760
103      30.887912      -66982.627256      24.506883      30.254305     3688463390.953695
104      30.903134      -66982.963539      24.572926      30.297332     3688463667.940538
105      30.873538      -66983.716218      24.518330      30.273488     3688463943.115277
106      30.935655      -66985.080809      24.476990      30.323412     3688464218.171010
107      31.037401      -66986.644257      24.511220      30.325276     3688464495.271858
108      31.007423      -66986.605809      24.501221      30.345033     3688464771.022630
109      30.979653      -66985.039164      24.483150      30.317688     3688465041.698113
110      31.025389      -66985.433202      24.528808      30.336400     3688465314.968742
111      31.030316      -66986.029098      24.477789      30.342491     3688465592.334607
112      31.095224      -66986.189292      24.467189      30.325537     3688465868.072379
113      31.126405      -66986.182884      24.511459      30.313935     3688466140.580965
114      31.132048      -66985.455627      24.418741      30.313337     3688466415.558693
115      31.174309      -66985.273022      24.462066      30.321172     3688466693.791607
116      31.019273      -66985.695904      24.499406      30.310363     3688466968.048294
117      31.254385      -66984.145433      24.484447      30.272429     3688467242.457989
118      31.148198      -66984.581075      24.459026      30.316779     3688467519.565838
119      31.229271      -66987.227416      24.521085      30.307700     3688467793.242492
120      31.163016      -66991.002843      24.479443      30.326992     3688468069.199276
121      31.164307      -66994.157726      24.582928      30.382228     3688468345.052053
122      31.177494      -66996.646504      24.482875      30.369972     3688468621.360857
123      31.228801      -66999.999104      24.408338      30.417892     3688468889.632202
124      31.249798      -67002.418887      24.465733      30.420406     3688469157.600529
125      31.202152      -67002.698135      24.422330      30.414117     3688469434.741380
126      31.126544      -67005.176437      24.511834      30.443948     3688469704.550813
127      31.164758      -67005.426873      24.401750      30.454210     3688469980.832615
128      31.225696      -67004.887481      24.557532      30.450661     3688470249.279970
129      31.260899      -67004.675585      24.475820      30.427822     3688470522.926621
130      31.221473      -67004.409118      24.532862      30.432774     3688470794.253140
131      31.206439      -67003.828053      24.504258      30.458687     3688471074.964195
132      31.232401      -67003.038379      24.574876      30.406683     3688471350.364947
133      31.346408      -67002.656408      24.578717      30.462328     3688471629.063888
134      31.247721      -67001.379007      24.439952      30.420177     3688471900.018385
135      31.337297      -67001.937446      24.486750      30.432830     3688472177.243242
136      31.421158      -67002.399629      24.448075      30.438847     3688472451.504930
137      31.479431      -67003.166777      24.469468      30.496775     3688472727.843735
138      31.425274      -67004.181182      24.512018      30.430472     3688473000.769346
139      31.481213      -67003.786321      24.522838      30.435835     3688473271.706842
140      31.492379      -67002.649988      24.493857      30.431748     3688473548.496674
141      31.512844      -67003.494199      24.565476      30.442999     3688473828.487688
142      31.522558      -67002.861836      24.578378      30.415930     3688474103.749432
143      31.508174      -67003.192457      24.484104      30.449198     3688474373.474859
144      31.484139      -67004.113765      24.496511      30.466080     3688474647.581538
145      31.631132      -67004.431590      24.537640      30.426382     3688474919.049065
146      31.721523      -67005.500721      24.503540      30.434599     3688475191.485647
147      31.614017      -67006.447956      24.501052      30.425892     3688475463.015178
148      31.653771      -67006.920005      24.533198      30.499304     3688475736.823838
149      31.648653      -67007.199392      24.433550      30.456446     3688476012.498606
150      31.708812      -67005.786487      24.496027      30.473935     3688476289.028423
151      31.632414      -67005.446138      24.425035      30.435074     3688476560.512951
152      31.702104      -67005.725480      24.563976      30.455405     3688476833.989593
153      31.774849      -67006.136481      24.484790      30.412376     3688477108.533296
154      31.714302      -67005.773643      24.450037      30.484068     3688477380.391846
155      31.818028      -67004.348120      24.517850      30.409150     3688477651.888374
156      31.731053      -67004.534324      24.540868      30.448321     3688477931.297355
157      31.765092      -67003.751009      24.538630      30.439861     3688478194.293397
158      31.722012      -67003.831263      24.453177      30.451755     3688478468.675092
159      31.833993      -67004.531114      24.460468      30.440438     3688478738.769540
160      31.732490      -67004.200444      24.472487      30.443975     3688479016.338416
161      31.795320      -67003.285546      24.594858      30.460218     3688479290.047071
162      31.649415      -67003.054429      24.556194      30.454200     3688479569.449052
163      31.562742      -67003.497409      24.464480      30.425882     3688479842.335661
164      31.358048      -67003.603342      24.515534      30.482322     3688480119.066489
165      31.358125      -67004.027088      24.484441      30.490268     3688480391.373064
166      31.050233      -67005.401187      24.460715      30.447626     3688480666.360792
167      30.882109      -67004.527903      24.553497      30.445286     3688480933.056046
168      30.657887      -67003.526300      24.456628      30.462802     3688481201.166381
169      30.403192      -66999.970225      24.421582      30.418702     3688481470.871807
170      30.292665      -66994.513681      24.544535      30.379024     3688481744.008430
171      29.881040      -66989.371331      24.447279      30.363057     3688482019.942213
172      29.660336      -66987.108859      24.426852      30.356540     3688482301.657326
173      29.462268      -66984.385674      24.482375      30.359986     3688482575.826007
174      29.255716      -66984.424114      24.355014      30.361066     3688482842.298249
175      28.873754      -66982.492746      24.502354      30.310959     3688483115.266861
176      28.768192      -66981.480785      24.440358      30.297412     3688483386.527377
177      28.515058      -66980.180774      24.407894      30.291740     3688483657.365868
178      28.432093      -66979.373966      24.345546      30.308652     3688483928.723389
179      28.208751      -66978.586436      24.416429      30.301792     3688484197.480761
180      27.969254      -66977.568513      24.424489      30.265528     3688484464.439030
181      27.888200      -66977.722154      24.393467      30.280037     3688484733.829438
182      27.723071      -66976.307472      24.405075      30.278768     3688485005.549979
183      27.546749      -66975.769823      24.415787      30.256004     3688485278.910615
184      27.255931      -66975.917033      24.412399      30.264699     3688485550.113126
185      27.242879      -66975.222606      24.410520      30.208423     3688485816.316353
186      27.266067      -66975.945835      24.424939      30.265046     3688486093.702219
187      27.348580      -66975.203406      24.546614      30.262534     3688486369.005965
188      27.583077      -66974.672222      24.540242      30.272215     3688486644.060697
189      27.734049      -66975.449809      24.463477      30.265606     3688486913.785124
190      27.450345      -66975.657817      24.445570      30.277322     3688487189.365886
191      27.555022      -66975.280206      24.488102      30.244780     3688487465.963707
192      27.457253      -66972.864513      24.440568      30.273770     3688487744.503638
193      27.494980      -66975.059407      24.371647      30.239264     3688488018.831330
194      27.678685      -66974.304252      24.547655      30.250826     3688488292.654991
195      27.319683      -66974.854613      24.353234      30.270862     3688488568.766784
196      27.357198      -66974.393843      24.397312      30.244933     3688488838.451209
197      27.495313      -66974.333049      24.503010      30.243300     3688489111.379819
198      27.330384      -66974.099475      24.455657      30.294233     3688489382.289314
199      27.131441      -66974.403442      24.369689      30.250529     3688489646.148407
200      27.311742      -66973.462776      24.494325      30.243518     3688489907.050330
201      27.197344      -66975.430608      24.424725      30.239362     3688490175.084660
202      27.083608      -66975.315406      24.349946      30.247468     3688490436.421608
203      27.082026      -66975.501010      24.397350      30.244507     3688490703.721896
204      26.968367      -66976.278668      24.404490      30.262443     3688490969.375091
205      27.060429      -66976.214661      24.424623      30.285342     3688491236.473368
206      27.000248      -66975.917033      24.461622      30.242006     3688491507.250855
207      27.058397      -66976.115451      24.368430      30.264568     3688491773.517085
208      27.053683      -66976.102649      24.367206      30.231866     3688492040.838375
209      26.796465      -66976.096249      24.389450      30.254534     3688492304.825474
210      27.055835      -66973.977891      24.465242      30.255539     3688492583.673423
211      26.627030      -66972.957289      24.468134      30.238945     3688492858.223126
212      26.737596      -66973.126848      24.512649      30.237771     3688493130.075676
213      26.823222      -66973.190833      24.395949      30.232933     3688493404.654381
214      26.684588      -66973.229225      24.429390      30.268517     3688493677.874008
215      26.661591      -66973.542761      24.404643      30.282972     3688493947.993458
216      26.538903      -66973.091656      24.408908      30.244578     3688494222.659168
217      26.673383      -66973.747525      24.416257      30.253458     3688494496.971858
218      26.650402      -66973.833912      24.378632      30.292706     3688494769.860466
219      26.662893      -66973.171638      24.465253      30.232162     3688495045.925256
220      26.610959      -66972.790932      24.467693      30.238046     3688495321.396012
221      26.530295      -66972.173520      24.388540      30.241130     3688495593.618582
222      26.512721      -66972.560597      24.428788      30.274637     3688495866.535192
223      26.454952      -66972.934895      24.415304      30.275905     3688496139.990833
224      26.593941      -66972.678963      24.416141      30.247324     3688496404.913986
225      26.524673      -66972.746144      24.461418      30.239951     3688496679.473690
226      26.446111      -66970.977204      24.395173      30.260187     3688496948.716090
227      26.397137      -66971.508169      24.399202      30.207663     3688497221.218676
228      26.346175      -66971.028380      24.489841      30.211067     3688497495.795381
229      26.432203      -66970.539021      24.382612      30.222537     3688497773.025238
230      26.537165      -66971.332243      24.460605      30.273188     3688498042.696661
231      26.500615      -66970.545417      24.406783      30.250815     3688498321.678618
232      26.416751      -66969.371703      24.458512      30.245417     3688498597.510395
233      26.569232      -66970.027301      24.418042      30.269116     3688498873.338171
234      26.472179      -66971.536957      24.370485      30.267293     3688499158.625489
235      26.331676      -66970.906837      24.359489      30.267778     3688499438.457494
236      26.526865      -66969.995319      24.440181      30.236337     3688499715.536343
237      26.312607      -66970.174417      24.371756      30.200234     3688499995.028329
238      26.191265      -66971.812049      24.373945      30.259364     3688500269.247013
239      26.453405      -66971.396216      24.486412      30.221110     3688500545.878835
240      26.294396      -66971.041174      24.453330      30.235202     3688500821.167581
241      26.234258      -66969.275765      24.496326      30.211685     3688501091.868064
242      26.203539      -66970.919631      24.420725      30.254167     3688501369.152924
243      26.196895      -66971.009189      24.409602      30.271430     3688501643.424611
244      26.237757      -66969.563580      24.455306      30.220249     3688501920.590465
245      26.174095      -66969.528402      24.433833      30.234234     3688502195.063163
246      26.110902      -66970.593392      24.398773      30.213724     3688502470.438914
247      26.214388      -66970.714931      24.475679      30.250336     3688502741.927443
248      26.355588      -66971.220292      24.481245      30.249351     3688503019.162299
249      26.132774      -66970.977204      24.385796      30.279406     3688503291.968903
250      26.143230      -66971.079556      24.461924      30.262450     3688503567.622670
251      26.181042      -66970.033697      24.378218      30.239501     3688503841.167315
252      26.214885      -66968.700164      24.509225      30.246430     3688504121.498349
253      26.184588      -66968.079834      24.485382      30.206660     3688504399.077226
254      26.207912      -66968.303659      24.436600      30.213810     3688504674.827998
255      26.309088      -66969.592362      24.412293      30.233796     3688504947.795610
256      26.202320      -66970.849265      24.410125      30.193906     3688505221.181247
257      26.266302      -66971.773664      24.461692      30.270788     3688505492.919790
258      26.232808      -66970.823677      24.378141      30.249614     3688505762.987237
259      26.098448      -66972.135133      24.425655      30.225924     3688506030.294527
260      26.364531      -66972.509413      24.354269      30.253360     3688506297.590815
261      26.239639      -66973.034070      24.461414      30.251989     3688506564.227066
262      26.213714      -66972.397447      24.442659      30.222343     3688506834.416519
263      26.089752      -66973.162040      24.375671      30.258290     3688507107.506139
264      26.416396      -66973.213228      24.396977      30.229781     3688507373.752367
265      26.143640      -66972.394248      24.434676      30.229046     3688507643.517797
266      26.032963      -66973.098055      24.492845      30.221446     3688507912.040156
267      26.271581      -66972.675764      24.392687      30.243837     3688508185.203780
268      26.131853      -66971.789658      24.375964      30.265527     3688508452.537070
269      26.239467      -66972.298278      24.365603      30.253440     3688508714.115032
270      26.064146      -66973.299610      24.436473      30.256758     3688508988.244711
271      26.025579      -66973.987490      24.397539      30.247704     3688509264.217496
272      26.110833      -66974.563429      24.511679      30.263443     3688509540.223282
273      26.332394      -66973.338002      24.401234      30.253901     3688509819.051230
274      25.948822      -66973.667539      24.408431      30.220949     3688510092.359863
275      26.023885      -66975.475409      24.478816      30.223563     3688510358.117063
276      26.013517      -66976.320273      24.437944      30.250800     3688510619.126992
277      25.971585      -66974.963409      24.512363      30.269445     3688510879.850905
278      26.097402      -66974.534631      24.443827      30.240403     3688511145.003070

