1      25.859870      -67084.421438      24.593423      30.949722     3688608149.008943
2      25.878695      -67084.858724      24.484817      30.975748     3688608486.978273
3      25.748224      -67087.217194      24.489917      31.016848     3688608835.022181
4      25.952210      -67089.002660      24.518944      31.021438     3688609180.300930
5      25.866794      -67092.269918      24.533113      31.035416     3688609527.050762
6      25.798035      -67096.887609      24.523690      31.089926     3688609867.921259
7      25.950862      -67101.400598      24.453374      31.098936     3688610218.797328
8      26.109681      -67104.863944      24.509820      31.140044     3688610565.463156
9      25.870836      -67106.639958      24.466153      31.125640     3688610905.156586
10      25.701808      -67106.630217      24.479473      31.132073     3688611247.467165
11      25.927635      -67107.685602      24.527338      31.129816     3688611589.570732
12      25.979582      -67107.994123      24.500465      31.127581     3688611938.623697
13      25.929225      -67110.742053      24.561038      31.199341     3688612289.370759
14      25.989116      -67114.176534      24.486358      31.184627     3688612645.716140
15      25.961317      -67116.087679      24.602361      31.196186     3688612984.108494
16      26.000683      -67116.058424      24.536865      31.195607     3688613326.106056
17      26.003992      -67117.225460      24.526356      31.200729     3688613671.864832
18      25.951846      -67116.809341      24.506158      31.198836     3688614009.769159
19      25.873610      -67117.804159      24.479483      31.186168     3688614348.812551
20      25.768348      -67116.624043      24.485252      31.182843     3688614682.001609
21      26.103918      -67113.217865      24.546222      31.151214     3688615019.271899
22      25.969032      -67106.074972      24.520114      31.136790     3688615362.383525
23      25.788547      -67099.168151      24.526363      31.029220     3688615701.365913
24      25.890801      -67092.717314      24.562811      30.997900     3688616031.721808
25      25.905017      -67084.664372      24.602608      30.965029     3688616369.708140
26      26.104304      -67076.275653      24.511690      30.889187     3688616704.116267
27      25.845463      -67069.456521      24.537501      30.804569     3688617043.533681
28      26.201524      -67065.240838      24.500972      30.800667     3688617394.852775
29      26.040136      -67063.854364      24.460432      30.795355     3688617742.230644
30      25.809430      -67065.512340      24.505118      30.835290     3688618084.887242
31      25.835204      -67067.206185      24.486669      30.869815     3688618432.600131
32      25.952629      -67073.541552      24.472959      30.924509     3688618792.762731
33      25.931334      -67079.955877      24.462848      30.926558     3688619141.242662
34      25.978390      -67085.244200      24.459190      30.995555     3688619492.800770
35      25.929564      -67091.553482      24.438806      31.054054     3688619846.442997
36      25.730869      -67095.651883      24.500640      31.037367     3688620186.952474
37      25.826396      -67096.618394      24.561970      31.025045     3688620528.457007
38      26.018934      -67095.055163      24.461192      31.017413     3688620879.872107
39      25.775441      -67093.897511      24.584462      31.030128     3688621221.252633
40      26.022922      -67094.422813      24.510427      31.011650     3688621573.863801
41      25.973732      -67095.953501      24.617155      31.055218     3688621914.789301
42      25.932484      -67099.336863      24.479704      31.021571     3688622260.341065
43      25.955298      -67103.020121      24.532117      31.087605     3688622607.678931
44      25.867160      -67107.581681      24.527621      31.140265     3688622939.901934
45      26.042626      -67107.464772      24.644543      31.133095     3688623281.122450
46      25.814398      -67104.354257      24.520177      31.065194     3688623628.232304
47      25.899994      -67100.491976      24.590776      31.089759     3688623985.255725
48      26.000803      -67100.517936      24.614781      31.068364     3688624340.797060
49      25.990322      -67100.005253      24.491317      31.044585     3688624691.049094
50      25.827505      -67103.143463      24.463479      31.072379     3688625042.931220
51      26.114435      -67106.967926      24.575285      31.105684     3688625390.441097
52      25.946198      -67108.348123      24.522053      31.162741     3688625733.519719
53      25.805102      -67108.997701      24.540853      31.094835     3688626086.489908
54      25.915182      -67106.279532      24.635294      31.114955     3688626441.040187
55      26.042137      -67104.912641      24.521970      31.117817     3688626798.686643
56      25.787520      -67106.032762      24.609459      31.120904     3688627153.296926
57      26.057377      -67107.994123      24.522729      31.130124     3688627511.224399
58      25.947885      -67109.634334      24.583502      31.097609     3688627869.508891
59      25.949606      -67111.391806      24.500394      31.154786     3688628208.027253
60      25.941387      -67111.671214      24.474573      31.175548     3688628543.862462
61      26.251060      -67111.310584      24.570370      31.156542     3688628883.724901
62      25.856505      -67105.695087      24.506155      31.063151     3688629225.774465
63      25.994805      -67099.784614      24.526047      31.029602     3688629573.188336
64      26.020735      -67093.475994      24.644612      30.998619     3688629912.484742
65      25.848785      -67085.380255      24.543644      30.953785     3688630255.692373
66      25.902558      -67078.732204      24.627791      30.869172     3688630610.066642
67      26.046577      -67073.664488      24.513065      30.893781     3688630963.511858
68      26.002396      -67074.583324      24.480929      30.887741     3688631319.106197
69      25.871780      -67076.492475      24.453740      30.916647     3688631669.519239
70      25.981095      -67080.648718      24.476905      30.958000     3688632024.799560
71      25.744156      -67083.316983      24.449040      30.973750     3688632373.913528
72      25.801833      -67085.733358      24.433748      30.995428     3688632726.143674
73      25.932466      -67088.163349      24.509451      31.008374     3688633060.226783
74      26.071038      -67089.965210      24.494718      31.039386     3688633391.818749
75      25.749589      -67089.696204      24.566746      30.978661     3688633736.718476
76      25.864297      -67088.989697      24.457486      31.002428     3688634080.030113
77      26.113507      -67090.243947      24.493035      31.037495     3688634432.894295
78      25.799127      -67093.164733      24.453067      31.063959     3688634769.009520
79      26.010685      -67094.863832      24.508698      31.102416     3688635114.081257
80      26.035915      -67097.062765      24.567753      31.068202     3688635467.525473
81      25.905909      -67099.641850      24.485861      31.102545     3688635809.915056
82      25.965930      -67100.618529      24.551218      31.125632     3688636163.058255
83      25.971921      -67101.871170      24.538011      31.101278     3688636518.216569
84      25.930312      -67105.454827      24.438149      31.175687     3688636868.258590
85      25.778527      -67109.767513      24.596226      31.175805     3688637206.157917
86      25.982585      -67110.358721      24.542614      31.203126     3688637551.985697
87      26.134528      -67108.763847      24.457644      31.159085     3688637898.663526
88      26.048348      -67107.435545      24.488594      31.166031     3688638251.735721
89      26.012422      -67107.390081      24.452784      31.156835     3688638598.494554
90      25.849756      -67108.711881      24.454855      31.144085     3688638955.545976
91      25.766122      -67110.631600      24.493566      31.186188     3688639308.836183
92      25.936488      -67113.409590      24.487705      31.216693     3688639663.676478
93      26.043133      -67116.272965      24.608032      31.194152     3688640011.439370
94      26.138199      -67118.008989      24.455233      31.200621     3688640352.132856
95      25.803585      -67117.999235      24.467382      31.211907     3688640690.715222
96      26.101277      -67114.589280      24.619962      31.175643     3688641041.864306
97      25.975517      -67110.517899      24.507402      31.149910     3688641389.424186
98      25.942560      -67109.241305      24.582145      31.170468     3688641730.504694
99      25.966140      -67108.773591      24.569707      31.153808     3688642080.574718
100      25.931144      -67107.802514      24.472502      31.101158     3688642428.528619
101      25.924510      -67108.763847      24.529126      31.161165     3688642774.657417
102      26.038903      -67109.783754      24.485915      31.141200     3688643118.471082
103      25.886969      -67112.314536      24.479053      31.140442     3688643458.515531
104      25.838546      -67113.633817      24.564309      31.175757     3688643790.086496
105      26.095606      -67110.521148      24.496166      31.176040     3688644136.709321
106      26.026567      -67108.000618      24.556735      31.150952     3688644484.549217
107      25.903323      -67106.120429      24.499674      31.127726     3688644829.697958
108      25.926426      -67106.344472      24.561981      31.115445     3688645178.339899
109      25.886814      -67108.513761      24.592790      31.122028     3688645533.218198
110      26.042873      -67110.709567      24.554580      31.152755     3688645888.720531
111      25.834877      -67114.693282      24.561334      31.154332     3688646235.401360
112      25.850389      -67119.114498      24.667564      31.213355     3688646583.465268
113      26.054521      -67119.673809      24.565326      31.213970     3688646932.160212
114      26.043564      -67117.826918      24.498559      31.171929     3688647297.728122
115      25.853151      -67116.962132      24.609650      31.183268     3688647656.050617
116      25.947097      -67116.848351      24.612001      31.204076     3688648007.357710
117      25.782450      -67117.800908      24.514625      31.190777     3688648355.656632
118      25.892286      -67119.420164      24.537350      31.225437     3688648694.425008
119      25.894551      -67119.576252      24.577820      31.205261     3688649042.040890
120      26.130270      -67121.774788      24.619992      31.199709     3688649387.926674
121      25.869703      -67122.740884      24.564150      31.221592     3688649734.991525
122      25.752152      -67122.975105      24.535806      31.200341     3688650094.572092
123      26.099864      -67125.932675      24.590426      31.224858     3688650447.344270
124      25.802014      -67127.914700      24.538225      31.278525     3688650799.926436
125      25.772124      -67130.642740      24.520911      31.309053     3688651147.410311
126      25.994382      -67134.006738      24.676755      31.311618     3688651503.567682
127      25.859505      -67133.472582      24.526272      31.276444     3688651842.799085
128      25.816699      -67130.857633      24.604501      31.236891     3688652194.384194
129      25.927436      -67128.591749      24.561119      31.229695     3688652546.552338
130      26.208911      -67128.764274      24.585250      31.250720     3688652891.838087
131      25.768054      -67129.460921      24.568386      31.256735     3688653236.181782
132      25.818501      -67128.930292      24.532493      31.256697     3688653575.960216
133      25.981105      -67130.890193      24.528709      31.227314     3688653921.794997
134      26.157252      -67130.199946      24.593872      31.271932     3688654272.047029
135      25.793405      -67130.877169      24.584897      31.246212     3688654622.689085
136      25.812191      -67133.967652      24.518902      31.289742     3688654969.211905
137      25.899492      -67134.521383      24.522784      31.352719     3688655308.897335
138      25.699707      -67134.996967      24.522599      31.273054     3688655652.830007
139      25.861080      -67133.804797      24.618537      31.278232     3688656004.346112
140      26.102057      -67132.902633      24.467014      31.290113     3688656353.976110
141      25.852158      -67130.610181      24.462187      31.247226     3688656700.188912
142      25.876015      -67128.878208      24.522674      31.217897     3688657050.701960
143      25.959885      -67126.905732      24.529454      31.266410     3688657402.411077
144      25.845041      -67127.052188      24.550903      31.268843     3688657753.178139
145      25.872437      -67127.644546      24.583998      31.253414     3688658107.572410
146      25.848571      -67127.579450      24.483668      31.254310     3688658463.560771
147      25.910377      -67129.112591      24.607045      31.261353     3688658816.393952
148      25.840589      -67130.580878      24.539643      31.265827     3688659167.624041
149      25.888628      -67130.092507      24.554773      31.281440     3688659521.595286
150      25.827282      -67132.205717      24.547860      31.234414     3688659865.336948
151      25.900046      -67132.342491      24.610979      31.278404     3688660210.109667
152      25.737777      -67133.540978      24.563575      31.305601     3688660556.945506
153      25.754921      -67134.371546      24.611926      31.302677     3688660888.919494
154      25.971643      -67134.045824      24.503047      31.297680     3688661225.108722
155      25.905467      -67129.864610      24.586657      31.323508     3688661568.648371
156      25.895660      -67125.929421      24.534641      31.280999     3688661922.384604
157      25.914493      -67122.490405      24.641398      31.221054     3688662271.037546
158      26.025121      -67121.592640      24.523179      31.194590     3688662613.682144
159      25.921493      -67122.545705      24.518835      31.187995     3688662969.011468
160      25.780194      -67123.088965      24.535095      31.246553     3688663319.065490
161      25.847977      -67123.206079      24.523617      31.248869     3688663673.754777
162      25.849504      -67124.221134      24.500306      31.274412     3688664015.875345
163      25.868784      -67124.771004      24.530186      31.213981     3688664346.915279
164      25.732502      -67123.202826      24.470637      31.223205     3688664684.339579
165      25.950236      -67117.394515      24.621241      31.176212     3688665024.058010
166      25.786906      -67109.527142      24.534091      31.114055     3688665360.230237
167      25.726044      -67102.270365      24.571497      31.031902     3688665685.534844
168      25.843073      -67092.645989      24.573301      30.986285     3688666026.289334
169      25.857791      -67086.047600      24.560641      30.967319     3688666370.885044
170      25.864295      -67085.632933      24.568804      30.931903     3688666714.129676
171      25.804326      -67085.308988      24.534685      30.937314     3688667056.754273
172      25.998045      -67087.450483      24.570306      30.954890     3688667400.541937
173      25.857242      -67090.425456      24.442440      31.004003     3688667744.743624
174      25.805784      -67093.829418      24.530288      31.037022     3688668082.005914
175      25.886243      -67094.597921      24.542305      31.038243     3688668420.080251
176      26.003608      -67094.383901      24.627670      31.042474     3688668754.234363
177      25.888435      -67092.247225      24.576139      30.992785     3688669086.247354
178      25.903474      -67087.233395      24.599655      30.960265     3688669421.489528
179      26.091921      -67082.118756      24.660248      30.887102     3688669757.173728
180      25.989133      -67077.547538      24.576599      30.869988     3688670094.749037
181      25.826814      -67071.377514      24.599178      30.785187     3688670430.691251
182      25.897163      -67065.709508      24.560755      30.786118     3688670777.094065
183      25.929345      -67063.437495      24.535381      30.763617     3688671134.255493
184      25.913968      -67063.101428      24.519490      30.765281     3688671482.748425
185      25.999452      -67065.176196      24.470710      30.832096     3688671836.374652
186      25.869775      -67070.268203      24.540789      30.872574     3688672185.608627
187      25.853362      -67077.602560      24.492222      30.930796     3688672539.094845
188      25.942101      -67083.258688      24.493336      30.945770     3688672891.108979
189      25.942040      -67086.773314      24.493041      31.033339     3688673245.359241
190      25.841333      -67091.462716      24.508283      31.013002     3688673586.191736
191      25.874813      -67093.677023      24.484908      31.015606     3688673930.762444
192      25.943594      -67092.250467      24.594898      31.019617     3688674276.021192
193      25.801800      -67089.602216      24.538948      31.006031     3688674630.079443
194      25.936643      -67087.693500      24.544342      30.972278     3688674988.726956
195      26.076883      -67087.304677      24.524956      30.989453     3688675344.933330
196      25.884608      -67089.563325      24.547930      30.997552     3688675700.009639
197      25.788456      -67093.647841      24.510570      31.015490     3688676046.257443
198      26.079156      -67097.763424      24.562622      30.992396     3688676380.910585
199      26.065110      -67099.087040      24.572903      31.036756     3688676725.920318
200      25.864845      -67097.111420      24.649022      31.017767     3688677066.878820
201      25.957764      -67094.023970      24.581927      31.038031     3688677418.911955
202      25.889179      -67091.968424      24.499082      31.001844     3688677762.318597
203      25.829089      -67091.845236      24.495301      30.992797     3688678115.621804
204      25.901992      -67093.868328      24.623942      31.005042     3688678471.437156
205      25.965775      -67096.702725      24.520363      31.023301     3688678809.818511
206      26.030284      -67098.908600      24.500704      31.063323     3688679137.545255
207      25.684889      -67098.100797      24.556255      31.059172     3688679468.519186
208      25.738433      -67096.193505      24.566108      30.999996     3688679799.982144
209      25.948260      -67090.454627      24.530448      30.966200     3688680130.525050
210      25.776434      -67085.289551      24.505077      30.943249     3688680462.912062
211      25.863107      -67079.726020      24.626426      30.844004     3688680803.291531
212      25.921798      -67074.470082      24.652002      30.856761     3688681129.141168
213      26.017166      -67068.984421      24.681096      30.793661     3688681455.679845
214      26.020617      -67064.458698      24.557563      30.779961     3688681793.262154
215      25.970985      -67060.904380      24.552772      30.767830     3688682141.271059
216      25.792996      -67059.072842      24.582143      30.741769     3688682483.396626
217      26.016614      -67058.724020      24.642354      30.753791     3688682837.380874
218      25.962285      -67060.775158      24.617860      30.783968     3688683181.070531
219      25.682545      -67064.481321      24.659111      30.790923     3688683514.976630
220      25.830050      -67067.202952      24.578286      30.824240     3688683845.768550
221      26.067968      -67068.664312      24.616775      30.831702     3688684184.498924
222      25.987766      -67069.398315      24.542421      30.841343     3688684531.872793
223      25.803579      -67071.122005      24.552683      30.859104     3688684872.084252
224      25.883395      -67074.392431      24.557728      30.874721     3688685214.414832
225      25.895343      -67075.036306      24.512060      30.865963     3688685557.157436
226      25.918649      -67078.029801      24.538949      30.948459     3688685904.001275
227      25.781395      -67080.962781      24.550828      30.933126     3688686245.383800
228      25.889184      -67084.389048      24.503070      30.962079     3688686590.653549
229      25.755185      -67088.882754      24.504865      31.018647     3688686932.858121
230      25.596795      -67093.193913      24.495139      31.039107     3688687287.118384
231      25.747932      -67099.645095      24.566257      31.078517     3688687642.278697
232      25.939680      -67103.666065      24.514578      31.120698     3688687998.797090
233      25.739909      -67108.192231      24.513219      31.133226     3688688351.985291
234      25.905426      -67112.545234      24.443188      31.173260     3688688694.396875
235      26.038971      -67112.694703      24.539651      31.166923     3688689030.880122
236      25.947554      -67110.420443      24.525288      31.137270     3688689384.545350
237      25.735047      -67108.724872      24.624340      31.159854     3688689728.709035
238      26.079278      -67107.864218      24.549856      31.155492     3688690067.452410
239      26.025353      -67107.179001      24.597931      31.097512     3688690398.407339
240      25.716861      -67104.626952      24.625324      31.085239     3688690724.157971
241      25.814343      -67100.809983      24.686719      31.062133     3688691050.870658
242      26.044972      -67095.891879      24.722801      31.022605     3688691384.827759
243      26.067494      -67088.335094      24.672765      30.927208     3688691727.285347
244      25.794731      -67081.429038      24.719537      30.931289     3688692057.472233
245      25.976871      -67074.800105      24.629206      30.826395     3688692397.018653
246      25.940564      -67069.686113      24.566786      30.802943     3688692741.079333
247      26.089262      -67064.681698      24.633682      30.781084     3688693073.857367
248      25.841407      -67058.733709      24.553821      30.668926     3688693411.338670
249      25.878963      -67054.494023      24.546488      30.674179     3688693758.684536
250      25.996389      -67053.080165      24.516387      30.690040     3688694104.739330
251      25.898322      -67054.600556      24.543873      30.755113     3688694448.607997
252      25.812073      -67060.497339      24.611345      30.785864     3688694796.822915
253      25.797225      -67066.077997      24.526861      30.824600     3688695148.838049
254      25.888667      -67071.937073      24.615034      30.853574     3688695489.934558
255      25.878395      -67076.741666      24.504437      30.890124     3688695836.017353
256      25.863064      -67083.129143      24.594282      30.936234     3688696172.799616
257      25.939372      -67088.600818      24.541689      30.994863     3688696526.462844
258      25.757874      -67091.284428      24.582551      31.024774     3688696876.718878
259      25.747534      -67094.280136      24.539613      30.961369     3688697223.130691
260      25.974654      -67096.702725      24.637527      31.020064     3688697568.327435
261      25.976006      -67094.549280      24.581008      31.032269     3688697905.667730
262      25.824722      -67093.252274      24.583958      30.989401     3688698243.063028
263      25.821053      -67089.913353      24.681263      30.974905     3688698587.161710
264      26.067743      -67087.991608      24.596164      30.909648     3688698935.203616
265      25.796665      -67088.620262      24.595195      30.948696     3688699281.155403
266      26.023856      -67090.545383      24.498474      30.999626     3688699639.763915
267      25.777264      -67092.902115      24.612767      30.995632     3688699988.980889
268      25.927219      -67095.486484      24.581054      31.039712     3688700343.060141
269      25.872797      -67096.187019      24.528118      31.024478     3688700697.624421
270      26.094176      -67098.649057      24.547227      31.037318     3688701052.803736
271      25.877137      -67102.702035      24.543250      31.073621     3688701415.970508
272      25.768766      -67105.266519      24.561835      31.124316     3688701767.360606
273      25.876547      -67108.575470      24.645291      31.094998     3688702121.126841
274      25.898138      -67113.344598      24.466583      31.135772     3688702474.912076
275      25.607190      -67114.982545      24.585938      31.172591     3688702815.977584
276      25.910879      -67111.291091      24.584116      31.122487     3688703158.567179
277      25.979819      -67107.416061      24.606858      31.114640     3688703501.134773
278      25.848413      -67099.408242      24.621769      31.010065     3688703857.333146
279      26.027553      -67096.958968      24.601309      31.000280     3688704210.843366
280      25.970505      -67097.932109      24.592128      30.999312     3688704564.921618
281      25.760978      -67101.254563      24.533639      31.084021     3688704928.283401
282      25.950519      -67104.325041      24.619415      31.092586     3688705284.690786
283      25.978589      -67107.169259      24.541418      31.106257     3688705645.770438
284      26.043571      -67110.940223      24.509815      31.119467     3688705995.337433
285      25.797690      -67115.613105      24.599737      31.185740     3688706352.750876
286      26.011555      -67118.636511      24.611507      31.172388     3688706691.017223
287      25.788944      -67118.425164      24.624241      31.169233     3688707039.150135
288      25.823966      -67114.595780      24.603586      31.118809     3688707390.542233
289      25.925080      -67107.747305      24.622023      31.057246     3688707738.620143
290      26.035166      -67100.407609      24.648542      31.028391     3688708089.582217
291      25.756274      -67093.897511      24.595240      31.004927     3688708445.072550
292      25.906069      -67089.206829      24.564296      30.955202     3688708802.974021
293      25.763225      -67089.715650      24.526518      30.965097     3688709157.244283
294      25.790486      -67091.835511      24.659526      31.037380     3688709508.472373
295      25.898767      -67093.706205      24.610165      31.008787     3688709853.906130
296      25.829946      -67097.497426      24.558264      31.019540     3688710197.566786
297      25.756880      -67101.050119      24.565854      31.067716     3688710541.087435
298      25.728264      -67103.977692      24.471779      31.121480     3688710892.029507
299      25.750354      -67107.653126      24.625156      31.153494     3688711247.095816
300      25.790986      -67112.447755      24.609184      31.153918     3688711603.204185
301      25.935094      -67114.511279      24.607930      31.189199     3688711953.209203
302      25.926093      -67117.722879      24.525558      31.215425     3688712301.681135
303      26.053379      -67121.417001      24.488485      31.264836     3688712652.480200
304      25.878549      -67123.427299      24.483499      31.246517     3688712989.805494
305      25.745683      -67122.067533      24.574079      31.233925     3688713337.281368
306      25.944149      -67119.475445      24.619589      31.178742     3688713696.071889
307      25.895496      -67115.642358      24.597513      31.193021     3688714068.093168
308      25.877686      -67114.761534      24.679466      31.198287     3688714423.761511
309      25.973589      -67116.523269      24.592643      31.186138     3688714782.948055
310      25.849596      -67119.959981      24.567656      31.230596     3688715137.184317
311      25.825934      -67121.277143      24.588922      31.187784     3688715495.080787
312      26.053709      -67123.524898      24.588882      31.235121     3688715849.075035
313      25.896725      -67125.382734      24.566642      31.252012     3688716200.790151
314      25.860551      -67126.668153      24.551927      31.279557     3688716550.066129
315      25.931521      -67130.125064      24.575761      31.331017     3688716891.055632
316      25.900006      -67130.479946      24.641164      31.326426     3688717238.541507
317      25.747201      -67127.885406      24.648002      31.253682     3688717593.167790
318      26.049053      -67129.897166      24.620061      31.297990     3688717937.596491
319      25.866359      -67130.828329      24.617738      31.326430     3688718274.003733
320      25.869201      -67125.916404      24.634645      31.218553     3688718614.895230
321      25.913539      -67120.054290      24.664105      31.191453     3688718950.182408
322      26.002019      -67111.411299      24.712526      31.139609     3688719288.402753
323      25.964927      -67102.280102      24.550915      31.046968     3688719638.512778
324      25.717927      -67094.704933      24.541567      30.985263     3688719986.446678
325      25.980085      -67087.978647      24.562369      30.949138     3688720344.064133
326      25.882702      -67084.288637      24.546722      30.932312     3688720694.009149
327      25.755995      -67084.048953      24.530519      30.995172     3688721047.958394
328      25.894976      -67084.029519      24.559030      30.955556     3688721393.532159
329      26.002623      -67081.814367      24.518188      30.924505     3688721735.604725
330      25.865125      -67078.547696      24.491363      30.929486     3688722076.181205
331      25.853282      -67072.144087      24.583537      30.875910     3688722412.559444
332      25.898332      -67066.288107      24.593092      30.814338     3688722754.523003
333      25.811977      -67062.093304      24.613123      30.810750     3688723111.886443
334      25.817767      -67062.022222      24.483947      30.820874     3688723463.228539
335      25.930160      -67063.870522      24.468233      30.827339     3688723817.608809
336      25.834901      -67065.916377      24.545892      30.830661     3688724175.878300
337      25.738557      -67070.995870      24.541861      30.885427     3688724532.689709
338      25.932791      -67076.324195      24.519620      30.930081     3688724886.156926
339      25.742405      -67082.536498      24.619063      31.000226     3688725241.693262
340      25.587009      -67087.936522      24.558683      31.019028     3688725604.076989
341      25.664098      -67089.829085      24.598215      31.051096     3688725947.379624
342      25.875217      -67092.561696      24.614669      31.058313     3688726302.643944
343      25.843604      -67094.108277      24.599374      31.109569     3688726650.744854
344      25.836813      -67094.857346      24.570070      31.056849     3688726987.825134
345      25.869028      -67095.716746      24.578003      31.058895     3688727330.673744
346      25.898346      -67095.801069      24.512728      31.057845     3688727672.665305
347      25.834595      -67091.877654      24.567144      31.014660     3688728003.114206
348      25.836818      -67087.567130      24.619751      30.962061     3688728346.770862
349      25.653086      -67081.953607      24.607799      30.981250     3688728710.919690
350      25.835780      -67078.919952      24.490059      30.942767     3688729068.088119
351      25.807117      -67079.114179      24.619966      30.916257     3688729410.439700
352      25.847884      -67080.412369      24.501260      30.947344     3688729754.756393
353      25.712276      -67083.410905      24.593549      30.986842     3688730114.822989
354      25.844086      -67086.646957      24.693341      30.979426     3688730462.366867
355      25.865811      -67092.373660      24.435799      31.037911     3688730825.776653
356      25.654556      -67096.842198      24.536864      31.076106     3688731195.619806
357      25.875248      -67100.787268      24.533856      31.106195     3688731545.479817
358      25.988293      -67102.338522      24.648393      31.120019     3688731889.292482
359      26.002283      -67103.662819      24.528861      31.115600     3688732236.277329
360      25.684643      -67104.406199      24.577098      31.104931     3688732586.023333
361      25.927023      -67106.318496      24.640606      31.150707     3688732938.193476
362      25.739798      -67109.322508      24.482875      31.159698     3688733284.881306
363      25.776480      -67110.823269      24.577302      31.149511     3688733633.179227
364      25.877403      -67112.665459      24.531330      31.206789     3688733976.487863
365      25.824804      -67109.419952      24.550296      31.161936     3688734331.764184
366      25.942147      -67108.965221      24.516115      31.128223     3688734683.290289
367      25.886067      -67110.586119      24.532051      31.157116     3688735028.386028
368      25.823921      -67112.269047      24.609164      31.188335     3688735358.719923
369      25.848218      -67110.820021      24.517531      31.178158     3688735697.673310
370      25.705388      -67105.837948      24.584301      31.102789     3688736035.884654
371      25.893478      -67099.804082      24.692253      31.034303     3688736375.633086
372      25.833996      -67092.192112      24.632620      30.965974     3688736716.441579
373      25.946364      -67084.719438      24.665858      30.938658     3688737052.633809
374      25.912466      -67076.961736      24.664903      30.853770     3688737406.622056
375      25.884569      -67075.088077      24.696675      30.855762     3688737751.479780
376      25.691310      -67073.997717      24.580265      30.881238     3688738101.803818
377      25.805257      -67077.149447      24.632862      30.898923     3688738455.234033
378      25.935556      -67079.149788      24.665563      30.927268     3688738802.676906
379      25.785076      -67084.246530      24.493119      30.964747     3688739141.740298
380      25.801057      -67085.830545      24.576400      30.915580     3688739483.943872
381      25.948334      -67085.033644      24.546927      30.939914     3688739838.840170
382      25.922274      -67083.093518      24.549147      30.950659     3688740198.723754
383      25.771300      -67082.572120      24.592261      30.958287     3688740549.905841
384      25.954230      -67084.700003      24.513704      30.958466     3688740903.267052
385      25.819136      -67088.860069      24.473133      31.003297     3688741254.564146
386      25.810169      -67093.699720      24.473047      31.049913     3688741606.220259
387      25.941467      -67095.716746      24.587844      31.047567     3688741963.787710
388      25.962307      -67101.283770      24.572892      31.129907     3688742313.306702
389      25.844938      -67105.724309      24.562751      31.098637     3688742668.429014
390      25.986163      -67108.003865      24.518784      31.144493     3688743019.918118
391      26.066392      -67111.732945      24.512322      31.197057     3688743362.491712
392      25.823257      -67113.783304      24.565149      31.181901     3688743700.295033
393      25.778345      -67112.905914      24.559253      31.184638     3688744037.286308
394      26.044033      -67109.549880      24.590190      31.146275     3688744386.809299
395      25.934310      -67107.429050      24.564029      31.118159     3688744734.391180
396      25.871181      -67107.825247      24.604296      31.151870     3688745079.007891
397      26.051095      -67105.337946      24.607349      31.104260     3688745411.865930
398      26.003176      -67101.510937      24.552253      31.095447     3688745746.910093
399      25.980782      -67094.516852      24.561896      31.001390     3688746091.275790
400      25.948697      -67087.090832      24.535105      30.999465     3688746446.524109
401      25.995038      -67083.812514      24.625401      30.946364     3688746794.913035
402      25.855520      -67083.112950      24.596326      30.976172     3688747146.384139
403      25.694885      -67084.661133      24.569087      30.954149     3688747497.329211
404      25.902913      -67087.152393      24.591360      30.976590     3688747847.639248
405      25.954512      -67092.292612      24.530627      31.063711     3688748185.648581
406      25.772827      -67094.928689      24.655648      31.045575     3688748526.997105
407      25.941220      -67093.456540      24.531356      31.024898     3688748890.202878
408      25.943380      -67094.338503      24.554144      31.038131     3688749247.787331
409      25.775796      -67095.895122      24.567243      31.020075     3688749591.720003
410      25.933382      -67095.392434      24.593795      31.026621     3688749944.580185
411      25.795503      -67095.045434      24.630348      30.970669     3688750308.073976
412      26.010245      -67096.375135      24.557938      31.027310     3688750665.116398
413      26.094557      -67098.048893      24.596349      31.089941     3688751016.771512
414      25.829154      -67098.921578      24.621439      31.051122     3688751375.234015
415      25.894377      -67100.605549      24.591939      31.073569     3688751716.230518
416      25.790661      -67100.154512      24.623151      31.039864     3688752056.510982
417      26.067570      -67097.844522      24.598802      31.081959     3688752402.004743
418      25.868244      -67092.918326      24.645869      31.022748     3688752740.414098
419      25.874777      -67085.798150      24.620555      30.914526     3688753084.483778
420      26.036302      -67080.435032      24.641715      30.859327     3688753438.454024
421      25.851029      -67076.793447      24.711779      30.875762     3688753797.991588
422      25.932884      -67073.975070      24.554866      30.819396     3688754159.566269
423      25.845801      -67074.573617      24.568304      30.864113     3688754518.114777
424      25.660089      -67078.421457      24.672454      30.894294     3688754874.687172
425      25.795059      -67082.436109      24.554686      30.916583     3688755237.639931
426      25.973840      -67087.531488      24.577898      30.998451     3688755590.970141
427      25.875110      -67092.477403      24.647364      30.957403     3688755943.201287
428      25.901927      -67096.109179      24.614505      31.030871     3688756300.085700
429      25.900917      -67101.588824      24.588890      31.065938     3688756657.466141
430      25.745252      -67106.042502      24.596611      31.113546     3688757000.182743
431      25.766223      -67109.903942      24.619038      31.104696     3688757345.211478
432      25.855709      -67109.202328      24.643142      31.128939     3688757681.986740
433      25.849915      -67105.857429      24.559072      31.066112     3688758019.861065
434      25.917691      -67098.798294      24.720978      31.016182     3688758364.768793
435      25.935965      -67093.891026      24.697132      31.000508     3688758722.025227
436      25.884797      -67093.313878      24.671602      30.995197     3688759073.141310
437      25.629106      -67092.973443      24.640235      30.981120     3688759434.161958
438      25.883700      -67095.762150      24.718059      30.978851     3688759784.218981
439      25.807868      -67097.354699      24.649538      31.016889     3688760125.493501
440      25.892961      -67095.509185      24.689860      30.977147     3688760470.089211
441      25.852274      -67093.651083      24.699909      30.940588     3688760822.899390
442      25.975846      -67091.326569      24.652076      30.973152     3688761170.443269
443      25.798902      -67090.331460      24.618994      31.012875     3688761523.436459
444      25.941818      -67090.769035      24.660596      30.996589     3688761874.742552
445      25.973661      -67093.158249      24.587326      31.032492     3688762227.220713
446      25.705163      -67097.737472      24.543301      31.057027     3688762576.893713
447      25.784487      -67101.056609      24.622819      31.062194     3688762916.858158
448      26.009696      -67103.010383      24.551294      31.012663     3688763264.180023
449      25.966043      -67102.267120      24.719558      31.056626     3688763601.009289
450      25.721881      -67099.619138      24.614891      31.048360     3688763938.776608
451      25.689692      -67096.569741      24.640268      30.996413     3688764290.835745
452      25.946086      -67093.388451      24.591773      30.985552     3688764641.022774
453      25.952328      -67094.471454      24.573898      31.028490     3688764985.335468
454      25.731931      -67096.319997      24.629417      30.998883     3688765327.444035
455      25.979120      -67094.510367      24.608032      30.954889     3688765667.182467
456      25.851617      -67090.305530      24.587960      30.953349     3688766016.446444
