1      26.397166      -66929.979146      24.242851      30.019607     3689646581.677141
2      26.392260      -66930.498175      24.356094      30.045551     3689646777.915365
3      26.157701      -66932.313420      24.304381      30.045419     3689646969.673333
4      26.210512      -66932.552295      24.277449      30.042207     3689647165.032506
5      26.451203      -66931.221045      24.228664      30.034087     3689647355.457398
6      26.069117      -66931.316583      24.244529      30.010376     3689647563.286285
7      26.220809      -66931.807026      24.253555      30.069797     3689647778.555598
8      26.332082      -66933.514230      24.318869      30.046529     3689647976.482918
9      26.226045      -66933.737209      24.267488      30.059006     3689648178.637482
10      26.158637      -66934.450781      24.243653      30.108429     3689648386.036344
11      26.302398      -66935.527616      24.222699      30.073600     3689648588.939950
12      26.346612      -66935.145293      24.157358      30.079480     3689648786.976277
13      26.249149      -66935.062459      24.246840      30.050422     3689648987.883768
14      26.137553      -66934.839446      24.245700      30.075010     3689649191.875435
15      26.206691      -66935.419290      24.209596      30.081042     3689649385.978538
16      26.311345      -66934.737500      24.248569      30.061628     3689649589.812196
17      26.212228      -66935.056087      24.279407      30.099043     3689649795.896983
18      26.118655      -66935.017856      24.215001      30.047463     3689649991.733185
19      26.177357      -66934.517681      24.222820      30.088776     3689650186.457323
20      26.516748      -66935.081574      24.239883      30.068105     3689650390.704005
21      26.282879      -66934.973253      24.215289      30.099174     3689650597.568837
22      26.218342      -66934.489010      24.209102      30.048122     3689650807.603849
23      26.174538      -66934.629183      24.184344      30.075557     3689651010.603461
24      26.335303      -66935.119805      24.193371      30.096982     3689651211.398946
25      26.188136      -66935.508500      24.239975      30.049431     3689651407.745176
26      26.207068      -66935.858976      24.308927      30.108054     3689651618.327221
27      26.280129      -66934.985997      24.191421      30.078841     3689651820.204767
28      26.273507      -66935.196269      24.202124      30.076441     3689652027.703635
29      26.141564      -66935.253616      24.235188      30.118829     3689652228.267107
30      26.254457      -66935.451150      24.257094      30.062174     3689652432.862810
31      26.178953      -66936.298684      24.221374      30.082252     3689652638.244557
32      26.297911      -66936.381530      24.257119      30.069149     3689652845.702423
33      26.344026      -66935.776135      24.216204      30.094982     3689653047.122943
34      26.098809      -66935.655061      24.222513      30.090790     3689653245.973317
35      26.278760      -66935.224942      24.142671      30.093234     3689653442.443553
36      26.387867      -66934.724756      24.222723      30.087059     3689653647.454280
37      26.263593      -66934.880862      24.213976      30.049462     3689653843.426489
38      26.095584      -66935.897211      24.183395      30.065353     3689654046.181086
39      26.210698      -66935.948190      24.173517      30.122078     3689654250.026745
40      26.200690      -66935.667805      24.262194      30.132535     3689654455.430494
41      26.053909      -66934.718385      24.277098      30.105565     3689654660.194206
42      26.417972      -66934.087617      24.241241      30.063655     3689654863.318823
43      26.394241      -66933.182956      24.237568      30.033617     3689655073.227829
44      26.376853      -66931.768808      24.269813      30.039991     3689655291.486313
45      26.323624      -66932.692438      24.180232      30.083078     3689655499.890233
46      26.248454      -66932.695623      24.210263      30.062705     3689655706.828070
47      26.165001      -66932.905842      24.214869      30.088103     3689655918.963202
48      26.285560      -66932.055442      24.184446      30.055504     3689656124.967986
49      26.142485      -66931.322952      24.234706      30.078048     3689656322.781300
50      26.221545      -66930.660577      24.245148      30.060566     3689656528.665076
51      26.137987      -66931.596832      24.171327      30.054591     3689656734.851869
52      26.207325      -66931.533139      24.244001      30.053409     3689656946.258961
53      26.092420      -66931.418491      24.216803      30.089550     3689657144.395294
54      26.215577      -66931.956712      24.168801      30.055108     3689657347.824929
55      26.321607      -66931.615941      24.160382      30.100071     3689657557.587926
56      26.292369      -66932.526815      24.226462      30.106504     3689657766.942901
57      26.171399      -66933.737209      24.153047      30.096533     3689657974.237758
58      26.349667      -66932.724289      24.173091      30.114245     3689658178.128419
59      26.268582      -66931.552247      24.189439      30.051633     3689658389.212493
60      26.482886      -66932.303865      24.189677      30.071790     3689658596.411344
61      26.270337      -66931.870721      24.202223      30.062176     3689658806.382354
62      26.120824      -66931.049079      24.202170      30.075096     3689659022.601721
63      26.210016      -66930.928069      24.185732      30.087583     3689659230.810629
64      26.334256      -66930.240249      24.211784      30.066293     3689659442.197720
65      26.275675      -66929.956857      24.216965      30.041990     3689659652.226733
66      26.414697      -66930.042829      24.214969      30.055308     3689659863.280805
67      26.144760      -66929.921832      24.202987      30.029803     3689660073.068804
68      26.306320      -66928.931626      24.197324      30.074943     3689660279.939636
69      26.124932      -66929.119470      24.132888      30.068747     3689660480.430104
70      26.182542      -66929.100367      24.159079      30.067280     3689660680.953573
71      26.315112      -66930.240249      24.201700      30.082971     3689660879.394923
72      26.286667      -66929.788100      24.165155      30.044556     3689661065.576572
73      26.157338      -66929.335973      24.055891      30.059422     3689661249.435088
74      26.250266      -66929.447411      24.079332      30.083961     3689661440.450014
75      26.324742      -66928.810643      24.077684      30.057779     3689661634.802130
76      26.180041      -66928.597336      24.106373      30.102789     3689661841.712965
77      26.239246      -66928.801092      24.106263      30.095731     3689662055.852213
78      26.145285      -66927.279401      24.099144      30.056733     3689662252.084437
79      26.302262      -66927.234837      24.068000      30.081109     3689662453.362949
80      26.185679      -66925.948927      24.141120      30.081511     3689662662.628918
81      26.268749      -66925.471532      24.163574      30.065465     3689662860.000207
82      26.095561      -66925.668852      24.016597      30.043786     3689663069.945215
83      26.280178      -66924.255880      24.061060      30.096031     3689663279.477200
84      26.367130      -66922.779496      24.139976      30.072736     3689663490.012241
85      26.105520      -66922.760406      24.072814      30.097909     3689663703.526454
86      26.229459      -66921.875966      24.101123      30.038764     3689663916.927660
87      26.354468      -66921.379699      24.041870      30.011289     3689664126.577651
88      26.229631      -66920.648074      24.024353      30.057005     3689664341.441941
89      26.360453      -66920.088261      24.061490      30.020935     3689664551.438952
90      26.118543      -66919.165918      24.120139      30.033452     3689664762.925048
91      26.302453      -66919.254968      24.012594      30.039369     3689664977.993350
92      26.271992      -66918.650719      24.121799      30.056868     3689665191.231546
93      26.502146      -66917.607690      24.027485      30.047356     3689665411.112123
94      26.393932      -66916.647446      24.095366      30.040029     3689665616.226854
95      26.221795      -66915.591932      24.082634      29.959801     3689665831.961194
96      26.031930      -66915.655514      24.032222      30.031416     3689666041.621186
97      26.236860      -66915.159588      24.055778      30.014135     3689666250.723145
98      26.275749      -66914.498396      24.102587      30.051330     3689666453.632751
99      26.260981      -66913.271505      24.039427      30.008182     3689666661.359633
100      26.106911      -66912.940972      24.032923      30.007087     3689666876.925962
101      26.260686      -66912.851984      24.027401      30.026191     3689667078.010464
102      26.288003      -66912.216384      24.052031      30.024104     3689667289.304549
103      26.185233      -66911.517276      24.099390      29.970791     3689667499.811590
104      26.327865      -66911.796913      24.094897      30.031225     3689667707.931493
105      26.211160      -66912.038424      24.034418      30.026170     3689667909.079998
106      26.504299      -66911.326619      24.082665      30.005243     3689668113.700702
107      26.270136      -66909.992135      24.066453      30.035567     3689668318.436412
108      26.142041      -66909.153418      24.000174      30.041005     3689668514.331617
109      26.146349      -66908.486311      23.976817      30.009601     3689668726.153732
110      26.188723      -66907.876428      24.051758      29.986765     3689668945.075253
111      26.275475      -66907.501625      24.135149      29.953750     3689669160.761590
112      26.001050      -66907.330110      24.131169      29.948428     3689669375.919897
113      26.031259      -66906.828288      24.085502      29.947804     3689669598.605634
114      26.267055      -66906.574212      24.155774      29.992198     3689669807.990610
115      26.358644      -66905.551627      24.089698      29.928314     3689670023.114914
116      26.380515      -66905.418255      24.091502      29.977828     3689670243.358511
117      26.208602      -66905.862836      24.044046      29.974978     3689670455.679655
118      26.182965      -66905.875539      24.075532      29.994491     3689670670.616949
119      26.106559      -66906.040675      24.069635      29.975228     3689670889.554472
120      26.372062      -66905.983512      24.101304      29.938389     3689671105.811841
121      26.221791      -66905.659596      24.082161      29.975553     3689671315.531836
122      26.294830      -66906.167705      24.006811      29.988713     3689671530.077107
123      26.098536      -66906.135947      24.054070      29.970050     3689671740.441139
124      26.359624      -66905.678650      24.054558      29.960337     3689671959.146649
125      26.224330      -66905.132464      24.058908      29.949340     3689672165.573456
126      26.287300      -66905.691352      24.072907      29.939997     3689672390.322310
127      26.322383      -66906.745713      24.101586      29.977594     3689672604.619568
128      26.061412      -66907.006146      24.061359      29.969371     3689672821.577977
129      26.276520      -66906.027972      24.076621      29.985835     3689673034.237141
130      26.504876      -66905.926350      24.045243      29.946502     3689673247.435334
131      26.325950      -66905.780270      24.056379      29.941744     3689673449.144872
132      26.099274      -66905.856485      24.115331      29.984684     3689673662.609082
133      26.211049      -66905.659596      24.069494      29.993161     3689673877.366365
134      26.357979      -66904.694269      24.099820      29.965191     3689674082.896120
135      26.298722      -66905.513521      24.086259      29.967552     3689674293.942191
136      26.233759      -66906.771121      24.024747      29.997622     3689674509.567525
137      26.177059      -66907.533387      24.056933      29.982145     3689674729.857124
138      26.176917      -66907.844665      24.012217      29.971346     3689674948.178611
139      26.353656      -66907.666791      24.040116      29.972486     3689675169.887293
140      26.212250      -66906.764769      24.031759      29.950330     3689675388.824815
141      26.135457      -66906.370956      24.049395      29.954310     3689675603.504095
142      26.307613      -66906.326495      24.061413      29.952278     3689675812.872069
143      26.257593      -66905.735811      24.069804      29.974468     3689676024.822192
144      26.355810      -66905.081658      24.016005      29.974160     3689676233.806146
145      26.238544      -66905.875539      24.102742      29.982443     3689676453.958737
146      25.981141      -66905.989864      24.090540      29.954171     3689676668.687019
147      26.105595      -66906.148650      24.041454      29.946467     3689676882.517250
148      26.183423      -66906.104190      23.994353      29.989385     3689677104.440942
149      26.278026      -66906.631379      24.085640      29.961843     3689677320.689311
150      26.170480      -66906.599619      24.021234      29.989056     3689677534.259527
151      26.217523      -66905.989864      23.983096      29.931000     3689677747.806741
152      26.165489      -66906.174056      24.031235      29.980861     3689677954.724576
153      26.281192      -66905.335692      24.061610      29.923740     3689678169.783877
154      26.280844      -66905.596085      24.033110      29.946103     3689678386.975299
155      26.160860      -66905.145166      24.066466      29.959123     3689678601.662579
156      26.043960      -66905.348394      24.069637      29.950670     3689678820.462094
157      26.234184      -66905.259481      23.996551      30.017041     3689679034.060310
158      26.170496      -66905.564329      24.078021      29.942268     3689679249.933658
159      26.302528      -66905.068956      24.048328      29.996352     3689679459.527647
160      26.148634      -66905.240429      24.072483      29.952090     3689679675.992027
161      26.395878      -66904.599012      24.010759      29.971297     3689679889.132217
162      26.185210      -66903.659197      24.012571      29.981890     3689680112.754008
163      26.252003      -66902.275052      24.027123      29.979579     3689680338.373913
164      26.320495      -66902.814716      24.007263      29.961355     3689680559.377553
165      26.114842      -66904.046541      23.999130      29.946836     3689680781.467257
166      26.051288      -66904.503756      24.048377      29.933841     3689680997.668622
167      26.192248      -66904.129092      23.968495      29.942996     3689681216.110117
168      26.473988      -66903.481405      24.031555      29.968202     3689681428.372258
169      26.381831      -66903.087735      24.052476      29.943914     3689681635.575109
170      26.257599      -66903.081386      24.012569      29.959645     3689681849.930369
171      26.035739      -66903.894142      24.070766      29.969858     3689682064.571646
172      26.245746      -66903.614749      24.025528      29.960859     3689682244.040911
173      26.277871      -66903.475055      24.017453      29.926005     3689682453.671902
174      26.157830      -66903.125832      24.032456      29.968628     3689682659.839694
175      26.151407      -66902.808367      23.999260      29.948818     3689682862.521286
176      26.141794      -66903.087735      24.037932      29.954110     3689683069.938149
177      26.245495      -66902.167123      24.101281      29.923536     3689683278.704091
178      26.237105      -66902.402029      24.110679      29.913356     3689683487.204016
179      26.034630      -66901.887783      24.006311      29.922878     3689683686.284402
180      26.204171      -66902.573451      23.943872      29.958534     3689683893.466253
181      26.437471      -66902.300447      24.096193      29.920363     3689684092.719650
182      26.320582      -66902.605196      24.072097      29.982294     3689684291.019992
183      26.114256      -66901.938572      24.067512      29.932351     3689684470.735271
184      26.332867      -66901.024424      24.005149      29.947219     3689684662.476238
185      26.259661      -66900.935554      24.079857      29.951960     3689684871.154173
186      26.134202      -66900.979989      24.028429      29.928504     3689685066.712358
187      26.272159      -66901.716375      24.007492      29.971313     3689685276.589363
188      26.319318      -66901.830647      23.999979      29.931918     3689685481.223067
189      26.216540      -66900.319832      23.991494      29.921220     3689685699.059526
190      26.212737      -66900.072285      24.034594      29.947569     3689685913.509793
191      26.140186      -66900.611818      24.095431      29.955295     3689686117.202443
192      26.393702      -66900.827640      23.996373      29.914916     3689686328.263515
193      26.263270      -66901.481486      24.035159      29.926345     3689686514.186150
194      26.174717      -66901.411656      24.032060      29.956188     3689686725.814254
195      26.277758      -66901.830647      24.055345      29.933308     3689686903.870439
196      26.305654      -66902.262354      24.036924      29.982309     3689687124.055032
197      26.442035      -66901.697329      24.051988      29.948530     3689687328.111703
198      26.287171      -66900.116716      24.018352      29.937552     3689687540.371844
199      26.039488      -66899.970730      23.980221      29.980990     3689687749.828824
200      26.323670      -66900.135758      24.003415      29.947360     3689687965.944186
201      26.443868      -66900.072285      24.044916      29.907249     3689688177.010258
202      26.122958      -66899.932646      24.047163      29.909006     3689688384.074101
203      26.240497      -66900.123063      24.168501      29.945919     3689688588.779809
204      26.097377      -66899.729540      23.987218      29.943876     3689688788.171214
205      26.252258      -66899.336033      24.112766      29.958516     3689688987.773631
206      26.397516      -66898.999662      24.038211      29.948361     3689689186.823015
207      26.201163      -66900.097674      23.993875      29.948597     3689689390.845685
208      26.253660      -66899.913605      23.991250      29.916345     3689689585.768834
209      26.204068      -66900.123063      24.031985      29.921357     3689689785.529259
210      26.302446      -66899.621641      24.039800      29.916100     3689689986.767770
211      26.177526      -66899.450275      23.999691      29.943682     3689690174.217491
212      26.227336      -66899.063127      23.991079      29.917102     3689690386.953659
213      26.417570      -66898.879079      24.048513      29.933975     3689690582.202826
214      26.278614      -66898.809268      24.043068      29.930450     3689690785.819473
215      26.147835      -66897.768523      24.057606      29.903100     3689690989.469121
216      26.207042      -66898.549071      24.052333      29.951187     3689691191.050651
217      26.375490      -66898.517340      24.067686      29.928815     3689691387.091864
218      26.212611      -66898.193691      24.084668      29.917784     3689691581.755998
219      26.174030      -66898.701381      23.953476      29.933725     3689691781.955449
220      26.324480      -66899.412194      24.028158      29.937505     3689691975.345510
221      26.259439      -66900.072285      24.087140      29.936446     3689692172.743800
222      26.173580      -66900.091327      24.040301      29.903154     3689692379.253612
223      26.250132      -66901.119643      23.983482      29.974016     3689692568.278424
224      26.373079      -66901.500531      24.068078      29.924568     3689692754.812093
225      26.303162      -66901.068860      24.092128      29.935348     3689692930.929166
226      26.139634      -66901.398959      24.077518      29.920916     3689693132.153675
227      26.208038      -66901.335478      24.034565      29.935955     3689693331.496077
228      26.371390      -66900.967293      24.083739      29.938185     3689693533.910655
229      26.201436      -66900.396001      24.061714      29.911793     3689693733.614077
230      26.590112      -66901.379915      24.063835      29.944475     3689693938.224780
231      26.202465      -66901.805253      24.020052      29.969816     3689694136.937146
232      26.515373      -66902.287750      24.053449      29.959241     3689694336.315549
233      26.137083      -66901.576711      24.063227      29.917922     3689694526.231412
234      26.252203      -66902.440122      23.978525      29.952438     3689694721.499581
235      26.323430      -66902.732177      24.059008      29.929975     3689694913.800580
236      26.288950      -66901.595755      24.112095      29.927267     3689695112.979972
237      26.362951      -66901.767162      24.072446      29.949737     3689695310.853290
238      26.305165      -66901.564014      24.018134      29.954482     3689695500.694148
239      26.365867      -66902.141728      24.050979      29.941971     3689695706.407914
240      26.169831      -66903.436958      24.071254      29.934657     3689695898.960928
241      26.155601      -66904.306897      24.065875      29.955295     3689696096.910250
242      26.260437      -66904.706970      24.078760      29.942998     3689696294.235536
243      26.440959      -66905.126113      24.127375      29.979899     3689696488.506648
244      26.214795      -66905.430957      24.008509      29.928293     3689696679.660582
245      26.353837      -66905.748513      24.074078      29.990738     3689696872.118589
246      26.393268      -66904.992747      24.070538      29.969633     3689697053.725977
247      26.198016      -66905.208674      23.996814      29.954280     3689697242.644783
248      26.267440      -66905.399202      23.968026      29.973117     3689697436.530872
249      26.186181      -66905.284885      24.010731      29.957366     3689697641.860616
250      26.405913      -66904.656166      24.072455      29.977087     3689697835.335682
251      26.326205      -66903.995741      24.055697      29.967022     3689698029.306777
252      26.405131      -66904.116392      24.020529      29.957311     3689698216.473482
253      26.263076      -66903.627448      23.977719      29.959056     3689698402.660131
254      26.213630      -66904.103692      24.065049      29.978113     3689698595.936186
255      26.226728      -66904.224344      24.056625      29.979061     3689698790.755329
256      26.353328      -66904.237045      24.013511      29.959186     3689698979.493124
257      26.290688      -66904.681568      23.983880      29.969311     3689699177.380443
258      26.163924      -66905.094359      23.979457      29.967260     3689699369.949457
259      26.333026      -66905.913647      24.030177      29.940426     3689699557.470182
260      26.336246      -66905.208674      24.009952      29.949646     3689699745.013910
261      26.104018      -66904.719671      24.009373      29.952318     3689699933.603696
262      26.248179      -66903.754444      24.010143      29.945663     3689700123.675568
263      26.223746      -66904.179893      24.005772      29.954785     3689700304.193893
264      26.238815      -66904.325948      24.014811      29.939152     3689700493.972747
265      26.316943      -66904.014791      24.045452      29.968025     3689700683.323577
266      26.263460      -66903.144880      24.013766      29.951095     3689700877.276671
267      26.192814      -66902.998844      23.976103      29.961168     3689701067.449549
268      26.182874      -66901.811601      24.005063      29.934159     3689701259.432529
269      26.234255      -66901.697329      24.055272      29.895233     3689701449.106378
270      26.294964      -66901.697329      24.079199      29.953164     3689701642.763454
271      26.220738      -66902.281401      23.980226      29.959215     3689701829.797152
272      26.352947      -66902.179820      23.977936      29.966222     3689702018.024919
273      26.284764      -66902.408378      23.999512      29.958335     3689702213.916122
274      26.214901      -66901.646542      24.005800      29.961301     3689702402.036882
275      26.164273      -66901.716375      23.992946      29.954630     3689702593.675843
276      26.276781      -66901.011728      24.004628      29.975900     3689702782.796661
277      26.123524      -66900.649904      24.030372      29.949423     3689702972.861532
278      26.270032      -66900.497561      24.001600      29.935836     3689703157.649101
279      26.304957      -66900.357916      24.035285      29.931568     3689703335.238258
280      26.314973      -66900.294442      24.039719      29.913702     3689703514.872533
281      26.158710      -66900.110369      23.983134      29.937526     3689703700.747165
282      26.435364      -66900.624514      24.076248      29.938199     3689703884.483674
283      26.128277      -66900.554690      24.061420      29.987967     3689704070.984341
284      26.207570      -66900.757815      24.067406      29.959125     3689704251.354658
285      26.326213      -66901.341826      24.050074      29.979541     3689704433.977102
286      26.165223      -66901.951269      24.008446      29.958817     3689704619.171695
287      26.189107      -66902.313145      24.001471      29.919951     3689704807.440464
288      26.143890      -66901.989360      23.975285      29.934872     3689705002.440617
289      26.244370      -66901.773510      24.056051      29.930762     3689705197.701786
290      26.099262      -66902.389331      24.006003      29.928135     3689705386.695595
291      26.316855      -66901.798904      24.008296      29.657357     3689705577.753523
292      26.390839      -66902.890907      24.028687      29.402466     3689705742.186928
293      26.083466      -66907.838312      24.013599      29.759037     3689705899.380919
294      26.297350      -66913.373210      24.031395      29.861913     3689706048.614454
295      26.088899      -66916.456682      23.967439      29.924343     3689706182.645121
296      26.452957      -66921.144300      24.067657      29.941762     3689706318.036865
297      26.118370      -66924.204966      24.023319      29.979530     3689706456.346776
298      26.228074      -66926.038044      23.927531      29.997078     3689706593.731634
299      26.211279      -66927.890593      24.061749      30.033702     3689706743.735214
300      26.168901      -66928.845664      23.991026      30.046799     3689706887.577441
301      26.311722      -66928.708765      24.020031      30.056443     3689707036.303947
302      26.349895      -66928.680111      23.968299      30.092002     3689707180.073170
303      26.238639      -66928.304445      23.986012      30.070111     3689707332.727901
304      26.370030      -66928.463624      24.058916      30.095767     3689707485.316629
305      26.486423      -66928.616438      24.005579      30.077385     3689707643.041651
306      26.121940      -66928.552765      23.972474      30.094735     3689707807.369050
307      26.284477      -66928.899788      23.942443      30.067402     3689707974.114587
308      26.230012      -66928.711948      24.045380      30.095836     3689708135.928843
309      26.297088      -66927.976546      23.990311      30.088717     3689708295.616976
310      26.415739      -66927.413096      24.005149      30.107305     3689708464.199618
311      26.207307      -66926.330861      23.996764      30.104122     3689708632.255230
312      26.178100      -66925.229662      24.008244      30.055924     3689708789.216208
313      26.283657      -66925.347413      24.030775      30.041107     3689708951.825509
314      26.163302      -66923.880397      24.011443      30.083406     3689709119.341090
315      26.367506      -66922.410438      23.989752      30.070097     3689709275.676032
316      26.158728      -66921.017060      24.008491      30.066361     3689709428.714786
317      26.302395      -66920.164597      24.001743      30.067575     3689709578.667362
318      26.109503      -66920.164597      24.070245      30.021242     3689709731.447101
319      26.266722      -66918.733403      23.996398      30.046080     3689709891.975282
320      26.260838      -66917.855717      24.036000      30.027269     3689710054.827597
321      26.142904      -66917.219765      24.040454      30.023328     3689710228.191513
322      26.217366      -66917.499578      24.019538      30.010086     3689710405.661664
323      26.399682      -66916.164184      24.017397      30.024653     3689710579.709619
324      26.309911      -66915.324894      24.007419      30.021286     3689710752.323491
325      26.287540      -66915.566500      23.964292      30.048665     3689710922.188207
326      26.452909      -66914.549256      24.074645      30.028367     3689711094.379056
327      26.155565      -66914.113783      23.956981      30.035424     3689711262.072647
328      26.292166      -66913.246079      24.021495      30.023602     3689711444.522083
329      26.257665      -66912.797957      24.039849      29.975467     3689711623.183301
330      26.253330      -66911.841401      23.971210      29.999432     3689711805.441726
331      26.294464      -66910.811866      24.063684      30.010128     3689711978.239610
332      26.174745      -66909.617244      24.026927      30.032673     3689712158.847940
333      26.095664      -66907.851018      24.015997      30.011222     3689712342.376438
334      26.474651      -66907.571502      24.006884      29.964226     3689712518.189494
335      26.270256      -66906.326495      23.994787      29.968498     3689712696.665701
336      26.334782      -66906.116893      23.985020      29.967656     3689712875.482930
337      26.312799      -66905.761216      23.990144      29.996349     3689713057.814358
338      26.266522      -66905.634192      23.987751      29.943475     3689713239.541752
339      26.161930      -66905.640543      23.996692      29.969915     3689713413.826721
340      26.469156      -66904.941942      24.029044      30.007426     3689713596.305159
341      26.185875      -66904.516457      23.948483      29.967258     3689713772.978263
342      26.141891      -66904.497406      23.977969      29.985717     3689713949.858380
343      26.362787      -66904.151318      24.001902      29.968110     3689714127.643549
344      26.049464      -66904.052891      23.986017      29.937593     3689714310.077983
345      26.248550      -66904.192594      24.002070      29.965958     3689714479.104651
346      26.260239      -66903.849692      24.022260      29.941411     3689714657.943880
347      26.127249      -66903.995741      23.982970      29.932265     3689714834.575983
348      26.209077      -66903.786193      24.030917      29.956913     3689715019.566564
349      26.495136      -66903.170277      24.044836      29.934050     3689715198.659807
350      26.231797      -66902.129031      24.009638      29.957213     3689715382.586327
351      26.304001      -66902.084590      24.039955      29.902349     3689715562.850638
352      26.301803      -66903.157579      24.031647      29.943731     3689715747.641207
353      26.043563      -66903.633798      24.018098      29.998007     3689715923.287253
354      26.066398      -66903.157579      24.022732      29.972463     3689716100.640398
355      26.371420      -66902.706781      24.011516      29.946093     3689716289.679210
356      26.296678      -66901.659239      24.008198      29.935401     3689716477.730967
357      26.252894      -66901.456093      24.070713      29.970732     3689716654.005048
358      26.306281      -66900.338874      24.069457      29.942151     3689716849.285218
359      26.380057      -66899.069474      24.037557      29.903688     3689717051.256770
360      26.170411      -66898.961583      24.001928      29.933379     3689717239.092514
361      26.269433      -66898.155615      23.980352      29.939413     3689717437.323852
362      26.418025      -66897.375101      24.074305      29.957597     3689717634.082106
363      26.152296      -66897.254540      23.974813      29.907062     3689717823.070915
364      26.268893      -66896.290108      23.971363      29.939803     3689718017.301025
365      26.496935      -66895.763521      24.069633      29.917762     3689718211.200115
366      26.231255      -66896.683482      24.077124      29.901526     3689718405.955255
367      26.187184      -66897.565464      24.022530      29.950947     3689718593.266968
368      26.456674      -66897.235504      23.961597      29.916255     3689718779.420615
369      26.327895      -66897.254540      24.032528      29.934869     3689718961.338020
370      26.060858      -66897.977932      24.032652      29.911820     3689719152.186936
371      26.055118      -66898.060427      23.972927      29.931616     3689719340.238692
372      26.322811      -66898.422148      24.020850      29.917774     3689719527.098380
373      26.147601      -66898.980622      24.036726      29.970992     3689719709.744826
374      26.215316      -66898.631572      23.972432      29.919078     3689719894.680405
375      26.336486      -66898.917157      24.098867      29.937371     3689720073.288620
376      26.275802      -66898.460225      24.051502      29.954074     3689720263.955525
377      26.091769      -66897.996969      23.989562      29.941556     3689720445.714921
378      26.413244      -66897.578155      24.029620      29.902336     3689720625.537207
379      26.098376      -66897.666993      24.044526      29.918450     3689720807.835634
380      26.192183      -66897.762177      24.013476      29.905392     3689720986.602859
381      26.428661      -66898.504648      24.062943      29.918568     3689721173.093525
382      26.367456      -66898.955236      24.009409      29.940305     3689721358.789146
383      26.358390      -66899.253526      23.972144      29.953088     3689721546.102861
384      26.276194      -66900.173842      23.992308      29.940098     3689721734.518637
385      26.306066      -66900.516604      24.074402      29.964645     3689721917.021076
386      26.221553      -66899.596253      24.043920      29.975316     3689722095.379277
387      26.283474      -66898.625225      24.009945      29.953346     3689722282.981007
388      26.336146      -66897.793905      24.028620      29.906446     3689722470.404727
389      26.144344      -66896.905556      23.990757      29.917711     3689722660.600606
390      26.281214      -66896.334520      23.988905      29.896881     3689722850.009440
391      26.354062      -66895.642981      23.987503      29.946938     3689723039.672288
392      26.433737      -66894.564538      23.986405      29.922682     3689723226.736987
393      26.350292      -66892.978826      23.980898      29.895924     3689723419.111990
394      26.361580      -66892.306568      23.993651      29.982668     3689723616.843300
395      26.320753      -66892.255834      23.999076      29.890705     3689723816.077695
396      26.144931      -66891.970458      24.023253      29.887242     3689724017.176198
397      26.425311      -66892.249492      23.926783      29.882800     3689724215.880563
398      26.279210      -66891.336321      24.017392      29.906943     3689724421.319314
399      26.263014      -66891.488510      24.007219      29.890869     3689724621.564766
400      26.199432      -66891.241204      24.039058      29.885704     3689724824.461372
401      26.060314      -66889.415158      23.960314      29.892278     3689725038.133593
402      26.248534      -66888.255049      23.941989      29.938601     3689725240.629175
403      26.353679      -66887.697235      24.016209      29.900676     3689725438.402487
404      26.232745      -66887.469048      23.993698      29.894199     3689725640.338037
405      26.167608      -66887.646526      23.938577      29.903254     3689725837.047288
406      26.234699      -66887.836685      23.958591      29.885478     3689726044.224138
