1      26.255278      -66883.803376      25.403636      29.942049     3692232165.394992
2      26.130166      -66886.243073      25.398084      29.522062     3692232347.451405
3      26.117684      -66885.698044      25.418799      29.750806     3692232531.594938
4      26.106273      -66888.765839      25.290398      29.969847     3692232706.986969
5      26.210371      -66890.135272      25.317473      29.795512     3692232883.015038
6      26.135723      -66888.886290      25.431250      29.390267     3692233062.403298
7      25.930976      -66889.437850      25.389041      29.928056     3692233241.832561
8      26.104838      -66890.027485      25.326395      29.752893     3692233428.178219
9      26.212494      -66888.581995      25.374344      29.558360     3692233612.488761
10      26.160831      -66890.243060      25.377333      29.947045     3692233791.413995
11      25.959637      -66891.669790      25.377500      29.681596     3692233974.555470
12      26.175540      -66890.877135      25.400956      29.599580     3692234160.620113
13      26.126173      -66893.337764      25.358526      29.990514     3692234356.089293
14      26.231676      -66893.439247      25.293897      29.820367     3692234545.760141
15      26.198171      -66890.236720      25.407250      29.510741     3692234738.866187
16      26.146375      -66890.826407      25.357707      29.938264     3692234937.099525
17      26.165186      -66891.435157      25.266588      30.078789     3692235133.821777
18      26.309200      -66890.553751      25.368767      29.448464     3692235329.133948
19      26.277644      -66889.101838      25.384873      29.854404     3692235529.709420
20      26.216027      -66890.147953      25.395194      29.467709     3692235716.659113
21      26.005693      -66890.464981      25.465715      29.774584     3692235905.193896
22      26.072701      -66893.515361      25.305904      30.023662     3692236103.089215
23      26.181542      -66894.092575      25.397611      29.536899     3692236299.199432
24      26.341964      -66892.766940      25.408613      29.787999     3692236491.039405
25      26.186351      -66895.627763      25.350027      30.003411     3692236681.559302
26      26.061196      -66895.983050      25.387025      29.540783     3692236876.943478
27      26.062145      -66895.063139      25.380958      29.912170     3692237095.349969
28      26.097944      -66896.636561      25.321829      30.004679     3692237311.314322
29      26.320438      -66895.526255      25.473123      29.462412     3692237521.466341
30      26.147311      -66896.484283      25.365662      30.000825     3692237736.929666
31      26.229777      -66897.010924      25.239581      30.115987     3692237961.240496
32      26.180798      -66893.331421      25.428210      29.458233     3692238178.447919
33      26.312394      -66892.151758      25.333132      29.968608     3692238395.056309
34      26.218555      -66891.581009      25.343921      29.792509     3692238604.021261
35      26.007824      -66888.220659      25.400016      29.590764     3692238793.593103
36      26.196148      -66888.581995      25.361712      29.975133     3692238985.675090
37      26.325301      -66888.531281      25.351681      29.623547     3692239191.302851
38      26.275049      -66885.343160      25.459931      29.666851     3692239392.442355
39      26.272725      -66886.731091      25.364036      29.950557     3692239599.475197
40      26.130796      -66886.629682      25.391697      29.627966     3692239818.606731
41      26.089989      -66883.125447      25.457962      29.673709     3692240014.607942
42      26.129948      -66884.341954      25.235495      29.969699     3692240207.955000
43      26.276359      -66885.089680      25.219805      29.912454     3692240410.409580
44      26.387054      -66882.327203      25.302671      29.477569     3692240599.148375
45      26.170281      -66882.650293      25.283859      29.923053     3692240800.905915
46      26.150893      -66882.707310      25.337434      29.680839     3692240991.993845
47      26.204684      -66879.147594      25.405352      29.545038     3692241182.758756
48      26.275723      -66880.661253      25.319783      29.903482     3692241373.585670
49      26.440884      -66882.593276      25.201728      29.955265     3692241564.840610
50      26.233316      -66879.413575      25.281501      29.375859     3692241758.347678
51      26.098955      -66879.799893      25.319099      29.887510     3692241954.663907
52      25.929300      -66881.750737      25.243242      30.010733     3692242159.005594
53      26.235269      -66879.780894      25.365812      29.364808     3692242353.703731
54      26.334273      -66879.666897      25.314348      29.893001     3692242558.561447
55      26.307025      -66879.856893      25.329156      29.411509     3692242782.958282
56      26.319254      -66879.647897      25.349833      29.808565     3692242982.733709
57      26.192034      -66882.485579      25.251369      29.959466     3692243182.692146
58      26.198749      -66882.067472      25.454142      29.442661     3692243404.002804
59      26.088668      -66880.490241      25.405180      29.771617     3692243619.031102
60      26.200754      -66882.447569      25.332638      29.987581     3692243833.423365
61      26.057441      -66881.085630      25.297170      29.587145     3692244052.263883
62      26.224552      -66878.286378      25.360222      29.723358     3692244250.746234
63      26.287706      -66879.698562      25.294355      29.971912     3692244451.204700
64      26.407626      -66878.178732      25.209104      29.287373     3692244649.368034
65      26.179086      -66879.400909      25.364740      29.833531     3692244846.353302
66      26.216515      -66880.686589      25.260456      29.999511     3692245074.458349
67      26.395357      -66879.185591      25.387728      29.481645     3692245302.422387
68      26.095152      -66880.591581      25.316693      29.913398     3692245524.359082
69      26.150581      -66880.667587      25.290328      29.348884     3692245732.086962
70      26.338967      -66880.711924      25.384089      29.741909     3692245914.533398
71      26.375521      -66883.169796      25.385161      29.955262     3692246105.781337
72      26.295034      -66882.548930      25.399020      29.375469     3692246310.759061
73      26.227316      -66882.086476      25.374221      29.808622     3692246512.010571
74      26.087999      -66885.057995      25.266009      30.008253     3692246696.837143
75      26.280131      -66883.828720      25.357888      29.307300     3692246890.409214
76      26.365650      -66885.577636      25.317250      29.914877     3692247095.806963
77      26.509040      -66887.789610      25.368326      29.590424     3692247301.016700
78      26.289441      -66887.631141      25.501945      29.658420     3692247521.470310
79      26.149019      -66890.325487      25.400592      29.931155     3692247725.007951
80      26.069387      -66891.657107      25.345633      29.536392     3692247920.680143
81      26.229999      -66889.330071      25.486376      29.737574     3692248112.802132
82      26.209342      -66891.612717      25.315507      30.022977     3692248324.584245
83      26.345004      -66890.978591      25.259590      29.697367     3692248547.225979
84      26.382157      -66888.043166      25.405846      29.671667     3692248733.991662
85      26.261198      -66888.499584      25.340790      29.959973     3692248922.493443
86      26.190118      -66888.246015      25.282675      29.548198     3692249108.125061
87      26.143209      -66886.464896      25.318507      29.728386     3692249323.984407
88      26.207659      -66888.772178      25.284808      29.989798     3692249528.709117
89      26.271712      -66887.288858      25.401854      29.418180     3692249740.670240
90      26.468823      -66888.810215      25.364508      29.928780     3692249946.564017
91      26.217668      -66891.130777      25.234467      30.006215     3692250129.932505
92      26.299357      -66890.775680      25.387913      29.391364     3692250307.157641
93      26.362511      -66891.035660      25.341711      29.916859     3692250496.543474
94      26.232986      -66892.031264      25.327965      30.050603     3692250694.041770
95      26.477310      -66889.754853      25.396876      29.465665     3692250903.352742
96      26.287030      -66889.228633      25.368543      29.878088     3692251088.389326
97      26.214209      -66890.737634      25.212280      30.016684     3692251279.900279
98      26.326520      -66889.640731      25.299091      29.557047     3692251475.590472
99      26.414384      -66887.238150      25.334742      29.768581     3692251666.607398
100      26.518607      -66889.463209      25.329255      29.976816     3692251868.149926
101      26.474326      -66889.247653      25.369088      29.506767     3692252079.525015
102      26.351666      -66887.776932      25.430966      29.774453     3692252268.959850
103      26.305840      -66889.723152      25.315335      29.889343     3692252486.547296
104      26.342413      -66888.721462      25.335607      29.459194     3692252713.197259
105      26.254744      -66890.021145      25.293614      29.937812     3692252914.357765
106      26.386280      -66891.371744      25.301896      29.623363     3692253099.910378
107      26.564991      -66890.084548      25.458092      29.716032     3692253283.321869
108      26.317197      -66892.646437      25.344027      29.943716     3692253477.564979
109      26.137789      -66895.285178      25.266750      30.072927     3692253664.104648
110      26.246642      -66892.405436      25.297194      29.448482     3692253871.447507
111      26.271035      -66891.739547      25.349710      29.891876     3692254079.019380
112      26.337254      -66892.525936      25.320144      29.633100     3692254298.447930
113      26.475662      -66890.617159      25.461186      29.710289     3692254508.270931
114      26.458454      -66893.172855      25.358326      30.013947     3692254718.689967
115      26.265055      -66892.570331      25.311433      30.049523     3692254930.124060
116      26.297199      -66889.780214      25.336623      29.437933     3692255124.379171
117      26.132713      -66889.412490      25.293019      29.932125     3692255323.775576
118      26.247976      -66889.387130      25.311166      29.686339     3692255547.417367
119      26.382992      -66886.864191      25.337906      29.634472     3692255756.477325
120      26.346756      -66887.948081      25.295974      29.995758     3692255950.420418
121      26.498284      -66887.669173      25.336489      29.600143     3692256151.729932
122      26.409401      -66884.620760      25.375602      29.694088     3692256351.191341
123      26.224701      -66887.789610      25.357097      29.965001     3692256550.175722
124      26.135154      -66888.284050      25.294060      29.628119     3692256771.864402
125      26.271633      -66886.230397      25.413939      29.636100     3692256963.009335
126      26.449517      -66887.960759      25.333460      29.977737     3692257148.979971
127      26.381674      -66888.385477      25.307106      29.451349     3692257355.606790
128      26.484536      -66888.309407      25.348910      29.819239     3692257578.168520
129      26.539618      -66890.388893      25.202910      29.923995     3692257799.736193
130      26.316812      -66889.203274      25.235545      29.435151     3692257998.965588
131      26.220728      -66890.040166      25.345630      29.954108     3692258218.939169
132      26.127170      -66891.967846      25.293081      30.054055     3692258417.940552
133      26.310460      -66889.133537      25.385001      29.517904     3692258618.447020
134      26.308299      -66886.059280      25.347745      29.791662     3692258827.500978
135      26.246417      -66887.269842      25.233324      29.999986     3692259068.400756
136      26.391594      -66885.989567      25.370856      29.502026     3692259287.858308
137      26.301435      -66886.902220      25.346014      29.962366     3692259516.993414
138      26.360327      -66886.224059      25.449935      29.326673     3692259736.809987
139      26.518216      -66886.249410      25.406998      29.866128     3692259962.246881
140      26.414265      -66889.171575      25.314503      29.984914     3692260171.700861
141      26.291232      -66889.228633      25.395679      29.418552     3692260364.447886
142      26.254277      -66890.021145      25.380644      29.844190     3692260574.902923
143      26.140849      -66893.039662      25.315207      29.984683     3692260783.952880
144      26.189778      -66891.048342      25.307604      29.445812     3692260982.850256
145      26.562620      -66890.883476      25.401449      29.958420     3692261187.345953
146      26.500887      -66891.314672      25.354539      29.381931     3692261398.181012
147      26.460702      -66891.650766      25.419061      29.822457     3692261618.008585
148      26.379028      -66895.120234      25.325978      30.044929     3692261852.427994
149      26.526376      -66893.578789      25.418453      29.454124     3692262085.660334
150      26.350235      -66893.426562      25.400526      29.935725     3692262313.607371
151      26.436877      -66894.879168      25.357754      29.622147     3692262550.094898
152      26.338454      -66893.515361      25.461701      29.698745     3692262759.309864
153      26.143066      -66896.243180      25.361410      29.981785     3692262976.702298
154      26.352589      -66895.278834      25.450603      29.479973     3692263183.724139
155      26.225800      -66893.718333      25.442877      29.837247     3692263396.467307
156      26.266594      -66895.837127      25.392983      30.019542     3692263609.962518
157      26.426899      -66893.566103      25.392202      29.408145     3692263832.427243
158      26.459393      -66893.058690      25.425702      29.829500     3692264024.942255
159      26.450538      -66895.025076      25.302196      30.072810     3692264241.106617
160      26.355335      -66893.071375      25.417800      29.378320     3692264462.071256
161      26.315687      -66893.312393      25.378542      29.940364     3692264671.500235
162      26.194343      -66895.063139      25.277549      29.793510     3692264876.758975
163      26.275539      -66892.506909      25.388378      29.774902     3692265083.843820
164      26.327319      -66894.803043      25.391132      30.001955     3692265271.990581
165      26.252286      -66896.109942      25.246693      30.008126     3692265495.392359
166      26.539886      -66892.995265      25.390357      29.484251     3692265712.885799
167      26.436165      -66892.855732      25.286385      29.969580     3692265931.176285
168      26.658308      -66892.043948      25.359834      29.351455     3692266145.976571
169      26.439869      -66892.386410      25.419235      29.865273     3692266345.058957
170      26.323856      -66893.946682      25.358187      30.020296     3692266549.621657
171      26.256722      -66892.126391      25.282025      29.693167     3692266773.670472
172      26.445984      -66889.165235      25.412732      29.670146     3692266969.243659
173      26.275657      -66889.418830      25.309890      30.031316     3692267189.136235
174      26.352423      -66888.772178      25.368565      29.563762     3692267405.167592
175      26.560029      -66887.009970      25.439553      29.784817     3692267595.119457
176      26.314641      -66889.590010      25.285783      30.035246     3692267788.797534
177      26.364224      -66888.803876      25.316756      29.583368     3692267979.165422
178      26.200036      -66885.964217      25.461980      29.683719     3692268176.415705
179      26.377452      -66888.265033      25.310361      29.972471     3692268383.278537
180      26.550274      -66888.753160      25.216404      30.067100     3692268575.705543
181      26.486466      -66884.861553      25.398099      29.400538     3692268768.046544
182      26.267778      -66883.892081      25.365631      29.905329     3692268969.575071
183      26.410312      -66884.037812      25.401311      29.313709     3692269212.374959
184      26.440471      -66884.107510      25.318778      29.891827     3692269444.921259
185      26.529340      -66885.191071      25.383995      29.488613     3692269691.008335
186      26.386389      -66885.279789      25.412426      29.823762     3692269944.365826
187      26.367488      -66888.341103      25.348102      29.954703     3692270159.511131
188      26.490106      -66886.800810      25.395665      29.376318     3692270347.832902
189      26.331289      -66888.626371      25.371717      29.913212     3692270543.626101
190      26.432043      -66890.566433      25.383790      30.072524     3692270770.250064
191      26.259375      -66889.203274      25.403530      29.482468     3692270996.886026
192      26.549537      -66890.648863      25.325638      29.944503     3692271213.586421
193      26.475255      -66891.555643      25.277840      30.055644     3692271425.945567
194      26.471781      -66889.311051      25.401627      29.479190     3692271618.942606
195      26.470408      -66887.124059      25.443758      29.863150     3692271799.862955
196      26.318547      -66887.092368      25.346317      30.006224     3692271991.476913
197      26.571338      -66885.305138      25.431709      29.394434     3692272177.559557
198      26.495754      -66885.311475      25.437349      29.837796     3692272364.654258
199      26.367437      -66886.712077      25.318573      29.973652     3692272548.447771
200      26.337454      -66886.109981      25.380702      29.348023     3692272742.352861
201      26.151805      -66886.857853      25.376247      29.850030     3692272959.170262
202      26.370258      -66888.448870      25.253547      30.041786     3692273181.694991
203      26.432962      -66886.521937      25.427751      29.421593     3692273369.985760
204      26.476078      -66885.178397      25.388155      29.840043     3692273566.480999
205      26.477020      -66885.526938      25.348394      29.978162     3692273775.039928
206      26.543554      -66882.472909      25.338824      29.430373     3692273987.551083
207      26.409944      -66878.982944      25.409363      29.758609     3692274205.193531
208      26.346949      -66881.877430      25.265283      29.878702     3692274452.445673
209      26.294049      -66880.458573      25.380255      29.399545     3692274660.177555
210      26.128452      -66882.586941      25.307467      29.905651     3692274867.979440
211      26.385955      -66883.556274      25.246818      30.019833     3692275059.879416
212      26.500807      -66881.712730      25.233260      29.495046     3692275246.107068
213      26.474512      -66880.173562      25.367871      29.812993     3692275450.351750
214      26.412940      -66880.762595      25.272931      29.953477     3692275646.912993
215      26.300732      -66880.148228      25.323786      29.350973     3692275834.236707
216      26.172027      -66881.465685      25.272037      29.837187     3692276047.553908
217      26.383820      -66882.681969      25.293814      29.695111     3692276267.889511
218      26.434573      -66881.725399      25.361996      29.758033     3692276494.026445
219      26.401917      -66884.386309      25.326927      29.966169     3692276717.702239
220      26.507291      -66884.817196      25.298258      29.526537     3692276899.963663
221      26.397237      -66883.575282      25.398969      29.729300     3692277087.111367
222      26.402277      -66885.514263      25.345536      29.965136     3692277288.629894
223      26.455174      -66885.203745      25.416328      29.430677     3692277492.487554
224      26.376220      -66885.305138      25.385861      29.811348     3692277697.573284
225      26.376959      -66886.642358      25.280855      29.957152     3692277909.940430
226      26.337177      -66885.926192      25.339251      29.358420     3692278131.150083
227      26.455871      -66886.876867      25.356205      29.895993     3692278352.038717
228      26.460263      -66888.309407      25.259066      29.745994     3692278597.491756
229      26.589338      -66885.717057      25.349165      29.574214     3692278816.196266
230      26.547225      -66887.998793      25.308346      29.998278     3692279037.745938
231      26.607365      -66886.597992      25.363964      29.429321     3692279293.946591
232      26.571212      -66886.312788      25.472748      29.878897     3692279497.304223
233      26.440864      -66889.399810      25.271441      30.012242     3692279697.365665
234      26.426426      -66888.138251      25.330904      29.517153     3692279897.699124
235      26.293706      -66885.799443      25.414064      29.803599     3692280102.898861
236      26.531894      -66886.515599      25.277065      29.996496     3692280316.899101
237      26.433644      -66885.305138      25.330651      29.338756     3692280539.128811
238      26.508085      -66885.013637      25.306073      29.866728     3692280762.810606
239      26.384437      -66885.951542      25.289753      29.704997     3692280982.672181
240      26.513577      -66883.024079      25.325617      29.393618     3692281174.228137
241      26.581625      -66884.386309      25.380266      29.909167     3692281387.145315
242      26.478970      -66885.431880      25.263313      30.031531     3692281616.167414
243      26.323765      -66883.302844      25.317388      29.392418     3692281816.185855
244      26.317447      -66882.548930      25.413523      29.895302     3692282002.322502
245      26.378590      -66883.005072      25.387301      29.333687     3692282190.141244
246      26.477042      -66884.031476      25.390525      29.796036     3692282392.701829
247      26.588966      -66886.433206      25.391836      29.931288     3692282610.066262
248      26.385358      -66885.140375      25.402504      29.444340     3692282807.902577
249      26.506688      -66884.437000      25.393572      29.780976     3692283025.055998
250      26.383322      -66888.100217      25.297527      30.036217     3692283249.075811
251      26.330100      -66887.986115      25.387369      29.435827     3692283467.357297
252      26.299556      -66887.130398      25.371737      29.931769     3692283693.361223
253      26.255490      -66889.051120      25.370631      29.494845     3692283901.278115
254      26.428138      -66888.677086      25.427596      29.750715     3692284116.652434
255      26.320260      -66892.595699      25.371895      30.018118     3692284341.595300
256      26.452602      -66891.841013      25.401119      29.409100     3692284554.100454
257      26.528585      -66890.661544      25.465108      29.839344     3692284774.733074
258      26.496478      -66894.149664      25.331871      29.629419     3692284993.361579
259      26.421210      -66894.352650      25.485208      29.679387     3692285220.425566
260      26.605398      -66897.194938      25.254835      30.021748     3692285438.754055
261      26.442731      -66897.366265      25.357072      29.675724     3692285654.664403
262      26.337392      -66894.060859      25.391400      29.693053     3692285859.781135
263      26.292072      -66895.786372      25.289371      29.992927     3692286065.215886
264      26.337704      -66895.177330      25.366449      29.334816     3692286265.539343
265      26.373856      -66895.919605      25.367585      29.926730     3692286462.557612
266      26.496998      -66898.203911      25.348301      30.088808     3692286679.473019
267      26.673581      -66896.516007      25.331635      29.541069     3692286883.952714
268      26.580956      -66894.726919      25.437139      29.851030     3692287096.561875
269      26.421348      -66895.887883      25.339383      30.033183     3692287315.085374
270      26.445803      -66894.200410      25.260013      29.716796     3692287527.882545
271      26.458247      -66890.350850      25.369816      29.852003     3692287749.837240
272      26.382680      -66890.712271      25.260850      30.002682     3692287962.265390
273      26.409150      -66889.292032      25.353360      29.365451     3692288179.129795
274      26.322936      -66890.832748      25.306730      29.923459     3692288391.698953
275      26.365368      -66891.511253      25.279532      29.761632     3692288609.846430
276      26.680323      -66890.217698      25.486698      29.600178     3692288814.937161
277      26.408160      -66892.164442      25.327101      29.809686     3692289005.619067
278      26.452519      -66892.513252      25.392615      29.441028     3692289194.281857
279      26.405491      -66895.545288      25.360454      29.956741     3692289402.792784
280      26.293028      -66898.216603      25.250552      30.078203     3692289599.357027
281      26.371850      -66896.116287      25.409085      29.530186     3692289798.608423
282      26.550687      -66894.974325      25.386680      29.908569     3692290010.820561
283      26.524043      -66896.465248      25.274808      30.080905     3692290221.021584
284      26.549271      -66895.316898      25.354849      29.416108     3692290422.295096
285      26.450230      -66895.526255      25.395467      29.897344     3692290629.220932
286      26.496099      -66896.826913      25.377344      29.692106     3692290850.352580
287      26.391618      -66894.308247      25.422344      29.706102     3692291068.922081
288      26.386591      -66897.106103      25.336834      30.041778     3692291288.181623
289      26.220688      -66897.188593      25.320791      29.669910     3692291507.698178
290      26.466732      -66894.181380      25.383935      29.795533     3692291711.191817
291      26.496981      -66895.082171      25.294473      30.017903     3692291897.916497
292      26.640990      -66894.339964      25.371477      29.502642     3692292092.470625
293      26.500046      -66890.991273      25.382704      29.820273     3692292309.043012
294      26.417184      -66892.779624      25.344567      30.017929     3692292518.753006
295      26.440178      -66891.885404      25.341411      29.396288     3692292742.293793
296      26.378541      -66893.267994      25.405030      29.978186     3692292952.704827
297      26.450164      -66893.547075      25.280764      29.743845     3692293187.756272
298      26.366954      -66890.864453      25.443008      29.615297     3692293394.530098
299      26.357783      -66892.291280      25.314513      29.995581     3692293600.356871
300      26.409601      -66892.982580      25.330417      29.723033     3692293811.713960
301      26.543044      -66890.312806      25.452936      29.619109     3692294011.859408
302      26.421669      -66891.695156      25.357952      30.012650     3692294219.744298
303      26.480737      -66893.026977      25.278188      30.072668     3692294420.322771
304      26.512195      -66889.609030      25.343415      29.446523     3692294624.813467
305      26.455657      -66888.093878      25.407923      29.888828     3692294831.059263
306      26.335081      -66888.524941      25.234668      29.873873     3692295035.848977
307      26.537985      -66887.098706      25.371608      29.540806     3692295245.567972
308      26.417338      -66887.276181      25.322731      29.903621     3692295438.098984
309      26.584444      -66887.738899      25.359231      29.460812     3692295636.324322
310      26.358588      -66887.872015      25.352752      29.704364     3692295822.730983
311      26.518337      -66890.782021      25.326645      29.986280     3692296021.244338
312      26.400538      -66890.972250      25.347536      29.437156     3692296239.259808
313      26.334696      -66891.200530      25.369984      29.878125     3692296457.940315
314      26.347002      -66893.781763      25.249892      30.019634     3692296672.606594
315      26.526218      -66893.077717      25.256398      29.511486     3692296875.697210
316      26.499190      -66891.010296      25.328506      29.843062     3692297073.975550
317      26.694416      -66891.511253      25.280467      30.034616     3692297294.042138
318      26.490852      -66889.640731      25.404367      29.386340     3692297517.380912
319      26.434413      -66890.921522      25.293988      29.952085     3692297736.347436
320      26.413968      -66892.215177      25.233714      29.723661     3692297948.104548
321      26.209423      -66889.323731      25.374543      29.638323     3692298154.080329
322      26.259802      -66891.156141      25.366529      29.950246     3692298347.456389
323      26.529793      -66892.576673      25.240328      29.728358     3692298567.893998
324      26.403601      -66890.921522      25.408621      29.819993     3692298790.276718
325      26.385827      -66892.760597      25.316883      30.033607     3692299004.477969
326      26.536342      -66893.388505      25.397097      29.370778     3692299208.992666
327      26.529854      -66894.092575      25.364392      29.912445     3692299408.541080
328      26.434640      -66895.018732      25.314337      30.092243     3692299631.414828
329      26.474818      -66892.024922      25.444904      29.430252     3692299842.057876
330      26.392380      -66891.841013      25.398312      29.910822     3692300029.911621
331      26.520627      -66893.426562      25.342510      30.083537     3692300221.867600
332      26.545525      -66891.042001      25.384781      29.417488     3692300408.890297
333      26.607090      -66889.647071      25.345441      29.927969     3692300596.709039
334      26.376020      -66890.566433      25.272426      30.025728     3692300786.864916
335      26.469137      -66888.195303      25.301188      29.516918     3692300982.673115
336      26.343491      -66886.794472      25.398447      29.625845     3692301171.969943
337      26.568022      -66887.948081      25.354932      29.989734     3692301365.479011
338      26.482767      -66887.872015      25.267120      29.652432     3692301556.190918
339      26.395359      -66884.842543      25.359189      29.617077     3692301744.806707
340      26.284154      -66886.439544      25.242126      29.975801     3692301932.552445
341      26.407342      -66886.420531      25.211160      30.043376     3692302120.191177
342      26.470928      -66883.904753      25.337609      29.396229     3692302312.263163
343      26.423717      -66884.120183      25.345968      29.933125     3692302517.376895
344      26.546261      -66884.874227      25.271816      29.906492     3692302737.423481
345      26.447946      -66880.876606      25.330482      29.421175     3692302951.079701
346      26.393334      -66881.224981      25.319728      29.910843     3692303169.539197
347      26.256251      -66881.966116      25.313374      29.621753     3692303372.128784
348      26.277240      -66879.419908      25.462593      29.624973     3692303577.460529
349      26.521319      -66880.667587      25.293136      29.963754     3692303769.689523
350      26.467729      -66880.458573      25.323640      29.313243     3692303990.647161
351      26.544317      -66881.738068      25.286245      29.851259     3692304180.276008
352      26.626882      -66884.037812      25.367625      29.465888     3692304389.124954
353      26.630966      -66884.817196      25.445170      29.708324     3692304593.668653
354      26.440504      -66887.694528      25.368408      29.985936     3692304801.683550
355      26.335407      -66887.681851      25.249970      29.663261     3692305007.610329
356      26.532107      -66885.875492      25.416711      29.645804     3692305210.545936
357      26.344635      -66888.347442      25.350935      29.970484     3692305415.459656
358      26.536995      -66887.200120      25.407108      29.447514     3692305633.439124
359      26.651096      -66885.064332      25.421377      29.826142     3692305832.667519
360      26.447481      -66887.688189      25.298196      30.040124     3692306050.568983
361      26.469035      -66886.553627      25.419927      29.347950     3692306258.161856
362      26.256024      -66887.105044      25.421226      29.895055     3692306473.869194
363      26.255127      -66888.499584      25.257029      29.850132     3692306682.134106
364      26.394500      -66885.438217      25.356457      29.447856     3692306903.055742
365      26.354832      -66887.751577      25.298453      29.950946     3692307119.295110
366      26.268817      -66889.228633      25.372754      29.714913     3692307347.894186
367      26.434395      -66887.453659      25.387083      29.665126     3692307577.397312
368      26.353714      -66889.437850      25.294525      30.021198     3692307802.612194
369      26.436322      -66888.391816      25.333803      29.382248     3692308023.686839
370      26.384338      -66890.198677      25.363117      29.949647     3692308236.399005
371      26.468176      -66892.113707      25.371813      29.652311     3692308444.733921
372      26.442117      -66891.441498      25.487446      29.689952     3692308662.675386
373      26.328279      -66893.654903      25.334077      30.043682     3692308872.851408
374      26.498321      -66892.411778      25.391735      29.411857     3692309082.405394
375      26.353310      -66891.416133      25.383958      29.886407     3692309299.924835
376      26.266876      -66894.175037      25.306706      29.834446     3692309494.396958
377      26.435375      -66892.544962      25.364203      29.536712     3692309705.382026
378      26.622766      -66895.488190      25.346186      29.975511     3692309926.156653
379      26.403778      -66896.738082      25.253919      30.100994     3692310134.581574
380      26.546661      -66893.401191      25.410248      29.381037     3692310351.266968
381      26.593327      -66892.361042      25.375155      29.975472     3692310561.118971
382      26.486589      -66893.204568      25.156753      30.000173     3692310783.459688
383      26.546496      -66890.243060      25.322589      29.468555     3692310989.519475
384      26.299955      -66889.653411      25.347806      29.880721     3692311181.404449
385      26.296484      -66890.642522      25.306895      30.073756     3692311366.114015
386      26.479634      -66887.789610      25.390783      29.458233     3692311547.631397
387      26.531719      -66885.317812      25.400416      29.707089     3692311730.571860
388      26.423312      -66886.559964      25.308130      29.980455     3692311910.441148
389      26.266225      -66885.932529      25.307458      29.478140     3692312094.789692
390      26.482358      -66883.499252      25.388836      29.600087     3692312274.868992
391      26.485180      -66885.698044      25.327564      29.938532     3692312464.141818
392      26.604265      -66885.831130      25.332783      29.567252     3692312660.046023
393      26.333355      -66884.519375      25.407941      29.691827     3692312845.488630
394      26.323181      -66885.698044      25.246140      29.946874     3692313035.853518
395      26.486789      -66886.211384      25.218737      29.903981     3692313230.620657
396      26.433879      -66884.208890      25.356621      29.453586     3692313430.478089
397      26.432040      -66884.677789      25.336999      29.920533     3692313628.515416
398      26.314323      -66885.932529      25.310266      29.998326     3692313824.192608
399      26.504780      -66882.118151      25.340661      29.416886     3692314016.978635
400      26.319685      -66882.409558      25.306280      29.874350     3692314201.603195
401      26.495727      -66884.265917      25.260458      30.007854     3692314387.185810
402      26.588488      -66884.006131      25.312752      29.511683     3692314574.368516
403      26.431744      -66881.256653      25.349803      29.735288     3692314765.552451
404      26.251282      -66882.238513      25.295292      29.929742     3692314962.242701
405      26.295307      -66882.270188      25.315074      29.355790     3692315155.569758
406      26.376831      -66881.877430      25.395831      29.779042     3692315343.365500
407      26.551901      -66884.075829      25.233480      29.947777     3692315532.091294
408      26.510842      -66883.271166      25.350949      29.503628     3692315715.811802
409      26.347311      -66881.389673      25.373268      29.756685     3692315901.110401
410      26.534322      -66884.576404      25.320211      29.880732     3692316087.257048
411      26.545547      -66885.159386      25.445621      29.287126     3692316268.604421
412      26.525420      -66886.876867      25.373516      29.829711     3692316454.290041
413      26.439174      -66890.598136      25.321689      30.020758     3692316641.824768
414      26.412614      -66891.764913      25.148108      29.959177     3692316830.748574
415      26.505373      -66889.653411      25.430616      29.462010     3692317024.714667
416      26.457133      -66890.883476      25.351388      29.934322     3692317216.964664
417      26.483077      -66891.758572      25.224843      30.047192     3692317402.855296
418      26.692759      -66889.253993      25.359756      29.394992     3692317586.235785
419      26.354496      -66888.822894      25.296712      29.883412     3692317767.313142
420      26.491451      -66890.135272      25.264595      30.057821     3692317944.416272
421      26.381551      -66890.433278      25.198878      29.717896     3692318124.944597
422      26.384151      -66887.035323      25.348425      29.641188     3692318320.695794
423      26.272785      -66888.708783      25.247113      29.965447     3692318520.842242
424      26.459452      -66888.455209      25.367280      29.393174     3692318727.645070
425      26.381746      -66888.518602      25.401223      29.867822     3692318904.928210
426      26.481701      -66889.570990      25.335775      29.986053     3692319094.218037
427      26.473507      -66890.661544      25.378093      29.497604     3692319297.069639
428      26.315293      -66889.520269      25.360367      29.789334     3692319495.587994
429      26.327852      -66890.547410      25.356108      29.989509     3692319702.563832
430      26.367906      -66889.368110      25.244170      29.719182     3692319924.753541
431      26.335483      -66887.700867      25.336150      29.800571     3692320148.158319
432      26.267040      -66887.865676      25.371441      29.979672     3692320360.206446
433      26.419607      -66887.028985      25.210819      30.045818     3692320548.429213
434      26.515038      -66884.424327      25.350476      29.409452     3692320740.583203
435      26.618263      -66883.752688      25.335121      29.883450     3692320966.825143
436      26.553674      -66883.359865      25.302178      29.535061     3692321195.692234
437      26.553776      -66881.307327      25.401006      29.660842     3692321409.918487
438      26.375126      -66883.302844      25.273401      29.953942     3692321625.184799
439      26.477548      -66882.194169      25.294645      29.354556     3692321847.418510
440      26.437252      -66881.579705      25.333800      29.805660     3692322071.595333
441      26.310091      -66884.424327      25.232553      29.868534     3692322310.995026
442      26.556639      -66884.208890      25.314042      29.446628     3692322518.911918
443      26.323737      -66886.528275      25.252782      29.945109     3692322738.944503
444      26.519532      -66886.921235      25.339073      29.472371     3692322950.286591
445      26.498855      -66887.117721      25.459637      29.799621     3692323154.376264
446      26.474498      -66890.560092      25.358499      29.997901     3692323371.711695
447      26.587237      -66888.429852      25.265170      29.384721     3692323584.657875
448      26.646687      -66887.783271      25.394968      29.844012     3692323803.575396
449      26.415516      -66889.596350      25.264282      30.014884     3692324016.561578
450      26.541626      -66889.038441      25.394908      29.531437     3692324236.374151
451      26.424373      -66890.978591      25.421484      29.926825     3692324456.683752
452      26.253662      -66893.217253      25.245732      30.060459     3692324649.788797
453      26.517009      -66890.915181      25.352920      29.651671     3692324861.326896
454      26.691201      -66888.753160      25.382992      29.736185     3692325052.755846
455      26.588090      -66889.564650      25.304866      30.027267     3692325257.084532
456      26.535149      -66888.937007      25.359875      29.414132     3692325461.875246
