1      26.523790      -66957.620361      25.076095      30.528452     3694400023.278082
2      26.544951      -66950.496009      25.266993      29.812026     3694400204.957474
3      26.690061      -66945.985552      25.394012      30.179002     3694400378.934425
4      26.484043      -66944.662189      25.232364      30.323751     3694400555.583528
5      26.542292      -66943.830005      25.217292      30.348662     3694400729.705488
6      26.549068      -66939.730784      25.014603      30.381313     3694400912.452940
7      26.794638      -66933.180993      25.391280      29.679487     3694401094.532354
8      26.346490      -66929.570444      25.347179      30.060826     3694401273.325581
9      26.502676      -66927.902565      25.208924      30.212102     3694401451.133751
10      26.527227      -66926.470471      25.110441      30.229055     3694401635.245282
11      26.474464      -66923.231594      25.036920      30.282295     3694401812.750434
12      26.566763      -66917.081556      25.326999      29.574969     3694401993.055747
13      26.727236      -66912.797444      25.349414      29.963416     3694402170.777912
14      26.487205      -66913.102477      25.110092      30.112908     3694402351.762264
15      26.413270      -66912.365332      25.095401      30.123848     3694402529.550433
16      26.450919      -66909.322066      24.928079      30.165376     3694402712.366889
17      26.609117      -66905.505135      24.969731      29.824769     3694402902.445762
18      26.532532      -66900.528393      25.354445      29.550229     3694403086.605294
19      26.484947      -66897.647703      25.191148      29.967960     3694403263.901435
20      26.843612      -66898.764338      25.041663      30.023876     3694403439.001451
21      26.620545      -66898.402685      25.266282      29.436393     3694403609.531204
22      26.416505      -66897.114812      25.434651      29.795721     3694403777.233796
23      26.473120      -66900.033408      25.200818      29.998850     3694403953.978906
24      26.482123      -66901.105911      25.042730      30.028175     3694404129.601950
25      26.407328      -66899.925530      24.933523      30.104981     3694404306.069044
26      26.640206      -66895.877865      25.283191      29.442486     3694404490.923617
27      26.604802      -66892.890858      25.266873      29.731010     3694404672.527004
28      26.547612      -66894.444486      25.228711      29.923590     3694404858.838661
29      26.339973      -66896.315535      24.986783      30.038606     3694405047.347443
30      26.421617      -66894.799639      24.946919      30.065419     3694405237.771334
31      26.631922      -66891.172665      25.274883      29.465795     3694405426.786146
32      26.576259      -66888.485075      25.297215      29.809747     3694405609.423591
33      26.307601      -66890.158387      25.149552      29.977290     3694405795.188217
34      26.544939      -66890.088659      24.944202      30.063657     3694405974.425469
35      26.613783      -66888.301284      25.242185      29.411578     3694406156.651891
36      26.536274      -66886.444560      25.313277      29.686576     3694406338.890315
37      26.402884      -66888.897036      25.129927      29.900858     3694406523.087851
38      26.555657      -66890.430963      24.965726      29.976067     3694406704.082202
39      26.477798      -66890.221776      25.013576      30.036391     3694406889.592813
40      26.530505      -66886.172104      25.232618      29.400701     3694407074.399383
41      26.404735      -66885.544852      25.262367      29.847076     3694407257.870878
42      26.521269      -66888.390010      25.111955      29.959533     3694407442.160419
43      26.470788      -66889.296339      24.962529      29.986341     3694407626.958988
44      26.425608      -66888.282271      25.151776      29.571997     3694407813.439654
45      26.444633      -66884.328486      25.237780      29.653038     3694407994.809028
46      26.633628      -66885.937671      25.236348      29.866267     3694408181.818724
47      26.518255      -66887.990747      25.126252      29.988052     3694408367.690355
48      26.493832      -66887.376043      24.992670      29.999022     3694408555.028070
49      26.503761      -66884.290477      25.290975      29.355558     3694408741.204719
50      26.649906      -66884.423509      25.261565      29.778140     3694408924.473202
51      26.599766      -66887.604176      25.079744      29.926256     3694409108.466726
52      26.322270      -66888.820981      25.092168      29.855131     3694409293.265295
53      26.590998      -66887.166926      25.400424      29.347167     3694409475.797735
54      26.539608      -66887.730919      25.301177      29.819234     3694409658.013157
55      26.296482      -66889.949206      25.160874      29.943548     3694409837.743438
56      26.496644      -66889.803416      24.995023      30.019422     3694410019.125812
57      26.605475      -66888.554791      25.241809      29.496098     3694410206.422525
58      26.459244      -66887.249305      25.309520      29.617470     3694410383.843673
59      26.337445      -66888.301284      25.130788      29.935079     3694410561.128813
60      26.560789      -66889.391414      24.984923      29.937601     3694410739.610022
61      26.526795      -66889.410429      24.906796      30.038695     3694410924.022570
62      26.678193      -66886.919795      25.261388      29.376797     3694411104.264878
63      26.420505      -66885.519509      25.258988      29.774660     3694411284.814206
64      26.374170      -66887.338021      25.092709      29.965042     3694411463.109403
65      26.703071      -66888.111158      24.989564      30.030701     3694411641.525608
66      26.460283      -66886.698016      25.242706      29.462660     3694411821.177883
67      26.369623      -66885.405468      25.216405      29.748704     3694412000.464139
68      26.488677      -66887.255642      25.210801      29.884999     3694412184.270651
69      26.456537      -66889.581567      24.950106      29.974511     3694412362.906869
70      26.473911      -66889.606921      25.215185      29.502180     3694412549.056516
71      26.631424      -66887.008508      25.329600      29.560387     3694412732.520010
72      26.574762      -66888.345647      25.187138      29.833755     3694412916.067507
73      26.537920      -66891.007837      25.086055      29.976065     3694413099.113977
74      26.742092      -66891.071232      25.173381      29.590621     3694413280.408346
75      26.636879      -66888.358322      25.375777      29.656240     3694413461.147685
76      26.582588      -66890.050627      25.120093      29.888804     3694413650.993543
77      26.389449      -66892.155356      25.084622      30.021911     3694413834.884061
78      26.416691      -66891.965149      25.008004      30.052654     3694414017.814524
79      26.504314      -66889.391414      25.198866      29.572279     3694414199.562919
80      26.576283      -66885.373790      25.309873      29.486100     3694414376.064014
81      26.623738      -66885.684237      25.114091      29.872665     3694414548.137857
82      26.664108      -66888.168195      25.075009      29.939643     3694414723.674897
83      26.493339      -66888.985769      25.046020      29.889628     3694414901.920092
84      26.571815      -66886.577623      25.246898      29.356398     3694415077.179116
85      26.343499      -66884.949319      25.255741      29.796013     3694415250.763045
86      26.604802      -66886.425552      25.127864      29.948868     3694415430.610331
87      26.603251      -66886.850092      25.026590      30.028420     3694415623.139343
88      26.635002      -66884.892302      25.257382      29.334777     3694415803.239645
89      26.494304      -66883.105950      25.335775      29.686150     3694415988.283228
90      26.521028      -66885.905992      25.135119      29.888851     3694416171.241693
91      26.550007      -66888.225233      24.989558      29.995017     3694416354.909198
92      26.375237      -66887.255642      25.032449      30.035144     3694416538.182681
93      26.510966      -66882.839927      25.255145      29.339520     3694416720.290097
94      26.682434      -66881.965909      25.291380      29.770125     3694416904.638641
95      26.399089      -66882.301572      25.246411      29.904042     3694417086.831061
96      26.333640      -66883.435321      24.877404      29.991546     3694417270.726580
97      26.578831      -66882.656250      25.115388      29.553105     3694417457.749277
98      26.607309      -66879.426665      25.326944      29.647723     3694417641.826806
99      26.333518      -66880.750023      25.168980      29.849146     3694417821.180064
100      26.495929      -66883.276968      24.941859      29.951985     3694418006.851684
101      26.483366      -66883.517666      24.900219      29.813442     3694418195.228458
102      26.551732      -66881.725251      25.267942      29.344783     3694418378.402935
103      26.295260      -66880.642374      25.209732      29.814412     3694418559.782310
104      26.473661      -66882.618248      24.978054      29.915510     3694418739.530591
105      26.714571      -66883.568340      25.049332      29.977251     3694418921.351990
106      26.623402      -66881.560595      25.118435      29.733727     3694419105.550526
107      26.537369      -66877.711020      25.223588      29.342104     3694419279.333466
108      26.481436      -66877.730011      25.170776      29.792982     3694419463.126977
109      26.523720      -66879.876205      25.070408      29.923039     3694419646.685477
110      26.351149      -66879.914195      24.864992      29.947754     3694419834.705231
111      26.426282      -66879.559625      24.936145      29.749335     3694420019.031775
112      26.632994      -66875.160309      25.213715      29.489590     3694420207.179535
113      26.550727      -66876.166584      25.094689      29.813591     3694420394.526251
114      26.391844      -66877.970562      25.108558      29.908900     3694420576.873681
115      26.588446      -66878.223780      25.019696      29.561270     3694420757.172994
116      26.641535      -66875.888107      25.182030      29.552813     3694420941.971563
117      26.480294      -66876.755211      25.149973      29.821053     3694421126.572122
118      26.353517      -66878.768224      24.986318      29.927860     3694421305.642364
119      26.717207      -66880.180132      25.005624      29.672543     3694421488.585827
120      26.607598      -66877.881937      25.293075      29.478725     3694421668.706130
121      26.394022      -66880.471405      25.236184      29.824851     3694421854.273744
122      26.436134      -66883.150287      25.085090      29.949159     3694422031.319870
123      26.462482      -66884.702248      24.897531      29.951682     3694422213.511291
124      26.586413      -66881.414940      25.226905      29.336576     3694422400.011959
125      26.293721      -66881.300951      25.245631      29.755401     3694422583.814471
126      26.450149      -66883.961074      25.082292      29.920437     3694422759.749535
127      26.513765      -66885.956679      25.000024      29.984521     3694422938.763773
128      26.626367      -66885.988359      25.021222      29.814092     3694423118.716065
129      26.390246      -66882.770256      25.298384      29.461722     3694423298.693360
130      26.552993      -66881.921576      25.212578      29.812132     3694423481.379809
131      26.561397      -66883.885060      25.119435      29.937279     3694423658.790956
132      26.391435      -66884.911308      24.980800      30.011835     3694423840.095326
133      26.505509      -66883.568340      24.866235      29.915616     3694424017.865494
134      26.664313      -66878.983478      25.235767      29.415422     3694424201.155978
135      26.497202      -66879.205069      25.223093      29.815594     3694424389.665760
136      26.254421      -66880.705696      25.107947      29.952785     3694424577.963530
137      26.418125      -66880.313103      24.894712      29.962331     3694424765.051230
138      26.683784      -66877.451486      25.150456      29.316932     3694424953.435006
139      26.700698      -66876.210888      25.220314      29.700185     3694425139.065623
140      26.311747      -66877.907258      25.083490      29.879911     3694425325.905310
141      26.371423      -66878.116162      25.037988      29.957682     3694425515.884176
142      26.338823      -66876.058989      25.053054      29.617964     3694425712.349413
143      26.748529      -66873.154423      25.328191      29.533016     3694425906.568521
144      26.480916      -66874.831238      25.182894      29.799420     3694426096.143365
145      26.421285      -66876.938769      25.000437      29.915881     3694426288.269353
146      26.491506      -66877.565427      25.201469      29.409259     3694426475.954089
147      26.685150      -66877.097012      25.297380      29.663405     3694426658.695541
148      26.297563      -66879.249388      25.184894      29.850073     3694426836.726724
149      26.369977      -66882.491576      25.034665      29.938173     3694427022.355341
150      26.401571      -66882.453575      25.004076      29.789236     3694427200.395525
151      26.542758      -66880.775352      25.293573      29.384580     3694427374.597488
152      26.428610      -66879.673593      25.238565      29.790589     3694427555.486835
153      26.249255      -66881.275620      25.122897      29.892044     3694427741.663483
154      26.522385      -66881.623924      24.999307      29.926812     3694427931.309330
155      26.443095      -66879.907864      24.894004      29.949119     3694428124.124358
156      26.502650      -66877.204618      25.170986      29.357237     3694428315.709317
157      26.364827      -66874.869207      25.250911      29.781030     3694428505.465170
158      26.456307      -66876.248863      24.931612      29.880668     3694428695.400033
159      26.561648      -66876.558997      25.049463      29.920381     3694428881.307667
160      26.402355      -66874.451554      25.188375      29.374010     3694429071.466544
161      26.360027      -66873.451798      25.217084      29.686784     3694429261.021386
162      26.406719      -66877.723680      25.066360      29.880564     3694429448.439106
163      26.673921      -66879.167082      25.054891      29.885432     3694429637.309908
164      26.633603      -66875.888107      25.312133      29.316680     3694429830.693969
165      26.268525      -66878.420030      25.270922      29.788336     3694430016.207580
166      26.462564      -66882.067240      25.076953      29.878537     3694430195.780850
167      26.569893      -66882.523244      25.066162      29.811303     3694430380.227400
168      26.537602      -66880.192796      25.387132      29.435128     3694430562.496826
169      26.591185      -66881.902577      25.197524      29.827353     3694430746.783366
170      26.443742      -66883.992747      25.158724      29.921491     3694430926.601651
171      26.700005      -66886.659997      25.011772      30.009586     3694431110.300159
172      26.513338      -66885.158385      25.315551      29.355334     3694431296.059783
173      26.454561      -66883.897729      25.240246      29.738476     3694431479.758290
174      26.540159      -66886.020039      25.186602      29.945386     3694431669.140121
175      26.734281      -66887.521794      24.970784      29.988023     3694431858.595958
176      26.457470      -66885.886984      25.206657      29.538257     3694432051.850012
177      26.473646      -66883.422653      25.336123      29.692058     3694432243.191956
178      26.502611      -66884.467853      25.188734      29.852022     3694432430.187651
179      26.551502      -66886.286155      24.991059      29.960820     3694432614.611200
180      26.416355      -66886.571287      24.891532      30.019887     3694432797.338651
181      26.353791      -66885.069690      25.010941      29.806231     3694432983.449296
182      26.517903      -66880.053495      25.269589      29.550069     3694433170.993023
183      26.480741      -66880.097817      25.071775      29.859969     3694433356.395627
184      26.359271      -66881.345280      25.140032      29.952108     3694433539.923125
185      26.648041      -66879.344357      25.297131      29.277208     3694433728.008883
186      26.401966      -66879.319032      25.297496      29.753932     3694433911.868398
187      26.571891      -66881.978575      25.170216      29.900892     3694434091.618680
188      26.342446      -66883.188291      24.968192      30.025770     3694434273.861104
189      26.411550      -66881.573261      25.269666      29.327004     3694434461.507836
190      26.541059      -66882.548578      25.290934      29.834582     3694434643.098222
191      26.505324      -66884.676908      25.116092      29.871402     3694434831.085975
192      26.230329      -66886.640988      25.107672      30.017850     3694435016.762595
193      26.535642      -66884.556542      25.195178      29.340851     3694435199.260034
194      26.595421      -66882.719586      25.246702      29.737918     3694435384.442626
195      26.447963      -66886.191112      25.151723      29.940975     3694435566.167019
196      26.418886      -66888.928726      25.047193      30.021008     3694435752.709689
197      26.436994      -66887.749930      25.164596      29.619481     3694435940.667439
198      26.578600      -66883.638018      25.333252      29.486547     3694436126.034041
199      26.486235      -66884.227130      25.247665      29.860790     3694436313.023737
200      26.319592      -66886.311499      24.989757      29.979921     3694436500.164441
201      26.542982      -66885.563859      25.072874      29.809606     3694436684.903007
202      26.591293      -66881.813914      25.342235      29.482465     3694436870.511623
203      26.526565      -66882.542245      25.180459      29.860977     3694437054.286134
204      26.482239      -66884.277808      25.082640      29.952758     3694437236.818575
205      26.510535      -66885.734924      25.126468      29.587735     3694437426.953450
206      26.625494      -66883.232630      25.322251      29.590669     3694437605.913686
207      26.362039      -66883.530335      25.213016      29.836670     3694437784.795918
208      26.353085      -66885.703245      25.082803      29.959871     3694437966.381304
209      26.491523      -66886.343180      24.934160      30.057429     3694438145.971576
210      26.730232      -66883.980078      25.264447      29.426224     3694438333.835321
211      26.536233      -66882.624581      25.211684      29.801512     3694438513.419592
212      26.513224      -66885.361119      25.077202      29.898713     3694438692.356827
213      26.534937      -66886.229129      24.932761      29.979127     3694438874.007217
214      26.494062      -66885.354784      25.052363      29.627018     3694439058.299757
215      26.386962      -66882.073573      25.238935      29.591577     3694439244.218392
216      26.525022      -66883.314973      25.160189      29.858054     3694439424.153683
217      26.621183      -66883.897729      25.018362      29.928525     3694439611.670409
218      26.619328      -66883.669690      25.161627      29.575729     3694439796.202963
219      26.661933      -66881.395942      25.294685      29.457127     3694439980.731518
220      26.544582      -66882.611914      25.153593      29.864038     3694440166.600149
221      26.636496      -66885.608209      25.075863      29.942343     3694440348.194536
222      26.368592      -66886.305163      24.971937      29.990554     3694440531.422016
223      26.522199      -66882.732254      25.304781      29.377134     3694440719.212757
224      26.561974      -66881.718918      25.201927      29.832178     3694440904.929379
225      26.389201      -66883.435321      25.159272      29.937791     3694441087.066797
226      26.532401      -66883.524001      25.010291      29.941854     3694441274.507518
227      26.511563      -66880.794349      25.308156      29.357746     3694441455.640878
228      26.588059      -66880.667703      25.308579      29.775111     3694441636.554225
229      26.513011      -66883.923067      25.134101      29.907308     3694441814.623410
230      26.463000      -66884.714918      25.014185      29.945708     3694441999.385978
231      26.650524      -66882.960270      25.248145      29.467588     3694442188.735809
232      26.604781      -66880.186464      25.189162      29.720790     3694442373.059351
233      26.596701      -66883.036276      25.188079      29.932018     3694442550.830519
234      26.345065      -66884.759264      25.056971      29.818891     3694442729.549742
235      26.608649      -66883.105950      25.345133      29.396730     3694442913.258249
236      26.541186      -66885.696909      25.194653      29.840734     3694443094.991643
237      26.408888      -66888.649858      25.158415      29.948528     3694443278.202122
238      26.639840      -66890.938103      25.048319      30.014246     3694443463.622728
239      26.635540      -66888.719574      25.320158      29.442949     3694443646.561191
240      26.555643      -66886.964151      25.333164      29.723901     3694443837.022085
241      26.285025      -66889.194927      25.221939      29.946081     3694444017.746422
242      26.420949      -66890.247132      25.119017      29.977646     3694444204.765119
243      26.541124      -66889.606921      24.979710      30.023730     3694444388.534630
244      26.594213      -66886.115079      25.280589      29.401864     3694444574.839285
245      26.521927      -66885.551187      25.243673      29.834123     3694444759.999877
246      26.512153      -66887.635861      25.011048      29.952336     3694444943.754386
247      26.504287      -66888.345647      24.983491      30.023765     3694445127.160877
248      26.486317      -66886.210121      25.335723      29.469514     3694445312.575481
249      26.524177      -66883.105950      25.279155      29.721851     3694445492.755787
250      26.619945      -66884.284143      25.182373      29.896244     3694445673.900149
251      26.444439      -66886.127751      25.200144      29.813261     3694445854.583483
252      26.500272      -66884.581882      25.330527      29.369721     3694446035.587836
253      26.479042      -66885.449817      25.320475      29.830471     3694446212.692966
254      26.517185      -66888.649858      25.091006      29.917941     3694446392.255236
255      26.355337      -66889.492828      25.065399      29.990837     3694446573.689614
256      26.466383      -66887.629524      25.282984      29.363874     3694446753.636906
257      26.736681      -66886.153096      25.345317      29.716471     3694446932.660146
258      26.467990      -66888.719574      25.172272      29.934905     3694447110.825336
259      26.530214      -66890.025271      25.100797      29.999461     3694447283.983240
260      26.534960      -66889.467475      24.955262      30.025024     3694447458.417217
261      26.690933      -66886.146760      25.240003      29.387609     3694447632.201157
262      26.474205      -66882.637249      25.268831      29.797854     3694447798.178650
263      26.459414      -66883.828050      25.130907      29.879581     3694447967.573339
264      26.524936      -66883.986413      25.090822      29.929808     3694448151.406854
265      26.467324      -66881.281953      25.293755      29.361097     3694448334.386320
266      26.376314      -66882.326906      25.287696      29.813760     3694448515.405674
267      26.503559      -66884.702248      25.112918      29.941486     3694448699.086179
268      26.579345      -66885.323106      25.151012      29.996806     3694448888.941039
269      26.529678      -66883.543003      25.061402      29.987344     3694449075.626716
270      26.459089      -66880.053495      25.241041      29.354768     3694449259.067208
271      26.670090      -66878.565637      25.334216      29.769451     3694449438.417466
272      26.496367      -66879.806557      25.132856      29.922760     3694449617.371702
273      26.477479      -66879.983845      25.054458      30.005958     3694449800.530179
274      26.855333      -66878.806210      25.123650      29.576596     3694449983.038617
275      26.662540      -66876.236204      25.254581      29.620531     3694450166.106088
276      26.565147      -66877.078022      25.148005      29.871946     3694450344.755306
277      26.448114      -66877.685699      25.273561      29.483967     3694450527.108736
278      26.560135      -66877.223608      25.309124      29.629598     3694450709.377162
279      26.583292      -66879.603946      25.215350      29.809779     3694450889.386457
280      26.403487      -66882.003908      25.141298      29.956606     3694451068.296690
281      26.409304      -66881.364278      24.993571      29.947551     3694451252.568231
282      26.641400      -66879.432997      25.316208      29.344850     3694451437.682817
283      26.630362      -66879.819220      25.247112      29.787465     3694451619.826236
284      26.437415      -66882.428241      25.203399      29.934675     3694451799.479512
285      26.438608      -66882.953936      25.002360      29.973858     3694451986.071184
286      26.776261      -66880.939994      25.275054      29.347659     3694452161.974245
287      26.451132      -66880.971656      25.190473      29.751761     3694452329.651836
288      26.361441      -66883.036276      25.202120      29.905601     3694452497.078412
289      26.678048      -66884.113105      25.066055      29.963683     3694452670.992359
290      26.593148      -66882.041907      25.306662      29.384103     3694452841.897134
291      26.513062      -66879.895200      25.285794      29.659343     3694453010.979805
292      26.580140      -66882.402907      25.140107      29.897497     3694453196.148397
293      26.500895      -66884.043424      25.132716      29.928183     3694453382.856075
294      26.475721      -66884.974660      25.265671      29.439963     3694453565.118501
295      26.641789      -66883.454324      25.221600      29.771466     3694453744.910784
296      26.706287      -66885.443482      25.171159      29.893019     3694453935.305674
297      26.627623      -66887.338021      25.073047      29.971993     3694454119.537211
298      26.442745      -66885.247081      25.299065      29.361258     3694454301.521620
299      26.511525      -66884.594552      25.273958      29.775118     3694454478.745757
300      26.657901      -66886.286155      25.190490      29.909842     3694454654.733822
301      26.448262      -66886.957814      25.087422      29.978345     3694454826.264634
302      26.521168      -66885.709580      25.296260      29.383532     3694455005.376878
303      26.627403      -66884.974660      25.385926      29.663980     3694455185.775197
304      26.574372      -66888.364660      25.234486      29.901502     3694455364.222403
305      26.403428      -66890.532389      25.012962      30.034858     3694455547.899909
306      26.490983      -66891.058553      24.929404      30.042993     3694455726.710136
307      26.617659      -66888.567466      25.151528      29.608389     3694455909.095568
308      26.431437      -66883.720364      25.313465      29.486878     3694456086.339705
309      26.541406      -66882.865262      25.220616      29.884522     3694456263.591844
310      26.609457      -66883.536669      25.087125      29.960442     3694456439.823924
311      26.590856      -66883.783709      24.964519      29.968385     3694456622.117351
312      26.442477      -66881.832913      25.273526      29.327584     3694456799.253482
313      26.499676      -66880.509398      25.328058      29.770303     3694456982.067938
314      26.546198      -66880.933662      25.150065      29.894379     3694457162.889281
315      26.604759      -66881.104639      25.265894      29.442967     3694457343.309601
316      26.467234      -66879.527968      25.336713      29.579032     3694457525.239007
317      26.486242      -66882.035574      25.204615      29.867286     3694457706.613380
318      26.530619      -66884.930313      25.041278      29.925255     3694457887.024699
319      26.424488      -66885.234410      25.120225      29.799012     3694458072.874330
320      26.479974      -66882.909599      25.353227      29.496609     3694458255.926799
321      26.570344      -66884.366495      25.271161      29.872473     3694458434.467011
322      26.665128      -66885.880648      25.149060      29.927679     3694458614.857329
323      26.383974      -66886.298827      25.028568      29.980334     3694458796.932743
324      26.598940      -66884.398169      25.256782      29.362486     3694458980.527244
325      26.523439      -66883.847053      25.261100      29.831452     3694459157.647375
326      26.489480      -66886.761380      25.160588      29.974313     3694459345.527121
327      26.356104      -66887.604176      25.077403      30.000865     3694459524.401352
328      26.484274      -66886.628315      25.265355      29.499954     3694459710.233981
329      26.622790      -66884.410839      25.351825      29.739610     3694459892.087382
330      26.482153      -66884.949319      25.268376      29.878057     3694460068.796490
331      26.628322      -66885.779274      25.187967      29.654692     3694460248.225752
332      26.650299      -66884.866961      25.385489      29.406591     3694460434.227391
333      26.567458      -66885.038013      25.252824      29.842724     3694460615.973786
334      26.454759      -66887.756267      25.209555      29.968111     3694460796.790128
335      26.474915      -66888.700560      25.042522      30.000632     3694460975.686361
336      26.582268      -66886.507924      25.213854      29.438238     3694461158.965843
337      26.506053      -66883.587343      25.368139      29.659798     3694461334.041858
338      26.316864      -66884.828950      25.311876      29.890088     3694461505.736678
339      26.715367      -66885.266087      25.188226      29.943750     3694461678.511560
340      26.634630      -66883.530335      25.302869      29.378486     3694461851.805472
341      26.385885      -66882.846261      25.312262      29.688352     3694462026.618470
342      26.527133      -66885.684237      25.210983      29.912524     3694462206.440756
343      26.475807      -66887.420402      25.115046      30.000127     3694462388.617176
344      26.301962      -66887.147916      25.218789      29.551671     3694462573.256736
345      26.425994      -66883.644352      25.263086      29.634987     3694462750.131853
346      26.579777      -66884.968325      25.205273      29.895283     3694462926.608947
347      26.576441      -66887.952723      25.105969      29.996240     3694463103.404059
348      26.385788      -66887.902024      25.049116      29.961282     3694463275.327893
349      26.715231      -66883.847053      25.255952      29.422906     3694463450.098889
350      26.668728      -66882.846261      25.229431      29.810746     3694463625.418917
351      26.489764      -66885.215403      25.143554      29.946790     3694463803.183084
352      26.479165      -66886.634651      25.045381      29.999290     3694463978.766127
353      26.715231      -66883.847053      25.328017      29.361199     3694464158.260394
354      26.483403      -66883.295970      25.272905      29.773612     3694464333.366409
355      26.330607      -66885.456153      25.161849      29.914853     3694464510.234525
356      26.537253      -66886.571287      24.973485      29.993012     3694464694.476063
357      26.663734      -66885.766603      24.945402      30.017584     3694464875.062392
358      26.579001      -66880.851340      25.233512      29.405299     3694465057.682837
359      26.565246      -66878.141483      25.234694      29.706549     3694465240.625301
360      26.608819      -66879.800225      25.092103      29.922734     3694465421.194629
361      26.629895      -66879.819220      25.151163      29.643735     3694465604.144093
362      26.563563      -66877.609737      25.330342      29.327777     3694465781.881259
363      26.432024      -66879.363351      25.242455      29.789807     3694465962.661599
364      26.715790      -66882.022907      25.081455      29.933048     3694466143.602949
365      26.381704      -66881.927910      24.956055      29.987812     3694466323.822257
366      26.514945      -66879.091108      25.117784      29.647302     3694466509.415872
367      26.550904      -66875.286879      25.357422      29.546687     3694466694.513459
368      26.721202      -66876.666598      25.183315      29.831822     3694466880.223081
369      26.505485      -66878.021205      25.009510      29.944325     3694467065.104655
370      26.598691      -66877.179299      25.147480      29.497240     3694467248.381138
371      26.602609      -66874.223752      25.262334      29.438046     3694467428.055415
372      26.646559      -66875.514708      25.087831      29.867523     3694467612.987993
373      26.516717      -66877.451486      25.002048      29.869738     3694467792.233245
374      26.568946      -66877.786983      25.146199      29.546992     3694467971.873520
375      26.827128      -66876.096964      25.268056      29.619044     3694468154.948991
376      26.481917      -66878.426360      25.174068      29.836108     3694468333.130182
377      26.540511      -66881.604925      25.017490      29.952224     3694468507.858176
378      26.535267      -66881.231291      25.180292      29.520479     3694468690.390616
379      26.567196      -66880.009172      25.355040      29.643107     3694468866.875710
380      26.431500      -66882.466242      25.132406      29.852329     3694469044.482870
381      26.600209      -66884.942984      25.066611      29.969794     3694469228.026367
382      26.567578      -66885.760267      25.072735      29.741784     3694469409.918771
383      26.503983      -66883.999082      25.253293      29.377586     3694469590.293088
384      26.432165      -66884.708583      25.266932      29.847890     3694469772.270496
385      26.531050      -66887.230294      25.139085      29.979902     3694469948.459574
386      26.693813      -66887.667547      24.973249      30.001583     3694470130.839005
387      26.637899      -66883.992747      25.290237      29.357145     3694470304.158918
388      26.602272      -66883.606346      25.276971      29.784594     3694470474.218646
389      26.538067      -66885.848969      25.199482      29.847834     3694470640.838176
390      26.516911      -66887.889350      25.031273      29.966792     3694470807.935733
391      26.504712      -66887.065538      24.994220      30.002873     3694470978.252474
392      26.623971      -66885.164720      25.096068      29.521904     3694471152.967468
393      26.431557      -66880.864005      25.287381      29.504624     3694471331.418674
394      26.404529      -66880.414416      25.103021      29.853824     3694471513.549092
395      26.425187      -66882.174905      25.079262      29.951268     3694471695.926523
396      26.439308      -66882.434575      24.937037      30.039425     3694471880.712093
397      26.536768      -66879.293707      25.313304      29.332690     3694472069.718903
398      26.445326      -66877.919919      25.188865      29.799308     3694472251.649309
399      26.559414      -66879.584951      25.067822      29.861618     3694472438.690007
400      26.651823      -66880.395420      24.907222      29.978417     3694472622.314509
401      26.566163      -66878.945492      25.223445      29.380009     3694472807.325091
402      26.488009      -66875.546351      25.089832      29.668304     3694473003.302301
403      26.594740      -66877.356536      25.107941      29.872601     3694473203.369744
404      26.705680      -66879.059452      24.973452      29.770970     3694473401.570081
405      26.526239      -66877.843955      25.310235      29.434967     3694473597.545290
406      26.503611      -66879.635603      25.143397      29.859040     3694473800.722910
407      26.397237      -66881.497267      25.097581      29.948084     3694474003.634517
408      26.434988      -66881.712586      24.886339      30.003629     3694474208.820253
409      26.631288      -66877.970562      25.222768      29.379802     3694474417.982216
410      26.614863      -66876.793188      25.246543      29.772068     3694474619.645751
411      26.457333      -66878.926499      25.038465      29.917373     3694474824.906490
412      26.441991      -66878.711246      25.157904      29.632328     3694475033.303411
413      26.499245      -66875.900765      25.295806      29.550081     3694475236.773048
414      26.559883      -66878.546644      25.201703      29.865329     3694475432.276230
415      26.526474      -66880.788017      25.047420      29.952652     3694475624.568229
416      26.613206      -66880.192796      25.217738      29.450437     3694475813.200017
417      26.495624      -66877.660379      25.316041      29.716207     3694476004.626966
418      26.471240      -66880.287775      25.178339      29.909861     3694476195.977911
419      26.789955      -66882.250905      25.045862      29.935817     3694476386.271796
420      26.578910      -66883.137619      24.986248      30.016763     3694476590.974504
421      26.676921      -66879.793893      25.206292      29.404297     3694476795.604208
422      26.407657      -66877.147650      25.178244      29.766537     3694477001.223969
423      26.356114      -66878.717577      25.091926      29.917461     3694477204.660605
424      26.643410      -66878.660599      25.290616      29.348241     3694477409.038294
425      26.535679      -66878.793548      25.317359      29.730495     3694477609.353752
426      26.404305      -66881.744251      25.189393      29.893926     3694477809.242185
427      26.454189      -66883.574675      25.067617      29.986545     3694478008.519583
428      26.501594      -66882.022907      25.121715      29.546387     3694478211.287181
429      26.652333      -66878.559306      25.273359      29.676234     3694478410.851595
430      26.674584      -66880.370092      25.124375      29.897215     3694478610.215998
431      26.467073      -66882.143239      25.151693      29.449461     3694478815.080715
432      26.555864      -66882.054573      25.322155      29.656888     3694479019.558411
433      26.326080      -66885.722252      25.198032      29.901554     3694479217.430729
434      26.537527      -66887.331684      25.091279      29.990967     3694479413.733957
435      26.567855      -66886.983161      24.940034      29.952496     3694479616.919579
436      26.514668      -66883.986413      25.254645      29.425785     3694479816.055968
437      26.435353      -66884.227130      25.227073      29.895088     3694480011.324137
438      26.506926      -66885.304100      25.085398      29.942512     3694480208.392409
439      26.782234      -66884.265138      25.187912      29.423194     3694480406.330729
440      26.660844      -66883.435321      25.244455      29.760264     3694480601.901916
441      26.467839      -66886.488915      25.165100      29.883312     3694480798.275148
442      26.475132      -66886.907121      25.029162      29.997140     3694481000.067689
443      26.677760      -66886.235465      24.910308      30.023173     3694481203.731339
444      26.687978      -66882.529578      25.255291      29.396270     3694481407.012966
445      26.576780      -66881.687254      25.164823      29.845957     3694481608.276478
446      26.426617      -66884.144778      25.091932      29.968444     3694481808.579935
447      26.459164      -66883.650686      25.243924      29.339994     3694482003.273069
448      26.532757      -66883.150287      25.232536      29.809186     3694482202.497465
449      26.552416      -66885.126708      25.131960      29.934849     3694482393.049364
450      26.521674      -66885.950343      25.103467      29.970131     3694482588.093520
451      26.542102      -66885.000001      25.151106      29.576899     3694482788.016954
452      26.725500      -66882.231905      25.335975      29.612155     3694482985.119228
453      26.567445      -66883.764705      25.172778      29.891841     3694483180.733417
454      26.582046      -66886.799400      25.059158      29.848869     3694483378.069704
455      26.556508      -66885.215403      25.330755      29.391289     3694483573.742895
456      26.504058      -66886.672670      25.277702      29.870145     3694483770.705161
