1      26.707481      -66877.888922      24.586443      30.018863     3697160458.432981
2      26.859756      -66877.015173      24.468531      29.883281     3697160684.562915
3      26.778543      -66875.502139      24.673286      29.976383     3697160908.104702
4      26.812643      -66880.593013      24.659276      30.060297     3697161119.498792
5      26.734937      -66883.874468      24.784100      29.470334     3697161331.271905
6      26.645681      -66886.726116      24.961470      29.861553     3697161540.554875
7      26.751029      -66888.202989      24.854593      30.064429     3697161758.032314
8      26.671936      -66886.295143      24.899310      29.442949     3697161975.051727
9      26.682014      -66886.941610      25.044285      29.864272     3697162184.892730
10      26.634211      -66888.044514      24.939188      30.001242     3697162390.458487
11      26.556627      -66887.784623      25.008842      29.727659     3697162597.374322
12      26.641172      -66884.571455      25.094130      29.732837     3697162803.608119
13      26.548386      -66884.476408      25.015558      29.941043     3697163003.700562
14      26.696751      -66884.007525      24.899865      30.003110     3697163217.579796
15      26.784374      -66880.523343      24.911020      29.575610     3697163432.930113
16      26.729931      -66875.824983      25.058659      29.558125     3697163635.104677
17      26.548601      -66874.717234      24.983465      29.854124     3697163824.959536
18      26.666176      -66873.210912      24.905237      29.953746     3697164024.631957
19      26.719679      -66868.902185      24.885413      29.455163     3697164226.548506
20      26.819478      -66864.854730      25.067066      29.606802     3697164424.530829
21      26.748497      -66863.451190      24.999101      29.769939     3697164622.114130
22      26.672553      -66862.092112      24.897588      29.813156     3697164824.806724
23      26.556704      -66858.831155      25.000492      29.161771     3697165024.216130
24      26.735689      -66858.666874      25.063969      29.683029     3697165227.198739
25      26.844519      -66858.932252      24.972339      29.821324     3697165437.236753
26      26.744702      -66856.626248      25.081909      29.125514     3697165649.326884
27      26.710927      -66856.234601      25.044270      29.626886     3697165855.694687
28      26.490025      -66856.885250      24.965906      29.746346     3697166070.206957
29      26.549141      -66855.691378      24.954506      29.804134     3697166281.854063
30      26.665943      -66852.609512      24.927014      29.300117     3697166495.303271
31      26.711713      -66848.581925      25.005261      29.559958     3697166707.153388
32      26.732675      -66848.689220      24.922812      29.735208     3697166919.992562
33      26.730276      -66847.288173      24.837505      29.781503     3697167131.475657
34      26.697951      -66844.139760      24.937130      29.073425     3697167343.860806
35      26.659575      -66843.534178      24.909383      29.629177     3697167553.879817
36      26.534322      -66843.603566      24.922310      29.655887     3697167762.789767
37      26.648300      -66841.553703      24.877459      29.077876     3697167973.786835
38      26.596495      -66841.667221      25.032921      29.520105     3697168186.322992
39      26.781154      -66844.064060      24.913876      29.693442     3697168399.458182
40      26.776670      -66842.493429      24.814763      29.677393     3697168613.861445
41      26.802513      -66839.308843      24.977464      29.068379     3697168833.010980
42      26.641859      -66841.345588      24.973087      29.607860     3697169050.614427
43      26.614513      -66841.276218      24.872118      29.695685     3697169270.722016
44      26.474243      -66839.252098      24.925254      29.004541     3697169492.907724
45      26.444961      -66841.244686      24.995153      29.589831     3697169706.153921
46      26.639146      -66841.597849      24.930092      29.656637     3697169927.040555
47      26.756162      -66839.497995      24.917822      29.026890     3697170143.480935
48      26.764816      -66841.869036      25.016884      29.555702     3697170360.849367
49      26.804629      -66842.947559      24.903256      29.691737     3697170579.603879
50      26.658047      -66840.387063      25.022108      29.009109     3697170802.583633
51      26.541093      -66841.585235      25.085493      29.491016     3697171016.505869
52      26.621409      -66844.019902      24.945541      29.654315     3697171230.288097
53      26.465558      -66843.105249      24.954941      29.349134     3697171449.227619
54      26.711298      -66842.594345      25.108313      29.300214     3697171666.490046
55      26.673441      -66843.963128      25.027723      29.604467     3697171880.443283
56      26.662194      -66845.104990      24.891874      29.751406     3697172100.789886
57      26.714010      -66842.342057      24.815085      29.679103     3697172320.080429
58      26.787808      -66838.325315      24.921024      29.090420     3697172534.171674
59      26.473731      -66837.625562      24.926613      29.565545     3697172747.641884
60      26.595383      -66837.007806      24.953140      29.638190     3697172960.536061
61      26.548106      -66834.896407      24.991397      29.298952     3697173176.922438
62      26.593550      -66832.401176      25.065081      29.321399     3697173390.311643
63      26.564469      -66835.249324      24.923993      29.606544     3697173608.694134
64      26.845956      -66834.593919      24.949430      29.330682     3697173826.680602
65      26.710457      -66832.117670      25.050821      29.220947     3697174038.837736
66      26.544636      -66833.346259      24.973400      29.557155     3697174247.747685
67      26.499571      -66834.436376      24.847630      29.668661     3697174460.989882
68      26.663002      -66832.382275      24.865989      28.990359     3697174670.931890
69      26.558669      -66832.892607      25.002463      29.489467     3697174883.555051
70      26.535309      -66833.982670      24.896840      29.570380     3697175098.587350
71      26.740699      -66832.558683      24.992211      29.040751     3697175305.738199
72      26.691298      -66834.764067      25.015677      29.518328     3697175512.696036
73      26.445126      -66837.247339      24.908687      29.659556     3697175724.245136
74      26.598361      -66836.301851      24.918899      29.507812     3697175937.566338
75      26.711599      -66833.207640      24.914300      29.159422     3697176142.754074
76      26.502909      -66834.915313      24.913271      29.572738     3697176356.908322
77      26.647091      -66834.909011      24.841118      29.664533     3697176568.944450
78      26.631401      -66832.760296      24.949012      29.067563     3697176785.191819
79      26.539138      -66832.621686      24.982634      29.383301     3697176996.689916
80      26.562133      -66834.152807      24.917200      29.608629     3697177212.418254
81      26.476280      -66833.755825      25.012053      28.958739     3697177426.587505
82      26.502721      -66834.638031      25.058708      29.485352     3697177637.601573
83      26.450298      -66836.333366      24.953681      29.641508     3697177857.957178
84      26.584083      -66834.675842      24.849539      29.688635     3697178080.169887
85      26.597795      -66832.123970      25.084087      29.220508     3697178299.925457
86      26.773352      -66833.711717      24.981439      29.556305     3697178517.455898
87      26.507483      -66834.776671      24.878519      29.666551     3697178737.958510
88      26.646370      -66833.346259      24.916268      29.023259     3697178948.107531
89      26.554268      -66833.535287      25.010222      29.540290     3697179162.906816
90      26.423157      -66835.394275      24.940503      29.657209     3697179381.945345
91      26.531161      -66833.591996      24.909304      29.095515     3697179600.479844
92      26.739295      -66831.519187      24.976754      29.406009     3697179809.145779
93      26.607981      -66832.911508      24.946348      29.593437     3697180026.561214
94      26.770649      -66832.350774      24.915974      29.276648     3697180248.801927
95      26.659030      -66829.900329      25.027777      29.247763     3697180459.220962
96      26.516162      -66830.807358      24.960753      29.539063     3697180671.219087
97      26.617294      -66831.349098      24.943753      29.220175     3697180887.472456
98      26.579228      -66830.706572      25.011852      29.257504     3697181093.799257
99      26.559753      -66834.083492      24.965622      29.608814     3697181301.751151
100      26.560237      -66835.703093      24.961893      29.688590     3697181511.916172
101      26.597488      -66834.297741      24.938394      29.009677     3697181723.352266
102      26.495904      -66834.222123      25.069661      29.538413     3697181934.810360
103      26.453881      -66835.142187      24.965704      29.664079     3697182145.696423
104      26.416721      -66835.072864      25.034722      28.951037     3697182361.702777
105      26.580789      -66835.822842      25.133737      29.493826     3697182572.199817
106      26.688351      -66836.919559      25.075925      29.612330     3697182785.639025
107      26.650875      -66834.921615      24.932731      29.413659     3697183001.427367
108      26.758072      -66830.971136      25.042891      29.186397     3697183214.186536
109      26.509385      -66831.670379      24.968939      29.529082     3697183424.965592
110      26.408074      -66832.243671      24.933335      29.646401     3697183643.504092
111      26.622518      -66830.794759      24.953210      29.118148     3697183853.925127
112      26.519411      -66832.533481      25.074981      29.570584     3697184059.169867
113      26.530349      -66834.083492      24.885072      29.446011     3697184273.121104
114      26.701699      -66833.182437      24.979759      29.124506     3697184484.165175
115      26.726079      -66834.077190      25.004929      29.516958     3697184685.402685
116      26.628791      -66836.383790      24.997902      29.683443     3697184890.336406
117      26.643782      -66834.782973      24.950198      29.083594     3697185096.256185
118      26.470519      -66834.927917      25.009318      29.505999     3697185301.028897
119      26.504042      -66836.925862      24.930798      29.632992     3697185508.365756
120      26.631289      -66837.001503      24.856170      29.578805     3697185719.225816
121      26.694987      -66832.791798      24.942116      29.116435     3697185930.196883
122      26.630115      -66833.365161      25.029665      29.588768     3697186141.967996
123      26.524633      -66834.631729      24.903690      29.505272     3697186360.210478
124      26.445748      -66833.132031      24.912120      29.080665     3697186575.809811
125      26.493509      -66833.976369      25.028868      29.539280     3697186788.410970
126      26.548832      -66835.652673      24.864746      29.090808     3697187001.909182
127      26.467009      -66836.194702      25.027101      29.343616     3697187211.588174
128      26.695685      -66838.848589      25.016333      29.621011     3697187421.647190
129      26.489624      -66839.592573      24.942090      29.675937     3697187636.805496
130      26.620391      -66834.883803      24.959036      29.078893     3697187855.195987
131      26.441358      -66832.854803      24.984984      29.423906     3697188059.734685
132      26.413185      -66834.083492      24.967963      29.614379     3697188269.355675
133      26.537649      -66835.195755      24.846497      29.554386     3697188486.993123
134      26.719906      -66833.762126      24.914678      29.092021     3697188695.548052
135      26.700017      -66832.766596      24.991182      29.599811     3697188908.176214
136      26.680755      -66832.445277      24.944456      28.950213     3697189118.792261
137      26.690203      -66834.493091      25.110085      29.480594     3697189323.498969
138      26.467278      -66837.184304      24.976802      29.625915     3697189533.994009
139      26.499081      -66836.853374      25.038202      29.172233     3697189750.787409
140      26.606933      -66834.556108      25.076634      29.365794     3697189963.271562
141      26.563055      -66835.822842      25.052748      29.640383     3697190178.006844
142      26.582909      -66835.539229      24.893323      29.631360     3697190399.972540
143      26.770942      -66833.346259      24.952327      29.002133     3697190613.215737
144      26.526724      -66833.648706      25.053757      29.543993     3697190826.414931
145      26.461632      -66834.058286      24.911665      29.647203     3697191047.453574
146      26.509766      -66833.264348      25.017082      29.078644     3697191265.791061
147      26.514737      -66834.493091      25.020664      29.512368     3697191483.731527
148      26.546316      -66836.415305      24.904841      29.683570     3697191707.117304
149      26.639439      -66834.978333      24.950991      29.069988     3697191923.064656
150      26.644370      -66835.274532      25.067845      29.482344     3697192139.981062
151      26.530488      -66837.348197      24.934619      29.656252     3697192360.758690
152      26.690029      -66836.642216      24.933393      29.204803     3697192578.293133
153      26.653167      -66835.142187      25.007379      29.378822     3697192792.246369
154      26.653822      -66835.419484      24.970576      29.630415     3697193010.345845
155      26.458994      -66834.329249      25.006889      29.154187     3697193228.844342
156      26.542051      -66833.976369      25.007329      29.369030     3697193442.041536
157      26.443641      -66835.841749      24.977909      29.619128     3697193665.187299
158      26.609727      -66836.516153      24.912744      29.426566     3697193882.898752
159      26.576375      -66834.039382      25.046447      29.162769     3697194092.989768
160      26.667773      -66836.100160      24.995815      29.582139     3697194307.837057
161      26.779570      -66836.749370      24.905729      29.404771     3697194522.248320
162      26.491313      -66834.241028      25.037901      29.178433     3697194729.940200
163      26.330680      -66834.751464      25.035759      29.576253     3697194945.717542
164      26.383721      -66835.570741      24.894388      29.673220     3697195166.935194
165      26.604661      -66833.302153      24.900634      29.003116     3697195377.230222
166      26.698781      -66834.883803      24.991346      29.493762     3697195586.126171
167      26.635169      -66838.653146      24.849292      29.571994     3697195804.461659
168      26.580323      -66838.476620      25.020910      29.045995     3697196012.168539
169      26.372248      -66839.888922      25.056606      29.574643     3697196219.406392
170      26.363567      -66841.320363      24.941609      29.661087     3697196431.979550
171      26.768529      -66839.441249      24.812677      29.318159     3697196648.245921
172      26.466258      -66836.932166      24.997786      29.456073     3697196855.364767
173      26.567506      -66837.846199      25.004305      29.648979     3697197069.262002
174      26.600114      -66836.446820      24.905906      28.937063     3697197278.067944
175      26.542826      -66838.552274      25.003425      29.546544     3697197490.637103
176      26.478175      -66841.146938      24.969003      29.681719     3697197711.637743
177      26.547366      -66839.674541      24.961622      29.015528     3697197932.862397
178      26.349692      -66840.891538      25.101404      29.549454     3697198148.803747
179      26.294283      -66842.430357      24.960163      29.684095     3697198364.282072
180      26.561342      -66839.668236      24.970025      29.138067     3697198577.620275
181      26.642613      -66837.839895      25.066082      29.424002     3697198781.297924
182      26.622274      -66839.964588      25.005410      29.638944     3697198991.175929
183      26.521058      -66839.516911      24.972221      29.026037     3697199207.425298
184      26.462084      -66839.592573      25.077408      29.454245     3697199420.693495
185      26.474294      -66842.379900      25.069522      29.682965     3697199631.907576
186      26.557380      -66841.919490      24.940763      29.643555     3697199841.959590
187      26.642281      -66840.065476      24.896709      29.109956     3697200043.354110
188      26.611950      -66841.219461      24.987559      29.589266     3697200259.122451
189      26.478687      -66841.042885      24.888500      29.733230     3697200473.389707
190      26.439998      -66838.287489      24.963485      29.109301     3697200685.520839
191      26.276581      -66836.787190      24.991111      29.457810     3697200897.558967
192      26.398745      -66838.129883      24.911801      29.663567     3697201112.880283
193      26.528724      -66836.219914      24.971951      29.178968     3697201324.962414
194      26.745448      -66833.963766      24.991826      29.353668     3697201534.439395
195      26.510761      -66834.433226      24.979216      29.607438     3697201746.472522
196      26.498287      -66833.888151      24.889431      29.351972     3697201964.733006
197      26.511144      -66832.105070      25.040002      29.213470     3697202174.450002
198      26.509224      -66833.591996      25.010452      29.578085     3697202390.207343
199      26.434116      -66834.064588      24.865324      29.380520     3697202606.811731
200      26.539425      -66833.327356      24.994863      29.193324     3697202814.274597
201      26.605969      -66834.433226      24.958612      29.569409     3697203025.250664
202      26.651785      -66835.261928      24.958698      29.670588     3697203233.655584
203      26.497367      -66833.314754      24.920355      29.001542     3697203441.480471
204      26.411076      -66831.601082      25.020164      29.475461     3697203643.423022
205      26.397924      -66833.484879      24.892946      29.612205     3697203851.503923
206      26.615180      -66833.018619      24.995482      29.070923     3697204047.288122
207      26.633320      -66833.119430      25.039904      29.454196     3697204250.201727
208      26.741518      -66834.953125      24.990223      29.618339     3697204459.072674
209      26.490683      -66833.970067      24.949708      29.668642     3697204672.574885
210      26.452358      -66830.958538      24.970732      29.012953     3697204875.038466
211      26.403082      -66832.048370      24.967429      29.525036     3697205080.337209
212      26.806135      -66834.089793      24.906641      29.635736     3697205288.656124
213      26.547911      -66833.232844      24.801524      29.350264     3697205496.331002
214      26.610504      -66830.939640      25.039954      29.405998     3697205701.207720
215      26.576444      -66830.479809      24.900417      29.591546     3697205907.661529
216      26.261667      -66828.949305      24.897951      29.629914     3697206120.505702
217      26.560248      -66827.456839      25.024883      29.002110     3697206320.570146
218      26.493337      -66829.434252      25.037122      29.475098     3697206522.485694
219      26.500764      -66831.846773      24.913928      29.600751     3697206724.240234
220      26.447632      -66831.405794      24.927826      29.208336     3697206927.968887
221      26.365540      -66828.539955      25.034897      29.276169     3697207128.422352
222      26.518643      -66830.382177      25.014749      29.556834     3697207330.436907
223      26.606465      -66830.864050      24.862635      29.650130     3697207542.275023
224      26.522279      -66827.935409      25.027293      29.128925     3697207751.108968
225      26.609871      -66829.629497      24.977044      29.506498     3697207956.362708
226      26.411140      -66830.693974      24.831031      29.642955     3697208161.649450
227      26.404045      -66828.709990      24.944279      28.992527     3697208370.339386
228      26.267092      -66828.905220      24.945072      29.429828     3697208578.695303
229      26.403315      -66830.952239      24.927156      29.585097     3697208793.759604
230      26.595803      -66829.497234      24.954967      29.241501     3697209001.455484
231      26.613706      -66826.770512      24.971059      29.314992     3697209208.592331
232      26.498975      -66827.828358      24.914475      29.532652     3697209417.956306
233      26.406202      -66829.012284      24.925369      29.097977     3697209628.236333
234      26.467917      -66829.150838      25.006006      29.307861     3697209835.289176
235      26.420083      -66830.769563      24.997592      29.552594     3697210043.904109
236      26.411973      -66831.015231      24.899312      29.414189     3697210257.337316
237      26.496875      -66829.270501      24.934847      29.146831     3697210462.465049
238      26.499913      -66831.405794      24.950539      29.535439     3697210671.167985
239      26.399954      -66833.006018      24.926595      29.633235     3697210887.600365
240      26.379226      -66833.075325      24.992435      28.959947     3697211094.651208
241      26.327848      -66835.955197      24.999909      29.591295     3697211306.625332
242      26.444324      -66836.472032      24.986086      29.708836     3697211528.377015
243      26.556945      -66835.696791      24.861646      29.078683     3697211752.327825
244      26.662371      -66834.187465      25.006782      29.489107     3697211970.935328
245      26.528451      -66834.537203      24.975424      29.609247     3697212192.190983
246      26.626017      -66833.390365      24.959062      28.963769     3697212404.845146
247      26.448702      -66833.169836      25.104248      29.488262     3697212613.210064
248      26.308206      -66835.255626      24.960077      29.601005     3697212825.269194
249      26.522323      -66835.791329      24.891537      29.364729     3697213035.051192
250      26.566199      -66833.484879      25.012358      29.269144     3697213246.438283
251      26.551670      -66833.239144      24.927073      29.608203     3697213462.049615
252      26.630200      -66832.520881      24.945231      28.954000     3697213678.618002
253      26.465661      -66833.554190      24.975882      29.450378     3697213887.434946
254      26.634069      -66836.535063      24.911884      29.625856     3697214101.685200
255      26.439314      -66836.156885      24.928613      29.650073     3697214318.654611
256      26.342411      -66833.554190      24.895100      29.013649     3697214532.357833
257      26.464764      -66833.217092      24.946652      29.604404     3697214747.721151
258      26.407461      -66833.591996      24.888697      29.589216     3697214965.795625
259      26.619859      -66832.098770      24.900901      29.085328     3697215179.213831
260      26.563330      -66833.352560      24.968743      29.531670     3697215394.924170
261      26.506106      -66834.436376      24.984380      28.980285     3697215609.881464
262      26.486235      -66835.293439      25.030467      29.448093     3697215818.046371
263      26.392482      -66838.312707      24.975762      29.615611     3697216029.899488
264      26.417141      -66839.561047      24.886231      29.597441     3697216240.426529
265      26.671038      -66837.253643      24.867029      29.087500     3697216445.423254
266      26.574560      -66838.205534      25.009509      29.639294     3697216655.039244
267      26.452995      -66838.615319      24.902063      29.698439     3697216862.745124
268      26.702563      -66836.049738      24.896801      29.027407     3697217071.534066
269      26.299080      -66836.692641      25.003838      29.557621     3697217280.289006
270      26.449216      -66836.988896      24.999890      29.665937     3697217489.986000
271      26.707536      -66834.972031      24.952370      29.007747     3697217696.244797
272      26.542712      -66833.793632      24.992541      29.517673     3697217906.072798
273      26.583209      -66834.575013      24.856624      29.643715     3697218112.702618
274      26.590599      -66834.556108      24.855142      29.117963     3697218323.185656
275      26.471249      -66834.127602      24.982658      29.418585     3697218532.958654
276      26.326662      -66835.085468      24.965942      29.600321     3697218742.961666
277      26.234952      -66834.348154      24.908158      29.079523     3697218957.000908
278      26.449407      -66833.459675      25.051585      29.451389     3697219163.210703
279      26.594286      -66835.236719      24.939864      29.603247     3697219371.285604
280      26.479824      -66833.132031      24.926170      29.275149     3697219583.957768
281      26.409986      -66830.870349      25.063550      29.277190     3697219792.758711
282      26.547266      -66833.188738      25.023798      29.626550     3697220003.688775
283      26.483943      -66833.573093      24.920935      29.282028     3697220223.079324
284      26.471167      -66833.069024      24.965719      29.286034     3697220430.622194
285      26.557647      -66833.793632      25.009397      29.544575     3697220643.359363
286      26.655677      -66833.339958      24.947619      29.423073     3697220854.100416
287      26.540662      -66830.864050      25.018578      29.131889     3697221060.097198
288      26.482327      -66832.943011      25.017182      29.581969     3697221272.049322
289      26.370325      -66833.875548      24.914670      29.642295     3697221486.546590
290      26.709523      -66831.021530      25.016876      28.942392     3697221694.519485
291      26.504310      -66833.415569      25.001308      29.545374     3697221905.551556
292      26.518818      -66835.848052      24.992918      29.400683     3697222120.100827
293      26.775106      -66834.953125      25.078245      29.154376     3697222332.071951
294      26.472586      -66837.688601      24.955435      29.600581     3697222539.278803
295      26.359103      -66839.409724      24.893111      29.698849     3697222743.271471
296      26.394686      -66837.934455      25.054293      29.144090     3697222951.936406
297      26.497817      -66840.002420      25.091243      29.615678     3697223162.023422
298      26.596004      -66840.853701      24.889605      29.740352     3697223371.325394
299      26.546092      -66837.802071      24.935759      28.988490     3697223583.801547
300      26.470396      -66838.243359      25.069592      29.528605     3697223794.504598
301      26.543410      -66839.504301      24.920189      29.711748     3697224001.732450
302      26.470108      -66836.383790      25.010076      29.094678     3697224209.296322
303      26.539982      -66834.272535      25.023046      29.429143     3697224410.325821
304      26.373414      -66835.331252      24.999718      29.630060     3697224621.516900
305      26.700359      -66834.927917      24.910980      29.551454     3697224829.671805
306      26.571179      -66831.601082      25.021569      29.146924     3697225030.881314
307      26.446829      -66832.130270      25.015289      29.559687     3697225235.438015
308      26.412344      -66832.375975      24.987255      29.210383     3697225440.877765
309      26.515555      -66831.695578      25.100138      29.219249     3697225644.760427
310      26.492164      -66834.682143      24.994274      29.560670     3697225848.404074
311      26.470608      -66836.276640      24.979674      29.093783     3697226044.043264
312      26.459082      -66835.504566      25.004869      29.397446     3697226245.769803
313      26.281929      -66837.877719      25.038145      29.602269     3697226442.104032
314      26.372105      -66838.930551      24.899127      29.457382     3697226641.965463
315      26.602655      -66837.767399      24.985490      29.189835     3697226844.375040
316      26.433743      -66838.356837      25.053198      29.598630     3697227042.335363
317      26.481679      -66839.359283      24.931309      29.593384     3697227241.896778
318      26.373130      -66837.972280      24.928020      29.051394     3697227446.699491
319      26.429095      -66838.823371      25.036364      29.594476     3697227645.713874
320      26.431251      -66839.933060      24.917246      29.673132     3697227846.351350
321      26.511317      -66838.609014      24.921239      29.042813     3697228051.882106
322      26.610149      -66838.697278      25.053643      29.540170     3697228260.819056
323      26.326825      -66840.317700      24.910846      29.713162     3697228465.697774
324      26.317965      -66838.993598      24.968224      29.068503     3697228670.374482
325      26.466341      -66837.991192      25.077932      29.483062     3697228871.143965
326      26.542487      -66838.583796      24.946893      29.625512     3697229078.058800
327      26.674240      -66837.814679      25.057553      29.368226     3697229287.628787
328      26.498130      -66834.656936      25.041462      29.206563     3697229491.286435
329      26.280134      -66836.049738      25.026045      29.596776     3697229693.815019
330      26.387419      -66836.484638      24.942588      29.097869     3697229900.228826
331      26.425635      -66836.698944      25.086734      29.411991     3697230103.575456
332      26.446136      -66838.419881      25.034258      29.595869     3697230305.341996
333      26.471356      -66838.999903      24.911117      29.555300     3697230511.116766
334      26.470653      -66836.749370      24.954433      29.099399     3697230707.378991
335      26.295356      -66837.272554      25.048330      29.569691     3697230915.760911
336      26.448481      -66837.499486      24.877863      29.657787     3697231119.604569
337      26.491917      -66836.005619      24.915355      28.987297     3697231327.700472
338      26.528526      -66836.459426      25.065631      29.521897     3697231535.930382
339      26.386890      -66837.392323      24.965003      29.630925     3697231740.663092
340      26.293548      -66836.018224      24.933670      28.984097     3697231943.640702
341      26.429731      -66836.730460      24.981516      29.583281     3697232144.522191
342      26.473275      -66837.858807      24.936926      29.723218     3697232359.988515
343      26.457736      -66836.787190      24.968634      29.055446     3697232566.635335
344      26.407763      -66835.974105      24.999049      29.484693     3697232771.233037
345      26.395639      -66836.900649      24.937720      29.654453     3697232984.076211
346      26.359818      -66835.778724      24.887270      29.410147     3697233195.254290
347      26.336313      -66833.951163      24.993180      29.363361     3697233405.607322
348      26.443763      -66835.756665      24.903338      29.625278     3697233615.956353
349      26.502754      -66836.030830      24.885952      29.652348     3697233832.279726
350      26.539167      -66832.571283      24.959484      29.001800     3697234040.746650
351      26.532022      -66834.266234      24.948100      29.613259     3697234255.183914
352      26.490644      -66834.537203      24.901433      29.375925     3697234471.410282
353      26.361044      -66833.428171      25.089379      29.182590     3697234674.665907
354      26.371712      -66835.948894      25.069645      29.598226     3697234885.848987
355      26.407716      -66836.654822      24.959200      29.374234     3697235097.386086
356      26.468319      -66835.249324      25.075234      29.406162     3697235302.875839
357      26.481954      -66836.081252      25.013062      29.601541     3697235515.414995
358      26.506355      -66836.459426      25.041753      29.099161     3697235731.022327
359      26.385797      -66836.314457      25.085173      29.365905     3697235936.288068
360      26.321069      -66839.126000      25.001539      29.609605     3697236145.627042
361      26.490257      -66840.210504      25.035906      29.146516     3697236358.681227
362      26.493103      -66839.529521      25.034547      29.412703     3697236562.446882
363      26.421128      -66842.392514      24.992319      29.629226     3697236778.542243
364      26.405874      -66843.237710      24.988726      29.423205     3697236991.212407
365      26.258600      -66841.805968      25.004455      29.280801     3697237196.579153
366      26.312357      -66843.723418      25.046883      29.686972     3697237404.715057
367      26.253502      -66842.392514      24.979208      29.706199     3697237623.596577
368      26.382338      -66838.344228      25.004453      29.048248     3697237833.596588
369      26.413465      -66838.306402      25.088106      29.567354     3697238048.044854
370      26.625561      -66839.277318      25.052252      29.015322     3697238256.548779
371      26.548089      -66842.045628      25.146812      29.469674     3697238457.552276
372      26.372269      -66843.874813      24.974454      29.657441     3697238663.712068
373      26.355998      -66842.796180      24.968203      29.265757     3697238861.228365
374      26.370090      -66840.740192      25.038523      29.376279     3697239061.684830
375      26.530143      -66843.262941      25.053910      29.648954     3697239268.444657
376      26.631614      -66843.773883      24.990901      29.734468     3697239481.556846
377      26.441225      -66840.090698      25.008731      29.074775     3697239680.906248
378      26.254570      -66838.848589      25.094051      29.543097     3697239888.832141
379      26.462349      -66839.888922      24.977945      29.692429     3697240098.928158
380      26.409764      -66838.199230      25.014400      29.155831     3697240303.981885
381      26.457043      -66839.731289      25.064862      29.640789     3697240512.012785
382      26.381406      -66841.805968      24.858812      29.716824     3697240718.898618
383      26.672722      -66839.573657      24.892371      29.027658     3697240923.248306
384      26.343195      -66839.516911      25.023259      29.546711     3697241122.842721
385      26.264606      -66840.059170      24.980509      29.687549     3697241331.196639
386      26.506867      -66838.085754      24.955642      28.997758     3697241529.265968
387      26.495322      -66838.924246      25.030218      29.526704     3697241732.283580
388      26.443532      -66840.891538      24.981077      29.653799     3697241939.464430
389      26.319609      -66839.226879      25.030510      29.128864     3697242139.067846
390      26.326718      -66838.445098      25.073688      29.425508     3697242337.187179
391      26.359160      -66840.115920      24.990807      29.646972     3697242537.720648
392      26.522305      -66840.632991      24.895734      29.715820     3697242741.365296
393      26.569396      -66837.505790      25.031953      29.107085     3697242940.165667
394      26.505837      -66834.946823      25.102095      29.439509     3697243143.869318
395      26.267911      -66835.337555      24.913580      29.641679     3697243349.189062
396      26.243186      -66833.094227      24.933041      29.135756     3697243554.429801
397      26.412535      -66830.231006      25.055806      29.402220     3697243750.351007
398      26.421896      -66831.160115      25.019311      29.606802     3697243956.924822
399      26.561992      -66830.253051      24.951479      29.135930     3697244157.021267
400      26.400168      -66829.251606      25.030294      29.313371     3697244354.598568
401      26.321117      -66831.292403      24.988008      29.592030     3697244559.530290
402      26.362156      -66831.626281      24.963843      29.692144     3697244768.372234
403      26.471061      -66830.158571      24.988557      28.993482     3697244970.234780
404      26.442530      -66830.952239      24.973048      29.531761     3697245172.125328
405      26.622498      -66832.174370      24.984096      29.548269     3697245376.614024
406      26.483957      -66831.153816      24.934999      29.008632     3697245574.892365
407      26.311789      -66833.718018      25.039056      29.538705     3697245776.647904
408      26.422763      -66834.719954      25.056699      29.654499     3697245983.044710
409      26.635582      -66832.294072      24.953676      29.115825     3697246188.936486
410      26.618982      -66830.382177      25.062272      29.419066     3697246388.916924
411      26.407792      -66831.827873      24.970046      29.576095     3697246587.410277
412      26.387065      -66832.243671      24.943871      29.274360     3697246789.048810
413      26.435632      -66831.670379      25.019509      29.258596     3697246989.707287
414      26.452232      -66833.119430      25.011812      29.542792     3697247192.297875
415      26.448606      -66833.607749      25.041418      28.918669     3697247394.568444
416      26.528125      -66835.495113      25.013025      29.439162     3697247596.304982
417      26.350801      -66839.434944      24.937704      29.642380     3697247803.294822
418      26.361443      -66840.103309      24.868762      29.718328     3697248005.646396
419      26.303180      -66836.667428      24.911485      29.054964     3697248208.684009
420      26.460885      -66835.488810      25.023300      29.575971     3697248417.124931
421      26.481067      -66835.400578      24.957622      29.589066     3697248625.010822
422      26.516680      -66834.511996      25.004353      29.056505     3697248832.885711
423      26.363908      -66835.520322      25.015000      29.536211     3697249041.599649
424      26.426037      -66838.413576      24.909674      29.701337     3697249247.827445
425      26.313519      -66837.606650      24.967746      29.014171     3697249449.790996
426      26.485177      -66837.108662      25.079969      29.520796     3697249652.026563
427      26.483676      -66838.006952      24.926054      29.646843     3697249857.720328
428      26.398886      -66837.587739      24.927396      29.019202     3697250062.708053
429      26.538850      -66837.915543      25.048130      29.476959     3697250266.450706
430      26.304825      -66838.804457      25.011940      29.654221     3697250468.774278
431      26.418626      -66838.312707      24.885848      29.695832     3697250677.189199
432      26.616072      -66834.738860      24.989353      28.991486     3697250879.906795
433      26.614503      -66834.927917      25.072525      29.511797     3697251088.432721
434      26.640051      -66836.629609      24.894939      29.662174     3697251301.823926
435      26.527194      -66834.341852      24.926397      29.133349     3697251512.941001
436      26.398858      -66832.735094      25.045836      29.401155     3697251722.957014
437      26.366364      -66834.511996      24.892900      29.629550     3697251933.787073
438      26.587211      -66834.064588      24.848931      29.467274     3697252147.371289
439      26.567952      -66831.034129      25.033314      29.350237     3697252356.255237
440      26.530744      -66831.412094      25.033912      29.572105     3697252566.667271
441      26.438455      -66831.733376      24.907848      29.217544     3697252776.850293
442      26.481073      -66831.594782      25.070235      29.306091     3697252982.346046
443      26.329346      -66832.864254      25.027164      29.585363     3697253192.466065
444      26.353413      -66833.503782      24.965142      29.074733     3697253401.703033
445      26.449809      -66834.020478      25.044029      29.390550     3697253605.713702
446      26.569693      -66836.194702      25.003222      29.595504     3697253811.498472
447      26.608975      -66836.906952      24.876394      29.539002     3697254018.925336
448      26.400434      -66835.432089      25.001532      29.088527     3697254220.728878
449      26.388746      -66836.812403      25.021180      29.567378     3697254420.904328
450      26.422825      -66837.965976      24.955624      29.668472     3697254629.119237
451      26.480089      -66836.427911      24.871640      29.555165     3697254847.532730
452      26.469802      -66832.385425      25.042076      29.307414     3697255062.158005
453      26.458509      -66833.113129      25.053456      29.585436     3697255272.517037
454      26.417534      -66833.081626      24.866954      29.443375     3697255487.354325
455      26.446927      -66831.116020      24.967625      29.334327     3697255705.011775
456      26.322401      -66831.840473      24.960732      29.630869     3697255922.284202
457      26.442227      -668