1      27.202780      -66874.096564      24.557923      29.839116     3700014983.372702
2      27.154235      -66873.040095      24.558321      29.841363     3700015110.775989
3      27.197965      -66870.826336      24.815000      29.211402     3700015249.455921
4      27.111848      -66869.700688      25.022581      29.295054     3700015383.795605
5      27.112600      -66871.964773      24.865523      29.576008     3700015505.342557
6      26.979343      -66874.178810      24.752717      29.673476     3700015604.775244
7      27.191655      -66876.304793      24.781489      29.698708     3700015701.117754
8      27.202746      -66879.051591      24.658643      29.755640     3700015825.084845
9      27.060333      -66880.608901      24.725405      29.795736     3700015960.024563
10      26.950989      -66882.166479      24.640828      29.827486     3700016106.721953
11      27.329982      -66882.749056      24.699889      29.831215     3700016235.426315
12      27.047007      -66882.850378      24.635170      29.833476     3700016370.793057
13      27.140350      -66882.299455      24.562170      29.844243     3700016519.224547
14      27.048675      -66881.647257      24.564677      29.844869     3700016656.495399
15      27.334743      -66879.311124      24.546756      29.856811     3700016823.754966
16      27.113400      -66877.703404      24.598812      29.854527     3700016982.505045
17      27.216651      -66876.608545      24.608426      29.845495     3700017131.932593
18      27.151320      -66876.127609      24.568044      29.844028     3700017256.883739
19      27.175960      -66875.418906      24.596567      29.859259     3700017395.199650
20      27.113392      -66872.160852      24.574435      29.813265     3700017548.331409
21      27.153583      -66870.339381      24.543136      29.785089     3700017675.744697
22      27.045105      -66869.220117      24.599986      29.796124     3700017815.508691
23      27.120038      -66866.880857      24.527218      29.676616     3700017952.898549
24      27.074759      -66864.788678      24.811108      29.194086     3700018069.466216
25      27.420818      -66864.738117      24.991680      29.304337     3700018185.342844
26      27.024772      -66866.956715      24.847542      29.526896     3700018299.180355
27      27.131784      -66869.327611      24.820394      29.618281     3700018411.843799
28      27.218989      -66871.762374      24.704960      29.643365     3700018504.971126
29      27.068333      -66874.393916      24.697369      29.728124     3700018621.188773
30      27.077531      -66875.286031      24.602588      29.757670     3700018723.846645
31      27.003081      -66876.130773      24.646786      29.780070     3700018838.049177
32      27.248311      -66876.716127      24.605582      29.768049     3700018952.033696
33      27.289743      -66877.513535      24.579295      29.812046     3700019070.210456
34      27.057132      -66877.969228      24.587238      29.804142     3700019166.341954
35      27.128426      -66878.076826      24.556743      29.823116     3700019263.213494
36      26.984823      -66877.728721      24.642027      29.791123     3700019351.635552
37      27.154631      -66877.640114      24.611208      29.847320     3700019434.681303
38      27.403668      -66877.456575      24.584688      29.825260     3700019512.743767
39      27.079839      -66876.665500      24.599753      29.832745     3700019587.156023
40      27.070616      -66876.228856      24.542678      29.835627     3700019656.848010
41      27.144449      -66875.811217      24.558558      29.858053     3700019718.878558
42      27.200259      -66874.741894      24.545077      29.844025     3700019784.470309
43      27.062126      -66874.242076      24.534143      29.830894     3700019860.164639
44      27.008673      -66873.128656      24.623353      29.815066     3700019927.353482
45      27.228419      -66872.597300      24.541056      29.831705     3700019990.478092
46      27.218798      -66871.945798      24.556689      29.809620     3700020059.634047
47      27.111010      -66870.763093      24.541576      29.808115     3700020140.478671
48      27.139612      -66870.111723      24.590953      29.803181     3700020230.007792
49      27.321596      -66869.820835      24.518064      29.606350     3700020298.920733
50      27.103502      -66868.903965      24.945833      29.172574     3700020383.187553
51      27.092710      -66868.309630      25.039412      29.120515     3700020460.684987
52      27.333424      -66868.941903      25.006861      29.400579     3700020542.090642
53      27.036967      -66870.668231      24.831690      29.568016     3700020622.320231
54      27.027744      -66872.078625      24.822190      29.640462     3700020711.154312
55      27.156963      -66874.523615      24.695553      29.671615     3700020794.989107
56      27.132765      -66876.380730      24.656704      29.691130     3700020877.150806
57      27.028134      -66877.254053      24.768008      29.747493     3700020956.760360
58      27.128939      -66878.665470      24.759214      29.780514     3700021049.946690
59      27.197180      -66879.520022      24.638052      29.768184     3700021148.092304
60      27.038571      -66879.722595      24.644966      29.779196     3700021219.170369
61      27.217822      -66879.899849      24.662086      29.811431     3700021290.996478
62      27.196742      -66880.450626      24.609496      29.806226     3700021383.011740
63      27.084595      -66880.729193      24.573135      29.859260     3700021477.900168
64      27.140592      -66880.627895      24.571318      29.837995     3700021566.409230
65      27.143899      -66880.292353      24.566206      29.832012     3700021662.961753
66      27.180382      -66879.861866      24.646000      29.843262     3700021743.044333
67      27.163039      -66879.260483      24.658553      29.846642     3700021811.397243
68      27.392859      -66878.241389      24.580141      29.853906     3700021883.320356
69      27.317020      -66877.690746      24.581421      29.882749     3700021962.700897
70      27.249698      -66877.405944      24.619629      29.870945     3700022020.008174
71      27.249428      -66876.646515      24.576712      29.836841     3700022089.953175
72      27.219210      -66875.741612      24.573976      29.830658     3700022175.957094
73      27.211465      -66875.323995      24.548378      29.796764     3700022247.815204
74      27.086158      -66874.767202      24.559709      29.846445     3700022316.536134
75      27.130021      -66873.508216      24.553660      29.806160     3700022386.500137
76      27.353076      -66873.002140      24.478954      29.836112     3700022461.593432
77      27.123437      -66872.224104      24.489857      29.805175     3700022538.103808
78      27.124140      -66871.705450      24.594143      29.854081     3700022614.330168
79      27.179411      -66870.155989      24.530674      29.839979     3700022689.860488
80      27.199351      -66869.669070      24.566661      29.856101     3700022755.454239
81      27.195907      -66868.758539      24.552653      29.835294     3700022806.145139
82      27.022280      -66867.955577      24.559234      29.832996     3700022863.841439
83      27.176197      -66867.051539      24.623985      29.820095     3700022917.864529
84      27.182535      -66865.158408      24.538502      29.697053     3700022986.457452
85      27.102247      -66864.207251      24.636336      29.389435     3700023053.875308
86      27.071449      -66863.392053      24.878977      29.246949     3700023115.379827
87      27.513515      -66863.006597      24.982782      29.116826     3700023174.382201
88      27.203028      -66863.423648      25.040895      29.306940     3700023243.424150
89      27.107000      -66864.403162      24.965035      29.440327     3700023306.195740
90      27.134913      -66865.370141      24.877169      29.541160     3700023366.245174
91      27.211537      -66866.684892      24.807327      29.578909     3700023415.108970
92      27.121677      -66867.863905      24.762223      29.649034     3700023455.485279
93      27.066902      -66868.960872      24.742782      29.626082     3700023499.729810
94      27.038864      -66870.099075      24.678764      29.656159     3700023557.518115
95      27.019007      -66871.300667      24.753685      29.690198     3700023617.452543
96      26.975720      -66872.243079      24.748608      29.699084     3700023669.681530
97      27.179335      -66872.907254      24.682432      29.677641     3700023718.088299
98      27.123142      -66874.286362      24.662259      29.747396     3700023780.807887
99      27.201472      -66874.811491      24.655957      29.756691     3700023843.223456
100      27.034166      -66875.399924      24.642882      29.762763     3700023906.638083
101      27.169250      -66876.181396      24.621687      29.824312     3700023974.503965
102      27.171473      -66876.500965      24.630482      29.801490     3700024033.823359
103      27.154744      -66876.513622      24.580156      29.767236     3700024082.478141
104      27.114304      -66876.311121      24.621277      29.776158     3700024143.513632
105      27.023265      -66876.279481      24.582721      29.827023     3700024206.659244
106      27.236960      -66876.444012      24.556206      29.828147     3700024264.333542
107      27.175789      -66876.646515      24.512034      29.844721     3700024326.238083
108      27.045646      -66876.741440      24.558351      29.827024     3700024384.919440
109      27.111431      -66876.754097      24.574337      29.853264     3700024443.643798
110      27.272640      -66876.855352      24.677373      29.848340     3700024501.836126
111      27.317751      -66876.602217      24.617772      29.851959     3700024561.656549
112      27.141264      -66876.292137      24.549965      29.847006     3700024626.457254
113      27.036754      -66875.925117      24.524572      29.817720     3700024682.044435
114      27.056706      -66875.785906      24.597588      29.859805     3700024744.414001
115      27.257431      -66875.165811      24.570701      29.833676     3700024808.333658
116      27.195917      -66874.590047      24.540711      29.853150     3700024869.723169
117      27.082734      -66873.457607      24.576888      29.830061     3700024942.905354
118      27.024078      -66872.787066      24.569010      29.817634     3700025002.612770
119      27.112454      -66872.274706      24.575834      29.833191     3700025066.045398
120      27.115116      -66870.971795      24.543830      29.808026     3700025130.347075
121      27.181678      -66870.371001      24.545608      29.783825     3700025189.113437
122      27.038468      -66869.770246      24.612530      29.788366     3700025251.346997
123      27.276517      -66869.043070      24.624573      29.457584     3700025315.769681
124      27.191257      -66868.126280      24.791863      29.271554     3700025369.671764
125      27.173799      -66867.323373      25.047585      29.107728     3700025432.607364
126      27.059987      -66867.825972      25.092227      29.275451     3700025498.680143
127      27.178895      -66868.758539      24.992070      29.439972     3700025564.784924
128      27.278220      -66871.427160      24.823060      29.623006     3700025634.045886
129      27.175966      -66872.938883      24.725665      29.622587     3700025705.645981
130      27.010538      -66875.956756      24.737914      29.688036     3700025773.089839
131      27.190808      -66877.133808      24.708959      29.701574     3700025845.330970
132      27.379865      -66878.254048      24.727092      29.731574     3700025912.728826
133      26.957088      -66879.982147      24.663357      29.760768     3700025980.840721
134      27.075852      -66880.526598      24.695554      29.805604     3700026047.950559
135      27.146897      -66881.150224      24.649355      29.801618     3700026117.974565
136      27.197259      -66881.963852      24.668589      29.849848     3700026187.593546
137      27.116972      -66882.166479      24.708301      29.850198     3700026277.604695
138      27.111210      -66881.894200      24.726874      29.867645     3700026355.357142
139      27.222661      -66881.444641      24.715679      29.810681     3700026414.759540
140      27.019560      -66880.672212      24.614144      29.871082     3700026481.896380
141      26.938851      -66880.431633      24.545682      29.845318     3700026542.800863
142      27.095515      -66880.431633      24.601921      29.873824     3700026608.470619
143      27.065070      -66880.165737      24.611151      29.850972     3700026668.363045
144      27.231445      -66879.349106      24.544567      29.855572     3700026734.145808
145      27.042004      -66878.956642      24.590778      29.882270     3700026810.284163
146      27.037399      -66878.855364      24.557092      29.856835     3700026882.065268
147      27.160559      -66878.646481      24.578271      29.876853     3700026952.984325
148      27.174285      -66877.659101      24.530675      29.832563     3700027022.012273
149      27.093902      -66877.146465      24.533749      29.837458     3700027096.056508
150      27.050078      -66876.684485      24.579444      29.840701     3700027161.469249
151      27.212509      -66875.640370      24.574033      29.723394     3700027233.633377
152      27.126849      -66874.684951      24.645134      29.359172     3700027302.122294
153      27.118943      -66873.881465      24.829272      29.201409     3700027359.553579
154      27.152568      -66872.742787      25.058799      29.239529     3700027425.542354
155      27.237013      -66873.109679      25.085568      29.432641     3700027502.802772
156      27.182606      -66875.102539      24.874508      29.574238     3700027574.325863
157      26.917274      -66876.475652      24.887573      29.617783     3700027649.359155
158      27.132682      -66877.918595      24.842843      29.699626     3700027716.662004
159      27.147736      -66880.203722      24.753745      29.708572     3700027789.513171
160      27.161116      -66880.862148      24.723622      29.768938     3700027860.978259
161      26.990625      -66882.166479      24.697525      29.790401     3700027930.194218
162      27.150920      -66882.723726      24.726023      29.806082     3700027991.937749
163      27.281982      -66883.325338      24.671772      29.807107     3700028047.457925
164      27.280242      -66883.933323      24.660183      29.809549     3700028108.118394
165      27.192381      -66884.680694      24.685707      29.834800     3700028172.178059
166      27.191053      -66884.813707      24.664225      29.786660     3700028228.711292
167      27.139704      -66884.794705      24.670708      29.823205     3700028292.478939
168      27.182900      -66884.756701      24.689764      29.793385     3700028352.117351
169      27.155479      -66884.718698      24.659154      29.828463     3700028416.460031
170      27.160754      -66884.351337      24.639388      29.851555     3700028471.967206
171      27.194606      -66884.192996      24.627967      29.873167     3700028536.796914
172      27.219147      -66883.806656      24.617496      29.890155     3700028591.658051
173      27.110872      -66883.426666      24.570026      29.887703     3700028643.540019
174      27.081074      -66883.205012      24.583186      29.901181     3700028698.363154
175      26.974818      -66882.755389      24.605730      29.834486     3700028762.275810
176      27.319174      -66882.495757      24.575152      29.905285     3700028828.068573
177      27.095476      -66882.153815      24.547518      29.826508     3700028897.690555
178      27.021985      -66881.849876      24.565968      29.877201     3700028970.984747
179      27.105792      -66881.014099      24.579916      29.843717     3700029036.761509
180      27.182722      -66880.672212      24.564937      29.840490     3700029102.540272
181      27.171170      -66880.235376      24.558008      29.898064     3700029170.735173
182      27.120217      -66879.045261      24.624878      29.874747     3700029239.610112
183      27.146676      -66878.209742      24.583059      29.865830     3700029304.889845
184      27.138220      -66877.500877      24.525346      29.871327     3700029365.212296
185      27.085757      -66875.937772      24.600548      29.588260     3700029437.583435
186      27.089106      -66875.323995      24.752680      29.333901     3700029508.856512
187      27.254621      -66874.469838      25.006810      29.160143     3700029580.560613
188      27.280220      -66874.115544      25.077475      29.294241     3700029643.915237
189      27.200684      -66874.558413      25.026366      29.465833     3700029707.198857
190      27.136213      -66876.311121      24.825079      29.580485     3700029774.209690
191      27.199958      -66877.437588      24.817003      29.647616     3700029835.775210
192      27.179593      -66878.627492      24.784357      29.659815     3700029903.684095
193      27.141877      -66880.830492      24.722556      29.749339     3700029981.062521
194      27.022125      -66881.653588      24.716995      29.750327     3700030055.031751
195      27.159736      -66883.002362      24.674210      29.762697     3700030135.406349
196      27.157838      -66883.398167      24.657542      29.759187     3700030208.767545
197      27.153160      -66883.971323      24.680954      29.812482     3700030281.375698
198      27.063939      -66884.503346      24.666714      29.809983     3700030353.998851
199      27.244642      -66885.504140      24.674056      29.845059     3700030426.949024
200      27.214516      -66885.776527      24.636738      29.839199     3700030497.606066
201      27.091566      -66885.687842      24.678081      29.856921     3700030577.079611
202      27.284949      -66885.561151      24.647579      29.869854     3700030642.066328
203      27.222553      -66885.573820      24.622326      29.870831     3700030712.555360
204      27.061628      -66884.623689      24.571605      29.869798     3700030780.585250
205      27.119254      -66884.116993      24.598604      29.857566     3700030847.790094
206      27.226181      -66883.470997      24.665804      29.873049     3700030911.762753
207      27.077342      -66882.742724      24.611771      29.874760     3700030985.763987
208      26.987241      -66882.483092      24.616809      29.892721     3700031066.842624
209      27.053837      -66882.001844      24.616730      29.844902     3700031143.168990
210      27.121421      -66881.767562      24.653735      29.862965     3700031220.755427
211      27.171569      -66881.026762      24.554191      29.863699     3700031298.167854
212      27.094548      -66879.614978      24.606103      29.824193     3700031386.142886
213      27.031855      -66878.868024      24.591355      29.866619     3700031447.338387
214      27.273371      -66878.190754      24.599384      29.852775     3700031512.025086
215      27.158837      -66876.950279      24.542795      29.843159     3700031581.318049
216      27.000080      -66876.311121      24.515828      29.846618     3700031650.703018
217      27.120944      -66875.646697      24.530003      29.862955     3700031721.116046
218      27.183403      -66874.261056      24.514534      29.800376     3700031776.302202
219      27.169920      -66873.634739      24.558860      29.841897     3700031834.637539
220      27.105346      -66872.938883      24.527445      29.880355     3700031894.973990
221      27.184611      -66872.078625      24.590035      29.846309     3700031955.380445
222      27.137869      -66871.180501      24.582171      29.847801     3700032012.293701
223      27.145276      -66869.782893      24.479006      29.823648     3700032074.437254
224      27.000108      -66869.277025      24.491014      29.815126     3700032138.232904
225      26.987608      -66869.068363      24.538913      29.841174     3700032201.232507
226      26.945858      -66868.429759      24.568190      29.705095     3700032258.764798
227      27.221226      -66867.930288      24.612557      29.395585     3700032314.800003
228      27.153254      -66867.487742      24.880610      29.117210     3700032374.692429
229      27.128102      -66867.146364      24.963053      29.183608     3700032433.091769
230      26.957834      -66867.411879      25.006741      29.349656     3700032482.738608
231      27.155411      -66868.252728      24.856080      29.473891     3700032537.127719
232      27.225228      -66869.036747      24.801180      29.580475     3700032599.890309
233      27.064845      -66869.605836      24.789905      29.605486     3700032665.836081
234      26.906638      -66871.072985      24.761193      29.683488     3700032735.323055
235      27.125883      -66872.021699      24.585117      29.677098     3700032802.623905
236      27.053267      -66873.780243      24.614517      29.733077     3700032872.665911
237      26.983521      -66874.520452      24.673987      29.763867     3700032941.514849
238      27.152532      -66875.273376      24.698128      29.766891     3700032996.371986
239      26.992593      -66875.842855      24.677949      29.791198     3700033049.396019
240      27.219262      -66876.216200      24.634012      29.791075     3700033102.475055
241      27.179020      -66876.754097      24.603393      29.781182     3700033148.993716
242      27.265618      -66876.962936      24.623923      29.783412     3700033199.768620
243      26.902965      -66877.089508      24.631466      29.838156     3700033247.743364
244      27.129877      -66877.108494      24.598271      29.816446     3700033304.861631
245      27.225814      -66877.146465      24.609672      29.800374     3700033363.390979
246      27.155587      -66876.722455      24.582645      29.815359     3700033425.443528
247      26.938758      -66876.830038      24.595735      29.857045     3700033496.218576
248      27.149023      -66876.712963      24.612364      29.850550     3700033556.239009
249      27.402938      -66876.352254      24.583485      29.848174     3700033641.076861
250      27.073316      -66875.627714      24.560859      29.853608     3700033721.389455
251      26.921846      -66875.298685      24.600765      29.861557     3700033799.739937
252      27.174113      -66874.615355      24.530034      29.819877     3700033874.003184
253      27.089536      -66874.102891      24.566854      29.657405     3700033947.805406
254      27.172228      -66872.647904      24.895928      29.194592     3700034050.395274
255      27.263187      -66871.743399      25.131521      29.228549     3700034142.700553
256      27.315327      -66872.654229      25.156279      29.403902     3700034218.552891
257      27.032914      -66874.858944      25.033204      29.625200     3700034287.035808
258      27.168388      -66876.083313      24.923916      29.646812     3700034357.648847
259      27.167403      -66878.032521      24.789437      29.679218     3700034445.428868
260      26.987620      -66879.690942      24.791483      29.709990     3700034536.822095
261      27.069024      -66880.336669      24.729454      29.759410     3700034616.295641
262      27.120740      -66882.407104      24.646960      29.761698     3700034727.141981
263      27.030588      -66883.287340      24.703479      29.834304     3700034828.401773
264      26.995678      -66883.648325      24.743831      29.815589     3700034908.749368
265      27.166058      -66883.933323      24.646594      29.819283     3700034978.857378
266      27.110269      -66884.085326      24.620501      29.847705     3700035045.004162
267      27.029706      -66884.338669      24.707278      29.849650     3700035129.858015
268      27.066787      -66884.284833      24.634901      29.854996     3700035212.596747
269      27.149917      -66884.091659      24.620058      29.859782     3700035292.423313
270      26.977970      -66883.420333      24.660912      29.869601     3700035371.514837
271      27.054972      -66883.091021      24.605687      29.872451     3700035448.494240
272      27.044603      -66882.255129      24.646811      29.868631     3700035528.465815
273      27.157049      -66881.875204      24.650424      29.899086     3700035614.948761
274      27.033408      -66880.868479      24.607443      29.864918     3700035695.189351
275      27.236559      -66879.576995      24.556741      29.857415     3700035778.109093
276      27.035840      -66878.469251      24.621603      29.869653     3700035872.949518
277      27.004995      -66877.874290      24.579822      29.925198     3700035969.240025
278      27.200663      -66875.880822      24.634994      29.446561     3700036060.853265
279      27.112775      -66874.431877      25.021171      29.117052     3700036148.659287
280      27.163795      -66874.368609      25.067266      29.401978     3700036251.334160
281      27.091856      -66875.716301      25.006716      29.635136     3700036339.858223
282      26.937814      -66877.519864      24.836541      29.639599     3700036445.414261
283      27.187201      -66879.703603      24.859454      29.676193     3700036526.948924
284      27.046716      -66880.469619      24.808227      29.732127     3700036607.968558
285      27.003710      -66881.596602      24.750964      29.788576     3700036692.479392
286      27.214620      -66882.223468      24.684637      29.792484     3700036793.792186
287      27.088108      -66882.407104      24.750506      29.780241     3700036878.642040
288      26.960528      -66882.565414      24.704766      29.806837     3700036968.591184
289      27.126427      -66883.122685      24.697657      29.841986     3700037057.291257
290      27.118573      -66883.255675      24.680861      29.809609     3700037151.695658
291      26.994686      -66883.287340      24.644441      29.841720     3700037254.709549
292      27.219951      -66883.774990      24.603777      29.843215     3700037329.088804
293      27.220903      -66883.895323      24.624416      29.867800     3700037409.295391
294      26.894117      -66884.249998      24.653503      29.897497     3700037505.529896
295      27.156514      -66884.224664      24.612163      29.885808     3700037601.777401
296      26.954592      -66883.635659      24.576499      29.876028     3700037695.387755
297      26.981604      -66883.281007      24.576465      29.862089     3700037769.778009
298      27.266063      -66882.267794      24.611249      29.905760     3700037841.351103
299      27.248563      -66881.742234      24.640512      29.887892     3700037906.743844
300      27.242705      -66880.868479      24.594321      29.874188     3700037980.667072
301      27.029159      -66880.393648      24.586770      29.860694     3700038044.121702
302      27.118713      -66880.058115      24.578378      29.872324     3700038109.383434
303      27.218201      -66878.608503      24.595925      29.853062     3700038189.714029
304      27.208655      -66877.975557      24.556800      29.920043     3700038259.989048
305      27.052117      -66877.304683      24.663734      29.692987     3700038320.522511
306      27.316893      -66874.773529      24.895654      29.226810     3700038386.507285
307      27.317894      -66873.520868      25.024499      29.190212     3700038443.802562
308      27.106055      -66872.768090      25.049538      29.249377     3700038508.535264
309      27.072349      -66872.964186      25.070465      29.420922     3700038570.587813
310      27.168565      -66874.741894      24.925030      29.582064     3700038635.614533
311      27.262210      -66875.830200      24.863409      29.643477     3700038695.370950
312      27.094719      -66876.886994      24.833037      29.688064     3700038754.120310
313      27.025204      -66877.798341      24.774902      29.685696     3700038819.631058
314      27.016209      -66879.380757      24.736818      29.748153     3700038881.620603
315      27.179981      -66880.108761      24.730872      29.749222     3700038939.200897
316      27.006013      -66880.665881      24.691903      29.788547     3700039008.334851
317      26.883141      -66881.533285      24.733842      29.797130     3700039090.795568
318      27.235509      -66882.087327      24.702826      29.796573     3700039182.531815
319      27.068221      -66882.331116      24.671486      29.787354     3700039248.497587
320      27.178867      -66882.603408      24.652442      29.843146     3700039308.867041
321      26.960089      -66883.034026      24.641538      29.818453     3700039371.520624
322      27.133802      -66883.217678      24.610887      29.837269     3700039438.526457
323      27.176413      -66883.496330      24.653255      29.854147     3700039513.596750
324      27.109828      -66884.091659      24.572726      29.888055     3700039610.023265
325      26.983614      -66884.009324      24.588795      29.912752     3700039706.059758
326      27.085385      -66883.983990      24.611186      29.857959     3700039793.182742
327      26.943892      -66883.641992      24.673058      29.864466     3700039883.188890
328      27.208801      -66883.091021      24.631929      29.893771     3700039960.619318
329      27.220474      -66882.172811      24.610395      29.889158     3700040055.172727
330      26.954307      -66881.140727      24.577149      29.862766     3700040166.337085
331      27.091605      -66879.925171      24.595178      29.850469     3700040248.977812
332      26.967387      -66878.722438      24.532180      29.877622     3700040340.728059
333      27.030359      -66878.266707      24.543922      29.866059     3700040407.443875
334      27.035083      -66877.127479      24.567886      29.895319     3700040482.591174
335      27.097043      -66876.538935      24.544406      29.838263     3700040563.372795
336      27.196250      -66875.134175      24.526516      29.882217     3700040635.250906
337      26.931146      -66874.368609      24.585742      29.873118     3700040712.783340
338      27.158200      -66872.983163      24.583866      29.828156     3700040774.888892
339      27.143360      -66872.078625      24.510828      29.843528     3700040844.201857
340      26.942586      -66870.851633      24.600518      29.826549     3700040922.515336
341      26.996562      -66870.130694      24.569472      29.721664     3700040989.145147
342      27.058963      -66869.650100      24.713722      29.428478     3700041071.094834
343      27.169158      -66868.309630      24.983225      29.134442     3700041155.053637
344      27.106159      -66868.176859      24.948971      29.343683     3700041240.922548
345      27.208073      -66869.289671      24.946462      29.499860     3700041318.647994
346      27.064404      -66870.997092      24.824359      29.629625     3700041405.381954
347      26.890130      -66872.989489      24.733835      29.676117     3700041494.578056
348      27.255586      -66875.055085      24.721605      29.691370     3700041605.547403
349      27.210682      -66876.861680      24.660999      29.755653     3700041686.612040
350      27.074810      -66878.190754      24.657023      29.742910     3700041777.371231
351      27.264309      -66879.178192      24.609016      29.757539     3700041881.923211
352      26.995114      -66880.045454      24.655180      29.833338     3700041989.941389
353      27.300229      -66880.919129      24.641388      29.811120     3700042090.672151
354      27.170303      -66881.463636      24.651096      29.853402     3700042175.863023
355      27.063685      -66881.900532      24.644903      29.847276     3700042258.598755
356      27.117959      -66881.602934      24.557936      29.863695     3700042366.772943
357      27.055379      -66881.229368      24.571885      29.839946     3700042457.742146
358      27.145797      -66880.646888      24.548430      29.838998     3700042545.432162
359      27.075659      -66880.248038      24.567901      29.841568     3700042617.187265
360      27.214489      -66879.766908      24.572041      29.828512     3700042684.314105
361      26.929489      -66879.152872      24.561580      29.850613     3700042788.682075
362      27.114637      -66878.298354      24.635436      29.887970     3700042879.937294
363      27.194256      -66877.526193      24.476232      29.859841     3700042983.314207
364      27.070024      -66877.121151      24.547239      29.851262     3700043070.819212
365      27.024862      -66876.444012      24.572141      29.864302     3700043169.311846
366      27.170009      -66875.330322      24.753174      29.325110     3700043262.117154
367      27.091421      -66875.146830      25.007683      29.199070     3700043359.436720
368      27.275582      -66876.083313      24.997903      29.441808     3700043450.520930
369      27.191334      -66878.418615      24.853303      29.636254     3700043535.918814
370      27.016663      -66879.608647      24.837991      29.683231     3700043620.119630
371      27.165025      -66881.368662      24.780490      29.723683     3700043709.880764
372      27.108996      -66883.654658      24.658584      29.807039     3700043823.884285
373      27.064187      -66884.218330      24.687579      29.764799     3700043909.934206
374      27.208860      -66885.991909      24.636206      29.832648     3700044023.481701
375      26.999087      -66886.397347      24.621451      29.848645     3700044147.109772
376      27.198558      -66886.441693      24.644124      29.875706     3700044279.922369
377      27.040052      -66886.669761      24.635209      29.877085     3700044403.047411
378      27.200747      -66886.175621      24.612585      29.879273     3700044549.455785
379      26.963704      -66885.314107      24.647982      29.892963     3700044687.293669
380      27.290926      -66884.617355      24.589857      29.878115     3700044812.227814
381      27.042512      -66883.122685      24.557544      29.923096     3700044944.517382
382      27.230686      -66881.469968      24.525994      29.887263     3700045084.156368
383      27.209516      -66879.804891      24.513609      29.873625     3700045206.592371
384      27.204179      -66877.905936      24.510117      29.883613     3700045356.138925
385      27.137522      -66876.519950      24.492770      29.867851     3700045464.872144
386      27.435106      -66874.741894      24.646771      29.555165     3700045580.716770
387      27.360894      -66872.976837      24.960484      29.198699     3700045710.359185
388      27.187858      -66872.825020      24.981408      29.468145     3700045821.989570
389      27.214807      -66875.286031      24.849023      29.600946     3700045926.967575
390      27.141095      -66877.981887      24.732547      29.680406     3700046044.864317
391      27.265885      -66880.722861      24.762410      29.744503     3700046156.258689
392      26.912131      -66882.590743      24.688939      29.781442     3700046286.831158
393      27.194211      -66884.326002      24.628976      29.790729     3700046439.228874
394      27.137307      -66885.586489      24.655179      29.830556     3700046582.415064
395      27.327580      -66886.194626      24.603289      29.851539     3700046720.077938
396      27.101615      -66886.213630      24.587433      29.862276     3700046841.533885
397      27.184439      -66886.061592      24.596657      29.883913     3700046952.456229
398      27.137211      -66885.447130      24.638681      29.865688     3700047084.025754
399      27.250894      -66884.744033      24.606305      29.932385     3700047231.409184
400      27.084546      -66884.180329      24.563713      29.915756     3700047390.901307
401      27.285451      -66883.838323      24.595599      29.902333     3700047514.480374
402      26.992089      -66882.413436      24.560758      29.905418     3700047634.962265
403      27.326713      -66880.900135      24.638500      29.882657     3700047738.056162
404      27.108673      -66879.418738      24.553286      29.865122     3700047866.444506
405      27.169936      -66877.621127      24.515053      29.858368     3700048000.826192
406      27.113211      -66875.925117      24.552693      29.862218     3700048135.732909
407      27.178333      -66874.159830      24.563804      29.860229     3700048250.253458
408      27.221892      -66873.116005      24.497229      29.840278     3700048361.348813
409      27.003473      -66871.610577      24.591884      29.847211     3700048483.057775
410      27.151368      -66869.675394      24.555438      29.795866     3700048585.361626
411      27.096421      -66868.189504      24.520345      29.688829     3700048691.891719
412      27.212117      -66866.944072      24.798308      29.203682     3700048810.806520
413      27.106106      -66865.970605      25.000894      29.165419     3700048903.385816
414      27.136200      -66866.842928      24.921549      29.487244     3700049011.824018
415      27.181653      -66869.441429      24.791580      29.568652     3700049121.052266
416      26.967078      -66873.913097      24.710410      29.681682     3700049223.874146
417      27.208683      -66876.481981      24.693194      29.702665     3700049321.918755
418      27.072657      -66877.773024      24.695389      29.737060     3700049421.059425
419      27.047298      -66880.729193      24.645538      29.772113     3700049534.186895
420      27.295939      -66881.761230      24.688852      29.793409     3700049646.768334
421      27.127239      -66881.938524      24.620690      29.789022     3700049757.628675
422      27.033451      -66882.033504      24.647786      29.824634     3700049857.075363
423      27.212161      -66882.191808      24.612346      29.854008     3700049957.799125
424      27.005495      -66882.153815      24.621564      29.839950     3700050069.791531
425      27.164337      -66881.659920      24.620028      29.852336     3700050187.148242
426      27.123118      -66881.495295      24.620766      29.823400     3700050281.046614
427      27.132050      -66881.052087      24.592723      29.875852     3700050390.541876
428      27.172574      -66880.121422      24.598318      29.870261     3700050490.979621
429      27.068877      -66878.222401      24.634190      29.807940     3700050631.488657
430      27.184207      -66877.576824      24.584707      29.852164     3700050751.565526
431      27.221509      -66876.311121      24.546762      29.852644     3700050900.049018
432      27.214924      -66874.102891      24.535921      29.827553     3700051068.193635
433      27.293024      -66872.439164      24.578377      29.800476     3700051202.430314
434      27.125902      -66871.218448      24.527958      29.826168     3700051328.315514
435      27.026154      -66869.953630      24.585625      29.799301     3700051468.195514
436      26.998550      -66868.429759      24.500463      29.796890     3700051591.677577
437      27.220097      -66867.304408      24.526125      29.798860     3700051704.825049
438      27.154163      -66866.097023      24.469661      29.804209     3700051791.305995
439      27.053338      -66865.256374      24.484060      29.767455     3700051889.399606
440      27.181107      -66864.343125      24.511756      29.762396     3700051992.287490
441      27.118215      -66863.082423      24.495855      29.787465     3700052090.839127
442      27.132812      -66861.502843      24.502565      29.732210     3700052194.081033
443      27.239133      -66859.784571      24.547144      29.754052     3700052325.496549
444      27.107874      -66858.906609      24.536548      29.732212     3700052452.582819
445      27.253068      -66857.580353      24.525069      29.746820     3700052584.640371
446      27.017364      -66856.178520      24.538124      29.717080     3700052712.520686
447      27.222643      -66855.124131      24.552120      29.737416     3700052851.177616
448      27.128632      -66854.928420      24.474690      29.713448     3700052995.609878
449      27.168012      -66854.638017      24.491557      29.703008     3700053122.973162
450      27.023088      -66854.537009      24.482241      29.774928     3700053267.952455
451      27.111705      -66853.738458      24.476185      29.745062     3700053429.769711
452      27.133038      -66852.210990      24.882779      29.042060     3700053612.211145
453      27.008256      -66855.193578      24.824861      29.408409     3700053802.443026
454      27.111758      -66861.483889      24.638165      29.592793     3700053993.343945
455      27.151476      -66865.777820      24.607567      29.634625     3700054152.281035
456      26.984273      -66870.089590      24.577273      29.686724     3700054351.724443
