1      27.326457      -66865.253985      24.775990      29.795724     3702091888.719751
2      27.180799      -66862.189464      24.819530      29.261605     3702092200.269571
3      27.170810      -66862.947599      25.030302      29.600298     3702092513.679497
4      27.167742      -66868.651440      24.842242      29.748408     3702092829.320550
5      27.243629      -66868.977031      24.790632      29.769650     3702093149.690875
6      27.099554      -66867.118478      24.714924      29.774934     3702093463.135802
7      27.298233      -66862.764377      24.857227      29.097283     3702093784.231168
8      27.145423      -66864.625200      24.869462      29.616314     3702094097.164067
9      27.122451      -66868.401724      24.846381      29.729555     3702094415.989303
10      27.215139      -66867.346035      24.754030      29.762404     3702094735.747592
11      27.313425      -66864.565167      24.920736      29.234030     3702095056.160918
12      27.269799      -66865.070717      25.001458      29.609988     3702095376.362233
13      27.227415      -66870.443912      24.793774      29.722458     3702095688.569090
14      27.289589      -66872.511859      24.763754      29.816065     3702095999.515875
15      27.204114      -66872.002734      24.693754      29.829317     3702096315.124927
16      26.979477      -66869.710442      25.033390      29.534020     3702096636.746323
17      27.152754      -66874.751084      24.863246      29.717968     3702096954.626504
18      27.199295      -66875.772835      24.804158      29.862998     3702097269.027487
19      27.167855      -66874.681495      24.718683      29.828023     3702097587.767718
20      27.212701      -66871.474665      24.721596      29.719644     3702097911.707246
21      27.187709      -66867.940240      24.969083      29.560532     3702098235.947792
22      27.164317      -66873.574473      24.875801      29.720892     3702098555.243054
23      27.188267      -66874.080524      24.814622      29.801968     3702098877.143466
24      27.200373      -66871.076262      24.651102      29.813545     3702099196.966759
25      27.072326      -66865.917574      24.920136      29.222760     3702099510.577697
26      27.227725      -66867.750596      24.959651      29.616118     3702099826.160747
27      27.285823      -66872.271523      24.826018      29.768743     3702100137.824573
28      27.239962      -66872.454937      24.801936      29.788023     3702100452.599577
29      27.146044      -66869.280504      24.737052      29.766002     3702100768.396640
30      27.222306      -66865.658453      24.966382      29.178089     3702101090.718075
31      27.242428      -66866.255707      24.921508      29.595504     3702101407.111172
32      27.183204      -66870.402811      24.804382      29.767264     3702101719.090016
33      27.039681      -66872.379041      24.747755      29.828511     3702102040.555403
34      27.016727      -66870.620966      24.635196      29.845091     3702102362.491817
35      27.391792      -66866.549609      24.832307      29.306051     3702102678.478889
36      27.078885      -66865.810133      24.931876      29.571684     3702102998.919219
37      27.319467      -66871.082586      24.822130      29.698596     3702103311.780113
38      26.923376      -66872.676303      24.720617      29.803282     3702103624.760015
39      27.310150      -66871.487313      24.713683      29.797117     3702103937.005874
40      27.399763      -66866.562250      24.924156      29.182652     3702104247.910656
41      27.503190      -66867.026824      24.914333      29.604399     3702104564.496764
42      27.059544      -66871.986923      24.791604      29.744419     3702104875.842572
43      27.225074      -66873.384711      24.769638      29.804273     3702105201.187181
44      27.164135      -66868.566093      24.698545      29.841474     3702105532.001102
45      27.198047      -66862.998144      24.853492      29.310334     3702105847.200130
46      27.112779      -66861.390330      24.955152      29.563199     3702106169.066540
47      27.132022      -66867.251219      24.740059      29.709170     3702106489.919892
48      27.128134      -66868.654601      24.707338      29.785740     3702106804.420880
49      27.064851      -66867.067910      24.691995      29.804863     3702107127.191341
50      26.994018      -66862.517981      24.730685      29.793079     3702107456.357169
51      27.112142      -66856.385500      25.055885      29.319941     3702107772.353243
52      27.374995      -66862.157876      24.853361      29.689636     3702108092.962581
53      27.304809      -66866.239906      24.792171      29.791339     3702108413.766930
54      27.190713      -66864.413508      25.035781      29.108558     3702108735.346323
55      27.044554      -66867.352356      25.052384      29.626343     3702109060.296909
56      27.313674      -66871.898382      24.814667      29.738037     3702109378.192092
57      27.126324      -66871.092071      24.719575      29.821025     3702109696.788314
58      27.046216      -66866.378955      24.738861      29.834081     3702110013.818447
59      27.259608      -66860.815503      24.654429      29.744980     3702110331.921642
60      27.264757      -66857.705119      25.056791      29.451444     3702110650.211847
61      27.173191      -66862.960236      24.871605      29.659010     3702110967.060970
62      26.994967      -66866.157742      24.745928      29.746041     3702111281.172936
63      27.273828      -66864.798980      24.705743      29.784161     3702111597.000000
64      27.483871      -66860.970261      24.961877      29.173159     3702111914.249146
65      27.297762      -66863.282463      24.930517      29.607904     3702112223.558837
66      27.179861      -66868.882197      24.886737      29.752812     3702112529.047310
67      27.008765      -66868.534484      24.731682      29.805191     3702112841.795198
68      27.186619      -66867.093194      25.042905      29.420521     3702113160.247413
69      27.169980      -66873.707309      24.935818      29.680392     3702113469.714114
70      27.313529      -66875.902539      24.831384      29.823655     3702113780.645897
71      27.089524      -66875.946829      24.752163      29.828005     3702114092.333725
72      27.055655      -66872.524508      24.687907      29.608401     3702114401.211392
73      27.353811      -66869.375341      25.106937      29.577662     3702114714.775326
74      27.232933      -66874.523341      24.935382      29.740235     3702115022.111906
75      27.135776      -66875.510269      24.813866      29.859162     3702115338.131981
76      26.997734      -66873.941357      24.727860      29.812071     3702115659.216346
77      27.270990      -66869.520761      24.703358      29.811933     3702115982.173818
78      27.439683      -66863.756348      25.087424      29.235419     3702116298.845931
79      27.067847      -66868.098280      24.961764      29.664351     3702116618.244199
80      27.177575      -66871.721304      24.820974      29.806401     3702116931.316105
81      27.231401      -66870.911847      24.781620      29.824473     3702117251.982446
82      27.213797      -66867.706346      24.703489      29.794680     3702117563.229249
83      27.150054      -66862.309497      24.974569      29.220318     3702117878.961308
84      27.071935      -66866.397917      24.934729      29.673285     3702118194.168337
85      26.959055      -66870.311124      24.812910      29.781731     3702118508.405311
86      27.250809      -66870.639936      24.692673      29.800667     3702118826.358496
87      27.189198      -66867.270182      24.705935      29.761172     3702119150.743050
88      27.277316      -66864.047009      25.058172      29.447246     3702119467.802184
89      27.138981      -66869.609278      24.838166      29.714933     3702119785.385349
90      27.156175      -66872.366392      24.743956      29.770051     3702120105.335649
91      27.357372      -66870.026586      24.770532      29.847339     3702120414.412327
92      27.191934      -66866.100860      24.760220      29.405862     3702120726.191160
93      27.056968      -66865.462536      24.974952      29.578172     3702121031.887645
94      27.120221      -66868.888520      24.846014      29.723629     3702121338.684193
95      27.289840      -66869.919096      24.749014      29.824658     3702121642.757585
96      27.222225      -66867.485101      24.722737      29.787069     3702121956.371522
97      27.224324      -66864.369275      24.940078      29.119522     3702122269.330422
98      27.164132      -66865.506775      24.880768      29.627507     3702122576.600997
99      26.997108      -66868.765238      24.856755      29.783866     3702122898.253395
100      27.218774      -66866.284149      24.736134      29.812841     3702123216.258584
101      27.108270      -66862.928645      24.769830      29.795192     3702123531.863635
102      27.081678      -66858.999667      25.042847      29.323723     3702123847.511690
103      27.115407      -66863.541517      24.908621      29.645812     3702124160.933616
104      27.153067      -66866.518006      24.835457      29.783185     3702124476.683676
105      27.175568      -66865.222387      24.786636      29.787253     3702124794.606860
106      27.294355      -66860.534420      24.929669      29.100847     3702125112.519044
107      27.299590      -66863.446740      24.909407      29.615984     3702125424.871910
108      27.255670      -66868.496552      24.802032      29.758217     3702125747.287350
109      27.208566      -66869.065543      24.651374      29.792490     3702126071.029867
110      27.044307      -66864.059647      25.010935      29.227820     3702126389.413078
111      26.983362      -66868.825298      24.978762      29.670517     3702126713.886637
112      27.301565      -66872.246225      24.804368      29.826123     3702127030.761761
113      27.403898      -66870.703170      24.782881      29.841249     3702127347.907901
114      27.224287      -66867.880186      25.068102      29.428787     3702127672.539469
115      27.047959      -66872.581431      24.885354      29.708789     3702127990.155635
116      27.319304      -66873.985637      24.800184      29.790462     3702128305.724685
117      27.172930      -66873.283507      24.728470      29.853465     3702128621.116724
118      27.260273      -66868.597703      24.730064      29.771604     3702128936.543766
119      27.094268      -66864.078603      25.047532      29.488659     3702129254.071927
120      27.165680      -66868.256322      24.850474      29.680287     3702129571.479082
121      27.268712      -66868.610347      24.836454      29.773045     3702129881.922838
122      27.369961      -66868.066672      24.996755      29.272242     3702130202.694185
123      27.115693      -66869.267859      25.086371      29.612012     3702130512.518907
124      26.950801      -66873.808518      24.884245      29.773757     3702130827.321912
125      27.219175      -66874.232344      24.785727      29.848005     3702131140.444822
126      27.354869      -66872.176655      24.808770      29.725246     3702131448.830460
127      27.218352      -66870.450236      25.120191      29.492000     3702131758.545175
128      27.163755      -66873.897077      24.881326      29.735865     3702132067.316835
129      27.127416      -66874.940874      24.804998      29.808668     3702132379.115670
130      27.207485      -66873.068451      24.806768      29.865580     3702132689.744436
131      27.399548      -66868.932775      25.029299      29.155515     3702133001.623274
132      27.172918      -66870.279509      25.015097      29.667549     3702133307.944795
133      27.183264      -66872.783826      24.766263      29.802324     3702133627.128051
134      27.113699      -66873.621914      24.767322      29.832575     3702133942.312079
135      27.208257      -66871.297595      24.972402      29.198445     3702134260.667288
136      27.230312      -66873.239230      24.904884      29.714677     3702134564.555670
137      27.262162      -66876.914928      24.833618      29.818682     3702134877.705581
138      27.043719      -66874.763737      24.787883      29.888146     3702135192.605592
139      27.080000      -66871.626442      25.036479      29.425984     3702135501.048234
140      27.186173      -66874.947201      24.897295      29.741242     3702135808.298807
141      27.327203      -66876.750407      24.869485      29.861361     3702136115.251364
142      27.249503      -66873.606101      24.805670      29.833670     3702136424.677063
143      27.104417      -66868.322701      24.672724      29.823346     3702136733.215710
144      27.198002      -66865.064397      25.142350      29.444840     3702137046.936654
145      27.267245      -66868.016099      24.943636      29.683032     3702137360.277575
146      27.371171      -66870.213116      24.776910      29.794317     3702137673.651499
147      27.162372      -66869.052898      24.748309      29.557815     3702137984.974307
148      26.998317      -66866.467442      25.008060      29.548353     3702138294.181992
149      27.195948      -66871.942652      24.794704      29.739605     3702138602.800644
150      27.205071      -66872.701602      24.753749      29.813582     3702138914.401466
151      27.083220      -66869.422761      24.798530      29.829618     3702139230.413541
152      27.291688      -66865.298223      24.930267      29.202633     3702139547.328667
153      27.160377      -66866.827718      24.939751      29.647190     3702139854.139216
154      27.242395      -66870.633613      24.782365      29.756137     3702140162.194836
155      27.167308      -66871.487313      24.733360      29.819831     3702140467.923322
156      27.160565      -66868.490230      24.720258      29.831435     3702140780.514202
157      27.228609      -66865.026480      24.681131      29.600072     3702141097.962358
158      27.011586      -66861.153447      24.989311      29.534419     3702141418.535695
159      27.376783      -66865.601573      24.801057      29.739171     3702141735.267810
160      27.259048      -66865.178149      24.707750      29.796346     3702142047.614676
161      27.169675      -66862.435851      24.991704      29.095033     3702142359.283503
162      26.929501      -66867.497743      25.031905      29.647795     3702142674.682542
163      27.171251      -66871.367157      24.734278      29.785508     3702142984.516263
164      27.355411      -66871.733952      24.788236      29.810623     3702143299.303268
165      27.183401      -66867.219614      24.913711      29.334034     3702143618.389519
166      27.003591      -66868.869553      24.998139      29.632207     3702143926.892164
167      26.971619      -66872.151357      24.846140      29.809982     3702144230.843550
168      27.167828      -66872.366392      24.748640      29.803429     3702144548.113696
169      27.332218      -66869.912773      24.795366      29.807018     3702144859.028479
170      27.297755      -66866.454801      25.051084      29.412388     3702145168.808197
171      26.932032      -66872.394852      24.856964      29.724731     3702145481.601089
172      27.149242      -66874.573950      24.804445      29.832226     3702145796.823118
173      27.142715      -66872.957762      24.693414      29.856792     3702146120.749646
174      27.105277      -66870.728464      25.044074      29.496365     3702146439.496877
175      27.095558      -66875.478635      24.943004      29.770961     3702146758.784139
176      27.128957      -66876.592217      24.793430      29.843112     3702147068.813872
177      27.212306      -66875.301487      24.680437      29.825414     3702147383.818890
178      27.318825      -66871.904706      24.988913      29.171877     3702147698.075864
179      27.246825      -66871.961625      25.056567      29.688217     3702148009.311666
180      26.893940      -66876.010100      24.875848      29.810181     3702148317.789310
181      27.054799      -66874.390494      24.823375      29.842151     3702148630.743209
182      27.266979      -66871.297595      24.667932      29.862177     3702148945.158193
183      27.150935      -66866.220945      24.976624      29.399849     3702149249.815619
184      27.028064      -66870.772729      24.919229      29.716361     3702149557.060191
185      27.008883      -66871.680197      24.872799      29.786766     3702149860.381541
186      27.073174      -66870.513469      24.727065      29.833998     3702150171.032309
187      27.336522      -66866.650738      25.057965      29.199253     3702150481.770082
188      27.155293      -66869.204635      25.020569      29.681315     3702150792.791871
189      27.133131      -66871.854112      24.845870      29.750377     3702151093.096048
190      26.990501      -66871.284947      24.754089      29.805112     3702151398.499516
191      27.131706      -66868.673567      24.720534      29.665734     3702151709.791321
192      27.379166      -66867.346035      25.001324      29.601508     3702152028.832569
193      27.119778      -66871.895220      24.818870      29.752396     3702152337.110202
194      27.224735      -66872.492885      24.813800      29.819234     3702152654.162336
195      26.993395      -66870.270024      24.755123      29.844145     3702152969.986400
196      27.234125      -66865.007521      24.963741      29.256693     3702153295.631026
197      27.248088      -66867.311269      24.850386      29.647741     3702153610.038009
198      27.140710      -66871.537905      24.805709      29.789439     3702153927.636174
199      27.160200      -66869.900127      24.745423      29.851930     3702154247.545472
200      27.195061      -66866.644418      25.048108      29.382065     3702154563.783560
201      27.279026      -66870.241570      25.006983      29.733700     3702154874.371324
202      27.123571      -66872.372716      24.875843      29.796500     3702155187.678245
203      26.990277      -66872.037518      24.765576      29.600184     3702155503.149288
204      26.939974      -66870.320609      25.122006      29.567083     3702155817.308258
205      27.163051      -66875.858250      24.940798      29.767849     3702156134.755414
206      27.075143      -66876.541596      24.826014      29.824367     3702156447.110280
207      27.087121      -66874.890263      24.734522      29.864552     3702156761.566266
208      27.051812      -66869.495470      24.683108      29.667645     3702157077.768351
209      27.253185      -66864.072284      25.105090      29.578614     3702157397.037613
210      27.146494      -66867.775882      24.876159      29.735387     3702157716.351876
211      27.051963      -66868.667245      24.750023      29.799234     3702158037.023218
212      27.005008      -66866.334712      24.751565      29.814898     3702158349.744104
213      27.049788      -66860.799712      25.030016      29.124197     3702158671.156488
214      27.184844      -66864.691552      24.960586      29.665502     3702158993.615931
215      27.078823      -66867.756917      24.889664      29.747365     3702159309.332990
216      27.106707      -66866.581212      24.869203      29.288545     3702159631.199399
217      26.972410      -66867.383962      24.991644      29.590530     3702159948.418543
218      27.144414      -66873.378386      24.795378      29.724509     3702160268.609857
219      27.000040      -66876.532105      24.781943      29.860021     3702160589.713223
220      27.102492      -66873.270856      24.731698      29.857122     3702160905.713297
221      27.083370      -66867.497743      25.128346      29.413332     3702161229.571821
222      27.130468      -66870.848611      24.893779      29.740311     3702161548.494062
223      27.094164      -66873.517544      24.817490      29.819640     3702161864.735150
224      27.065784      -66870.646259      24.813333      29.785395     3702162183.539385
225      27.070381      -66867.282824      24.977186      29.202259     3702162503.969712
226      27.054068      -66868.553449      24.890086      29.682872     3702162826.211143
227      27.271524      -66872.423313      24.822418      29.748027     3702163144.888371
228      27.116221      -66871.591659      24.796559      29.838791     3702163470.658004
229      27.087526      -66868.641957      25.107240      29.470817     3702163790.434294
230      27.230743      -66873.865449      24.930840      29.735274     3702164105.503315
231      27.215430      -66876.421374      24.880795      29.819945     3702164412.024847
232      27.109593      -66873.644053      25.001587      29.179103     3702164733.496233
233      26.905314      -66877.440149      25.025882      29.706745     3702165046.629144
234      27.096480      -66880.959281      24.864548      29.797606     3702165363.861289
235      27.363633      -66878.965361      24.875661      29.897136     3702165683.748586
236      27.163897      -66875.548230      24.770455      29.910761     3702165999.786662
237      27.019717      -66870.437589      25.102351      29.471539     3702166318.252877
238      27.101911      -66874.858631      24.901619      29.764762     3702166629.437676
239      27.204556      -66875.459654      24.873147      29.862203     3702166944.411691
240      27.159068      -66873.428989      24.703292      29.802133     3702167264.828018
241      27.101285      -66870.548247      25.101395      29.502135     3702167576.542847
242      27.197954      -66875.902539      24.901171      29.744847     3702167883.753418
243      27.251061      -66876.820011      24.872109      29.827340     3702168194.058167
244      27.229581      -66873.346760      24.821481      29.865307     3702168512.002352
245      27.148363      -66866.796114      24.870778      29.370612     3702168824.949252
246      27.126247      -66864.609402      25.019720      29.639205     3702169129.747685
247      27.108175      -66867.175367      24.779103      29.748274     3702169434.174098
248      27.195765      -66866.992059      24.740881      29.783235     3702169744.918871
249      27.175139      -66862.865465      24.966757      29.157109     3702170060.848941
250      27.040432      -66865.639493      24.940549      29.694813     3702170379.429163
251      27.009057      -66870.222600      24.813487      29.794355     3702170701.066559
252      27.245051      -66869.906450      24.752945      29.824607     3702171013.693441
253      27.068029      -66865.430937      24.830109      29.474611     3702171328.507447
254      27.027772      -66864.005937      25.072519      29.560260     3702171640.832311
255      27.050991      -66867.560956      24.865217      29.703923     3702171950.880045
256      27.105449      -66866.846680      24.811497      29.798412     3702172265.077016
257      27.164356      -66864.350318      24.774196      29.821530     3702172573.740670
258      27.294138      -66861.980987      25.112992      29.455642     3702172894.696028
259      27.054733      -66865.370900      24.931030      29.699530     3702173210.238076
260      27.106956      -66866.527487      24.804580      29.774647     3702173523.415989
261      27.175537      -66866.195664      24.918922      29.272144     3702173840.406119
262      26.978003      -66866.979418      24.982043      29.603745     3702174159.316360
263      27.166150      -66870.450236      24.858909      29.716920     3702174467.663997
264      27.049275      -66870.368033      24.770981      29.810237     3702174773.219473
265      27.232251      -66866.505365      24.995572      29.162928     3702175078.632942
266      27.102295      -66869.874835      24.998940      29.663605     3702175383.885402
267      26.886643      -66874.896590      24.827770      29.804782     3702175691.774012
268      26.819030      -66874.093175      24.898982      29.840030     3702175998.541558
269      27.175958      -66870.108785      24.903890      29.331961     3702176308.569291
270      27.215033      -66869.628246      24.975932      29.614387     3702176612.288662
271      27.252526      -66873.258206      24.840795      29.774560     3702176916.973089
272      27.041866      -66873.150678      24.717623      29.804029     3702177223.222606
273      27.086737      -66871.332376      24.727578      29.872050     3702177531.937263
274      27.245708      -66866.606494      25.037654      29.155908     3702177849.017399
275      27.218583      -66866.006056      25.003379      29.645975     3702178158.395094
276      27.222795      -66868.376436      24.924493      29.752171     3702178471.863024
277      27.041684      -66868.373275      24.830808      29.616765     3702178779.237605
278      27.061324      -66868.041385      25.113698      29.543546     3702179081.520895
279      27.091610      -66873.346760      24.927331      29.772598     3702179396.850930
280      27.284337      -66875.250873      24.910469      29.827992     3702179706.354633
281      27.285587      -66872.790151      24.827654      29.813706     3702180017.888451
282      27.017276      -66866.947813      24.918228      29.290947     3702180341.476959
283      27.099679      -66865.648973      25.029087      29.643845     3702180656.095954
284      27.307239      -66867.188009      24.855507      29.715407     3702180968.401818
285      27.131550      -66868.692534      24.809386      29.805826     3702181284.790914
286      26.991362      -66864.919049      24.796179      29.329426     3702181603.050117
287      27.127431      -66864.729468      24.992113      29.577545     3702181910.639710
288      27.135815      -66869.056059      24.835452      29.718970     3702182219.088353
289      27.103458      -66869.470180      24.865939      29.791797     3702182527.460990
290      27.126701      -66866.568571      24.929099      29.262970     3702182843.843086
291      27.034145      -66866.391596      24.985277      29.580513     3702183150.292614
292      27.231632      -66869.583987      24.900824      29.759339     3702183461.619421
293      27.235712      -66869.324761      24.862773      29.810219     3702183777.211472
294      27.190259      -66866.840360      24.764627      29.827591     3702184091.051423
295      27.036671      -66861.823054      24.907268      29.150595     3702184404.602357
296      27.162804      -66864.312404      24.978246      29.620390     3702184708.453736
297      27.133937      -66867.725310      24.881574      29.785252     3702185017.374405
298      27.103851      -66867.143762      24.780380      29.783844     3702185327.765158
299      27.118758      -66862.524299      24.862342      29.338126     3702185633.206629
300      27.138481      -66862.271592      25.133832      29.576480     3702185946.877570
301      27.126330      -66866.707624      24.865267      29.718114     3702186258.236378
302      27.172307      -66868.743110      24.780782      29.806029     3702186571.907320
303      27.261478      -66865.895454      24.757512      29.557186     3702186884.070174
304      27.103313      -66861.816737      25.058956      29.503225     3702187193.575877
305      26.956264      -66866.157742      24.931881      29.718223     3702187504.416656
306      26.969935      -66868.733627      24.811192      29.802978     3702187823.863927
307      27.204608      -66865.892294      24.744850      29.525634     3702188140.187020
308      27.088009      -66864.375594      25.096958      29.538091     3702188448.959681
309      26.953543      -66869.754701      24.949753      29.711344     3702188759.227427
310      26.985455      -66871.190089      24.762605      29.837179     3702189070.252217
311      27.464270      -66868.578737      24.805411      29.483783     3702189386.385298
312      27.102363      -66867.352356      25.095923      29.583446     3702189707.653675
313      26.927120      -66871.063614      24.916663      29.752069     3702190016.688350
314      27.013913      -66872.290497      24.820005      29.840207     3702190334.193511
315      27.190669      -66870.058201      25.057742      29.150758     3702190658.332049
316      27.162701      -66873.289832      25.057740      29.661094     3702190963.614511
317      27.002418      -66875.908866      24.877779      29.783351     3702191267.873914
318      27.077510      -66874.472732      24.821835      29.842713     3702191577.211607
319      27.277590      -66870.001294      24.896429      29.389063     3702191887.557358
320      27.375781      -66868.585059      25.092497      29.595356     3702192202.943397
321      27.184321      -66872.872375      24.950694      29.753076     3702192516.039305
322      27.062539      -66872.613055      24.817801      29.824352     3702192833.413457
323      27.124109      -66869.735733      24.775441      29.829484     3702193148.063455
324      27.347336      -66865.001202      25.048933      29.115565     3702193471.564958
325      27.193027      -66865.563654      24.960846      29.682917     3702193782.199725
326      26.945732      -66868.629313      24.767906      29.762922     3702194093.641539
327      27.114056      -66867.131120      24.764401      29.831076     3702194400.229074
328      27.279626      -66864.388232      25.067047      29.430989     3702194702.006334
329      27.167161      -66868.622991      24.886621      29.712826     3702195012.447091
330      27.034135      -66868.351149      24.845239      29.816275     3702195328.126146
331      27.049844      -66866.353673      24.744381      29.622099     3702195647.250400
332      27.183309      -66865.696372      25.062756      29.528557     3702195959.100237
333      27.252284      -66870.658906      24.917596      29.728885     3702196273.657228
334      27.056556      -66871.016187      24.812960      29.816780     3702196588.026209
335      27.020597      -66868.635635      24.714757      29.841290     3702196895.972822
336      27.132199      -66864.236576      24.624740      29.844018     3702197201.653306
337      27.291061      -66859.372279      24.914651      29.286474     3702197513.731156
338      27.166756      -66862.751742      24.885746      29.678111     3702197815.589422
339      27.160321      -66864.274490      24.871318      29.750530     3702198122.634983
340      26.966548      -66862.470598      24.757665      29.459929     3702198422.789151
341      27.129127      -66864.514614      25.032445      29.561840     3702198728.180618
342      27.106037      -66870.108785      24.853308      29.760520     3702199030.536913
343      27.204793      -66868.939097      24.856055      29.829993     3702199333.017214
344      27.137955      -66865.430937      24.765699      29.547434     3702199636.164553
345      27.070355      -66865.083356      24.963112      29.541863     3702199933.243544
346      27.176162      -66870.390165      25.027251      29.701378     3702200225.325251
347      27.057315      -66872.012220      24.888665      29.819158     3702200525.288407
348      27.242186      -66869.312116      24.763416      29.837517     3702200830.411859
349      27.319021      -66864.047009      25.059108      29.162789     3702201143.230752
350      26.977999      -66867.497743      24.976654      29.661474     3702201447.674165
351      27.034195      -66871.367157      24.773630      29.765574     3702201751.061518
352      27.245536      -66870.026586      24.694635      29.799131     3702202067.406611
353      27.213023      -66869.014964      25.087452      29.480666     3702202367.309765
354      27.135897      -66875.193934      24.839750      29.765645     3702202667.704947
355      27.214087      -66878.743841      24.814809      29.863339     3702202969.612215
356      27.093866      -66876.098680      24.741769      29.865696     3702203278.959909
357      27.257142      -66870.361710      25.072081      29.235525     3702203587.352547
358      27.260493      -66872.461261      25.048761      29.659852     3702203900.078434
359      27.162893      -66874.491710      24.853294      29.792958     3702204211.951273
360      27.060029      -66873.492243      24.764453      29.832981     3702204518.621813
361      27.323335      -66868.174140      24.975417      29.171496     3702204827.945506
362      27.176258      -66870.298478      25.032263      29.707965     3702205131.710880
363      27.188656      -66873.138027      24.795339      29.780567     3702205445.403821
364      27.084458      -66873.884426      24.785252      29.821577     3702205758.169711
365      26.899254      -66871.092071      24.740189      29.851618     3702206071.090610
366      27.314879      -66866.252547      25.046987      29.505745     3702206383.447475
367      27.166364      -66870.330094      24.875283      29.724783     3702206697.392432
368      27.204018      -66871.171118      24.786888      29.816243     3702207009.018256
369      27.070206      -66868.509196      24.698549      29.823631     3702207322.654194
370      27.194310      -66864.438785      24.648522      29.794767     3702207636.902169
371      27.167397      -66858.178713      25.064798      29.399069     3702207945.628827
372      27.102034      -66861.557732      24.826803      29.704380     3702208247.328083
373      27.157622      -66863.490969      24.777266      29.773344     3702208545.303126
374      26.992960      -66861.159763      24.770146      29.490379     3702208854.085787
375      27.239326      -66859.485960      25.070101      29.544879     3702209163.050459
376      27.379947      -66864.192343      24.871453      29.688999     3702209471.678112
377      27.166267      -66865.746932      24.788296      29.757835     3702209770.961230
378      27.083159      -66863.175053      24.989084      29.132359     3702210080.636942
379      27.080386      -66865.835413      24.926359      29.658505     3702210388.048525
380      27.295840      -66870.020263      24.884798      29.764105     3702210695.005082
381      27.211910      -66870.355387      25.005103      29.217863     3702210997.709395
382      27.143283      -66873.213929      25.096758      29.658471     3702211299.239643
383      27.118540      -66878.629919      24.975222      29.806331     3702211598.777774
384      27.070270      -66879.721733      24.828145      29.896465     3702211896.910827
385      27.149307      -66875.975301      24.759071      29.882814     3702212203.089339
386      27.383169      -66871.107881      25.136433      29.327161     3702212502.762480
387      27.092728      -66873.738936      24.991203      29.710889     3702212809.820043
388      27.044959      -66876.225226      24.887962      29.845347     3702213112.727368
389      27.055732      -66874.390494      24.974179      29.422943     3702213415.095663
390      27.088062      -66873.334109      25.156228      29.615828     3702213718.728029
391      27.238966      -66878.326133      24.900466      29.783787     3702214022.306393
392      27.165736      -66879.351451      24.849594      29.872732     3702214327.861870
393      27.136766      -66875.870904      24.775044      29.631120     3702214638.033610
394      26.956908      -66872.318957      25.161005      29.585315     3702214943.762488
395      27.105745      -66876.269517      24.900318      29.806124     3702215250.756046
396      27.322716      -66876.908600      24.795182      29.847627     3702215553.982390
397      27.360517      -66872.998875      25.043451      29.151443     3702215860.745936
398      27.252430      -66874.042569      25.006013      29.673392     3702216167.643490
399      27.104241      -66878.205887      24.903491      29.811582     3702216468.651706
400      27.130318      -66876.813684      24.818218      29.661803     3702216779.969513
401      27.251379      -66875.975301      25.155704      29.576817     3702217089.847237
402      27.069987      -66880.921297      24.931367      29.810202     3702217391.329480
403      27.123746      -66881.535384      24.868291      29.831441     3702217691.575654
404      26.905479      -66879.674260      24.841068      29.892104     3702217999.607272
405      27.086841      -66875.282507      24.902870      29.393124     3702218296.976280
406      27.158512      -66872.252549      25.002966      29.626554     3702218594.468296
407      27.349846      -66874.048895      24.895055      29.836144     3702218893.018372
408      27.164930      -66873.264531      24.817869      29.820478     3702219200.130938
409      27.110040      -66871.215385      24.736004      29.892901     3702219512.896827
410      27.003668      -66867.099515      25.008283      29.286452     3702219822.767550
411      27.097818      -66870.728464      24.901721      29.740524     3702220129.910119
412      27.174099      -66873.688332      24.839261      29.806420     3702220437.102689
413      27.265971      -66870.816993      25.101081      29.203475     3702220750.485613
414      27.027669      -66875.061077      25.040110      29.681656     3702221051.335821
415      27.288855      -66878.332461      24.866536      29.838048     3702221351.984017
416      27.141978      -66877.161715      24.833215      29.745268     3702221653.615269
417      27.289367      -66875.111689      25.129265      29.572883     3702221952.772380
418      27.091413      -66878.838777      24.942119      29.772402     3702222246.422176
419      27.053561      -66880.028730      24.802691      29.859228     3702222552.965709
420      27.208332      -66877.433821      25.145703      29.378573     3702222860.239284
421      27.244050      -66881.316967      24.998998      29.722085     3702223166.034774
422      27.164170      -66882.542069      24.877995      29.854951     3702223471.953272
423      27.118694      -66880.111020      24.778197      29.868829     3702223778.540808
424      26.995690      -66876.263190      24.811769      29.853379     3702224094.146859
425      27.130091      -66872.024869      25.112533      29.571148     3702224408.116817
426      27.181417      -66875.269853      24.909844      29.778930     3702224725.777987
427      27.251499      -66874.966180      24.833908      29.843999     3702225037.667826
428      27.047831      -66871.626442      24.837920      29.395132     3702225357.160100
429      27.014243      -66870.121431      25.135242      29.624948     3702225660.614456
430      27.064561      -66873.979311      24.915379      29.785801     3702225972.161276
431      27.244214      -66873.277182      24.836188      29.825165     3702226282.199009
432      27.201409      -66868.793687      25.050740      29.162383     3702226591.362692
433      27.012032      -66872.113411      24.996549      29.700882     3702226901.730444
434      27.149522      -66874.181737      24.851334      29.825089     3702227213.721289
435      27.131745      -66873.011525      24.839325      29.660440     3702227525.237107
436      27.244502      -66870.462882      25.161903      29.606147     3702227834.280783
437      27.254288      -66874.618233      24.886593      29.794856     3702228147.819717
438      26.971659      -66876.086026      24.872878      29.862401     3702228455.371307
439      27.137677      -66872.979900      25.019964      29.268792     3702228764.074964
440      27.123444      -66873.264531      25.021118      29.686959     3702229064.251133
441      27.193446      -66875.478635      24.891021      29.816391     3702229366.202404
442      27.008545      -66872.866050      24.799857      29.831394     3702229673.751995
443      27.035851      -66869.583987      24.736410      29.842317     3702229986.812901
444      27.261635      -66864.780022      25.159452      29.393593     3702230295.719570
445      27.245008      -66868.856909      24.876330      29.705420     3702230600.776018
446      27.313891      -66870.798023      24.797554      29.789713     3702230907.235546
447      27.058075      -66868.679890      24.883574      29.488132     3702231222.225563
448      26.932392      -66869.482825      25.085370      29.608238     3702231526.640975
449      27.198374      -66872.543482      24.873491      29.778643     3702231834.554585
450      27.280186      -66872.606730      24.774913      29.811579     3702232144.089290
451      27.085755      -66869.704119      24.737366      29.838164     3702232459.570334
452      27.205820      -66866.192504      25.086069      29.288606     3702232764.036749
453      26.945214      -66869.078187      24.967613      29.655072     3702233066.196031
454      27.216851      -66871.809843      24.747787      29.780101     3702233374.880687
455      27.252808      -66870.096139      24.704053      29.844374     3702233685.993482
456      27.149601      -66867.333393      25.037793      29.366740     3702234004.105677
