1      27.644541      -67151.631089      26.024137      30.841964     3704933757.165368
2      27.665102      -67155.645193      26.057148      30.876727     3704934740.686623
3      27.566423      -67158.841456      26.109048      30.892728     3704935767.279340
4      27.605372      -67161.000156      26.114951      30.891172     3704936756.373913
5      27.552088      -67166.338743      26.160769      30.865310     3704937788.089924
6      27.616931      -67171.984672      26.146399      30.929708     3704938829.457487
7      27.736399      -67174.369007      26.162318      30.938301     3704939860.719471
8      27.841085      -67177.889444      26.179547      30.943335     3704940852.276186
9      27.647768      -67178.324688      26.193445      30.929580     3704941871.395475
10      27.794820      -67180.566697      26.141995      30.951709     3704942879.250122
11      27.890412      -67182.174092      26.150344      30.962056     3704943898.422414
12      27.828811      -67182.249395      26.155319      31.004206     3704944877.658424
13      27.697758      -67179.872759      26.147606      30.942234     3704945883.441951
14      27.640256      -67182.016941      26.148776      30.954723     3704946856.358599
15      27.610638      -67184.901765      26.145926      31.005312     3704947840.733902
16      27.569417      -67183.857095      26.147787      31.015940     3704948837.478913
17      27.831067      -67186.460813      26.164122      31.016851     3704949822.085229
18      27.642577      -67188.619695      26.121208      30.997722     3704950800.821209
19      27.763979      -67194.558516      26.172941      31.057948     3704951788.186683
20      27.616464      -67199.504018      26.142427      31.057566     3704952782.658564
21      27.746924      -67200.511167      26.172644      31.049101     3704953754.977178
22      27.655205      -67202.250162      26.109820      31.066210     3704954739.828508
23      27.827213      -67203.927139      26.169830      31.079373     3704955706.193781
24      27.739584      -67202.798180      26.167849      31.038574     3704956671.978021
25      27.737127      -67205.489541      26.153239      31.090229     3704957636.458186
26      27.777103      -67208.198139      26.132158      31.118370     3704958592.562871
27      27.886587      -67208.976399      26.159351      31.093967     3704959563.735419
28      27.808928      -67209.225982      26.193286      31.095656     3704960535.261987
29      27.800690      -67210.188256      26.156527      31.127233     3704961516.735125
30      27.846508      -67213.193985      26.225622      31.105935     3704962487.087626
31      27.794218      -67214.777742      26.205615      31.134673     3704963459.491244
32      27.739051      -67215.241093      26.254885      31.097688     3704964433.792971
33      27.773283      -67219.823340      26.233183      31.125440     3704965374.522778
34      27.869455      -67227.023646      26.284839      31.139361     3704966305.733040
35      27.800568      -67235.313402      26.297449      31.193215     3704967269.699175
36      27.776224      -67240.380637      26.314120      31.225895     3704968208.660881
37      27.928019      -67244.685789      26.306709      31.263160     3704969143.918375
38      27.853424      -67246.624782      26.336463      31.271581     3704970084.243158
39      27.798030      -67248.247533      26.328056      31.242462     3704971029.110202
40      27.936466      -67251.196955      26.355807      31.283333     3704971968.798949
41      27.831214      -67252.919557      26.324455      31.267090     3704972867.960378
42      27.813802      -67255.771499      26.348545      31.299714     3704973750.159837
43      27.909518      -67255.150859      26.374527      31.286612     3704974643.311922
44      27.806796      -67255.533802      26.366264      31.329729     3704975535.182934
45      27.993013      -67258.099290      26.360718      31.314535     3704976461.006888
46      27.873995      -67258.360173      26.362235      31.360860     3704977335.234891
47      27.711887      -67260.883540      26.356052      31.346423     3704978270.636393
48      27.822620      -67260.520183      26.321438      31.359300     3704979193.158158
49      27.967133      -67257.679912      26.361831      31.326728     3704980100.518056
50      27.820530      -67255.824322      26.387977      31.288834     3704980987.413784
51      27.949444      -67254.431235      26.387971      31.305464     3704981923.106302
52      27.957560      -67254.946190      26.325845      31.318145     3704982838.571664
53      27.791536      -67254.979201      26.340686      31.312269     3704983761.815470
54      27.764261      -67252.127514      26.337142      31.297671     3704984691.173626
55      27.704533      -67252.325518      26.336538      31.313248     3704985633.848545
56      27.956106      -67249.481287      26.333724      31.305610     3704986595.890570
57      27.866350      -67249.613250      26.282657      31.288113     3704987530.927051
58      27.872423      -67245.444188      26.336846      31.275195     3704988463.553394
59      27.855299      -67244.540711      26.314063      31.299553     3704989380.271828
60      27.711226      -67244.019770      26.323172      31.288235     3704990309.715989
61      27.893543      -67243.169186      26.324416      31.305640     3704991209.176435
62      27.870511      -67243.228527      26.331192      31.283695     3704992113.556162
63      28.034649      -67240.123581      26.322891      31.266929     3704993035.655904
64      28.092375      -67239.378820      26.298879      31.273665     3704993975.693671
65      27.699693      -67236.393817      26.262107      31.257145     3704994930.057258
66      27.701426      -67239.260191      26.310776      31.306466     3704995890.310181
67      27.812200      -67240.413593      26.264988      31.296506     3704996815.720111
68      27.943349      -67237.606147      26.290806      31.247651     3704997744.436230
69      27.984886      -67237.230570      26.284156      31.247540     3704998695.745642
70      27.885139      -67237.480953      26.290302      31.220807     3704999613.017107
71      27.816575      -67235.590081      26.261204      31.247933     3705000541.261200
72      27.773793      -67234.789713      26.249575      31.230877     3705001480.194904
73      27.705592      -67235.833830      26.255415      31.237350     3705002423.501858
74      27.854304      -67233.567890      26.299057      31.262057     3705003362.604571
75      27.827340      -67233.054183      26.247721      31.236669     3705004302.444327
76      27.876450      -67229.867229      26.220872      31.244300     3705005220.950862
77      27.836371      -67225.681161      26.220355      31.211434     3705006190.979346
78      27.859030      -67222.398198      26.228145      31.205971     3705007151.704296
79      27.865385      -67219.228237      26.215841      31.163285     3705008125.412989
80      27.661284      -67213.962827      26.221714      31.177650     3705009089.164112
81      27.621311      -67211.488971      26.216183      31.157614     3705010044.481753
82      27.794523      -67206.740318      26.236279      31.113942     3705011000.831453
83      27.782666      -67205.584738      26.216911      31.089453     3705011953.898966
84      27.757773      -67203.559555      26.176055      31.068891     3705012897.362928
85      27.779070      -67202.023745      26.196723      31.070855     3705013842.670997
86      27.938909      -67201.839990      26.209527      31.092314     3705014804.451008
87      27.963671      -67203.139478      26.190944      31.094031     3705015770.729275
88      27.858355      -67205.538781      26.222564      31.065459     3705016748.419196
89      27.878688      -67205.154717      26.235261      31.114783     3705017702.076742
90      27.724678      -67204.882272      26.252843      31.098209     3705018640.536419
91      27.631723      -67208.864746      26.249509      31.081501     3705019583.692365
92      27.583922      -67211.919300      26.260182      31.095765     3705020522.606067
93      27.863728      -67215.106357      26.261815      31.106397     3705021480.600862
94      27.902063      -67217.988841      26.262920      31.101019     3705022410.943074
95      27.744028      -67219.783884      26.318482      31.138689     3705023349.252742
96      27.733881      -67220.155431      26.328384      31.138784     3705024251.779364
97      27.777046      -67224.759966      26.324751      31.165929     3705025168.310786
98      27.823840      -67222.907997      26.341806      31.160855     3705026070.533391
99      27.892827      -67222.585669      26.305721      31.169740     3705026967.547697
100      27.700304      -67219.793748      26.352608      31.129483     3705027866.329104
101      27.914608      -67219.142755      26.304693      31.104696     3705028793.197118
102      27.924103      -67217.972405      26.285036      31.081073     3705029711.097619
103      27.912532      -67221.233993      26.327125      31.143085     3705030614.399285
104      27.718835      -67223.016538      26.312826      31.132396     3705031545.166522
105      27.707513      -67224.023079      26.325052      31.132943     3705032447.423128
106      27.865239      -67222.437665      26.312596      31.122691     3705033343.179362
107      27.916891      -67224.174399      26.300446      31.174457     3705034275.097665
108      27.659376      -67224.963937      26.334211      31.138544     3705035203.903790
109      27.648372      -67224.542841      26.322709      31.155356     3705036143.065506
110      27.700936      -67223.486901      26.298377      31.181654     3705037082.678250
111      27.828631      -67223.753341      26.296649      31.194041     3705038021.673957
112      27.734706      -67224.128345      26.361195      31.179127     3705038938.048370
113      27.687001      -67221.871984      26.313819      31.154413     3705039882.699401
114      27.767475      -67219.188784      26.272891      31.149029     3705040810.417464
115      27.756788      -67217.860638      26.267774      31.142345     3705041745.491947
116      27.970111      -67214.827033      26.249481      31.142035     3705042686.504770
117      27.622856      -67211.236039      26.219367      31.124015     3705043607.855468
118      27.644121      -67207.951869      26.240227      31.075548     3705044548.199253
119      27.564245      -67204.993875      26.198650      31.094031     3705045471.300051
120      27.682228      -67203.992781      26.211196      31.079173     3705046404.428423
121      27.931228      -67199.927203      26.192243      31.077518     3705047346.485306
122      27.752514      -67197.962352      26.186660      31.094183     3705048289.428238
123      27.628685      -67193.679897      26.186214      31.021382     3705049237.771481
124      27.753072      -67193.581549      26.188854      31.062835     3705050188.400854
125      27.926667      -67192.939039      26.177857      31.032991     3705051139.891276
126      27.561468      -67192.945595      26.189327      31.024463     3705052075.054764
127      27.523626      -67192.047469      26.234747      31.001690     3705053021.432894
128      27.872743      -67190.752886      26.216919      31.031435     3705053962.205703
129      28.025487      -67191.359186      26.235942      31.017440     3705054922.929654
130      27.781824      -67191.700043      26.214665      31.029897     3705055871.577913
131      27.561792      -67193.489759      26.216507      31.025016     3705056856.237232
132      27.720593      -67193.145555      26.219090      31.049767     3705057786.779456
133      27.763077      -67193.175058      26.212670      31.022142     3705058721.333910
134      27.701196      -67197.240813      26.224152      31.020563     3705059666.667980
135      27.777795      -67200.895029      26.215526      31.076062     3705060585.266521
136      27.897813      -67203.021335      26.235771      31.078534     3705061517.806859
137      27.695772      -67202.670197      26.238092      31.102099     3705062464.838026
138      27.608244      -67204.353818      26.213819      31.096795     3705063408.213984
139      27.583829      -67203.956678      26.205213      31.069551     3705064336.672089
140      27.719527      -67203.310132      26.206110      31.093556     3705065253.305517
141      27.726123      -67202.808025      26.170691      31.127382     3705066187.374942
142      27.846038      -67203.746627      26.212073      31.073105     3705067106.796530
143      27.902345      -67209.945215      26.254563      31.109389     3705068019.420730
144      27.667647      -67214.909186      26.270360      31.138896     3705068940.115390
145      27.712857      -67215.964102      26.244722      31.166216     3705069866.966403
146      27.783914      -67218.123621      26.223767      31.154026     3705070797.167608
147      27.775055      -67220.148855      26.255043      31.184522     3705071727.788836
148      27.942241      -67222.490288      26.280120      31.190160     3705072662.744313
149      27.829411      -67222.730386      26.219209      31.199900     3705073591.794451
150      27.741599      -67221.207685      26.224283      31.185046     3705074515.238270
151      27.777271      -67219.425504      26.200756      31.178633     3705075436.866983
152      27.806578      -67218.087460      26.166172      31.165208     3705076335.159363
153      27.839800      -67217.840914      26.179425      31.161220     3705077207.730271
154      27.985307      -67218.728512      26.188606      31.188103     3705078103.799523
155      27.831942      -67217.564791      26.180181      31.178378     3705079001.015841
156      27.763131      -67218.570711      26.198713      31.211278     3705079912.466973
157      27.790893      -67220.267227      26.164913      31.182914     3705080805.742065
158      27.890665      -67220.540147      26.247980      31.171521     3705081712.044903
159      27.826659      -67220.132414      26.257312      31.187230     3705082617.554695
160      27.803779      -67221.911449      26.241829      31.167282     3705083491.762697
161      27.916882      -67223.766499      26.231322      31.182075     3705084367.161767
162      27.874206      -67224.207295      26.248043      31.194233     3705085249.642242
163      27.724525      -67225.302801      26.278608      31.213623     3705086122.889189
164      27.900103      -67224.687590      26.258384      31.199846     3705086996.645165
165      27.931079      -67224.868530      26.228757      31.193634     3705087850.295991
166      27.779850      -67227.602820      26.218289      31.231344     3705088731.147373
167      27.775018      -67228.254436      26.235859      31.213143     3705089610.990697
168      28.285754      -67227.293484      26.242262      31.202609     3705090502.770704
169      27.792849      -67226.898602      26.258885      31.217444     3705091409.887588
170      27.912332      -67226.052956      26.186356      31.240417     3705092316.888465
171      27.816236      -67223.042852      26.176097      31.208541     3705093236.821083
172      27.739376      -67222.914575      26.195664      31.230216     3705094159.573861
173      27.790593      -67219.149331      26.159241      31.215203     3705095049.132741
174      28.007031      -67216.953405      26.246373      31.209220     3705095946.928092
175      27.834355      -67216.716751      26.207123      31.176383     3705096830.917653
176      27.868599      -67217.594375      26.220934      31.222176     3705097706.912757
177      27.918393      -67216.434089      26.220462      31.144746     3705098581.038754
178      28.031213      -67217.124326      26.182609      31.165065     3705099478.271073
179      27.890144      -67217.048726      26.221771      31.159447     3705100368.256978
180      27.829432      -67217.229510      26.222266      31.180970     3705101257.945865
181      27.903242      -67215.326537      26.183306      31.182626     3705102179.603581
182      27.937912      -67213.877397      26.152010      31.164828     3705103079.173033
183      28.081417      -67211.955435      26.173925      31.164560     3705103976.035330
184      27.906260      -67210.572538      26.137290      31.152342     3705104871.831567
185      27.832207      -67210.270366      26.108511      31.132183     3705105754.620060
186      27.860799      -67209.682474      26.165700      31.161504     3705106653.258459
187      28.053475      -67209.166870      26.113640      31.137721     3705107560.524352
188      27.918398      -67209.248970      26.136393      31.153997     3705108460.353819
189      28.001236      -67206.526918      26.140604      31.129503     3705109372.865011
190      27.822364      -67207.761424      26.189019      31.151300     3705110285.178193
191      27.986778      -67208.257245      26.166729      31.149810     3705111175.092093
192      27.811440      -67209.271959      26.210752      31.188526     3705112079.303811
193      28.095528      -67208.516659      26.191128      31.128655     3705112992.317032
194      27.800516      -67206.320089      26.169899      31.145551     3705113861.488746
195      27.958694      -67207.810677      26.148814      31.130000     3705114750.724607
196      27.996757      -67207.439648      26.139611      31.141002     3705115632.554046
197      28.108859      -67208.129183      26.176722      31.152535     3705116511.859338
198      27.899343      -67208.096346      26.144127      31.145470     3705117394.242808
199      27.750550      -67205.817812      26.169976      31.129448     3705118274.029129
200      27.841608      -67209.134029      26.135463      31.170180     3705119184.116183
201      27.969758      -67208.132466      26.131426      31.154629     3705120075.543169
202      27.948147      -67208.313068      26.147569      31.152344     3705120978.332807
203      27.963695      -67209.925509      26.141922      31.178883     3705121878.504293
204      27.955743      -67210.552831      26.161734      31.151801     3705122751.453223
205      28.062226      -67210.651367      26.156759      31.098567     3705123635.784804
206      27.844343      -67209.061782      26.220180      31.165962     3705124513.695018
207      27.846476      -67209.882813      26.230494      31.121391     3705125410.554315
208      28.163151      -67212.326653      26.238239      31.151016     3705126314.053992
209      28.118520      -67214.245410      26.182219      31.173461     3705127213.514439
210      27.969216      -67216.227029      26.212389      31.179052     3705128097.019972
211      27.909581      -67215.224662      26.199476      31.163730     3705128988.198945
212      27.784779      -67215.904945      26.220665      31.210817     3705129890.833572
213      27.952477      -67214.955193      26.201893      31.152254     3705130812.489288
214      28.095816      -67215.369259      26.161525      31.109988     3705131712.994793
215      28.033732      -67216.476817      26.190509      31.208706     3705132588.972897
216      27.782987      -67217.545068      26.160483      31.204184     3705133483.731074
217      27.843645      -67216.480103      26.171840      31.200168     3705134397.091315
218      27.964724      -67214.876325      26.168647      31.155869     3705135298.321862
219      27.872399      -67213.614540      26.184347      31.128878     3705136162.700303
220      27.713175      -67213.667111      26.131076      31.187102     3705137041.924591
221      27.827950      -67213.788682      26.149784      31.178804     3705137923.129993
222      27.989623      -67214.123833      26.185465      31.152868     3705138808.450630
223      27.996545      -67215.964102      26.238184      31.172457     3705139704.994910
224      27.796332      -67215.651886      26.196760      31.153183     3705140614.729944
225      27.952954      -67217.798180      26.213815      31.189478     3705141486.264793
226      27.935670      -67219.346596      26.184091      31.207439     3705142366.572144
227      27.812994      -67218.120334      26.190593      31.181286     3705143266.945642
228      27.851863      -67217.367565      26.170044      31.160025     3705144163.867943
229      27.992891      -67216.328915      26.169129      31.152648     3705145050.556659
230      28.050275      -67216.946831      26.159708      31.192554     3705145942.771690
231      27.966304      -67216.660875      26.196622      31.176391     3705146810.730335
232      27.929498      -67219.432079      26.190040      31.176117     3705147696.742012
233      28.008300      -67220.747308      26.177824      31.200082     3705148569.764946
234      27.889867      -67218.544411      26.198140      31.163794     3705149436.458519
235      27.910118      -67218.314289      26.231307      31.186682     3705150324.681322
236      27.927825      -67217.798180      26.167576      31.172375     3705151197.024217
237      28.117281      -67218.689062      26.150380      31.171536     3705152083.445917
238      27.910255      -67219.971300      26.255262      31.147295     3705152974.947908
239      27.893620      -67224.463888      26.243472      31.195025     3705153885.956015
240      28.104100      -67224.562580      26.268621      31.212752     3705154765.956348
241      28.023995      -67225.700902      26.249390      31.225148     3705155620.389218
242      27.874246      -67225.898314      26.224966      31.168619     3705156517.595536
243      28.049830      -67227.964823      26.237261      31.230938     3705157396.230791
244      28.144121      -67227.464604      26.240616      31.229637     3705158285.348646
245      27.918062      -67227.596238      26.249086      31.224847     3705159163.900896
246      28.044269      -67228.665835      26.232612      31.208774     3705160045.035294
247      28.031072      -67228.043807      26.193910      31.233102     3705160941.585574
248      28.119825      -67228.017479      26.224629      31.197869     3705161820.674854
249      27.937987      -67229.893562      26.242929      31.243250     3705162716.061068
250      27.964267      -67228.557224      26.220966      31.250863     3705163590.694094
251      28.097920      -67226.790012      26.217816      31.176797     3705164498.773033
252      27.957598      -67225.852251      26.233187      31.196632     3705165421.997838
253      28.082588      -67227.780529      26.222741      31.226737     3705166331.545862
254      27.816133      -67227.306647      26.270335      31.198733     3705167216.603484
255      28.028794      -67227.708128      26.259811      31.211427     3705168120.043158
256      28.176599      -67229.646686      26.230726      31.219849     3705169014.105295
257      27.849236      -67230.624355      26.296774      31.224209     3705169904.564227
258      28.047688      -67230.387335      26.254491      31.253537     3705170770.581760
259      28.203100      -67231.151090      26.240055      31.219145     3705171641.517574
260      27.814699      -67232.224410      26.270064      31.218339     3705172514.441503
261      28.037409      -67230.782372      26.223625      31.202653     3705173410.445752
262      28.019855      -67233.248466      26.210207      31.243221     3705174281.216557
263      27.996042      -67235.082843      26.251689      31.257466     3705175169.847384
264      28.025916      -67234.990621      26.240110      31.233065     3705176067.830746
265      27.963644      -67236.749592      26.224077      31.241925     3705176963.247960
266      28.095375      -67234.213360      26.263131      31.266940     3705177843.252294
267      27.975093      -67233.225415      26.234867      31.227645     3705178744.395836
268      28.003831      -67233.719374      26.202763      31.234237     3705179631.443573
269      28.043135      -67233.136505      26.216762      31.182687     3705180554.225353
270      27.939877      -67234.480124      26.224509      31.259223     3705181445.757346
271      27.863470      -67236.024880      26.278600      31.223784     3705182337.293338
272      28.040868      -67235.122367      26.259321      31.210480     3705183203.487882
273      28.096311      -67236.881364      26.268273      31.245224     3705184097.325006
274      28.023963      -67239.721534      26.264769      31.235747     3705184995.785395
275      27.839890      -67239.078956      26.302808      31.258836     3705185884.426222
276      28.148008      -67240.143354      26.274173      31.248983     3705186793.442215
277      28.001503      -67240.037897      26.261373      31.279296     3705187688.138389
278      27.854431      -67237.599558      26.261593      31.235608     3705188588.943912
279      27.925628      -67234.582221      26.214646      31.226815     3705189484.766150
280      28.040990      -67235.036732      26.237493      31.223080     3705190379.426322
281      28.167361      -67236.967017      26.243867      31.254115     3705191279.765819
282      27.919475      -67237.339288      26.192124      31.253520     3705192195.245181
283      28.138944      -67235.333165      26.217437      31.269787     3705193139.654198
284      28.128055      -67234.358268      26.174510      31.260123     3705194061.315914
285      28.126030      -67231.766752      26.213579      31.200337     3705194972.481030
286      28.151371      -67234.720548      26.254900      31.268038     3705195869.946362
287      28.052032      -67236.397111      26.270993      31.214637     3705196785.025701
288      27.928574      -67237.751110      26.288354      31.286588     3705197679.634870
289      28.302416      -67240.143354      26.298689      31.262848     3705198593.820158
290      28.236254      -67240.459732      26.282452      31.279822     3705199496.249774
291      28.045597      -67241.692398      26.261732      31.268560     3705200386.815712
292      28.047966      -67241.876983      26.293530      31.282236     3705201298.056832
293      28.181113      -67244.105493      26.294099      31.270784     3705202192.295979
294      27.920646      -67242.674698      26.305148      31.251678     3705203090.932378
295      27.978258      -67243.927455      26.329337      31.247890     3705204018.120410
296      28.001264      -67243.630733      26.292187      31.285991     3705204977.710296
297      28.096583      -67243.558203      26.290961      31.265136     3705205898.148942
298      28.150583      -67246.756702      26.273956      31.299836     3705206791.968066
299      27.932106      -67248.023233      26.292132      31.323368     3705207686.281218
300      27.900186      -67247.317383      26.308901      31.343198     3705208598.515394
301      28.115623      -67245.984999      26.306805      31.269031     3705209487.132220
302      28.134957      -67245.470568      26.291425      31.284543     3705210369.685699
303      28.002394      -67248.260728      26.365229      31.314610     3705211255.011337
304      28.343703      -67250.207106      26.317736      31.318669     3705212157.229941
305      28.192272      -67250.946183      26.355031      31.319766     3705213059.228532
306      27.880433      -67251.150759      26.343014      31.302559     3705213955.668806
307      28.204059      -67252.609331      26.408181      31.336329     3705214861.468615
308      28.173427      -67250.596433      26.337514      31.307281     3705215763.344199
309      27.958551      -67250.322583      26.333610      31.339000     3705216651.010971
310      27.866353      -67251.005575      26.331224      31.316306     3705217534.520504
311      28.287163      -67249.210770      26.326798      31.318396     3705218414.417832
312      28.172491      -67247.521876      26.306923      31.302885     3705219312.484199
313      27.876201      -67244.646222      26.287871      31.319614     3705220217.116940
314      28.023854      -67244.448390      26.294546      31.274923     3705221120.824629
315      28.237495      -67242.160460      26.261983      31.285677     3705222038.108094
316      28.055854      -67241.639660      26.181423      31.299082     3705222958.848758
317      28.086969      -67240.466324      26.235779      31.272454     3705223852.019845
318      27.996001      -67237.507309      26.246511      31.270365     3705224756.842597
319      28.033456      -67237.217392      26.236936      31.240555     3705225632.174664
320      28.077714      -67238.159657      26.254976      31.296997     3705226532.638167
321      27.856214      -67237.579790      26.265950      31.294685     3705227410.383371
322      27.884295      -67239.299734      26.257466      31.271270     3705228292.095802
323      27.962465      -67237.151504      26.287107      31.231048     3705229174.249259
324      27.996322      -67236.486054      26.269950      31.275537     3705230047.168187
325      28.061894      -67235.260703      26.271086      31.276892     3705230958.202295
326      27.943968      -67234.107974      26.215071      31.245029     3705231846.344094
327      28.082611      -67233.235294      26.215759      31.211970     3705232760.092357
328      28.087210      -67235.540674      26.222710      31.260446     3705233670.752444
329      27.983114      -67235.049907      26.274906      31.266578     3705234585.382758
330      27.996167      -67234.012469      26.250180      31.260825     3705235471.055415
331      27.980185      -67233.508615      26.264962      31.227157     3705236365.787591
332      27.968013      -67233.548132      26.249244      31.248113     3705237245.927933
333      27.965716      -67232.859903      26.243669      31.224108     3705238171.777888
334      28.143773      -67231.783214      26.217382      31.202252     3705239071.055773
335      28.104410      -67233.798410      26.292748      31.246799     3705240001.757006
336      27.937567      -67237.556728      26.290140      31.238672     3705240917.561387
337      28.071549      -67237.434829      26.289182      31.222472     3705241841.390226
338      28.044027      -67238.924086      26.277902      31.282482     3705242767.337188
339      28.089464      -67240.624517      26.299226      31.260375     3705243674.664084
340      27.918046      -67238.838414      26.252105      31.280754     3705244557.719592
341      28.218382      -67238.265092      26.301398      31.249815     3705245444.839332
342      28.082629      -67238.920790      26.284426      31.247345     3705246342.644684
343      27.891910      -67241.718767      26.262072      31.267741     3705247222.090985
344      27.926209      -67242.727442      26.257962      31.333224     3705248128.016801
345      28.097819      -67241.547369      26.291269      31.303567     3705249019.082767
346      28.029497      -67240.173014      26.272658      31.264353     3705249894.651847
347      27.964803      -67238.139888      26.227576      31.284440     3705250776.386279
348      28.013930      -67237.105382      26.235551      31.262524     3705251673.057566
349      28.056235      -67236.285111      26.243923      31.274736     3705252569.963866
350      28.076190      -67234.997209      26.185025      31.271914     3705253444.627893
351      28.149236      -67233.956484      26.323503      31.235875     3705254322.117083
352      27.794509      -67236.818772      26.292304      31.256760     3705255180.782196
353      27.944787      -67236.920896      26.295517      31.287438     3705256064.097719
354      28.053859      -67237.896076      26.282634      31.272839     3705256953.208573
355      27.886353      -67237.899371      26.297123      31.232412     3705257833.270910
356      28.043840      -67237.138326      26.244557      31.270050     3705258727.952083
357      28.129244      -67236.393817      26.284055      31.247671     3705259643.498449
358      27.896160      -67236.980195      26.233412      31.285826     3705260538.524642
359      27.806175      -67235.550555      26.270385      31.240843     3705261420.081064
360      28.017205      -67236.878070      26.233235      31.297665     3705262327.421961
361      27.921006      -67236.387229      26.221450      31.250187     3705263232.629736
362      27.888058      -67233.686442      26.247933      31.285175     3705264139.114583
363      28.011017      -67233.712788      26.234495      31.263096     3705265048.507597
364      28.082810      -67233.284689      26.253319      31.227651     3705265967.626168
365      28.060814      -67231.513239      26.274904      31.267500     3705266904.627761
366      27.984802      -67232.803926      26.297148      31.228276     3705267799.656954
367      27.844442      -67231.980762      26.297334      31.257116     3705268700.162461
368      27.913628      -67234.259467      26.222219      31.218595     3705269634.933927
369      27.944723      -67232.267214      26.273505      31.228910     3705270575.558727
370      27.871558      -67232.474651      26.251925      31.259547     3705271506.379967
371      28.205636      -67231.783214      26.248439      31.217043     3705272463.512712
372      28.064091      -67231.750290      26.278661      31.224769     3705273384.910413
373      28.051204      -67234.799593      26.298181      31.218437     3705274329.001412
374      28.222630      -67236.367464      26.216933      31.263049     3705275281.109869
375      28.005142      -67234.799593      26.223461      31.253332     3705276274.290676
376      27.967396      -67234.322041      26.220136      31.264138     3705277261.265128
377      27.996005      -67234.957685      26.252119      31.201272     3705278215.750721
378      27.808648      -67234.427430      26.235506      31.212563     3705279162.756886
379      27.907414      -67236.769358      26.222055      31.286834     3705280108.015953
380      27.882124      -67235.860181      26.251084      31.244388     3705281067.527833
381      27.921035      -67235.988646      26.193689      31.252064     3705282010.841788
382      28.012302      -67237.395295      26.291824      31.222314     3705282965.717403
383      28.047582      -67242.476911      26.320695      31.291559     3705283915.708740
384      28.036092      -67244.715464      26.304494      31.308799     3705284831.026093
385      27.895761      -67246.446694      26.357691      31.303221     3705285749.134606
386      27.883097      -67246.364247      26.321873      31.301506     3705286665.298007
387      28.030376      -67247.581246      26.350587      31.291568     3705287592.935066
388      28.102237      -67249.026032      26.333058      31.276761     3705288525.335395
389      27.956442      -67250.028945      26.457548      31.292080     3705289450.760327
390      28.084218      -67253.579646      26.367034      31.302533     3705290382.204602
391      27.937612      -67256.121454      26.342950      31.330222     3705291325.915579
392      27.900884      -67255.434764      26.363064      31.314778     3705292260.759049
393      28.028135      -67255.778102      26.350906      31.339020     3705293173.585260
394      28.026513      -67254.503855      26.261490      31.363516     3705294118.088283
395      28.047862      -67252.345319      26.283386      31.333197     3705295046.199368
396      27.849147      -67251.705120      26.299020      31.326025     3705295975.519522
397      27.917281      -67251.055070      26.370176      31.329904     3705296907.592834
398      27.932493      -67250.207106      26.349020      31.271532     3705297835.688918
399      27.998609      -67250.332481      26.308902      31.275266     3705298777.395780
400      28.138441      -67250.629428      26.346051      31.290776     3705299722.762852
401      28.087580      -67250.358876      26.339826      31.275372     3705300676.611409
402      27.937832      -67250.609631      26.331030      31.294857     3705301614.978080
403      27.885899      -67252.744641      26.347798      31.326008     3705302560.826180
404      27.870130      -67252.642334      26.304194      31.334843     3705303507.516327
405      27.969927      -67250.200507      26.298564      31.300389     3705304431.461174
406      28.281247      -67250.170814      26.285370      31.346713     3705305360.080288
407      28.019778      -67248.128785      26.284151      31.309925     3705306305.833382
408      28.221227      -67245.061683      26.254521      31.272284     3705307280.226114
409      28.204861      -67246.895220      26.259103      31.280054     3705308242.337144
410      27.889836      -67247.231630      26.279137      31.307274     3705309190.417370
411      27.803809      -67243.947237      26.250266      31.275699     3705310149.702239
412      28.020339      -67243.050507      26.291252      31.283678     3705311110.663202
413      28.255583      -67243.307648      26.320771      31.272687     3705312012.677794
414      28.169768      -67241.857206      26.332207      31.238251     3705312925.963032
415      27.972465      -67242.078053      26.317221      31.255539     3705313843.081488
416      27.907599      -67242.496689      26.293691      31.258132     3705314748.057250
417      27.985852      -67242.457132      26.272518      31.263751     3705315685.412863
418      27.953035      -67243.034023      26.248689      31.251261     3705316632.708045
419      28.012539      -67240.584969      26.286225      31.284019     3705317583.777443
420      28.071797      -67241.033197      26.260945      31.300593     3705318514.914701
421      28.084580      -67240.914546      26.261635      31.287643     3705319443.680824
422      27.931339      -67239.019644      26.274084      31.266919     3705320358.648157
423      27.956652      -67237.905961      26.237842      31.241220     3705321284.277100
424      27.898893      -67238.472669      26.234053      31.256651     3705322201.872583
425      28.058331      -67238.894430      26.247428      31.268962     3705323135.163965
426      28.009742      -67235.945824      26.234150      31.247965     3705324072.709589
427      28.174689      -67235.837123      26.228107      31.241292     3705325028.897280
428      28.177377      -67235.115780      26.296186      31.244887     3705326004.892104
429      28.079898      -67236.153347      26.285421      31.236082     3705327010.789638
430      28.212467      -67236.848421      26.289622      31.273285     3705327998.358123
431      27.977907      -67238.100351      26.275285      31.262099     3705328961.869233
432      28.179433      -67237.019727      26.294048      31.282748     3705329919.271994
433      28.093191      -67236.103937      26.245528      31.221326     3705330878.739872
434      27.864030      -67235.932648      26.291771      31.231274     3705331821.347785
435      27.959699      -67235.418803      26.276159      31.238931     3705332774.794320
436      27.921936      -67236.677118      26.266750      31.250880     3705333739.679508
437      27.840113      -67236.525584      26.292057      31.232944     3705334712.571155
438      27.996355      -67238.001508      26.240328      31.294518     3705335665.753674
439      28.002748      -67238.377117      26.224328      31.294860     3705336629.238781
440      28.024647      -67235.254115      26.222957      31.261846     3705337583.525363
441      28.113618      -67234.470244      26.211860      31.246473     3705338522.197053
442      27.977002      -67233.758892      26.178868      31.217986     3705339479.193789
443      28.116080      -67232.649165      26.236282      31.219571     3705340433.058347
444      28.036110      -67234.516352      26.271823      31.230943     3705341396.195436
445      28.201559      -67233.317619      26.302018      31.209756     3705342348.371898
446      28.074424      -67235.774539      26.277125      31.227408     3705343279.587160
447      28.130677      -67235.359515      26.310242      31.264115     3705344249.007607
448      28.033908      -67235.474797      26.320045      31.216045     3705345224.678413
449      28.044590      -67238.716497      26.300414      31.280731     3705346174.587744
450      28.032524      -67240.347681      26.266824      31.265973     3705347138.034851
451      27.875818      -67240.202674      26.290289      31.285268     3705348096.679682
452      28.043934      -67241.451784      26.302091      31.268294     3705349029.770051
453      28.016911      -67240.341089      26.270300      31.254624     3705349996.321335
454      27.936970      -67241.234248      26.270394      31.296773     3705350937.070142
455      28.113508      -67241.283688      26.283202      31.278023     3705351888.614568
456      28.056932      -67241.560554      26.308132      31.226438     3705352845.330289
