1      28.234292      -67138.288730      25.767696      30.803706     3707864569.784387
2      28.203807      -67144.073863      25.773051      30.821263     3707865332.260998
3      28.232076      -67144.106466      25.773416      30.802196     3707866086.235123
4      28.117811      -67143.914110      25.807933      30.851386     3707866860.944434
5      28.344353      -67145.779158      25.755625      30.832700     3707867629.363385
6      28.230117      -67144.429241      25.794820      30.894840     3707868366.726560
7      28.266042      -67145.384596      25.805220      30.882699     3707869121.977757
8      28.195995      -67145.371553      25.777587      30.855588     3707869898.022145
9      28.268322      -67145.025918      25.794190      30.826222     3707870644.858861
10      28.100066      -67149.804040      25.819551      30.814545     3707871398.914991
11      28.364789      -67153.765470      25.797442      30.839386     3707872160.223535
12      28.168404      -67154.078805      25.807588      30.874172     3707872926.766379
13      28.291035      -67150.740397      25.831744      30.885355     3707873668.974831
14      28.352681      -67146.927075      25.849541      30.813925     3707874416.852607
15      28.267237      -67145.508506      25.835870      30.799932     3707875178.383164
16      28.220564      -67147.204293      25.880806      30.779642     3707875961.343947
17      28.208182      -67149.680070      25.847096      30.821682     3707876735.284214
18      28.047381      -67149.370153      25.885573      30.831084     3707877501.663048
19      28.187003      -67149.618086      25.862504      30.857052     3707878267.471850
20      28.057486      -67152.117379      25.848752      30.882528     3707879047.472464
21      28.273750      -67151.879165      25.884013      30.824914     3707879814.021308
22      28.327672      -67151.758429      25.859456      30.810554     3707880547.668270
23      28.106295      -67152.107589      25.903396      30.853580     3707881273.996814
24      28.116306      -67152.052114      25.857369      30.820979     3707882032.331188
25      28.403546      -67153.980887      25.875435      30.833077     3707882784.987237
26      28.232540      -67155.919872      25.882791      30.894012     3707883546.747807
27      28.352897      -67155.377958      25.875931      30.864328     3707884297.478747
28      28.315000      -67154.914419      25.872191      30.862014     3707885056.846180
29      28.124013      -67156.866669      25.876330      30.860791     3707885807.665125
30      28.036572      -67157.451121      25.875416      30.841384     3707886571.089789
31      28.244505      -67159.479045      25.915379      30.863359     3707887334.561458
32      28.345364      -67162.536501      25.908553      30.874411     3707888092.394803
33      28.260527      -67170.246882      25.989190      30.905658     3707888888.669348
34      28.259856      -67175.061506      25.994123      30.935516     3707889663.471664
35      28.139146      -67182.357111      26.012331      30.987527     3707890415.841697
36      28.516090      -67187.879448      26.036468      31.002167     3707891169.353795
37      28.318974      -67192.572536      25.996052      31.040545     3707891938.774804
38      28.231797      -67195.821795      26.014293      31.042182     3707892719.468457
39      28.244815      -67198.196376      26.020129      31.035010     3707893476.474755
40      28.264440      -67199.610276      26.037510      31.029092     3707894238.989369
41      28.298179      -67201.296754      26.062062      31.005765     3707894974.541440
42      28.142601      -67202.743969      25.996645      31.030729     3707895698.357840
43      28.085326      -67203.019656      26.047517      31.082457     3707896435.880024
44      28.289220      -67203.062322      26.017553      31.071762     3707897171.171080
45      28.186738      -67204.759307      26.038177      31.067667     3707897901.869874
46      28.117150      -67204.979249      26.008928      31.063458     3707898639.991091
47      28.271019      -67206.059344      26.034307      31.091346     3707899393.430186
48      28.262944      -67208.682982      26.006804      31.083781     3707900156.092808
49      28.126814      -67212.486834      26.020970      31.067053     3707900934.218314
50      28.470545      -67215.000639      26.002134      31.172544     3707901690.895594
51      28.254999      -67215.279995      26.000223      31.167417     3707902440.924493
52      28.262074      -67214.435381      25.936305      31.134695     3707903215.757811
53      28.394766      -67215.115667      25.986010      31.163757     3707903975.859286
54      28.242145      -67214.162624      25.998523      31.142390     3707904719.170801
55      28.304429      -67214.734437      25.941015      31.210541     3707905472.377882
56      28.326720      -67214.379515      25.981407      31.142331     3707906206.351862
57      28.351358      -67211.596494      25.965048      31.125453     3707906959.226925
58      28.237441      -67210.614267      25.951975      31.128238     3707907712.644018
59      28.385810      -67210.390900      25.962290      31.129428     3707908450.205204
60      28.476248      -67209.642003      25.906464      31.129214     3707909186.150298
61      28.223831      -67208.903023      25.946712      31.108237     3707909934.032073
62      28.446144      -67208.104993      25.889283      31.165151     3707910714.890736
63      28.120901      -67207.014797      25.903348      31.164732     3707911480.604533
64      28.132048      -67206.141424      25.921090      31.140678     3707912216.169605
65      28.383635      -67203.879591      25.863831      31.161473     3707912975.849056
66      28.128118      -67203.945239      25.908729      31.107878     3707913764.252150
67      28.343834      -67205.432282      25.901406      31.108956     3707914525.730704
68      28.443012      -67204.194703      25.908333      31.111185     3707915293.042592
69      28.300711      -67204.998946      25.888676      31.120403     3707916049.445855
70      28.489395      -67206.545266      25.967113      31.121486     3707916806.666166
71      28.299182      -67205.602996      25.946257      31.124893     3707917586.558773
72      28.282256      -67205.209046      25.965464      31.115000     3707918364.471267
73      28.228096      -67207.937514      25.882065      31.138596     3707919137.133461
74      28.127626      -67209.385816      25.944452      31.119409     3707919913.758882
75      28.370424      -67210.496013      25.935377      31.153192     3707920675.328441
76      28.438851      -67213.009252      25.907188      31.159748     3707921425.214332
77      28.248347      -67214.027892      25.964102      31.150867     3707922178.057392
78      28.393303      -67213.475840      25.932436      31.155600     3707922909.173210
79      28.332698      -67213.725574      25.939285      31.136718     3707923633.746653
80      28.403545      -67214.290786      25.969835      31.172949     3707924364.874470
81      28.435229      -67213.091396      25.926680      31.140429     3707925116.260447
82      28.442416      -67212.854823      25.947223      31.148731     3707925851.712513
83      28.435925      -67214.192200      25.951680      31.129795     3707926593.954967
84      28.474393      -67213.410122      25.963481      31.167587     3707927346.723022
85      28.467114      -67212.812110      25.926723      31.176065     3707928069.924387
86      28.465196      -67211.754186      25.937645      31.140412     3707928776.980829
87      28.269384      -67211.215416      25.956969      31.114455     3707929485.135333
88      28.379692      -67210.430317      25.927401      31.174425     3707930197.571082
89      28.461562      -67208.761802      25.921842      31.165691     3707930918.109294
90      28.352112      -67207.901392      25.898277      31.177744     3707931663.135907
91      28.303136      -67206.125008      25.943689      31.129518     3707932409.974624
92      28.455937      -67207.011514      25.945861      31.121727     3707933180.767711
93      28.258760      -67205.727751      25.924329      31.139721     3707933926.350356
94      28.424179      -67205.468394      25.927256      31.150937     3707934687.644899
95      28.309216      -67206.075760      25.964752      31.133019     3707935472.351782
96      28.240091      -67205.537337      25.875424      31.154448     3707936251.629354
97      28.503350      -67207.011514      25.923664      31.169804     3707937014.774003
98      28.300417      -67206.374534      25.903103      31.162410     3707937810.791533
99      28.441791      -67205.107278      25.891216      31.137478     3707938585.353835
100      28.404998      -67203.584184      25.875026      31.157059     3707939339.516971
101      28.173001      -67201.857891      25.914566      31.120125     3707940098.133362
102      28.338317      -67200.522378      25.899834      31.133289     3707940862.734095
103      28.393801      -67198.301345      25.918918      31.084901     3707941649.619102
104      28.506930      -67197.068042      25.926796      31.128987     3707942428.206635
105      28.341809      -67193.106894      25.896801      31.109948     3707943201.096841
106      28.589244      -67190.127363      25.883850      31.114473     3707943949.985675
107      28.329472      -67184.528295      25.851217      31.104848     3707944720.804763
108      28.495861      -67181.214423      25.860518      31.047471     3707945514.274147
109      28.441920      -67174.142209      25.796228      31.041904     3707946282.537090
110      28.162740      -67163.614702      25.873645      30.950866     3707947054.774259
111      28.342675      -67159.260229      25.849064      30.943655     3707947802.502027
112      28.315414      -67155.596678      25.825400      30.883240     3707948588.510983
113      28.418990      -67150.299938      25.831368      30.854456     3707949369.987681
114      28.376186      -67145.485681      25.813341      30.868995     3707950138.554641
115      28.160883      -67142.303701      25.777125      30.858137     3707950956.642433
116      28.145284      -67141.257418      25.783887      30.834299     3707951756.045156
117      28.180235      -67139.015331      25.767824      30.836214     3707952559.204094
118      28.227959      -67138.738369      25.809012      30.784684     3707953365.845231
119      28.245118      -67140.810911      25.814573      30.869751     3707954209.392479
120      28.215666      -67141.120530      25.781231      30.867288     3707955043.405182
121      28.475828      -67138.865445      25.769790      30.824051     3707955860.133897
122      28.239779      -67135.659776      25.798454      30.796904     3707956677.012619
123      28.649794      -67136.412222      25.751940      30.804536     3707957512.594412
124      28.280608      -67138.125823      25.842297      30.789871     3707958325.977934
125      28.350419      -67140.573000      25.769437      30.812137     3707959149.800055
126      28.179227      -67140.269918      25.775927      30.832436     3707959972.995138
127      28.351910      -67144.360773      25.790336      30.831198     3707960768.785655
128      28.179914      -67146.636821      25.887396      30.800506     3707961581.806158
129      28.232766      -67149.895388      25.894002      30.836651     3707962374.740510
130      28.066160      -67153.523948      25.896258      30.819687     3707963185.806901
131      28.261450      -67154.780585      25.888710      30.841821     3707963993.764113
132      28.124015      -67157.562139      25.885679      30.870968     3707964819.604349
133      28.297508      -67159.939556      25.904852      30.882080     3707965637.285118
134      28.280126      -67160.880248      25.891122      30.884218     3707966432.269588
135      28.281693      -67162.660651      25.884518      30.922777     3707967239.316749
136      28.059837      -67165.849935      25.851815      30.882785     3707968039.633524
137      28.236774      -67165.372776      25.911350      30.903311     3707968840.266317
138      28.113889      -67165.581938      25.877375      30.904840     3707969623.133095
139      28.017598      -67165.585206      25.889073      30.860220     3707970410.538132
140      28.225093      -67165.532915      25.855911      30.900713     3707971204.539546
141      28.089892      -67165.166887      25.883646      30.862943     3707971990.231485
142      28.281253      -67170.138976      25.884310      30.939452     3707972771.235156
143      28.291488      -67169.792376      25.898101      30.921881     3707973546.079474
144      28.176859      -67173.213193      25.890636      30.928137     3707974317.631605
145      28.397960      -67178.422172      25.930341      30.958179     3707975092.369917
146      28.181088      -67180.870664      26.007505      30.971652     3707975902.264241
147      28.097761      -67185.779506      25.986883      30.949854     3707976726.296373
148      28.110972      -67188.780511      26.042204      31.008537     3707977571.733729
149      28.257131      -67192.110327      26.057031      31.011420     3707978403.494303
150      28.084881      -67195.028223      26.061553      31.004336     3707979221.496089
151      28.449927      -67198.675305      26.033741      31.023050     3707980057.834926
152      28.257470      -67200.364886      26.048261      31.036264     3707980863.163988
153      28.575664      -67204.877484      26.044260      31.053805     3707981675.646459
154      28.169160      -67209.129637      26.063269      31.098277     3707982486.962864
155      28.346577      -67213.649996      26.103212      31.108216     3707983305.235666
156      28.171165      -67214.961201      26.081869      31.106974     3707984099.583101
157      28.154816      -67216.335053      26.080398      31.114996     3707984913.847673
158      28.467536      -67217.669669      26.084376      31.130720     3707985714.338459
159      28.222418      -67218.113490      26.104851      31.083947     3707986515.682293
160      28.258284      -67215.809152      26.115184      31.077068     3707987297.643019
161      28.344142      -67220.171795      26.093525      31.102328     3707988067.997081
162      27.955597      -67219.905438      26.072363      31.136863     3707988854.599072
163      28.369805      -67222.628579      26.089645      31.141019     3707989652.808727
164      28.321066      -67220.852522      26.010070      31.172074     3707990434.490437
165      28.146839      -67220.027106      26.072386      31.155839     3707991219.796354
166      28.138048      -67218.415959      26.029918      31.116129     3707991975.659586
167      28.239007      -67217.031921      26.013126      31.139734     3707992732.328866
168      28.186547      -67212.651113      26.010419      31.093368     3707993515.811678
169      28.193498      -67212.007156      26.071598      31.085713     3707994308.526019
170      28.226608      -67214.057467      25.992725      31.109610     3707995101.284361
171      28.041999      -67213.262258      26.019424      31.113373     3707995888.726401
172      28.241236      -67214.110046      26.003217      31.116061     3707996674.602350
173      28.137323      -67213.656568      26.017742      31.076342     3707997451.656795
174      28.208181      -67212.884395      26.031917      31.072337     3707998217.308588
175      28.312401      -67216.663758      26.042479      31.109603     3707998992.926951
176      28.205792      -67220.924873      26.034424      31.140928     3707999811.513771
177      28.275777      -67223.589115      26.060112      31.172123     3708000617.144851
178      28.248536      -67224.391834      26.005412      31.166772     3708001418.284674
179      28.277366      -67226.013944      26.019426      31.183641     3708002211.211026
180      28.257262      -67224.306295      25.985909      31.190699     3708003017.214127
181      28.265592      -67222.904887      26.019977      31.186960     3708003806.732285
182      28.306873      -67222.878572      26.001415      31.187779     3708004597.856534
183      28.191938      -67219.790348      25.975883      31.191644     3708005389.226799
184      28.349323      -67219.724583      25.987534      31.181443     3708006187.814475
185      28.290435      -67218.143079      25.967374      31.139542     3708006993.821576
186      28.275274      -67215.523206      25.983681      31.124240     3708007792.708270
187      28.354322      -67214.711433      25.937885      31.136951     3708008593.206056
188      28.156071      -67215.082801      25.905034      31.100524     3708009428.134811
189      28.242106      -67212.240421      26.058522      31.066301     3708010259.037336
190      28.259410      -67214.409091      26.104637      31.064086     3708011064.988434
191      28.151203      -67218.274586      26.006921      31.086439     3708011883.504250
192      28.129480      -67221.960872      26.040235      31.107845     3708012690.235392
193      28.259201      -67223.862163      26.010987      31.147787     3708013511.134345
194      28.160681      -67222.839099      25.982799      31.129377     3708014313.692249
195      28.412326      -67221.174817      25.963941      31.173128     3708015092.763809
196      28.247780      -67219.392476      25.943205      31.144987     3708015873.722477
197      28.167045      -67216.716352      25.963258      31.134777     3708016654.732149
198      28.427130      -67211.941449      25.883254      31.144626     3708017449.659616
199      28.176325      -67207.090318      25.860187      31.111409     3708018265.110257
200      28.418379      -67204.949704      25.904601      31.075361     3708019084.081099
201      28.193793      -67204.431044      25.926110      31.102188     3708019895.324500
202      28.184931      -67201.237689      25.927487      31.058935     3708020719.075616
203      28.063958      -67201.578959      25.882362      31.104680     3708021534.013227
204      28.383402      -67197.910999      25.876684      31.059765     3708022360.824518
205      28.035415      -67195.628314      25.846679      31.060829     3708023187.866822
206      28.241052      -67194.129802      25.808850      31.059936     3708024001.859380
207      28.204343      -67189.213054      25.813323      31.016968     3708024792.658611
208      28.457993      -67187.417483      25.801873      31.007259     3708025595.224515
209      28.507141      -67183.968256      25.882376      30.971298     3708026435.113554
210      28.330797      -67183.699711      25.883630      30.981093     3708027241.777693
211      28.220520      -67183.336207      25.864870      30.987966     3708028063.169673
212      28.282259      -67185.799160      25.912661      31.014211     3708028886.867787
213      28.055109      -67182.514283      25.934462      31.018442     3708029731.458095
214      28.341447      -67180.212647      25.883819      30.972494     3708030563.310674
215      28.357711      -67179.109514      25.913252      31.010634     3708031372.977984
216      28.178571      -67176.072517      25.883709      30.984872     3708032186.820534
217      28.124412      -67173.994999      25.861541      30.943514     3708033036.293120
218      28.321108      -67175.028790      25.911279      30.958971     3708033856.947059
219      28.115041      -67172.356229      25.917089      30.932579     3708034670.096569
220      28.199278      -67172.657138      25.888159      30.969621     3708035477.508749
221      28.246221      -67171.375075      25.861254      30.942305     3708036319.036882
222      28.032094      -67169.831613      25.820905      30.907469     3708037161.703080
223      28.319905      -67169.805455      25.821969      30.923783     3708037985.116177

