1      28.691317      -66925.099851      24.861160      29.847328     3712895960.736857
2      28.641675      -66925.118935      24.846951      29.890278     3712896198.435452
3      28.662967      -66925.271606      24.881762      29.852884     3712896433.601902
4      28.591321      -66926.925707      24.859430      29.879453     3712896671.810527
5      28.738913      -66927.345643      24.780097      29.897591     3712896911.428233
6      28.923317      -66928.153755      24.823660      29.917518     3712897155.461190
7      28.708841      -66928.936484      24.861963      29.912780     3712897401.159244
8      28.616645      -66929.292870      24.916800      29.878523     3712897653.915701
9      28.721796      -66930.540335      24.851371      29.902531     3712897901.388855
10      28.582773      -66931.616093      24.818964      29.914262     3712898147.990960
11      28.865752      -66931.278711      24.844295      29.922641     3712898397.776247
12      28.745887      -66931.043188      24.863714      29.945795     3712898641.178169
13      28.762840      -66930.753567      24.860901      29.894580     3712898888.878337
14      28.729700      -66930.368480      24.828425      29.933819     3712899130.707168
15      28.498346      -66929.808383      24.876740      29.913961     3712899375.848190
16      28.517644      -66930.330290      24.879324      29.893809     3712899627.011555
17      28.635604      -66929.789290      24.873852      29.931495     3712899874.218694
18      28.855864      -66929.859300      24.848141      29.945679     3712900124.354002
19      28.722611      -66930.107522      24.855939      29.866960     3712900370.930105
20      28.626314      -66931.234152      24.890483      29.898362     3712900612.416918
21      28.697897      -66932.048978      24.932891      29.899314     3712900850.540538
22      28.600421      -66932.768378      24.917310      29.927691     3712901088.949173
23      28.729322      -66932.469152      24.860831      29.930198     3712901320.734430
24      28.598789      -66932.940278      24.875388      29.931161     3712901563.932341
25      28.477152      -66933.551506      24.953266      29.907892     3712901801.004901
26      28.601065      -66933.621545      24.888922      29.897745     3712902044.160808
27      28.517106      -66933.777544      24.864263      29.937069     3712902285.055587
28      28.744211      -66934.207349      24.855702      29.948757     3712902529.950593
29      28.734407      -66934.079997      24.835513      29.896804     3712902773.770540
30      28.773625      -66933.666116      24.828682      29.926195     3712903016.294411
31      28.494936      -66933.812564      24.876114      29.941612     3712903257.867229
32      28.588450      -66933.720238      24.866841      29.927107     3712903498.593997
33      28.569996      -66933.522854      24.880092      29.910094     3712903744.030035
34      28.940970      -66932.660146      24.857391      29.903620     3712903985.364839
35      28.693261      -66933.322291      24.879278      29.922035     3712904224.862537
36      28.508054      -66933.838034      24.893078      29.896528     3712904460.002986
37      28.644915      -66934.009954      24.886282      29.886790     3712904701.003771
38      28.647008      -66934.761350      24.869189      29.909734     3712904947.245855
39      28.691842      -66934.933288      24.887215      29.909728     3712905197.708181
40      28.781329      -66934.888712      24.892655      29.922294     3712905446.763426
41      28.870568      -66934.786822      24.840721      29.958496     3712905692.775497
42      28.633109      -66935.926774      24.866654      29.965850     3712905941.512724
43      28.377144      -66936.194269      24.895138      29.960435     3712906188.118829
44      29.076421      -66936.901260      24.889574      29.918319     3712906431.696761
45      28.703456      -66936.665590      24.865200      29.945875     3712906679.427930
46      28.662348      -66936.264329      24.882776      29.950058     3712906927.111098
47      28.918483      -66936.423558      24.864453      29.955794     3712907172.329123
48      28.608689      -66935.863086      24.864054      29.966985     3712907418.284190
49      28.430045      -66933.974933      24.913772      29.908896     3712907667.186427
50      28.530320      -66934.404748      24.851818      29.923597     3712907917.521746
51      28.532088      -66934.035424      24.888961      29.939726     3712908166.311975
52      28.667267      -66934.137305      24.839961      29.941061     3712908412.171038
53      28.671471      -66933.449632      24.908832      29.916984     3712908664.303459
54      28.666663      -66934.449322      24.876823      29.951581     3712908920.730125
55      28.596541      -66934.633990      24.895837      29.926834     3712909165.540128
56      28.505612      -66934.271025      24.853149      29.943915     3712909407.190949
57      28.883785      -66934.608519      24.827819      29.952684     3712909656.255195
58      28.726341      -66934.500265      24.841433      29.927224     3712909904.709406
59      28.601351      -66934.385644      24.824574      29.928850     3712910145.712191
60      28.553235      -66934.035424      24.848213      29.924896     3712910388.664086
61      28.589352      -66934.175511      24.883206      29.934263     3712910634.076123
62      28.534708      -66933.647014      24.819236      29.933070     3712910886.044535
63      28.662884      -66932.354557      24.848423      29.898687     3712911138.522976
64      28.588547      -66932.704712      24.854293      29.917240     3712911388.477273
65      28.693594      -66932.596481      24.873525      29.867677     3712911633.709299
66      28.791978      -66931.934389      24.894961      29.878462     3712911883.556590
67      28.491760      -66931.406023      24.912957      29.883757     3712912132.764843
68      28.265471      -66932.825678      24.882885      29.917725     3712912370.816459
69      28.556880      -66931.880278      24.893571      29.908370     3712912618.450623
70      28.689844      -66932.819311      24.833211      29.918395     3712912861.996553
71      28.617612      -66933.691585      24.936038      29.969627     3712913098.994109
72      28.604606      -66934.328335      24.847761      29.930242     3712913337.660760
73      28.701398      -66933.959014      24.857505      29.934321     3712913581.209690
74      28.469366      -66933.118549      24.904445      29.914265     3712913833.622127
75      28.615874      -66933.144016      24.861226      29.944028     3712914083.614426
76      29.117659      -66932.838411      24.831883      29.932606     3712914334.748790
77      28.670885      -66933.188585      24.847824      29.965987     3712914587.680257
78      28.779490      -66931.832533      24.912110      29.928107     3712914831.674212
79      28.676012      -66931.113208      24.826761      29.895096     3712915074.896124
80      28.602230      -66931.138670      24.841853      29.885465     3712915315.037859
81      28.944452      -66931.100477      24.884789      29.920999     3712915552.945467
82      28.750108      -66931.399658      24.885299      29.912003     3712915794.639291
83      28.782779      -66931.495143      24.909572      29.958267     3712916032.849916
84      28.656617      -66930.565795      24.902760      29.937855     3712916276.272839
85      28.510404      -66931.418755      24.875307      29.891224     3712916510.330225
86      28.613920      -66931.272345      24.902346      29.952739     3712916748.515850
87      28.718809      -66930.317561      24.901285      29.889587     3712916991.448744
88      28.756809      -66930.120251      24.841237      29.939775     3712917235.222687
89      28.547903      -66929.649271      24.899044      29.922128     3712917479.385653
90      28.694860      -66928.637384      24.860282      29.920386     3712917727.327835
91      28.667072      -66927.504714      24.871146      29.916768     3712917967.001543
92      28.711604      -66925.869592      24.883250      29.855284     3712918206.903264
93      28.735478      -66925.914125      24.836124      29.854304     3712918448.004055
94      28.642387      -66926.912982      24.856100      29.874998     3712918690.436921
95      28.591073      -66926.633037      24.934583      29.838880     3712918931.461707
96      28.553488      -66926.763465      24.879849      29.863043     3712919175.173646
97      28.679535      -66928.408293      24.861695      29.869411     3712919419.822639
98      28.714914      -66929.464705      24.860358      29.898215     3712919660.232390
99      28.666078      -66930.202993      24.853282      29.901641     3712919899.756090
100      28.628243      -66930.674002      24.813270      29.880357     3712920136.081607
101      28.713312      -66931.491960      24.832981      29.910288     3712920368.923925
102      28.569462      -66931.253249      24.798990      29.911416     3712920610.579747
103      28.794374      -66929.700187      24.821031      29.902867     3712920852.423579
104      28.607070      -66929.973863      24.814412      29.899794     3712921095.375475
105      28.636201      -66930.457589      24.861106      29.892466     3712921337.223309
106      28.481528      -66930.018415      24.829816      29.907852     3712921581.787297
107      28.441643      -66930.330290      24.822650      29.872025     3712921822.763080
108      28.667556      -66931.552435      24.811914      29.900103     3712922062.416787
109      28.713816      -66931.848448      24.861125      29.896192     3712922300.936430
110      28.900285      -66931.781605      24.844461      29.922805     3712922536.788920
111      28.479212      -66932.908445      24.896803      29.867538     3712922777.274674
112      28.568085      -66934.318783      24.873483      29.926496     3712923022.081677
113      28.818812      -66935.777107      24.847078      29.918443     3712923258.606205
114      28.757319      -66935.964987      24.857676      29.960906     3712923495.006726
115      28.704813      -66936.194269      24.873593      29.925678     3712923735.020454
116      28.713105      -66937.678377      24.861344      29.972413     3712923973.434091
117      28.616708      -66938.318592      24.937937      29.919139     3712924217.121029
118      28.663850      -66937.793039      24.866961      29.986775     3712924451.246421
119      28.724704      -66937.789854      24.858518      29.968921     3712924686.549879
120      28.809456      -66939.226439      24.838581      29.969818     3712924923.143411
121      28.562698      -66939.102202      24.887257      29.927149     3712925157.336806
122      28.427296      -66939.414391      24.919432      29.937206     3712925395.391422
123      28.657242      -66939.500404      24.879504      29.973698     3712925632.610991
124      28.661505      -66940.271372      24.902768      29.961961     3712925873.794785
125      28.600631      -66941.137993      24.868345      29.997412     3712926121.164935
126      28.658330      -66941.157111      24.870296      29.953234     3712926362.868759
127      28.502818      -66942.240507      24.881480      29.971714     3712926605.813654
128      28.557246      -66942.830056      24.913141      30.014392     3712926844.051281
129      28.757238      -66942.183147      24.883355      29.971484     3712927085.658100
130      28.664284      -66941.482116      24.877703      29.977940     3712927327.672942
131      28.837443      -66940.526252      24.835420      29.947691     3712927570.180813
132      28.684563      -66940.054729      24.854586      29.947190     3712927811.137595
133      28.428612      -66940.781139      24.869240      29.974201     3712928053.877479
134      28.662201      -66941.195346      24.939764      29.939253     3712928293.497185
135      28.739253      -66940.252256      24.858665      29.935238     3712928533.167893
136      28.679952      -66939.717033      24.880851      30.006077     3712928773.850659
137      28.798808      -66938.888773      24.865315      29.909376     3712929019.831729
138      28.620086      -66939.736147      24.868048      29.958424     3712929265.292768
139      28.604475      -66940.360579      24.865194      29.937758     3712929514.082998
140      28.787714      -66940.519880      24.857409      29.940714     3712929754.032722
141      28.655335      -66940.296859      24.836364      29.965307     3712929993.325409
142      28.827623      -66939.239181      24.818023      29.980296     3712930230.396969
143      28.798631      -66939.191398      24.856706      29.948824     3712930471.479758
144      28.392451      -66939.073532      24.911026      29.922399     3712930710.711442
145      28.697123      -66938.672164      24.881766      29.965278     3712930940.574589
146      28.902071      -66938.232591      24.868275      29.974636     3712931179.197237
147      28.666204      -66938.493784      24.861840      30.007194     3712931419.627989
148      28.712802      -66938.296296      24.924266      29.948014     3712931665.366045
149      28.653410      -66937.738893      24.935119      29.958290     3712931913.060212
150      28.546497      -66938.194368      24.914486      29.950849     3712932154.881043
151      28.654422      -66937.990516      24.871041      29.933116     3712932398.502977
152      28.804109      -66937.665636      24.877217      29.942703     3712932646.333153
153      28.713700      -66936.786609      24.927044      29.934543     3712932899.212616
154      28.760780      -66936.710176      24.886926      29.918479     3712933150.315979
155      28.697001      -66936.735654      24.862206      29.943144     3712933402.160383
156      28.728480      -66937.111457      24.894173      29.954846     3712933652.478701
157      28.473918      -66936.213377      24.850721      29.938268     3712933904.891138
158      28.672201      -66936.519096      24.847276      29.930689     3712934159.460699
159      28.938123      -66936.226115      24.872318      29.923489     3712934404.515715
160      28.855059      -66935.665655      24.861614      29.912435     3712934655.715082
161      28.640247      -66934.697670      24.892817      29.917357     3712934899.830045
162      28.615441      -66935.404544      24.883740      29.929462     3712935153.717566
163      28.731624      -66935.582863      24.925442      29.926006     3712935407.423078
164      28.718681      -66935.137071      24.864623      29.907533     3712935654.522211
165      28.694981      -66934.442954      24.834174      29.945995     3712935908.533740
166      28.690294      -66933.277722      24.893148      29.903318     3712936164.419376
167      28.935993      -66933.385961      24.885625      29.949169     3712936420.397017
168      28.816230      -66933.748891      24.810750      29.935332     3712936666.592098
169      28.520594      -66933.720238      24.847169      29.915289     3712936915.319325
170      28.718662      -66932.475518      24.894579      29.882950     3712937166.715704
171      28.716845      -66931.966219      24.897432      29.890640     3712937416.674000
172      28.810213      -66932.252696      24.900232      29.901986     3712937664.063150
173      28.642446      -66932.125372      24.910019      29.902865     3712937913.653426
174      28.560071      -66933.424164      24.852994      29.921516     3712938168.503002
175      28.519013      -66934.713590      24.833398      29.962142     3712938412.297947
176      28.616499      -66933.761625      24.835159      29.922407     3712938659.308075
177      28.702865      -66934.092732      24.860389      29.929297     3712938904.479097
178      28.727613      -66933.430531      24.795406      29.930811     3712939147.060973
179      28.715055      -66933.888973      24.850664      29.928943     3712939393.533071
180      28.620953      -66934.175511      24.903345      29.954190     3712939646.775555
181      28.672239      -66934.449322      24.905860      29.911031     3712939890.494495
182      28.620962      -66934.293312      24.867759      29.890244     3712940135.200491
183      28.736119      -66933.812564      24.862532      29.912415     3712940373.460119
184      28.681236      -66934.837767      24.824065      29.923944     3712940613.422844
185      28.551214      -66935.092494      24.868190      29.913148     3712940852.726531
186      28.410595      -66935.264438      24.897456      29.914533     3712941092.093223
187      28.388385      -66935.175281      24.883981      29.916492     3712941325.875594
188      28.487722      -66934.099100      24.893200      29.917273     3712941567.600420
189      28.776225      -66933.042147      24.834583      29.919984     3712941809.923280
190      28.804489      -66932.099907      24.832168      29.914350     3712942049.834002
191      28.452181      -66932.660146      24.852707      29.916597     3712942289.768725
192      28.537025      -66933.067614      24.876841      29.908500     3712942531.081528
193      28.728949      -66932.838411      24.811273      29.920093     3712942774.354443
194      28.687430      -66931.641556      24.821878      29.906022     3712943019.766479
195      28.862390      -66932.290894      24.919589      29.903529     3712943253.244833
196      28.490672      -66933.099448      24.868539      29.913725     3712943492.170499
197      28.609807      -66933.137649      24.854643      29.964393     3712943734.081335
198      28.419570      -66932.411854      24.837414      29.896136     3712943971.756929
199      28.704935      -66932.297260      24.795963      29.934606     3712944215.307860
200      28.651563      -66932.774744      24.842867      29.901995     3712944456.965683
201      28.599474      -66931.724312      24.890128      29.921185     3712944697.784456
202      28.705401      -66930.680367      24.848894      29.887798     3712944941.800413
203      28.573621      -66931.189593      24.800840      29.880571     3712945183.531239
204      28.665804      -66930.654906      24.800076      29.916431     3712945425.763094
205      28.626388      -66929.751103      24.787042      29.882679     3712945668.581983
206      28.730030      -66929.757467      24.805103      29.895218     3712945906.759605
207      28.538629      -66930.578525      24.818972      29.926320     3712946152.816679
208      28.572798      -66931.100477      24.790641      29.953671     3712946390.717287
209      28.516932      -66930.788575      24.809519      29.928090     3712946634.660239
210      28.659721      -66931.164131      24.764431      29.958792     3712946874.012929
211      28.702258      -66931.285077      24.827927      29.949546     3712947116.285787
212      28.615409      -66930.371662      24.810170      29.919002     3712947360.752769
213      28.495269      -66929.910216      24.795417      29.887025     3712947601.909563
214      28.452320      -66929.229229      24.815843      29.912101     3712947842.892345
215      28.636114      -66927.663788      24.847435      29.884500     3712948085.768238
216      28.659765      -66927.536529      24.824904      29.897662     3712948329.096155
217      28.697041      -66926.003190      24.879810      29.847709     3712948573.875156
218      28.715760      -66925.863231      24.783454      29.865687     3712948823.472432
219      28.583905      -66926.353100      24.859450      29.903341     3712949065.919299
220      28.649995      -66926.378548      24.828640      29.912713     3712949308.615181
221      28.744829      -66927.199299      24.793323      29.915542     3712949554.539247
222      28.800260      -66927.352005      24.830245      29.903642     3712949800.894338
223      28.705887      -66926.989333      24.847510      29.853057     3712950047.641450
224      28.443828      -66928.331931      24.797214      29.916379     3712950290.383335
225      28.714225      -66928.484656      24.845143      29.883391     3712950539.128561
226      28.595547      -66929.824295      24.873994      29.905219     3712950783.921563
227      28.712125      -66931.081380      24.797590      29.892420     3712951032.397775
228      28.741906      -66932.017148      24.808880      29.926067     3712951276.406732
229      28.746446      -66932.914811      24.836643      29.901398     3712951516.707476
230      28.513624      -66933.258621      24.875742      29.920852     3712951756.295180
231      28.618345      -66933.758442      24.875426      29.946724     3712951996.918942
232      28.644269      -66933.214052      24.817481      29.937821     3712952233.031448
233      28.739056      -66933.156750      24.865727      29.894490     3712952477.797447
234      28.792031      -66932.698345      24.890331      29.917214     3712952718.255201
235      28.525354      -66932.246330      24.887327      29.947841     3712952961.468112
236      28.573266      -66931.794337      24.862779      29.918222     3712953207.232169
237      28.592490      -66931.316905      24.873957      29.917696     3712953450.223067
238      28.620761      -66931.297808      24.842499      29.922254     3712953702.858517
239      28.702594      -66932.061710      24.794071      29.918599     3712953946.240438
240      28.588758      -66931.775239      24.824996      29.888020     3712954186.072155
241      28.550778      -66930.941342      24.806859      29.888382     3712954427.177946
242      28.614568      -66931.202324      24.851948      29.908431     3712954662.787422
243      28.688808      -66930.944525      24.796098      29.862439     3712954888.076307
244      28.757260      -66930.521240      24.854807      29.908016     3712955122.276703
245      28.718429      -66930.107522      24.884041      29.908673     3712955351.058789
246      28.671558      -66930.756749      24.887142      29.912205     3712955581.979997
247      28.679641      -66931.437852      24.858523      29.929304     3712955819.861602
248      28.608113      -66932.023514      24.864177      29.928873     3712956066.538712
249      28.739223      -66931.985317      24.900788      29.909255     3712956315.739965
250      28.731082      -66931.520606      24.892581      29.919441     3712956559.994936
251      28.519853      -66932.265429      24.902392      29.917794     3712956809.056181
252      28.976701      -66933.462366      24.858301      29.913328     3712957054.174201
253      28.775280      -66933.557873      24.819343      29.903978     3712957296.180043
254      28.877483      -66933.965382      24.823338      29.907003     3712957547.144398
255      28.770695      -66934.092732      24.848679      29.958956     3712957797.719729
256      28.582270      -66934.840951      24.856865      29.963116     3712958042.506731
257      28.489494      -66934.423851      24.839952      29.918575     3712958291.141952
258      28.540121      -66933.952647      24.876214      29.913441     3712958542.309318
259      28.648991      -66934.099100      24.854794      29.923761     3712958781.182981
260      28.830034      -66933.831666      24.861204      29.936591     3712959019.831630
261      28.767050      -66933.070797      24.887626      29.924733     3712959266.321729
262      28.548893      -66933.360493      24.893250      29.952311     3712959511.571756
263      28.911110      -66934.589415      24.867555      29.960022     3712959755.277695
264      28.678292      -66935.722973      24.857632      29.927495     3712960002.184818
265      28.746523      -66936.226115      24.811895      29.943880     3712960244.682688
266      28.697198      -66936.207008      24.849758      29.968828     3712960484.363397
267      28.758928      -66935.672024      24.859064      29.942584     3712960726.875268
268      28.898247      -66935.837611      24.863248      29.963175     3712960975.138467
269      28.412012      -66935.385438      24.922300      29.969239     3712961225.368780
270      28.735989      -66936.321651      24.879262      29.982263     3712961470.343792
271      28.641873      -66936.372604      24.877127      29.935199     3712961714.230741
272      28.747672      -66935.761185      24.885420      29.954064     3712961962.268928
273      28.628719      -66935.990463      24.894311      29.934593     3712962212.649249
274      28.529729      -66935.990463      24.880261      29.918141     3712962460.811443
275      28.671536      -66935.891745      24.851290      29.941380     3712962707.429549
276      28.539934      -66936.216561      24.829187      29.927390     3712962953.459621
277      28.810461      -66936.703807      24.848962      29.925405     3712963200.027724
278      28.777541      -66936.372604      24.839657      29.935199     3712963444.636714
279      28.700947      -66935.984094      24.875552      29.944763     3712963691.832854
280      28.710121      -66935.665655      24.855994      29.939314     3712963934.155714
281      28.455154      -66935.016075      24.851487      29.941111     3712964177.892654
282      28.942175      -66934.115019      24.893264      29.941435     3712964422.177627
283      28.756943      -66934.369725      24.832472      29.947787     3712964663.499430
284      28.711790      -66934.694486      24.899361      29.892317     3712964903.274144
285      28.899919      -66934.347438      24.878751      29.869141     3712965145.594004
286      28.496446      -66934.245555      24.872952      29.905347     3712965384.613675
287      28.529851      -66933.710687      24.912700      29.889297     3712965619.575114
288      28.818183      -66934.003587      24.855344      29.922914     3712965857.520724
289      29.052225      -66934.462058      24.873596      29.922436     3712966102.340726
290      28.716720      -66935.111598      24.859368      29.910212     3712966349.540865
291      28.596523      -66934.802742      24.882471      29.889275     3712966585.020334
292      28.507114      -66935.799398      24.896347      29.937997     3712966829.745332
293      28.717318      -66935.780292      24.889713      29.944409     3712967074.493330
294      28.697329      -66936.990434      24.854808      29.955751     3712967321.636467
295      28.742898      -66936.595528      24.800745      29.955557     3712967568.187568
296      28.872422      -66936.576420      24.891067      29.959651     3712967813.411594
297      28.815833      -66935.729342      24.895594      29.934009     3712968054.153364
298      28.726464      -66935.512808      24.797292      29.930359     3712968305.767755
299      28.615483      -66935.703867      24.837413      29.930431     3712968561.015355
300      28.828935      -66935.117967      24.862204      29.957508     3712968810.662633
301      28.778798      -66934.952393      24.866685      29.916061     3712969053.619530
302      28.812745      -66935.423649      24.868127      29.938344     3712969303.318812
303      28.697005      -66935.754817      24.874154      29.941758     3712969552.150045
304      28.576875      -66936.041414      24.881873      29.952407     3712969792.370784
305      28.644236      -66935.920405      24.811826      29.905578     3712970037.117783
306      28.657834      -66936.990434      24.774708      29.971739     3712970283.248861
307      28.896288      -66937.487276      24.795461      29.945695     3712970521.932513
308      28.654567      -66937.449057      24.845426      29.954810     3712970762.522274
309      28.703876      -66936.423558      24.872181      29.910377     3712971007.808303
310      28.516136      -66936.308913      24.843380      29.988699     3712971259.429695
311      28.954423      -66934.735878      24.829741      29.953426     3712971502.798615
312      28.744928      -66933.576975      24.810521      29.901737     3712971762.096447
313      28.767348      -66933.029413      24.851862      29.940787     3712972005.111346
314      28.753032      -66932.762011      24.805342      29.938324     3712972251.380432
315      28.777730      -66931.221421      24.850620      29.955778     3712972496.546454
316      28.576647      -66931.017726      24.843237      29.928082     3712972744.259623
317      28.417309      -66931.272345      24.857852      29.916822     3712972989.096626
318      28.795612      -66930.123433      24.846636      29.904102     3712973232.261535
319      28.749872      -66931.514240      24.802156      29.916171     3712973480.013706
320      28.825016      -66930.966803      24.808368      29.913048     3712973726.340795
321      28.795352      -66930.174352      24.874008      29.899208     3712973972.357866
322      28.710624      -66928.860117      24.868211      29.883738     3712974226.341393
323      28.547778      -66928.001035      24.823041      29.892342     3712974473.934555
324      28.597542      -66929.222865      24.794035      29.890756     3712974720.541659
325      28.775490      -66928.701022      24.815106      29.882173     3712974967.397779
326      28.977194      -66928.271478      24.870039      29.915673     3712975212.792814
327      28.654987      -66929.121039      24.870674      29.939937     3712975458.463866
328      28.568384      -66928.732840      24.860669      29.939770     3712975706.837073
329      28.564647      -66927.746508      24.866974      29.897346     3712975955.331285
330      28.721409      -66929.000123      24.829903      29.926939     3712976201.491365
331      28.662982      -66929.375605      24.766313      29.915932     3712976458.409060
332      28.836237      -66928.790115      24.822025      29.899448     3712976706.774266
333      28.756961      -66927.905587      24.872303      29.935060     3712976952.955347
334      28.675392      -66927.262927      24.823326      29.918115     3712977198.278378
335      28.854676      -66926.098619      24.817199      29.891197     3712977451.237846
336      28.842623      -66926.912982      24.860316      29.869900     3712977699.435042
337      28.793583      -66927.539710      24.831006      29.880989     3712977948.785305
338      28.754011      -66927.749690      24.840289      29.879978     3712978197.201514
339      28.848235      -66928.424202      24.876747      29.921384     3712978444.642665
340      28.745259      -66928.576929      24.881582      29.902532     3712978689.702682
341      28.629379      -66927.953311      24.824721      29.908835     3712978930.583460
342      28.581019      -66928.061486      24.845769      29.940552     3712979170.026155
343      28.787767      -66927.421997      24.839429      29.896971     3712979410.564914
344      28.603966      -66926.718928      24.800978      29.860546     3712979651.085670
345      28.784082      -66925.755081      24.833606      29.908357     3712979895.042624
346      28.517603      -66925.468810      24.810898      29.880790     3712980135.993406
347      28.677539      -66924.909017      24.854531      29.891985     3712980377.880241
348      28.588943      -66924.775435      24.809960      29.889595     3712980616.809907
349      28.844117      -66924.396963      24.812172      29.884137     3712980856.694627
350      28.979002      -66924.851767      24.840247      29.942735     3712981099.158496
351      28.700182      -66924.416046      24.845038      29.878420     3712981339.386236
352      28.565817      -66923.474704      24.866981      29.898975     3712981584.604261
353      28.665638      -66922.759224      24.796630      29.902361     3712981815.806486
354      28.731162      -66921.722671      24.810695      29.897275     3712982066.516826
355      28.832953      -66920.927850      24.820587      29.858396     3712982307.501609
356      28.699374      -66920.692596      24.826190      29.876919     3712982549.917474
357      28.709502      -66920.438275      24.840148      29.893511     3712982797.080611
358      28.762433      -66919.564099      24.775707      29.864974     3712983039.676487
359      28.638212      -66919.522777      24.805051      29.862954     3712983287.975689
360      28.753005      -66920.107668      24.786344      29.856959     3712983523.514161
361      28.692215      -66920.934208      24.770724      29.865374     3712983764.892967
362      28.800424      -66920.578151      24.834392      29.881326     3712984013.040160
363      28.532800      -66920.063164      24.771407      29.874857     3712984257.803160
364      28.578580      -66920.756178      24.864622      29.862574     3712984502.779171
365      28.638353      -66920.597225      24.818309      29.877463     3712984750.126319
366      28.777491      -66921.344328      24.809160      29.882779     3712984996.947437
367      28.881335      -66921.293459      24.822069      29.849203     3712985247.254754
368      28.684521      -66920.638552      24.814729      29.878556     3712985497.767082
369      28.495273      -66919.573635      24.856079      29.852961     3712985754.306755
370      28.514381      -66919.586350      24.844656      29.891251     3712986007.361229
371      28.637129      -66919.831111      24.828786      29.872998     3712986259.150630
372      28.705979      -66919.389274      24.841983      29.890228     3712986501.384486
373      28.830826      -66919.128632      24.801110      29.846077     3712986745.238433
374      28.861081      -66919.490990      24.821317      29.844750     3712986985.573179
375      28.901595      -66918.709078      24.811119      29.862006     3712987227.820035
376      28.686350      -66919.014207      24.826878      29.865549     3712987469.034832
377      28.895604      -66919.182667      24.831777      29.840731     3712987711.846720
378      28.815911      -66918.423030      24.841343      29.885424     3712987952.037457
379      28.930914      -66917.800111      24.765741      29.856041     3712988203.877862
380      28.695664      -66919.134989      24.826899      29.898245     3712988452.415078
381      28.722436      -66920.015481      24.837496      29.864468     3712988699.529212
382      28.490015      -66919.999587      24.780050      29.908204     3712988942.451107
383      28.616672      -66919.077776      24.789662      29.865804     3712989185.211991
384      28.697501      -66919.014207      24.764107      29.859059     3712989428.338898
385      28.860348      -66919.077776      24.767176      29.875537     3712989672.341854
386      28.699274      -66919.223988      24.837331      29.878441     3712989919.792007
387      28.647438      -66919.274845      24.852994      29.862886     3712990170.491346
388      28.615857      -66917.431465      24.882285      29.865222     3712990419.713601
389      28.853894      -66917.126390      24.815942      29.848238     3712990672.615066
390      28.573370      -66917.844604      24.760534      29.842314     3712990922.748373
391      28.607206      -66917.475956      24.797218      29.879537     3712991170.300532
392      28.661866      -66916.624310      24.738953      29.840197     3712991420.043817
393      28.765915      -66916.560757      24.830745      29.807726     3712991664.234783
394      28.740131      -66916.560757      24.789290      29.889074     3712991907.077673
395      28.595178      -66916.738705      24.828891      29.833472     3712992151.334644
396      28.707579      -66916.668797      24.862331      29.850110     3712992401.408947
397      28.717716      -66916.185807      24.808849      29.838901     3712992640.236607
398      28.793234      -66916.884880      24.766245      29.832900     3712992874.545010
399      28.555062      -66917.221725      24.824761      29.817333     3712993111.278550
400      28.634570      -66917.520447      24.810983      29.815055     3712993351.366282
401      28.443156      -66916.903946      24.805906      29.839002     3712993597.438356
402      28.597256      -66917.081901      24.796556      29.868918     3712993839.877223
403      28.806677      -66916.935723      24.819619      29.860451     3712994080.819004
404      28.766339      -66916.954790      24.839838      29.856820     3712994333.368449
405      28.607565      -66916.872169      24.851915      29.849999     3712994583.322746
406      28.495679      -66917.018345      24.812928      29.847341     3712994835.910193
407      28.545416      -66917.943124      24.798878      29.857542     3712995082.086274
408      28.542875      -66918.581944      24.796317      29.843419     3712995332.258583
409      28.814112      -66918.899782      24.831566      29.854429     3712995576.592557
410      28.605926      -66918.890247      24.788901      29.839094     3712995819.017423
411      28.520582      -66918.124278      24.793055      29.874028     3712996058.052095
412      28.485337      -66918.028933      24.803442      29.823585     3712996292.242490
413      28.643861      -66918.270474      24.862036      29.872297     3712996534.954373
414      28.632313      -66917.132746      24.826273      29.851508     3712996775.841150
415      28.855638      -66916.405056      24.816296      29.866665     3712997020.461143
416      28.549049      -66916.478140      24.802071      29.833817     3712997267.900294
417      28.380257      -66917.100968      24.818650      29.894486     3712997511.243213
418      28.578924      -66917.088256      24.791429      29.850403     3712997760.883492
419      28.596119      -66917.781043      24.804076      29.886555     3712998004.777442
420      28.673315      -66917.622142      24.774388      29.827979     3712998250.885519
421      28.707320      -66918.048002      24.790638      29.857268     3712998497.279611
422      28.597732      -66918.470704      24.777362      29.854561     3712998741.104557
423      28.534980      -66918.410317      24.752991      29.862198     3712998981.971334
424      28.538105      -66919.764357      24.814931      29.901466     3712999225.448260
425      28.748317      -66920.212570      24.823775      29.856453     3712999468.540164
426      28.643320      -66918.944280      24.785373      29.876392     3712999713.219159
427      28.680792      -66917.517269      24.819870      29.881789     3712999961.513361
428      28.710907      -66918.073427      24.808073      29.866871     3713000212.039690
429      28.472565      -66917.742906      24.824298      29.846541     3713000459.282831
430      28.580081      -66918.241870      24.823277      29.852715     3713000703.103777
431      28.953692      -66917.863672      24.819401      29.856528     3713000946.682709
432      28.690515      -66917.393330      24.785640      29.854872     3713001190.979682
433      28.858867      -66917.323416      24.755843      29.864325     3713001436.526726
434      28.896788      -66915.550333      24.795497      29.817809     3713001681.880760
435      28.613376      -66916.814970      24.776033      29.856722     3713001929.399918
436      28.456870      -66916.903946      24.805203      29.842710     3713002172.900845
437      28.578282      -66917.679346      24.798043      29.837479     3713002423.800195
438      28.819610      -66919.573635      24.767313      29.854352     3713002669.080225
439      28.754386      -66919.758000      24.797105      29.858800     3713002918.244476
440      28.723093      -66920.063164      24.876565      29.882272     3713003171.911985
441      28.548605      -66920.005945      24.835584      29.869065     3713003426.877568
442      28.341110      -66920.196676      24.824882      29.876783     3713003670.786519
443      28.597792      -66919.293917      24.800376      29.840714     3713003913.245387
444      28.753866      -66919.166775      24.792833      29.872186     3713004157.495357
445      28.694312      -66919.376560      24.840058      29.820650     3713004399.645207
446      28.760861      -66919.519598      24.814407      29.833740     3713004643.442152
447      28.806243      -66919.541849      24.813560      29.842173     3713004883.023855
448      28.691452      -66920.629015      24.817501      29.820578     3713005131.346058
449      28.620499      -66922.050158      24.793754      29.872634     3713005388.489766
450      28.627423      -66922.269549      24.766536      29.880003     3713005638.533067
451      28.727472      -66923.115367      24.815172      29.865784     3713005891.617543
452      28.647282      -66922.816460      24.827778      29.843263     3713006145.070040
453      28.855999      -66922.269549      24.847574      29.840141     3713006388.906986
454      28.580661      -66921.735389      24.821051      29.895935     3713006629.998776
455      28.609858      -66921.484218      24.856099      29.842088     3713006880.139083
456      28.601306      -66922.015183      24.822889      29.864614     3713007120.285819
