1      29.031479      -66932.188380      25.025001      29.914936     3715391965.680844
2      29.281245      -66931.908313      25.003264      29.936521     3715392253.637314
3      29.158643      -66931.023610      24.982821      29.917910     3715392547.508122
4      29.064796      -66930.889958      25.015524      29.912739     3715392851.468508
5      29.036790      -66931.892400      24.992898      29.925567     3715393154.203824
6      29.233721      -66931.341838      25.014546      29.959969     3715393453.594948
7      29.143955      -66929.909899      24.982754      29.926650     3715393751.765002
8      29.110041      -66930.711757      25.040085      29.928245     3715394050.791106
9      29.187965      -66931.736457      25.025510      29.944637     3715394347.707088
10      28.994416      -66932.035615      25.003780      29.914092     3715394642.635957
11      29.181258      -66932.608498      24.997674      29.913609     3715394942.594114
12      29.233310      -66933.665244      25.022091      29.928045     3715395238.419034
13      29.105089      -66933.060465      25.052882      29.912874     3715395538.861218
14      29.098561      -66932.360244      25.036232      29.946676     3715395829.841862
15      28.883471      -66932.220207      25.030280      29.923174     3715396116.281245
16      29.192229      -66933.028635      25.012956      29.946809     3715396405.072762
17      28.987221      -66933.537919      25.055988      29.896251     3715396696.395426
18      28.933670      -66933.732091      25.047177      29.932484     3715396980.749690
19      28.871172      -66932.742176      25.002196      29.936854     3715397263.415857
20      29.114600      -66933.232345      25.047024      29.957358     3715397551.451332
21      29.067682      -66933.340568      25.046058      29.913302     3715397849.760395
22      29.137674      -66933.082745      25.000299      29.915976     3715398141.535082
23      28.962561      -66931.099984      25.020121      29.923314     3715398433.729795
24      29.301094      -66931.189088      25.035933      29.912549     3715398728.152635
25      28.954973      -66931.984694      25.019025      29.921766     3715399028.409809
26      29.362170      -66933.744823      25.031310      29.912607     3715399323.778703
27      29.123010      -66933.939000      24.969353      29.953473     3715399614.595337
28      29.070314      -66933.302372      25.045201      29.899709     3715399912.737390
29      29.065581      -66931.316380      25.020062      29.898692     3715400200.504849
30      29.054572      -66931.580517      24.974777      29.938219     3715400485.311139
31      29.289082      -66931.144536      25.015385      29.883635     3715400773.662632
32      29.229701      -66931.265463      25.076038      29.926295     3715401075.633903
33      29.022720      -66930.298092      25.031385      29.935854     3715401367.929622
34      29.145111      -66929.273555      25.009440      29.891423     3715401662.317460
35      29.103545      -66929.095386      24.982964      29.918052     3715401951.987028
36      29.057984      -66929.426273      24.995310      29.914282     3715402241.261574
37      29.145997      -66929.782627      25.025082      29.914553     3715402532.742246
38      29.166540      -66930.851772      25.046271      29.969588     3715402825.698001
39      28.844400      -66930.011719      25.017114      29.899251     3715403127.118242
40      29.119769      -66929.031756      24.970532      29.906906     3715403423.577199
41      28.921672      -66929.477180      25.016352      29.918194     3715403722.030269
42      28.903887      -66929.327642      25.019960      29.885151     3715404025.067602
43      28.973867      -66929.753991      25.001320      29.927183     3715404332.737199
44      29.106764      -66928.856773      25.029054      29.910606     3715404632.338335
45      28.943231      -66928.255497      25.018892      29.931598     3715404939.345895
46      29.019144      -66928.888588      25.047443      29.902855     3715405241.086154
47      29.032226      -66928.389110      25.018965      29.900388     3715405542.491394
48      29.058067      -66926.674552      25.026998      29.916913     3715405839.517383
49      29.174193      -66925.768099      25.061247      29.848851     3715406126.525798
50      28.846698      -66926.251529      25.014046      29.896445     3715406417.824459
51      29.328435      -66926.617300      25.006398      29.924562     3715406706.690981
52      29.061436      -66927.686070      25.024075      29.896640     3715407001.804861
53      28.983466      -66928.560902      25.000464      29.908956     3715407303.102094
54      29.064411      -66927.444314      25.062891      29.889181     3715407599.797064
55      28.994326      -66927.450676      24.998539      29.894305     3715407897.351083
56      29.152826      -66929.171744      25.028692      29.920676     3715408202.299526
57      29.001904      -66930.259908      25.031699      29.929676     3715408505.940893
58      29.143234      -66929.499452      25.019720      29.914112     3715408806.108062
59      28.968175      -66928.338210      25.025548      29.932857     3715409107.367293
60      29.080320      -66928.688157      25.033287      29.909003     3715409403.862251
61      29.040824      -66929.661720      25.054088      29.909897     3715409700.817236
62      29.093310      -66930.476284      24.997927      29.908067     3715409998.621269
63      29.132584      -66931.411850      24.960981      29.946810     3715410300.504536
64      29.130797      -66932.411168      25.013262      29.939697     3715410597.308512
65      29.193585      -66933.366032      25.038670      29.975967     3715410893.017426
66      29.236028      -66934.110897      25.020152      29.913381     3715411192.834574
67      29.115616      -66933.716175      25.011763      29.957909     3715411496.486942
68      29.366649      -66934.340099      25.019676      29.956704     3715411793.286918
69      29.068581      -66934.257331      25.033621      29.946177     3715412088.623810
70      29.278894      -66933.633413      25.000892      29.945528     3715412385.462789
71      29.159290      -66932.513015      24.977620      29.930374     3715412685.881972
72      29.172655      -66931.507322      25.007491      29.920546     3715412986.745180
73      29.172245      -66932.213841      25.016208      29.947479     3715413289.197479
74      29.102732      -66932.185198      25.038098      29.947132     3715413590.819731
75      29.271780      -66933.595215      25.018998      29.954179     3715413898.642338
76      29.127444      -66934.002665      24.987639      29.949326     3715414204.385826
77      29.040214      -66934.072697      25.014378      29.946827     3715414515.751635
78      29.198734      -66933.607948      24.997277      29.911131     3715414819.167989
79      29.085645      -66932.958611      25.005414      29.946528     3715415131.051827
80      29.225948      -66933.681160      24.990550      29.956378     3715415432.922093
81      29.160403      -66932.385706      24.986938      29.931485     3715415725.846848
82      29.111724      -66932.054710      24.968504      29.911619     3715416013.978328
83      29.363514      -66930.902686      25.003870      29.928316     3715416314.575521
84      28.954470      -66930.819950      25.007514      29.892066     3715416616.911814
85      29.081021      -66931.230457      25.027907      29.911325     3715416908.466490
86      29.021804      -66931.456403      24.985512      29.918024     3715417202.452305
87      29.247320      -66930.221725      25.005792      29.917937     3715417505.950664
88      29.044730      -66930.864500      25.003013      29.902209     3715417805.954823
89      29.048792      -66931.644166      25.009217      29.921327     3715418105.955982
90      28.998016      -66931.602794      24.989851      29.987429     3715418402.957970
91      29.028566      -66931.348203      24.989756      29.945165     3715418702.274090
92      28.898480      -66931.679173      25.039558      29.953444     3715418995.671871
93      28.971778      -66931.660078      25.017709      29.895900     3715419298.443189
94      29.136236      -66930.934508      25.024132      29.930065     3715419596.430233
95      28.867613      -66930.355367      25.056900      29.936779     3715419897.617459
96      28.844617      -66929.718991      25.038402      29.884172     3715420192.476325
97      29.025102      -66930.024446      24.964722      29.950049     3715420485.867105
98      28.934457      -66930.578109      25.023156      29.931880     3715420776.518730
99      28.975975      -66930.740396      25.037626      29.965897     3715421071.523603
100      29.026686      -66929.725355      25.008462      29.913165     3715421374.076908
101      28.950779      -66929.324461      24.986703      29.910629     3715421672.921001
102      29.048182      -66929.066753      24.996428      29.886422     3715421967.466848
103      29.140351      -66928.204597      25.036009      29.894086     3715422252.491150
104      29.026582      -66927.504752      25.017955      29.915841     3715422546.079942
105      29.017264      -66926.919469      25.014880      29.890319     3715422835.915520
106      28.995369      -66927.883298      25.011530      29.902529     3715423141.538001
107      29.097979      -66929.327642      24.999358      29.933814     3715423449.293604
108      28.995001      -66930.737214      24.991025      29.914444     3715423754.097038
109      29.151051      -66931.329109      25.007003      29.926087     3715424055.296265
110      28.994546      -66932.010154      25.015148      29.947125     3715424358.667617
111      29.118544      -66932.481188      25.016121      29.918197     3715424656.482651
112      29.131372      -66932.554391      25.011970      29.943053     3715424956.857831
113      29.096528      -66932.201111      24.977058      29.937233     3715425255.592918
114      29.036334      -66932.010154      24.955446      29.939942     3715425561.561419
115      29.053421      -66930.138994      25.008266      29.880064     3715425865.331793
116      29.119618      -66930.438099      25.000816      29.939891     3715426166.484018
117      29.167089      -66931.392756      25.023649      29.917074     3715426469.977377
118      29.386497      -66931.195452      25.021913      29.921380     3715426775.253838
119      29.111009      -66929.162199      25.029122      29.910905     3715427081.251340
120      29.283819      -66929.718991      25.005627      29.902479     3715427389.008943
121      29.167065      -66930.578109      25.003959      29.924696     3715427685.588906
122      29.229066      -66931.742822      25.024131      29.928674     3715427989.728302
123      29.150874      -66932.786736      25.063009      29.946534     3715428289.680458
124      29.255135      -66933.668427      25.013676      29.968839     3715428594.099870
125      29.265898      -66934.499270      25.045604      29.940660     3715428903.681577
126      29.118856      -66936.024271      25.066299      29.943070     3715429199.760512
127      29.211161      -66938.606854      25.022455      29.963626     3715429508.987198
128      29.204954      -66939.199264      25.020174      29.937270     3715429812.727571
129      29.205873      -66939.081416      25.040766      29.989162     3715430122.944314
130      29.136487      -66939.256596      25.015256      29.965305     3715430415.861069
131      29.182011      -66938.976309      25.030508      29.961400     3715430713.269079
132      29.115335      -66940.288636      25.069536      29.915456     3715431013.882274
133      29.193707      -66940.212185      25.049797      29.976553     3715431315.198508
134      29.029634      -66940.046542      25.026886      29.963377     3715431605.216096
135      29.291079      -66940.189886      25.048536      29.943098     3715431900.688996
136      29.181529      -66941.339909      25.085968      29.951650     3715432197.373965
137      29.023775      -66941.014957      25.018169      29.982553     3715432491.405783
138      29.145362      -66940.887528      25.062131      29.963043     3715432788.075751
139      28.996570      -66938.982679      25.098185      29.957719     3715433082.759606
140      29.151938      -66938.711956      25.106216      29.920485     3715433380.805654
141      29.031866      -66939.562374      25.085787      29.956800     3715433675.475508
142      28.851445      -66939.734378      25.060735      29.969307     3715433964.079015
143      29.005230      -66940.097509      25.070166      29.980727     3715434248.445280
144      29.155414      -66940.212185      25.045349      29.954309     3715434547.122363
145      29.241958      -66939.514595      25.042521      29.965877     3715434837.522973
146      29.110570      -66938.352066      25.012292      29.950091     3715435131.229772
147      29.199340      -66938.957199      25.044008      29.938616     3715435419.285248
148      29.068934      -66940.352346      25.031403      29.938652     3715435713.925101
149      29.496087      -66940.925757      25.061350      29.949757     3715436018.651530
150      29.087293      -66940.530737      25.050619      29.957441     3715436321.310841
151      29.024276      -66938.944459      25.071111      29.918174     3715436626.157277
152      28.991781      -66936.982702      25.059883      29.955720     3715436925.359390
153      29.376619      -66936.995439      25.052444      29.932600     3715437224.143480
154      29.073955      -66935.998799      25.038573      29.961968     3715437511.361908
155      29.261564      -66935.384312      25.028591      29.955332     3715437807.827865
156      29.114523      -66934.830355      25.042732      29.919511     3715438098.458488
157      29.182677      -66934.578856      25.055291      29.953028     3715438391.990277
158      29.137620      -66935.148717      25.066262      29.932143     3715438686.962149
159      29.081214      -66935.206023      25.033018      29.972690     3715438981.122973
160      29.343773      -66935.518031      24.994484      29.972551     3715439268.758426
161      29.289520      -66935.123248      25.014891      29.933663     3715439572.024771
162      29.315307      -66935.709062      25.045358      29.970769     3715439870.202826
163      29.156491      -66935.339740      25.004531      29.941714     3715440169.554948
164      29.255414      -66935.008636      24.982352      29.938532     3715440467.306978
165      29.181853      -66934.142730      25.000615      29.974912     3715440766.324081
166      29.280060      -66934.674361      25.010028      29.952021     3715441065.563197
167      29.121673      -66933.028635      24.972452      29.958858     3715441370.175619
168      29.339539      -66933.308738      24.961179      29.983383     3715441665.770526
169      29.139044      -66931.806472      24.981780      29.944918     3715441957.886234
170      29.268450      -66928.665888      25.018916      29.892692     3715442246.600748
171      29.222663      -66927.434771      25.005498      29.903974     3715442531.654052
172      29.027788      -66928.440011      25.022917      29.897348     3715442810.411996
173      29.016121      -66928.656343      25.051886      29.938536     3715443086.763803
174      29.269380      -66929.012667      25.033432      29.900341     3715443370.906054
175      29.246766      -66929.448545      25.045265      29.912517     3715443654.919299
176      29.011211      -66930.438099      25.036167      29.913243     3715443944.017835
177      29.083743      -66928.904496      25.012626      29.918677     3715444224.050852
178      29.224085      -66928.828140      24.957063      29.901917     3715444508.497122
179      29.208262      -66927.084871      24.997290      29.909058     3715444794.108458
180      29.226910      -66926.181558      24.992926      29.932777     3715445084.095043
181      29.250765      -66927.498390      24.978363      29.932036     3715445375.452708
182      29.217037      -66926.843131      24.998651      29.902990     3715445669.508527
183      29.259501      -66926.900385      24.994669      29.931954     3715445962.060260
184      29.010930      -66926.960819      25.015516      29.898133     3715446249.995729
185      29.050163      -66927.364790      25.057887      29.901607     3715446543.508517
186      28.996464      -66927.173935      24.999524      29.909416     3715446836.384269
187      28.946308      -66926.941735      25.051491      29.949035     3715447120.186502
188      29.100422      -66927.278905      25.065966      29.904507     3715447410.079082
189      29.061217      -66927.689251      25.090569      29.915191     3715447688.652016
190      28.991155      -66928.510000      25.030692      29.910605     3715447975.200406
191      29.013863      -66928.672250      24.994360      29.928404     3715448256.655504
192      29.040503      -66927.733786      25.005539      29.916760     3715448542.313842
193      29.264026      -66926.525061      25.037161      29.906812     3715448829.657278
194      28.990709      -66927.243915      25.008938      29.925222     3715449125.661208
195      29.221096      -66927.275724      25.019134      29.934387     3715449426.019387
196      29.361905      -66927.441133      24.995457      29.935282     3715449705.744386
197      29.395777      -66926.633203      24.975792      29.892415     3715449988.284547
198      29.174344      -66925.516853      25.004512      29.938684     3715450266.365453
199      28.994849      -66924.693195      25.007729      29.892509     3715450547.798550
200      29.091050      -66923.561186      25.012504      29.918092     3715450838.235162
201      29.125691      -66923.806019      25.014667      29.872032     3715451130.509879
202      29.080827      -66922.403885      25.034735      29.917851     3715451426.557811
203      28.959744      -66923.122411      24.995742      29.865349     3715451713.470222
204      29.152366      -66923.917308      25.025185      29.917204     3715452003.026784
205      29.068093      -66923.278206      25.043195      29.881965     3715452291.992312
206      29.127986      -66923.106514      25.022601      29.897729     3715452587.146194
207      29.039656      -66922.556487      24.993448      29.892046     3715452878.456855
208      29.146177      -66923.186001      25.021986      29.892487     3715453173.412726
209      29.159737      -66923.325898      25.067266      29.937076     3715453463.733331
210      29.178110      -66924.028600      25.037575      29.885671     3715453754.864983
211      29.632977      -66923.096976      25.002662      29.904875     3715454047.429717
212      29.237491      -66923.039746      25.033801      29.887728     3715454344.501709
213      29.405951      -66922.524695      24.998001      29.886589     3715454637.016439
214      29.167962      -66922.658224      25.040916      29.887356     3715454928.951137
215      29.240014      -66922.454752      25.023470      29.858498     3715455220.862833
216      29.194594      -66923.510312      25.004338      29.905375     3715455515.656694
217      29.279472      -66922.861700      25.021842      29.882843     3715455809.941526
218      29.145679      -66923.408566      25.032019      29.923736     3715456103.509318
219      29.316902      -66923.631137      25.019811      29.914202     3715456406.501648
220      29.231755      -66922.651865      24.987279      29.880147     3715456701.497521
221      29.037903      -66920.445712      25.027967      29.850899     3715456989.409989
222      29.420571      -66919.927630      25.012757      29.863420     3715457281.098672
223      29.062408      -66920.420284      25.015691      29.899927     3715457572.399333
224      28.862879      -66921.901586      25.032465      29.869256     3715457864.870062
225      28.928216      -66923.135129      25.035592      29.899698     3715458160.483970
226      28.977300      -66923.100155      24.981604      29.849501     3715458455.586849
227      28.992551      -66922.620073      25.030695      29.889984     3715458752.654840
228      29.035009      -66922.670941      25.009832      29.892274     3715459046.234632
229      29.075184      -66924.753615      25.031384      29.904802     3715459336.333225
230      29.393578      -66926.143391      25.018290      29.933551     3715459628.076912
231      29.258585      -66926.556867      24.992340      29.926405     3715459913.108214
232      29.374875      -66925.125686      25.000585      29.907685     3715460205.978966
233      29.258505      -66925.151127      24.972359      29.921691     3715460493.450408
234      29.125843      -66925.691770      25.052979      29.921543     3715460777.697666
235      29.346745      -66924.591436      24.984372      29.894882     3715461067.952268
236      29.300310      -66923.716988      24.982232      29.922425     3715461355.899738
237      29.387996      -66923.656574      24.952486      29.898546     3715461645.550305
238      29.229848      -66924.775876      25.038029      29.899330     3715461939.501118
239      29.173094      -66925.841248      24.984756      29.932339     3715462229.653714
240      29.065902      -66926.833588      25.064161      29.889511     3715462509.317709
241      29.031477      -66927.682889      25.091246      29.893614     3715462803.996564
242      29.384733      -66928.099617      25.050098      29.946034     3715463098.306397
243      29.101617      -66927.402961      25.009817      29.902456     3715463397.816529
244      29.081422      -66927.402961      24.995770      29.897126     3715463687.884119
245      29.055547      -66927.549286      24.985828      29.933862     3715463972.745413
246      28.914705      -66927.628812      25.014010      29.943218     3715464259.432810
247      29.008596      -66926.957639      25.017845      29.941916     3715464539.930853
248      28.951702      -66926.146572      24.977097      29.905757     3715464829.043390
249      29.090945      -66924.343402      25.024103      29.874420     3715465118.941971
250      29.074427      -66925.373741      25.000655      29.922584     3715465409.973618
251      29.315479      -66925.933480      25.002455      29.919964     3715465710.479805
252      29.323781      -66925.920758      25.019728      29.884921     3715466009.357900
253      29.384523      -66926.719082      24.984569      29.924738     3715466305.461836
254      29.396855      -66927.132584      24.995610      29.911104     3715466602.964853
255      29.149622      -66927.103956      24.989875      29.892914     3715466894.664537
256      29.335681      -66927.670165      25.030097      29.899357     3715467178.502771
257      29.274370      -66927.829219      25.031678      29.925948     3715467477.297862
258      28.963553      -66928.459099      25.015971      29.896265     3715467772.520747
259      29.218488      -66928.128247      25.040382      29.910464     3715468072.969932
260      28.926800      -66927.402961      25.021523      29.896894     3715468368.120813
261      29.130895      -66927.237553      25.031153      29.894608     3715468660.690547
262      29.266939      -66928.751786      25.066552      29.904624     3715468959.741653
263      29.100928      -66928.675432      25.020126      29.906635     3715469256.492626
264      28.957850      -66929.639448      25.058680      29.936919     3715469562.292116
265      28.796754      -66930.638569      25.037447      29.882995     3715469862.414282
266      29.155891      -66930.800857      25.036466      29.944823     3715470163.470501
267      29.074927      -66930.291728      25.038851      29.945792     3715470470.714075
268      29.141981      -66929.938536      25.074874      29.919118     3715470768.850127
269      28.982346      -66931.169994      25.066288      29.937962     3715471071.610445
270      28.957648      -66932.996806      25.077671      29.917716     3715471376.266870
271      28.987036      -66934.878108      25.044565      29.935923     3715471676.752057
272      29.066347      -66934.741215      25.025282      29.930044     3715471975.531146
273      29.150914      -66934.760316      25.034723      29.934060     3715472273.785205
274      29.391488      -66935.037289      25.046380      29.980354     3715472570.937201
275      29.035087      -66933.085928      25.039174      29.913671     3715472862.603883
276      29.341140      -66932.436629      25.074231      29.915701     3715473157.437747
277      29.159014      -66932.271129      25.072623      29.922220     3715473455.689806
278      29.113536      -66933.429694      25.015518      29.979234     3715473753.341830
279      29.294170      -66933.219613      24.978612      29.935062     3715474046.539601
280      29.148155      -66933.149588      24.996590      29.959343     3715474333.881035
281      29.354775      -66932.481188      25.087285      29.929551     3715474621.458484
282      29.207478      -66932.723079      25.037469      29.951607     3715474920.349580
283      29.209142      -66933.483806      25.034934      29.931488     3715475214.822423
284      29.290021      -66933.168685      25.035998      29.962663     3715475508.843240
285      29.181092      -66933.722541      25.072654      29.945654     3715475798.688818
286      29.195496      -66932.859941      25.016018      29.972547     3715476099.725036
287      29.558143      -66933.219613      25.022158      29.920464     3715476395.126932
288      29.268815      -66932.799467      25.024669      29.945658     3715476691.547886
289      29.132241      -66932.423898      25.020805      29.900587     3715476984.284630
290      29.179673      -66932.560756      25.035406      29.931492     3715477278.115436
291      28.924616      -66932.866307      25.051627      29.921132     3715477567.888011
292      29.024947      -66933.566567      24.986105      29.922088     3715477864.925000
293      29.091879      -66933.989932      25.087080      29.930274     3715478160.677916
294      29.175411      -66933.579299      25.014719      29.953189     3715478446.534266
295      29.129873      -66933.047733      24.999923      29.935763     3715478731.082541
296      29.197512      -66932.726262      25.035141      29.915009     3715479016.376859
297      29.178934      -66931.914678      24.993457      29.928900     3715479302.678235
298      29.290553      -66932.665788      25.042387      29.923108     3715479588.556586
299      29.276363      -66932.598950      25.004425      29.921450     3715479879.481225
300      29.258494      -66932.252033      25.025259      29.919131     3715480165.470583
301      29.342669      -66932.586219      25.017249      29.932058     3715480457.207270
302      29.358165      -66932.863124      25.034291      29.932242     3715480749.550991
303      29.268591      -66931.761917      25.004075      29.864792     3715481041.496690
304      29.344819      -66931.099984      25.029953      29.933510     3715481337.610626
305      29.204337      -66931.421397      25.033597      29.933409     3715481637.590784
306      29.182910      -66932.557574      25.050610      29.944456     3715481929.220464
307      29.085482      -66931.647348      25.020467      29.891214     3715482235.093959
308      29.294162      -66932.293408      25.087227      29.901222     3715482540.037401
309      29.104351      -66932.761273      25.040901      29.910051     3715482839.894552
310      29.168793      -66932.509832      25.039648      29.953069     3715483135.602466
311      29.008677      -66933.735274      25.072471      29.950571     3715483429.118254
312      29.011787      -66933.296006      25.059923      29.945101     3715483725.882227
313      29.211401      -66933.006355      25.042363      29.907327     3715484023.377243
314      29.180308      -66934.047231      25.079354      29.939310     3715484326.116559
315      29.059328      -66933.225979      25.054021      29.910062     3715484623.270555
316      29.118403      -66932.850393      25.051562      29.902298     3715484925.924866
317      28.957005      -66932.143823      25.043314      29.889267     3715485221.871793
318      29.223884      -66931.723727      25.059169      29.923963     3715485520.529875
319      29.006745      -66931.290921      25.037282      29.922227     3715485823.650213
320      29.555586      -66931.831932      25.047434      29.898444     3715486116.385956
321      29.292009      -66933.085928      25.059540      29.923867     3715486408.440661
322      29.229615      -66933.092294      25.098189      29.907672     3715486707.425762
323      29.034432      -66933.385131      25.031022      29.920201     3715487006.394862
324      29.062017      -66933.432877      25.046432      29.930357     3715487307.450082
325      29.348195      -66931.882852      24.993328      29.938968     3715487609.525359
326      29.201194      -66933.296006      25.033704      29.931661     3715487908.109437
327      29.266238      -66933.544285      25.043138      29.908095     3715488210.352725
328      29.101669      -66933.942183      24.991842      29.922668     3715488507.407715
329      29.305671      -66933.136856      24.994197      29.911326     3715488809.167974
330      29.109746      -66933.410595      25.035808      29.928877     3715489108.446093
331      29.213111      -66933.951733      25.019507      29.964183     3715489399.534741
332      29.372962      -66934.005848      25.018087      29.930107     3715489688.524271
333      29.249118      -66934.365566      25.071749      29.938501     3715489979.109891
334      29.330028      -66934.868557      25.035864      29.949556     3715490287.750545
335      29.210734      -66936.132527      25.017109      29.964358     3715490588.013719
336      29.109806      -66936.775723      25.029548      29.984548     3715490888.867927
337      29.196593      -66936.887173      25.037725      29.963678     3715491191.555239
338      29.167641      -66934.244597      25.038486      29.926662     3715491493.310499
339      29.098176      -66933.073196      25.056913      29.934707     3715491784.348145
340      29.083544      -66932.551208      25.040518      29.893451     3715492078.298958
341      29.119242      -66933.232345      25.089628      29.937431     3715492376.773030
342      29.083602      -66933.951733      25.043151      29.958158     3715492685.869709
343      28.955384      -66934.397400      25.040275      29.926811     3715492989.333066
344      29.252363      -66934.480169      25.053954      29.989009     3715493286.647072
345      28.909654      -66934.400583      25.068145      29.922653     3715493580.565883
346      28.981319      -66934.149097      25.055422      29.922108     3715493869.852429
347      29.183580      -66933.763923      25.037942      29.906659     3715494169.003540
348      29.299499      -66933.853052      25.052349      29.915822     3715494465.529500
349      29.034171      -66933.897618      25.058616      29.932221     3715494769.838906
350      29.126366      -66933.849869      25.071531      29.892636     3715495080.937699
351      29.532567      -66935.282432      25.062824      29.959094     3715495376.919629
352      29.103806      -66936.091135      25.059547      29.912983     3715495681.965076
353      29.016819      -66937.320247      25.064997      29.955221     3715495985.216421
354      29.129766      -66937.237452      25.067002      29.939132     3715496286.743667
355      29.176235      -66937.307509      25.021871      29.932925     3715496590.206025
356      29.355967      -66937.976266      25.057824      29.943950     3715496887.122007
357      29.291291      -66938.278815      25.078245      29.951651     3715497183.810977
358      29.336200      -66939.524151      25.056606      29.973330     3715497478.884854
359      29.267808      -66940.288636      25.077495      29.953226     3715497777.283922
360      29.304616      -66940.556221      25.035506      29.918615     3715498080.660274
361      29.288389      -66940.040171      25.052611      29.925118     3715498379.230351
362      29.085899      -66939.721637      25.046404      29.960220     3715498682.834716
363      29.024958      -66940.269523      25.056818      29.951759     3715498981.796816
364      29.032006      -66940.521180      25.068605      29.941183     3715499270.554332
365      29.375844      -66940.441541      25.078114      29.952449     3715499553.137495
366      29.130630      -66941.091415      25.061787      29.942543     3715499843.222086
367      29.197367      -66942.047198      25.063320      29.960975     3715500146.140413
368      29.062289      -66942.684442      25.075968      29.983226     3715500448.738720
369      29.118472      -66941.473716      25.034543      29.929711     3715500749.551926
370      29.034950      -66941.253891      25.097323      29.968220     3715501052.542256
371      29.392776      -66941.422742      25.074132      29.948738     3715501341.056757
372      29.163850      -66942.716306      25.100441      29.941647     3715501628.787215
373      29.172263      -66943.423702      25.048532      29.987581     3715501926.196226
374      29.155480      -66941.903824      25.055014      29.985655     3715502227.153439
375      29.214879      -66942.362628      25.035804      29.976374     3715502527.761633
376      29.214238      -66943.127354      25.051545      29.977588     3715502831.734019
377      29.285042      -66943.885771      25.040572      29.983410     3715503134.654346
378      29.304740      -66943.822036      25.052955      29.972033     3715503426.528040
379      29.219471      -66943.159219      25.044651      29.948058     3715503715.431564
380      29.389196      -66942.668511      25.089948      29.983625     3715504011.155478
381      29.128517      -66942.818269      25.055910      29.966617     3715504303.929224
382      28.922026      -66941.983476      25.068211      29.953537     3715504595.295889
383      29.070325      -66942.200132      25.073537      29.966918     3715504886.998574
384      29.081499      -66942.439098      25.032369      29.957681     3715505181.372411
385      28.930576      -66942.088617      25.083384      29.940983     3715505481.829596
386      28.892031      -66940.702759      25.067000      29.946082     3715505782.203777
387      29.009705      -66939.247041      25.044715      29.945340     3715506078.066699
388      28.977121      -66938.071807      25.079981      29.907721     3715506379.673950
389      29.354824      -66938.269261      25.061586      29.953467     3715506679.037073
390      28.994717      -66938.406207      25.060034      29.968845     3715506976.819105
391      29.147990      -66937.960343      25.041372      29.927202     3715507273.220057
392      29.137600      -66939.129192      25.069519      29.965953     3715507569.330995
393      29.408546      -66940.670903      25.066637      29.981405     3715507865.207918
394      29.084544      -66939.731193      25.067277      29.965355     3715508153.322397
395      29.342383      -66938.810690      25.055119      29.948456     3715508445.422104
396      29.166482      -66937.479470      25.044340      29.972310     3715508732.785541
397      29.233077      -66937.766080      25.053226      29.963960     3715509025.518284
398      29.067307      -66937.867988      25.066514      29.951857     3715509313.905778
399      29.016191      -66938.434871      25.101582      29.949960     3715509604.554402
400      29.125640      -66937.250189      25.052072      29.960037     3715509897.446155
401      29.034691      -66937.434888      25.040647      29.963558     3715510188.006774
402      29.053039      -66936.743881      25.055638      29.946884     3715510487.560908
403      29.051947      -66935.779107      25.076541      29.943940     3715510780.631670
404      28.921898      -66936.810750      25.064336      29.923054     3715511081.228864
405      29.065448      -66938.329772      25.091560      29.949539     3715511387.600387
406      28.933182      -66938.173718      25.077819      29.922960     3715511691.110747
407      29.146885      -66938.262891      25.033703      29.939538     3715511991.497928
408      29.057122      -66937.759711      25.056712      29.954203     3715512292.252131
409      29.068399      -66936.753434      25.048888      29.952947     3715512598.384640
410      29.220077      -66936.263073      25.123912      29.931979     3715512901.022950
411      29.127117      -66935.769556      25.078375      29.936024     3715513204.169289
412      28.951523      -66934.938597      25.115502      29.906969     3715513511.525869
413      29.010431      -66936.193024      25.054810      29.945601     3715513825.303816
414      29.019334      -66937.715127      25.106858      29.919962     3715514132.357378
415      29.204435      -66938.030406      25.058043      29.959923     3715514434.956686
416      29.057090      -66940.524365      25.085004      29.962049     3715514741.152199
417      29.165430      -66941.607525      25.070199      29.962687     3715515041.738392
418      29.262048      -66942.435912      25.103986      29.960912     3715515335.683205
419      29.167797      -66943.120981      25.038878      29.944197     3715515637.952494
420      29.231577      -66945.941464      25.063417      29.949023     3715515936.123548
421      29.017236      -66947.937050      25.096316      29.984368     3715516231.728455
422      29.437229      -66948.160226      25.092305      29.960471     3715516521.356021
423      29.259080      -66948.628913      25.082266      29.963741     3715516810.224543
424      29.224863      -66949.180529      25.058752      29.998159     3715517095.772876
425      29.183292      -66949.866110      25.064339      29.990715     3715517386.829523
426      29.211156      -66950.794119      25.082612      30.011350     3715517680.730334
427      29.274077      -66951.438360      25.127355      30.038259     3715517971.382957
428      29.138720      -66952.867335      25.113483      30.010397     3715518253.282082
429      29.174349      -66954.341203      25.100730      30.058471     3715518535.007195
430      29.130873      -66953.687185      25.089653      30.031060     3715518818.336401
431      29.219602      -66954.398632      25.122028      29.991284     3715519100.224524
432      29.131326      -66953.626571      25.087067      30.021087     3715519392.913265
433      29.155476      -66953.109773      25.113997      30.024575     3715519689.416224
434      29.015956      -66953.626571      25.069277      30.057227     3715519987.088250
435      29.122970      -66953.626571      25.119836      30.036841     3715520283.920227
436      29.182088      -66953.148053      25.111344      30.025191     3715520574.686270
437      29.164088      -66953.173574      25.093190      30.021587     3715520857.924470
438      29.463369      -66952.937514      25.090361      30.063730     3715521150.961231
439      29.351216      -66952.736549      25.070352      29.999215     3715521448.438246
440      29.319280      -66952.063509      25.122866      30.009258     3715521742.346057
441      29.301167      -66952.695081      25.099210      30.040055     3715522039.319042
442      29.199000      -66951.234239      25.083459      30.030954     3715522340.896292
443      29.507692      -66948.957328      25.089448      29.994021     3715522641.079461
444      29.302900      -66948.447174      25.079189      29.997072     3715522928.195883
445      29.274571      -66948.268627      25.113810      30.016744     3715523216.915397
446      29.033975      -66948.000814      25.133088      29.968868     3715523514.820437
447      29.283844      -66948.093272      25.076350      29.989165     3715523812.287450
448      29.217776      -66947.127286      25.060731      29.926437     3715524110.120486
449      29.095978      -66948.121966      25.053994      29.984414     3715524408.788568
450      29.118575      -66947.968932      25.101594      29.988203     3715524699.957222
451      29.224024      -66947.758513      25.039880      29.941945     3715524995.427123
452      29.044851      -66947.876474      25.103561      30.005904     3715525291.174038
453      29.257297      -66947.318562      25.093810      30.004129     3715525587.522988
454      29.524030      -66947.943426      25.077147      29.982540     3715525893.029462
455      29.228466      -66948.979647      25.092114      30.011718     3715526191.978561
456      29.438825      -66947.748948      25.072146      29.990564     3715526492.197733
