1      29.178405      -66853.503739      24.601075      29.668544     3718148150.416650
2      29.208002      -66855.900040      24.574721      29.471326     3718148344.562755
3      29.099909      -66857.415814      24.685374      29.260972     3718148537.949816
4      29.172151      -66860.084821      24.794827      29.658818     3718148736.823191
5      29.335170      -66862.365943      24.681575      29.750513     3718148935.727568
6      29.197252      -66862.748292      24.718736      29.201661     3718149141.757352
7      29.345507      -66864.129307      24.772127      29.518317     3718149343.924915
8      29.328163      -66866.971003      24.672860      29.690889     3718149531.743659
9      29.362168      -66867.811987      24.578101      29.764507     3718149721.942537
10      29.160834      -66865.753928      24.692752      29.173367     3718149908.617214
11      29.327466      -66865.181801      24.772417      29.358090     3718150099.888155
12      29.167728      -66867.410455      24.817064      29.631446     3718150296.737413
13      28.997636      -66868.001693      24.680558      29.740234     3718150495.016755
14      29.170679      -66866.989972      24.622095      29.676127     3718150691.401987
15      29.299845      -66864.486446      24.794423      29.208883     3718150890.523376
16      29.253052      -66865.140710      24.767097      29.639253     3718151089.824775
17      29.126664      -66864.644476      24.599919      29.751784     3718151285.058942
18      29.536015      -66864.205158      24.604462      29.455072     3718151486.284451
19      29.323335      -66863.288664      24.796354      29.302685     3718151683.938757
20      29.107804      -66865.207087      24.792898      29.652967     3718151878.832904
21      29.306351      -66864.315776      24.676606      29.712678     3718152066.914661
22      29.442146      -66861.797188      24.648106      29.437507     3718152263.329896
23      29.393014      -66859.096091      24.801119      29.299981     3718152453.066748
24      29.106841      -66859.427762      24.883732      29.566443     3718152642.243569
25      29.212949      -66860.880937      24.722634      29.677087     3718152839.612858
26      29.230551      -66860.583965      24.543126      29.764449     3718153037.341166
27      29.318936      -66858.559127      24.632850      29.044618     3718153240.144766
28      29.455863      -66859.092933      24.739972      29.523123     3718153430.819673
29      29.577503      -66860.621876      24.711743      29.677205     3718153626.291853
30      29.242131      -66859.250870      24.557397      29.760717     3718153819.900927
31      29.359147      -66855.634806      24.469356      29.278638     3718154013.621006
32      29.425681      -66853.431133      24.711833      29.402252     3718154210.313257
33      29.184026      -66854.555003      24.705151      29.619905     3718154413.795895
34      29.186555      -66854.318221      24.445257      29.545909     3718154614.462373
35      29.324345      -66852.749303      24.677907      29.131969     3718154816.041903
36      29.376006      -66853.942540      24.784651      29.546950     3718155019.065515
37      29.232421      -66854.412933      24.647176      29.665937     3718155218.365914
38      29.078381      -66854.545531      24.479697      29.716083     3718155415.519190
39      29.150754      -66853.207007      24.684217      29.072764     3718155615.356621
40      29.353975      -66855.906355      24.885131      29.552292     3718155809.990754
41      29.167224      -66857.532665      24.728016      29.663170     3718156006.195976
42      29.232429      -66857.011583      24.588139      29.712544     3718156197.088894
43      29.321271      -66854.927552      24.749064      29.135857     3718156388.246827
44      29.305999      -66854.476075      24.904148      29.463978     3718156578.450706
45      29.207161      -66855.517979      24.744902      29.617978     3718156767.166501
46      29.335864      -66855.094888      24.678294      29.707858     3718156959.573505
47      29.522026      -66853.626853      24.708645      29.254089     3718157155.431708
48      29.550484      -66852.629356      24.758005      29.156786     3718157350.269852
49      29.511795      -66854.889665      24.769054      29.600149     3718157540.404727
50      29.410003      -66855.416940      24.615171      29.691996     3718157727.570433
51      29.279030      -66854.924395      24.687910      28.983562     3718157917.896318
52      29.354206      -66856.136863      24.925874      29.412666     3718158099.879727
53      29.304748      -66858.492798      24.827244      29.624598     3718158288.800533
54      29.289225      -66860.056390      24.708745      29.719677     3718158474.919178
55      29.259124      -66858.571761      24.684913      29.046758     3718158657.661631
56      29.340432      -66858.192746      24.790192      29.526462     3718158853.293820
57      29.112435      -66858.394885      24.685835      29.650405     3718159049.924067
58      29.355902      -66859.212964      24.631053      29.478612     3718159248.709437
59      29.441486      -66858.805495      24.823361      29.197176     3718159446.820768
60      29.334151      -66861.939374      24.839359      29.610159     3718159642.309949
61      29.151840      -66863.863833      24.605185      29.662177     3718159831.430767
62      29.447852      -66862.062603      24.644966      29.514881     3718160032.839286
63      29.402670      -66860.113253      24.735915      29.240029     3718160230.769607
64      29.240140      -66861.064180      24.837681      29.585773     3718160425.914769
65      29.432342      -66861.089455      24.636564      29.678852     3718160618.419780
66      29.330948      -66860.738768      24.567891      29.298234     3718160819.037254
67      29.348020      -66860.830388      24.789889      29.374004     3718161016.360541
68      29.163763      -66862.384902      24.821260      29.621688     3718161212.255745
69      29.285448      -66861.136846      24.709383      29.731667     3718161402.847646
70      29.417945      -66859.411968      24.710814      29.154127     3718161600.021924
71      29.321984      -66859.317204      24.848858      29.491091     3718161802.048479
72      29.359559      -66859.257187      24.732908      29.669867     3718161999.417768
73      29.404627      -66859.272981      24.764830      29.703779     3718162198.892178
74      29.230307      -66857.349493      24.743670      29.171825     3718162394.646374
75      29.450137      -66857.668467      25.026677      29.416271     3718162579.671957
76      29.408893      -66857.564247      24.761875      29.578202     3718162767.873722
77      29.338005      -66857.185274      24.700603      29.538879     3718162957.124546
78      29.382442      -66855.543239      24.762807      28.985355     3718163142.778165
79      29.510477      -66856.638948      24.908476      29.510709     3718163322.021417
80      29.378980      -66858.432787      24.765870      29.667482     3718163511.721267
81      29.362943      -66858.713896      24.721333      29.694810     3718163700.736078
82      29.365948      -66856.980003      24.642839      29.303538     3718163889.517876
83      29.318456      -66856.477899      24.775267      29.358593     3718164083.534973
84      29.244069      -66857.886387      24.791759      29.585525     3718164273.817857
85      29.254854      -66858.606505      24.680603      29.704115     3718164469.225033
86      29.515673      -66856.373692      24.649280      29.262351     3718164660.660983
87      29.387602      -66855.038057      24.789800      29.208480     3718164850.440837
88      29.709164      -66857.324229      24.780342      29.594628     3718165042.940848
89      29.517896      -66857.734790      24.733053      29.680675     3718165241.073180
90      29.436789      -66855.732689      24.705716      29.173213     3718165431.739086
91      29.602003      -66855.120147      24.837678      29.406490     3718165622.187979
92      29.353875      -66856.920002      24.730682      29.574917     3718165811.555810
93      29.274291      -66858.015877      24.576986      29.693860     3718166001.465672
94      29.219911      -66857.649518      24.589089      29.697488     3718166191.312531
95      29.312351      -66856.402112      24.706560      29.126702     3718166381.708421
96      29.327757      -66857.636885      24.813465      29.581740     3718166568.078081
97      29.181961      -66857.965344      24.654337      29.671632     3718166755.543803
98      29.377974      -66857.374758      24.626401      29.193975     3718166947.490782
99      29.326899      -66858.173795      24.883326      29.425029     3718167140.436818
100      29.060656      -66859.718378      24.799663      29.598452     3718167332.712815
101      29.364865      -66861.500186      24.684620      29.715740     3718167526.306888
102      29.432679      -66860.192229      24.640418      29.717672     3718167719.968965
103      29.308085      -66857.245277      24.763626      29.089241     3718167910.908886
104      29.197378      -66856.316853      24.871809      29.546752     3718168106.605079
105      29.338399      -66855.379051      24.630950      29.673529     3718168301.983254
106      29.209439      -66855.161192      24.501416      29.718092     3718168498.240480
107      29.285748      -66852.613574      24.628858      29.031144     3718168689.890441
108      29.423748      -66852.604105      24.718783      29.491244     3718168878.636237
109      29.416702      -66853.794166      24.661064      29.660205     3718169070.371203
110      29.322268      -66852.578853      24.721023      29.087182     3718169259.847041
111      29.162052      -66852.957634      24.857473      29.318686     3718169446.408712
112      29.459352      -66855.113832      24.794090      29.555832     3718169634.523471
113      29.539478      -66856.872633      24.662786      29.689267     3718169827.335499
114      29.250923      -66855.205395      24.591583      29.508426     3718170016.645327
115      29.370408      -66853.184911      24.716221      29.187334     3718170209.498358
116      29.387595      -66855.151720      24.760515      29.545780     3718170396.214037
117      29.229574      -66857.109481      24.692330      29.680481     3718170584.817825
118      29.300689      -66856.560002      24.579744      29.567441     3718170777.732859
119      29.446887      -66854.551846      24.684289      29.169624     3718170972.932024
120      29.093052      -66855.653751      24.765832      29.540377     3718171166.705107
121      29.442353      -66856.828422      24.680881      29.649907     3718171359.050109
122      29.345661      -66855.915828      24.636175      29.277216     3718171548.289933
123      29.339410      -66855.918986      24.872302      29.307856     3718171741.249969
124      29.193950      -66857.137903      24.791063      29.599445     3718171927.906646
125      29.389130      -66857.668467      24.697879      29.722370     3718172121.112696
126      29.475209      -66856.462110      24.696964      29.113713     3718172308.476413
127      29.339513      -66856.348430      24.815964      29.306799     3718172496.727180
128      29.414786      -66858.568602      24.760331      29.632786     3718172684.861941
129      29.330836      -66859.152948      24.616986      29.676868     3718172874.601794
130      29.147898      -66857.921128      24.698202      29.172500     3718173066.092746
131      29.580055      -66858.660200      24.840102      29.461778     3718173253.305454
132      29.487501      -66859.231917      24.599733      29.590468     3718173443.874353
133      29.191612      -66859.787875      24.693365      29.695647     3718173634.400251
134      29.341264      -66857.649518      24.547613      29.723221     3718173825.261168
135      29.475745      -66854.229824      24.756538      29.094288     3718174014.930016
136      29.379548      -66853.150188      24.797127      29.553041     3718174206.289962
137      29.346664      -66853.453231      24.630393      29.613622     3718174390.721510
138      29.287756      -66852.247432      24.611673      29.739536     3718174581.771438
139      29.411526      -66850.025647      24.683950      29.059732     3718174770.175214
140      29.248136      -66851.512037      24.959556      29.511207     3718174960.400095
141      29.292223      -66852.954478      24.661403      29.672597     3718175156.209293
142      29.347327      -66852.118024      24.664801      29.337583     3718175347.714247
143      29.474574      -66850.707273      24.792129      29.189901     3718175536.198028
144      29.263489      -66852.559914      24.877404      29.518434     3718175728.016999
145      29.594843      -66852.992357      24.758307      29.659070     3718175920.307998
146      29.267965      -66852.518881      24.762241      28.998725     3718176110.059851
147      29.361239      -66854.308750      24.839069      29.465857     3718176299.453683
148      29.369702      -66856.702106      24.943388      29.642908     3718176491.896690
149      29.090890      -66857.482135      24.672758      29.699830     3718176683.372643
150      29.345955      -66855.123304      24.522120      29.450112     3718176871.567406
151      29.445222      -66852.926069      24.756633      29.201610     3718177064.872463
152      29.542549      -66854.059347      24.844380      29.539998     3718177253.791269
153      29.123254      -66853.756284      24.697223      29.674427     3718177443.728132
154      29.434447      -66851.515193      24.720218      29.230513     3718177637.691226
155      29.438701      -66852.111711      24.902749      29.323869     3718177827.880105
156      29.189264      -66853.260671      24.815610      29.607747     3718178017.418946
157      29.340049      -66853.077585      24.716020      29.696275     3718178208.245860
158      29.409846      -66851.108068      24.725125      29.176892     3718178403.275015
159      29.151892      -66851.297426      24.732218      29.186473     3718178599.289227
160      29.354624      -66852.086461      24.835201      29.545983     3718178796.146486
161      29.623488      -66852.850311      24.716971      29.645979     3718178991.927684
162      29.297446      -66851.483632      24.600604      29.500656     3718179188.411922
163      29.153168      -66850.691494      24.649637      29.192390     3718179386.959279
164      29.433232      -66851.789776      24.744758      29.574474     3718179580.055323
165      29.497271      -66853.064959      24.619679      29.634553     3718179778.695685
166      29.546742      -66853.140718      24.680668      29.056944     3718179972.352762
167      29.384282      -66854.962282      24.839848      29.514406     3718180167.326914
168      29.517367      -66856.275802      24.622173      29.683623     3718180366.768321
169      29.331016      -66855.966350      24.587644      29.478551     3718180564.867651
170      29.337998      -66855.394839      24.758222      29.202953     3718180754.492497
171      29.408542      -66856.553687      24.752620      29.599648     3718180937.679975
172      29.416197      -66857.188432      24.751214      29.673843     3718181129.005919
173      29.131901      -66856.367377      24.627465      29.333789     3718181319.059789
174      29.596031      -66855.653751      24.793471      29.310270     3718181512.037827
175      29.353178      -66857.785322      24.775890      29.619901     3718181708.713075
176      29.166811      -66859.045552      24.697379      29.692433     3718181900.757060
177      29.255559      -66857.396865      24.642423      29.167374     3718182091.134949
178      29.331568      -66856.853685      24.812394      29.457068     3718182280.481779
179      29.530406      -66857.327387      24.798390      29.634987     3718182472.895784
180      29.199310      -66857.201064      24.675834      29.306515     3718182661.659581
181      29.378910      -66856.395797      24.832785      29.278682     3718182853.278541
182      29.377306      -66857.554772      24.819924      29.540364     3718183038.495134
183      29.138135      -66857.744265      24.693267      29.635502     3718183232.137210
184      29.506788      -66856.067394      24.561809      29.730542     3718183427.429381
185      29.471100      -66853.708931      24.713898      29.084068     3718183618.182291
186      29.244175      -66855.085416      24.866343      29.530440     3718183805.913029
187      29.329496      -66855.530609      24.709112      29.675760     3718184000.571162
188      29.250129      -66854.084602      24.605074      29.515749     3718184195.906334
189      29.419889      -66853.721558      24.737609      29.183923     3718184381.439946
190      29.424960      -66855.502192      24.865693      29.593567     3718184572.502875
191      29.504864      -66855.934774      24.748936      29.685267     3718184762.877764
192      29.399515      -66854.135114      24.665728      29.214131     3718184959.237995
193      29.288940      -66853.522679      24.751793      29.211668     3718185145.047622
194      29.273657      -66854.684446      24.729571      29.525813     3718185325.861965
195      29.308776      -66856.263171      24.619076      29.660388     3718185516.700880
196      29.239781      -66855.896883      24.637504      29.379688     3718185709.335897
197      29.255271      -66855.363264      24.715226      29.340192     3718185904.830080
198      29.468307      -66856.591581      24.789548      29.631334     3718186104.270487
199      29.408198      -66856.698948      24.741966      29.656575     3718186299.033627
200      29.870641      -66854.823363      24.636660      29.076016     3718186486.519351
201      29.433009      -66855.369579      24.936575      29.473368     3718186683.234601
202      29.331268      -66857.125271      24.767355      29.634406     3718186872.713439
203      29.186828      -66856.174755      24.799333      29.721933     3718187058.698077
204      29.351512      -66853.216477      24.664576      29.093693     3718187249.155971
205      29.446535      -66853.367999      24.838061      29.472281     3718187432.568461
206      29.269519      -66853.424820      24.690021      29.607016     3718187619.628160
207      29.250545      -66854.649717      24.810709      29.258434     3718187813.717262
208      29.353930      -66854.337163      24.867053      29.327250     3718188004.165154
209      29.146034      -66855.091731      24.758866      29.541829     3718188194.107019
210      29.179843      -66855.476932      24.813832      29.665807     3718188380.007652
211      29.424816      -66854.485546      24.751017      29.059801     3718188571.446601
212      29.240543      -66854.412933      24.893120      29.388569     3718188748.953754
213      29.270371      -66855.713744      24.745931      29.594417     3718188937.506539
214      29.504653      -66854.959125      24.673526      29.666277     3718189124.818253
215      29.255189      -66853.150188      24.717955      29.198334     3718189309.966842
216      29.229302      -66852.945008      24.833299      29.219323     3718189487.435993
217      29.343957      -66854.914923      24.856283      29.576366     3718189664.921145
218      29.103565      -66856.247383      24.673133      29.672844     3718189845.869494
219      29.277027      -66855.637963      24.809567      29.060955     3718190027.536885
220      29.523981      -66856.825264      24.841788      29.491048     3718190220.188904
221      29.354129      -66858.252755      24.728128      29.642183     3718190408.349667
222      29.260849      -66858.597029      24.737725      29.695499     3718190608.083090
223      29.319717      -66856.733684      24.726178      29.284681     3718190806.221423
224      29.593764      -66855.031742      24.817178      29.193138     3718190995.232234
225      29.582576      -66856.171598      24.887144      29.540371     3718191180.553833
226      29.355540      -66856.872633      24.720651      29.668169     3718191362.682251
227      29.351449      -66855.912671      24.869934      29.073203     3718191556.579341
228      29.214818      -66856.383166      24.923830      29.391850     3718191749.116354
229      29.209339      -66858.079044      24.814791      29.643340     3718191947.379694
230      29.259824      -66859.149790      24.662895      29.735507     3718192145.091002
231      29.352266      -66857.096849      24.744752      29.076806     3718192346.056497
232      29.117583      -66857.712682      24.864828      29.543782     3718192537.272434
233      29.563696      -66857.763214      24.704120      29.679398     3718192727.602320
234      29.348864      -66856.654738      24.655342      29.580112     3718192924.834601
235      29.297268      -66854.959125      24.692970      29.237634     3718193117.226605
236      29.154203      -66856.026345      24.871567      29.580369     3718193314.235874
237      29.402745      -66856.727369      24.774640      29.710012     3718193512.093190
238      29.526432      -66855.934774      24.724809      29.054488     3718193710.281526
239      29.484960      -66856.291591      24.921585      29.506530     3718193907.699818
240      29.281168      -66856.436848      24.771119      29.669432     3718194102.063934
241      29.376274      -66855.451672      24.696141      29.275814     3718194302.865420
242      29.224274      -66855.445357      24.728678      29.191320     3718194499.168648
243      29.355014      -66857.895861      24.877046      29.551707     3718194690.848611
244      29.429144      -66858.966585      24.674568      29.717617     3718194886.639810
245      29.496078      -66858.019036      24.636749      29.497934     3718195081.189938
246      29.422423      -66856.313695      24.784204      29.230087     3718195285.795640
247      29.398431      -66856.462110      24.848980      29.621076     3718195487.945202
248      29.496605      -66856.130548      24.686716      29.682112     3718195692.486902
249      29.318196      -66853.585815      24.687395      29.206352     3718195895.089489
250      29.200883      -66852.802963      24.823589      29.364697     3718196078.890002
251      29.257117      -66853.860460      24.801181      29.614563     3718196273.762149
252      29.504717      -66853.301708      24.671482      29.701812     3718196466.159153
253      29.129698      -66851.549910      24.709583      29.037543     3718196651.957780
254      29.352635      -66852.976574      24.840688      29.459806     3718196839.083483
255      29.371496      -66854.147742      24.716148      29.647715     3718197042.586123
256      29.269144      -66852.408407      24.619590      29.704251     3718197241.669509
257      29.061865      -66849.344071      24.671343      29.079275     3718197443.504055
258      29.301990      -66848.343889      24.852329      29.438631     3718197638.884229
259      29.419420      -66847.892738      24.701060      29.628144     3718197833.114338
260      29.498859      -66846.940032      24.639558      29.298664     3718198025.760357
261      29.210114      -66846.731838      24.783954      29.308964     3718198213.954122
262      29.575091      -66847.558333      24.767869      29.532190     3718198401.419844
263      29.325612      -66848.217690      24.729787      29.638492     3718198596.636010
264      29.290514      -66847.798094      24.791796      28.993427     3718198786.819887
265      29.276174      -66849.482907      24.877092      29.489599     3718198980.617972
266      29.321164      -66851.265866      24.855290      29.609238     3718199173.517005
267      29.188014      -66850.988143      24.763054      29.665623     3718199365.914010
268      29.263731      -66849.331450      24.738760      29.065760     3718199559.453079
269      29.391870      -66850.675715      24.803009      29.542169     3718199752.208104
270      29.295767      -66851.527817      24.702700      29.622579     3718199946.773233
271      29.143099      -66851.073353      24.659622      29.314822     3718200137.882163
272      29.375684      -66850.861909      24.754109      29.241345     3718200335.415462
273      29.341979      -66852.518881      24.803231      29.559084     3718200529.008534
274      29.224360      -66853.216477      24.612327      29.634930     3718200721.250530
275      29.584047      -66851.979148      24.650883      29.102411     3718200915.566645
276      29.632693      -66852.948165      24.939393      29.452734     3718201103.944419
277      29.126152      -66854.649717      24.824527      29.605909     3718201292.871226
278      29.378430      -66854.141428      24.702067      29.662064     3718201484.233171
279      29.439592      -66851.467852      24.698708      29.065535     3718201681.252439
280      29.220328      -66851.521505      24.781615      29.496866     3718201876.805624
281      29.063452      -66852.796650      24.646471      29.614694     3718202074.086908
282      29.261446      -66852.859781      24.575731      29.137520     3718202267.784987
283      29.339841      -66853.948854      24.809035      29.412916     3718202461.229051
284      29.218763      -66854.075131      24.848191      29.585745     3718202651.531936
285      29.205384      -66853.402723      24.720151      29.678339     3718202851.056348
286      29.450996      -66851.477320      24.830855      29.022858     3718203047.305573
287      29.085690      -66852.727207      24.949268      29.468545     3718203242.091714
288      29.300611      -66853.424820      24.796837      29.661039     3718203439.596011
289      29.387051      -66852.708268      24.596439      29.647263     3718203634.893181
290      29.350832      -66851.316362      24.747990      29.123652     3718203829.459310
291      29.113719      -66852.193775      24.873810      29.546647     3718204019.781195
292      29.116340      -66852.960791      24.797061      29.635526     3718204215.686401
293      29.450365      -66851.262710      24.633447      29.591370     3718204412.480657
294      29.388773      -66847.712915      24.720242      29.090818     3718204609.249911
295      29.362732      -66848.217690      24.678015      29.521157     3718204808.450305
296      29.518878      -66848.400678      24.594879      29.660790     3718205003.330451
297      29.284217      -66847.097758      24.771620      28.998503     3718205202.056818
298      29.379170      -66849.536548      24.936788      29.440874     3718205397.643005
299      29.309754      -66851.717184      24.772572      29.609196     3718205593.202190
300      29.364929      -66850.956585      24.595652      29.681030     3718205794.047678
301      29.319141      -66848.627841      24.728407      29.046448     3718205991.105949
302      29.122826      -66849.091649      24.817190      29.494520     3718206177.786626
303      29.288175      -66849.293586      24.618422      29.623108     3718206368.074511
304      29.658712      -66846.671904      24.771297      29.104735     3718206559.776475
305      29.326173      -66846.914796      24.729651      29.216652     3718206745.365089
306      29.443861      -66849.183151      24.851052      29.586027     3718206934.396903
307      29.324966      -66849.038010      24.636831      29.658482     3718207131.510176
308      29.209163      -66847.880119      24.679455      29.024635     3718207318.269858
309      29.199662      -66848.864475      24.771766      29.442812     3718207503.235437
310      29.415371      -66848.731959      24.723676      29.591170     3718207691.353198
311      29.234537      -66848.649927      24.654936      29.667124     3718207881.459071
312      29.533095      -66847.899048      24.702725      29.107351     3718208080.056430
313      29.592187      -66848.350199      24.830106      29.464867     3718208275.841628
314      29.272389      -66849.407178      24.785446      29.645359     3718208474.417986
315      29.250969      -66848.927578      24.553434      29.580130     3718208668.399082
316      29.297022      -66847.223941      24.744258      29.086530     3718208865.315344
317      29.489976      -66847.615118      24.821033      29.511545     3718209059.786467
318      29.153952      -66846.905333      24.719540      29.606322     3718209251.010405
319      29.273353      -66846.646669      24.692486      29.056815     3718209438.664137
320      29.302606      -66848.785596      24.733030      29.436000     3718209633.340273
321      29.314680      -66850.461124      24.821344      29.627799     3718209817.670816
322      29.221034      -66850.543173      24.622793      29.698843     3718210004.960528
323      29.352127      -66848.176676      24.717908      29.010041     3718210203.662894
324      29.298148      -66848.542654      24.894586      29.474222     3718210389.194505
325      29.088823      -66850.274939      24.747744      29.589024     3718210583.270606
326      29.387390      -66848.176676      24.685111      29.495713     3718210779.177811
327      29.878065      -66846.747610      24.791748      29.131733     3718210978.580216
328      29.370982      -66848.192451      24.888481      29.545174     3718211171.405245
329      29.233339      -66849.044320      24.740171      29.633699     3718211360.322051
330      29.431200      -66847.476311      24.773626      29.138610     3718211554.446154
331      29.197975      -66847.233404      24.826978      29.246476     3718211744.486023
332      29.049328      -66848.362818      24.857324      29.586904     3718211932.012750
333      29.369005      -66847.470002      24.607033      29.672120     3718212118.330406
334      29.612407      -66845.246228      24.616747      29.263080     3718212314.442623
335      29.510453      -66843.823929      24.773320      29.249935     3718212507.925690
336      29.258424      -66843.915378      24.750268      29.505022     3718212699.573651
337      29.606720      -66842.792822      24.657626      29.627588     3718212897.028945
338      29.511555      -66840.809767      24.593574      29.167958     3718213091.445065
339      29.123366      -66840.860205      24.821248      29.328274     3718213279.068797
340      29.432583      -66842.108635      24.667265      29.539504     3718213470.685757
341      29.401468      -66841.235347      24.711276      29.275722     3718213661.794687
342      29.183778      -66841.396127      24.750111      29.219284     3718213855.029739
343      29.376088      -66843.231107      24.787778      29.473512     3718214038.630241
344      29.331576      -66845.489082      24.664826      29.592746     3718214232.023303
345      29.406837      -66846.782309      24.700299      28.970997     3718214422.463195
346      29.278790      -66849.498683      24.839686      29.498707     3718214614.235164
347      29.353867      -66849.994091      24.746838      29.630096     3718214800.936842
348      29.478808      -66848.760355      24.661007      29.312249     3718214990.902708
349      29.090210      -66848.542654      24.735557      29.217862     3718215182.368659
350      29.313188      -66850.609444      24.791732      29.588281     3718215380.726005
351      29.435206      -66850.723052      24.707163      29.689133     3718215581.299477
352      29.258623      -66848.176676      24.710880      29.000987     3718215765.381006
353      29.423557      -66848.287099      24.816969      29.338419     3718215951.326641
354      29.667334      -66850.606288      24.795935      29.609369     3718216144.020662
355      29.275669      -66850.741987      24.753622      29.661388     3718216340.852921
356      29.285512      -66848.804527      24.722331      28.964043     3718216532.922906
357      29.225454      -66849.968847      24.792411      29.534457     3718216731.129243
358      29.470780      -66850.801948      24.634388      29.669975     3718216926.319407
359      29.320716      -66848.788751      24.648471      29.076344     3718217117.154323
360      29.159431      -66850.748299      24.914778      29.441107     3718217307.233194
361      29.586427      -66851.821338      24.753319      29.609383     3718217498.386128
362      29.140925      -66850.994455      24.743169      29.668894     3718217694.423340
363      29.298069      -66848.580515      24.555071      29.375094     3718217889.922523
364      29.307316      -66846.899024      24.793534      29.194077     3718218086.419762
365      29.279836      -66848.258705      24.730422      29.546368     3718218282.277964
366      29.209424      -66847.425837      24.622084      29.645512     3718218477.429126
367      29.432307      -66843.943759      24.683151      29.047797     3718218675.422451
368      29.580102      -66844.593394      24.847878      29.440254     3718218875.761909
369      29.263622      -66845.842336      24.750595      29.561701     3718219071.372097
370      29.927446      -66845.022304      24.781699      29.049351     3718219261.818990
371      29.664139      -66846.810699      24.859923      29.434323     3718219461.304400
372      29.220721      -66849.195772      24.748750      29.556860     3718219657.063597
373      29.173414      -66849.435576      24.594161      29.676773     3718219850.590666
374      29.190371      -66847.996848      24.666341      29.028819     3718220043.099677
375      29.356954      -66849.492373      24.780405      29.468994     3718220236.876760
376      29.469571      -66849.751117      24.785671      29.606628     3718220429.423774
377      29.353186      -66848.151437      24.771916      29.062406     3718220622.942842
378      29.331615      -66849.479751      24.948967      29.418610     3718220812.559687
379      29.338486      -66852.111711      24.888230      29.624462     3718221006.784797
380      29.231094      -66852.121180      24.707452      29.527338     3718221195.380584
381      29.294073      -66852.029648      24.783444      29.090079     3718221385.091434
382      29.261086      -66854.097230      24.887624      29.554992     3718221578.984525
383      29.302660      -66854.684446      24.778527      29.658450     3718221774.522709
384      29.359092      -66853.197537      24.584367      29.641346     3718221966.659698
385      29.376554      -66851.770839      24.788015      29.087877     3718222162.900922
386      29.333890      -66851.199591      24.816144      29.529432     3718222349.158576
387      29.134541      -66851.830806      24.656606      29.654403     3718222541.354569
388      29.534318      -66850.741987      24.692247      29.154300     3718222733.248545
389      29.414532      -66851.811869      24.778109      29.385767     3718222917.524085
390      29.195634      -66855.536924      24.787141      29.636371     3718223103.310711
391      29.243769      -66856.253698      24.650668      29.691417     3718223286.808207
392      29.349004      -66853.342745      24.839832      29.017827     3718223481.551345
393      29.154801      -66853.232261      24.861398      29.505597     3718223678.312599
394      29.194953      -66853.405879      24.749211      29.661891     3718223875.382871
395      29.367987      -66851.313206      24.622406      29.671798     3718224080.257589
396      29.546596      -66849.930980      24.760636      29.051923     3718224284.027244
397      29.110213      -66851.553066      24.862310      29.566334     3718224482.569600
398      29.197626      -66853.551090      24.662654      29.674994     3718224676.304681
399      29.164741      -66853.049176      24.682639      29.017342     3718224872.080879
400      29.330348      -66853.838362      24.907180      29.522181     3718225063.478827
401      29.234241      -66854.172998      24.805495      29.610718     3718225258.247966
402      29.352607      -66852.392625      24.777188      29.130999     3718225453.610141
403      29.441126      -66852.484160      24.881311      29.280355     3718225646.235158
404      29.312479      -66854.529746      24.851910      29.591051     3718225839.064187
405      29.331924      -66856.711579      24.795422      29.681433     3718226034.031338
406      29.278986      -66855.432728      24.832624      29.122803     3718226234.164785
407      29.312832      -66856.752632      24.861868      29.531111     3718226423.585620
408      29.011731      -66857.886387      24.683302      29.642566     3718226610.118289
409      29.165028      -66856.121075      24.650832      29.532283     3718226804.858427
410      29.367424      -66852.269527      24.772004      29.175530     3718227005.366896
411      29.160177      -66851.799244      24.838719      29.552018     3718227196.875850
412      29.386845      -66851.272178      24.765847      29.624103     3718227381.502409
413      29.287397      -66849.561791      24.778110      29.070169     3718227576.503563
414      29.530247      -66850.940805      24.855376      29.436314     3718227773.444827
415      29.316428      -66852.799807      24.753309      29.598475     3718227971.704167
416      29.255506      -66852.190619      24.685947      29.702448     3718228169.743495
417      29.621492      -66850.391699      24.774687      29.065616     3718228359.690358
418      29.196298      -66851.085977      24.878447      29.451046     3718228547.563104
419      29.210965      -66852.597792      24.790669      29.632676     3718228727.762411
420      29.439149      -66852.165368      24.676942      29.553490     3718228917.190246
421      29.490244      -66851.085977      24.777739      29.128992     3718229104.224944
422      29.420957      -66851.275334      24.866101      29.501906     3718229293.354762
423      29.395622      -66851.666686      24.771899      29.684115     3718229487.613872
424      29.331533      -66850.151870      24.788703      29.042597     3718229683.154057
425      29.095977      -66850.726208      24.956601      29.492973     3718229873.805962
426      29.286831      -66852.190619      24.852252      29.635445     3718230058.481524
427      29.285025      -66852.837685      24.640546      29.759061     3718230251.929589
428      29.196566      -66850.921870      24.741937      29.027355     3718230441.466430
429      29.164569      -66851.679310      24.902165      29.500747     3718230628.822145
430      29.345001      -66853.039706      24.777707      29.671084     3718230817.154918
431      29.199799      -66851.783463      24.807506      29.055197     3718231003.853596
432      29.139183      -66852.869251      24.887324      29.348956     3718231193.396438
433      29.340801      -66856.784211      24.912344      29.630717     3718231384.580373
434      29.421581      -66857.662151      24.718234      29.671805     3718231572.906144
435      29.267285      -66856.215806      24.770221      29.104134     3718231753.683484
436      29.282584      -66857.308438      24.845623      29.536591     3718231933.631777
437      29.252135      -66857.526349      24.855173      29.649698     3718232114.640130
438      29.330200      -66857.090533      24.740042      29.712630     3718232302.119853
439      29.219287      -66854.782319      24.766276      29.048227     3718232498.081061
440      29.433376      -66856.326326      24.925940      29.574154     3718232698.874546
441      29.313397      -66857.008425      24.688171      29.696767     3718232896.518850
442      29.275556      -66855.445357      24.753040      29.270684     3718233092.870081
443      29.440584      -66853.734186      24.843294      29.333873     3718233293.542559
444      29.500301      -66854.280336      24.881810      29.608599     3718233494.320043
445      29.281301      -66854.681289      24.715503      29.665393     3718233691.451318
446      29.558950      -66853.639481      24.718535      29.036897     3718233883.268290
447      29.462177      -66855.066472      24.902797      29.510883     3718234069.690952
448      29.184249      -66856.168440      24.811721      29.616186     3718234252.651417
449      29.446541      -66856.196859      24.772955      29.541864     3718234440.816179
450      29.338546      -66853.626853      24.817331      29.148961     3718234619.970427
451      29.187889      -66855.688484      24.910942      29.555126     3718234790.512181
452      29.320503      -66857.794797      24.794900      29.684162     3718234966.772263
453      29.414438      -66856.866317      24.658075      29.181254     3718235159.211269
454      29.324434      -66856.522108      24.858357      29.273621     3718235343.676820
455      29.405309      -66857.365284      24.912595      29.633284     3718235527.816352
456      29.360926      -66855.211710      24.711097      29.639238     3718235716.676155
