1      29.832722      -66824.212026      24.404504      29.652142     3721088002.702669
2      29.734811      -66831.802172      24.273821      29.267248     3721088239.588218
3      29.979033      -66835.886220      24.578496      29.690485     3721088479.648949
4      29.795376      -66835.568121      24.353368      29.399325     3721088714.467379
5      29.853875      -66832.822225      24.535586      29.520262     3721088956.217207
6      29.790038      -66829.047969      24.604613      29.501840     3721089188.627500
7      29.881331      -66825.004731      24.378892      28.962521     3721089413.906385
8      29.946941      -66823.570363      24.647733      29.678544     3721089640.176327
9      29.895443      -66817.731417      24.452706      28.990823     3721089868.369379
10      30.084172      -66816.034201      24.700525      29.687432     3721090093.736269
11      29.958631      -66810.677469      24.362620      29.041362     3721090314.838915
12      29.701279      -66808.290730      24.690622      29.570742     3721090531.759323
13      29.742138      -66805.075898      24.408535      28.864402     3721090743.006406
14      29.913801      -66801.539007      24.601806      29.516688     3721090961.910926
15      29.975006      -66796.472998      24.397941      28.828127     3721091189.465941
16      29.998592      -66793.751373      24.614913      29.392582     3721091404.849261
17      30.132149      -66788.420215      24.445838      28.932474     3721091629.905133
18      29.897832      -66784.996247      24.494263      29.178685     3721091850.511751
19      29.993415      -66781.047587      24.477507      28.916015     3721092075.080596
20      29.721029      -66779.760961      24.527352      29.144379     3721092298.325365
21      29.996567      -66777.335333      24.499211      28.875053     3721092529.195570
22      29.706829      -66775.999165      24.585174      29.099059     3721092753.462397
23      30.036896      -66773.074044      24.506494      28.849525     3721092991.720025
24      29.751404      -66772.326489      24.619685      29.197302     3721093217.404933
25      30.114808      -66769.865306      24.339443      28.718136     3721093450.989293
26      29.891928      -66770.787781      24.620225      29.246802     3721093679.612370
27      30.031730      -66770.981669      24.440329      28.761660     3721093888.852338
28      29.877165      -66771.553975      24.596863      29.136402     3721094093.061018
29      29.660253      -66770.759636      24.597851      28.903831     3721094309.491397
30      29.911810      -66771.813557      24.664225      29.164602     3721094521.666533
31      29.751319      -66769.999762      24.596871      28.955105     3721094738.383928
32      29.796970      -66772.129445      24.437965      28.956950     3721094945.938799
33      29.902080      -66770.315587      24.451919      28.820295     3721095164.212284
34      30.018371      -66770.309333      24.572354      29.048522     3721095385.479940
35      30.020157      -66769.543243      24.545806      28.929814     3721095613.612988
36      29.838586      -66768.414549      24.517079      28.914121     3721095835.950706
37      29.753056      -66769.221192      24.647597      29.317298     3721096059.961518
38      29.782959      -66766.973400      24.437390      28.869070     3721096281.155169
39      29.847462      -66767.048422      24.606196      29.217592     3721096506.055033
40      29.992866      -66766.557666      24.490077      28.947508     3721096714.086932
41      29.894673      -66767.320381      24.530441      29.095678     3721096932.675435
42      30.007726      -66766.623307      24.359078      28.822140     3721097135.978063
43      29.868149      -66766.429511      24.622660      29.324622     3721097353.233489
44      29.878716      -66766.463894      24.386092      28.648205     3721097556.886137
45      29.846352      -66766.945267      24.697385      29.235973     3721097767.504184
46      29.746608      -66765.369958      24.494856      28.643331     3721097976.807155
47      29.889358      -66765.076181      24.697753      29.221023     3721098192.474490
48      30.070457      -66765.573108      24.390674      28.689454     3721098399.464330
49      30.011774      -66765.901282      24.645817      29.243141     3721098610.717413
50      29.877506      -66764.376153      24.334465      28.589369     3721098822.810544
51      29.708526      -66765.238695      24.613367      29.263214     3721099039.757953
52      29.913119      -66762.916891      24.485585      28.744490     3721099256.292337
53      29.841397      -66762.370118      24.588115      29.166729     3721099472.617711
54      30.037333      -66761.136094      24.372862      28.720123     3721099687.264988
55      30.101443      -66762.101431      24.553044      29.071874     3721099896.868976
56      30.063817      -66759.886619      24.334724      28.812413     3721100117.893619
57      29.999055      -66759.221342      24.457197      29.005022     3721100333.226934
58      29.808807      -66755.764556      24.400476      28.745861     3721100544.676029
59      29.944898      -66755.720847      24.453273      28.962827     3721100754.153010
60      30.117831      -66755.055872      24.530958      28.981741     3721100961.821888
61      30.153544      -66755.642796      24.548577      28.978997     3721101163.481422
62      30.122430      -66754.759303      24.503035      28.813582     3721101377.541666
63      29.869179      -66756.541985      24.489192      28.860480     3721101601.317466
64      29.916540      -66756.332791      24.500059      28.950432     3721101832.925713
65      29.790948      -66757.144616      24.335761      28.829233     3721102050.638165
66      30.342915      -66757.013470      24.528841      28.821737     3721102277.910164
67      29.870631      -66757.075920      24.445190      28.884925     3721102493.656504
68      29.786391      -66756.876081      24.431485      28.865310     3721102724.517709
69      29.882302      -66756.635656      24.420662      28.884080     3721102943.744248
70      29.945840      -66757.453753      24.472509      28.793318     3721103170.531219
71      30.032023      -66758.028338      24.450235      28.928936     3721103392.200898
72      29.963529      -66758.453055      24.551333      28.850531     3721103619.293887
73      29.848768      -66759.361890      24.421202      28.937095     3721103831.090001
74      29.834677      -66758.912146      24.545701      29.222659     3721104053.807740
75      29.747153      -66757.378810      24.438921      28.865245     3721104271.361183
76      29.899442      -66757.728550      24.546981      28.963021     3721104495.082979
77      29.986343      -66757.903425      24.295942      28.784910     3721104710.542303
78      30.006698      -66758.990225      24.590776      29.123177     3721104933.967082
79      29.883789      -66756.198534      24.326754      28.682797     3721105156.034783
80      29.993373      -66754.984071      24.557850      28.904827     3721105378.686518
81      29.798988      -66754.706234      24.385857      28.819639     3721105598.922115
82      29.939157      -66755.215087      24.352762      28.634921     3721105811.927299
83      30.029160      -66757.200822      24.552803      28.992239     3721106023.963427
84      29.802494      -66757.940899      24.484568      28.954821     3721106241.800886
85      30.019188      -66758.178236      24.447798      28.830379     3721106450.722835
86      29.915427      -66757.900303      24.556116      28.837156     3721106667.503234
87      29.780849      -66758.437440      24.427991      28.908524     3721106876.280176
88      29.781057      -66759.180740      24.504141      29.030396     3721107091.842505
89      30.148051      -66758.022093      24.415284      28.796073     3721107299.146362
90      29.992969      -66758.687282      24.508462      28.823373     3721107512.045539
91      29.903959      -66760.292679      24.470460      28.923894     3721107717.280278
92      30.070766      -66761.039254      24.564895      29.042525     3721107927.667312
93      29.939896      -66760.989272      24.357964      28.754143     3721108136.629264
94      30.057465      -66759.574276      24.423473      29.265701     3721108344.179135
95      29.791812      -66757.762900      24.332649      28.596167     3721108549.400873
96      29.850179      -66758.905899      24.622534      29.191073     3721108758.427829
97      29.843205      -66757.978373      24.318521      28.620504     3721108965.215656
98      29.960426      -66759.352520      24.476246      29.225128     3721109177.653807
99      29.812371      -66758.321890      24.265756      28.553573     3721109386.735765
100      29.840432      -66760.573809      24.557378      29.236775     3721109592.221519
101      29.987408      -66759.205726      24.301475      28.615228     3721109797.146240
102      29.783707      -66759.205726      24.522288      29.131937     3721110006.044188
103      29.848862      -66757.425649      24.318851      28.508825     3721110217.458280
104      30.113064      -66758.134516      24.452542      29.188198     3721110435.815770
105      29.924356      -66757.700446      24.304026      28.564313     3721110660.681631
106      30.063031      -66761.938972      24.654311      29.255498     3721110875.675928
107      29.707892      -66760.873690      24.384454      28.573621     3721111092.686341
108      29.860160      -66760.926795      24.580138      29.194336     3721111308.662694
109      29.835784      -66758.784098      24.360951      28.574724     3721111523.997010
110      30.137867      -66759.983447      24.568804      29.207943     3721111741.888473
111      29.994325      -66757.756655      24.336609      28.566398     3721111960.452974
112      29.940827      -66759.030826      24.523217      29.224761     3721112170.487987
113      30.052887      -66756.879204      24.293885      28.538925     3721112383.543174
114      29.764510      -66757.775391      24.507566      29.188841     3721112601.138619
115      29.696724      -66754.696869      24.280083      28.555223     3721112818.323041
116      29.861026      -66755.321232      24.532271      29.139271     3721113040.733762
117      29.933486      -66755.533525      24.345852      28.507935     3721113253.235917
118      29.791020      -66758.200096      24.528510      29.226522     3721113473.568519
119      29.914088      -66756.760551      24.353657      28.544953     3721113689.938895
120      29.853547      -66758.072058      24.614692      29.168684     3721113900.761954
121      29.870802      -66757.291377      24.330262      28.599842     3721114111.569011
122      29.692133      -66759.030826      24.579225      29.173009     3721114325.329237
123      29.669718      -66758.184482      24.299899      28.573468     3721114535.685269
124      29.806938      -66758.815329      24.623571      29.187459     3721114745.866291
125      30.087873      -66757.572414      24.344769      28.559846     3721114965.418848
126      29.881226      -66758.731005      24.522467      29.178300     3721115180.769166
127      29.752230      -66756.969755      24.369512      28.584836     3721115393.086309
128      29.793224      -66757.422527      24.508475      29.139610     3721115599.965142
129      29.661620      -66756.632533      24.277172      28.599277     3721115814.134392
130      29.677344      -66756.910428      24.502408      29.089036     3721116021.377245
131      29.813969      -66756.413970      24.351544      28.639987     3721116229.803166
132      29.885773      -66758.075181      24.513941      29.072371     3721116438.895126
133      29.744744      -66756.376503      24.522970      28.829621     3721116653.066376
134      29.736774      -66755.605331      24.417409      28.938678     3721116852.199766
135      29.834750      -66753.916474      24.385692      28.670345     3721117065.641974
136      29.693208      -66755.321232      24.546332      29.041547     3721117276.558038
137      29.995632      -66754.047576      24.515843      28.881779     3721117491.131310
138      29.825675      -66754.887295      24.498399      28.888414     3721117704.331505
139      29.756803      -66754.821738      24.551097      28.989620     3721117911.526356
140      30.048179      -66755.592843      24.483925      29.003638     3721118120.219293
141      29.668853      -66756.182923      24.496169      28.736165     3721118325.550037
142      29.821926      -66757.297622      24.499061      28.944103     3721118526.438527
143      29.936518      -66757.094655      24.512298      28.999009     3721118735.825503
144      29.828685      -66756.673124      24.241930      28.810378     3721118942.471323
145      29.810398      -66756.448315      24.599890      29.251491     3721119153.473391
146      29.759436      -66755.015289      24.211734      28.590201     3721119349.090580
147      29.638280      -66756.882326      24.513543      29.173409     3721119555.163366
148      29.893136      -66756.448315      24.264464      28.598767     3721119758.425993
149      30.010122      -66755.577233      24.435813      29.172795     3721119963.776738
150      29.977275      -66751.095122      24.270821      28.535354     3721120167.716403
151      29.895233      -66753.454512      24.569908      29.145679     3721120373.074149
152      29.657379      -66752.293467      24.252952      28.518109     3721120589.941553
153      29.734590      -66754.428406      24.555121      29.111072     3721120801.139632
154      29.871979      -66754.356609      24.319026      28.614266     3721121009.937575
155      29.958691      -66753.157995      24.505194      29.141467     3721121228.301065
156      29.920307      -66751.391573      24.301571      28.548866     3721121431.850707
157      29.972635      -66752.880213      24.513674      29.081856     3721121622.970638
158      29.711898      -66751.322920      24.406320      28.621785     3721121821.475992
159      29.870699      -66752.540020      24.426507      29.110893     3721122025.447659
160      29.791301      -66752.218565      24.364485      28.748293     3721122234.161597
161      29.835413      -66752.121819      24.399958      28.958311     3721122437.241212
162      29.782355      -66749.591171      24.395994      28.604811     3721122644.685077
163      29.672626      -66751.588172      24.492248      28.987273     3721122850.856870
164      29.681358      -66752.087490      24.363249      28.757288     3721123053.905483
165      29.645302      -66755.227575      24.423608      29.092935     3721123265.039559
166      29.809682      -66754.022604      24.375809      28.700509     3721123474.554543
167      30.011331      -66754.840469      24.523051      29.019645     3721123682.249423
168      30.140996      -66753.788496      24.505415      28.918122     3721123891.282378
169      29.861761      -66754.063183      24.378787      28.821692     3721124100.615351
170      29.569876      -66753.885260      24.511199      28.980043     3721124309.491298
171      29.762940      -66753.754161      24.541366      28.980211     3721124521.665434
172      29.839658      -66754.272326      24.430505      28.673638     3721124734.239593
173      29.856137      -66754.912269      24.515375      28.979305     3721124942.827523
174      29.669976      -66754.156829      24.525661      28.869679     3721125151.729472
175      29.807054      -66754.406554      24.461288      28.865344     3721125361.877491
176      29.568487      -66753.482604      24.514014      28.736430     3721125572.533541
177      29.659529      -66754.671895      24.334845      28.977640     3721125782.051524
178      29.738548      -66754.259840      24.488582      28.771851     3721125993.130597
179      29.766634      -66755.018411      24.291473      28.953496     3721126200.544461
180      29.846044      -66753.900867      24.366874      28.746014     3721126418.083903
181      29.741121      -66754.784277      24.538056      28.999220     3721126626.188807
182      29.563907      -66752.805307      24.451025      28.828468     3721126835.555781
183      29.942026      -66752.989452      24.339254      28.863814     3721127043.867696
184      29.784165      -66752.980089      24.545014      29.153516     3721127254.213727
185      29.773369      -66750.065419      24.366275      28.896850     3721127463.295686
186      29.994861      -66749.591171      24.348404      28.735611     3721127672.844671
187      29.812641      -66749.110708      24.446780      28.870013     3721127887.902972
188      29.746301      -66748.580355      24.329991      28.703892     3721128101.667198
189      29.809819      -66750.598978      24.299753      28.913398     3721128309.087062
190      29.647561      -66750.717551      24.350174      28.697640     3721128519.169078
191      29.782909      -66750.939099      24.327161      28.934970     3721128732.340271
192      30.016875      -66750.283832      24.296126      28.585530     3721128944.878427
193      29.739170      -66752.109336      24.449367      29.038591     3721129154.009389
194      30.065645      -66750.486647      24.205266      28.648850     3721129364.087405
195      29.686761      -66750.664505      24.392858      29.019770     3721129570.346202
196      29.818379      -66748.174812      24.266208      28.680652     3721129787.061598
197      29.846161      -66748.340147      24.384575      28.997636     3721130005.068067
198      29.847772      -66746.262762      24.302743      28.602776     3721130218.948300
199      29.816127      -66748.652107      24.421944      29.051360     3721130428.516286
200      29.772325      -66746.290831      24.272376      28.605213     3721130641.198451
201      29.761897      -66747.962689      24.417264      29.001455     3721130861.942078
202      29.714717      -66746.203504      24.205658      28.501218     3721131080.802595
203      29.672620      -66747.841032      24.605664      29.092895     3721131306.284492
204      29.689410      -66747.404329      24.255803      28.572292     3721131526.034061
205      29.753722      -66748.062511      24.446736      29.075681     3721131740.276315
206      29.920297      -66746.836647      24.270845      28.603928     3721131960.579916
207      29.733714      -66748.505484      24.383372      29.015018     3721132179.650445
208      29.794874      -66747.862868      24.225544      28.733522     3721132403.238235
209      29.846041      -66747.157913      24.276373      28.722086     3721132617.858510
210      29.648978      -66746.805457      24.322535      28.927369     3721132835.740972
211      29.754656      -66744.606805      24.299287      28.729688     3721133056.457597
212      29.604609      -66746.496678      24.415051      29.076801     3721133273.194993
213      30.004081      -66745.660845      24.246598      28.482295     3721133492.351528
214      29.787315      -66747.251488      24.500625      29.074503     3721133709.977976
215      29.828922      -66746.013258      24.265150      28.489759     3721133923.782205
216      29.861169      -66747.288919      24.415227      29.154268     3721134137.504429
217      29.876215      -66746.362565      24.176756      28.569950     3721134349.833574
218      29.708810      -66747.616440      24.480313      29.176011     3721134573.332357
219      29.606847      -66746.764909      24.213571      28.636865     3721134802.941490
220      29.729637      -66745.417594      24.423554      28.787311     3721135028.471389
221      29.562059      -66746.237811      24.282946      28.853790     3721135250.378082
222      29.900878      -66746.041326      24.336307      28.562613     3721135473.353835
223      29.693743      -66747.962689      24.372959      29.092456     3721135692.514370
224      30.013449      -66747.011315      24.229348      28.477051     3721135913.968037
225      29.898373      -66747.204701      24.318298      29.166926     3721136138.100856
226      29.970200      -66746.166078      24.199643      28.471782     3721136360.015549
227      29.819229      -66746.715005      24.476178      29.207424     3721136578.777061
228      29.703048      -66744.282509      24.194088      28.498118     3721136804.762987
229      29.594759      -66742.838909      24.403219      28.859600     3721137026.915694
230      29.568130      -66742.848262      24.234684      28.703085     3721137241.106945
231      30.176901      -66743.359577      24.377910      28.798526     3721137453.422088
232      29.729783      -66744.531966      24.369083      29.017582     3721137672.394613
233      29.949039      -66744.706590      24.299693      28.727768     3721137892.571207
234      29.750074      -66743.986288      24.405777      29.082938     3721138125.823547
235      29.829997      -66742.592616      24.312662      28.563345     3721138347.759242
236      29.700123      -66743.094563      24.446920      29.145962     3721138566.614759
237      29.721672      -66741.881831      24.157581      28.500985     3721138789.428504
238      29.597396      -66742.514676      24.413386      29.147804     3721139005.567865
239      29.700883      -66743.686958      24.318287      28.685326     3721139220.983187
240      29.607466      -66743.864684      24.501850      28.918538     3721139440.794760
241      29.750285      -66743.462467      24.375984      28.697895     3721139661.853403
242      29.903619      -66744.245091      24.280699      28.682465     3721139873.753523
243      29.708081      -66744.669171      24.308451      28.961717     3721140092.248021
244      30.023553      -66743.992524      24.174850      28.509963     3721140320.040050
245      29.806145      -66744.556913      24.428960      29.089879     3721140534.290304
246      29.751436      -66743.172507      24.190743      28.537332     3721140754.477898
247      29.540470      -66744.042413      24.489214      29.166722     3721140980.970853
248      29.659891      -66741.853775      24.244003      28.508077     3721141203.463578
249      29.644318      -66743.284749      24.342675      28.866738     3721141432.470677
250      29.904572      -66742.926205      24.235001      28.762171     3721141660.843739
251      29.729725      -66740.772119      24.264926      28.630592     3721141888.027734
252      29.694303      -66741.532694      24.342111      29.089535     3721142113.923654
253      29.890255      -66739.251159      24.167747      28.457835     3721142342.519729
254      29.877228      -66741.485935      24.449283      29.016918     3721142575.202038
255      29.960481      -66741.732199      24.208567      28.631210     3721142800.945950
256      29.886748      -66741.432943      24.326700      28.857417     3721143028.222949
257      29.612393      -66740.479128      24.316254      28.828954     3721143260.588239
258      29.629747      -66738.799282      24.272373      28.578720     3721143491.141427
259      29.665164      -66738.612306      24.465252      29.048752     3721143725.477829
260      29.772716      -66738.378590      24.211569      28.601190     3721143965.985586
261      29.625514      -66737.228796      24.419073      28.979566     3721144190.565431
262      29.693414      -66736.932801      24.304403      28.596056     3721144408.921920
263      29.882247      -66737.490525      24.350046      28.727713     3721144630.290582
264      29.616283      -66737.412628      24.268137      28.841677     3721144852.059267
265      29.924314      -66736.484155      24.241378      28.505243     3721145072.174856
266      29.753157      -66738.472075      24.395299      29.057473     3721145295.556633
267      29.897944      -66738.397287      24.198746      28.452299     3721145517.662337
268      29.855417      -66738.655933      24.447147      29.166379     3721145739.272012
269      29.635278      -66737.696174      24.157665      28.488286     3721145961.668732
270      29.664486      -66737.752261      24.429173      28.869289     3721146185.500535
271      29.647521      -66736.705360      24.232664      28.767289     3721146406.725188
272      29.587404      -66736.689782      24.308103      28.533264     3721146633.269145
273      29.678434      -66737.992193      24.424054      28.984499     3721146857.604977
274      29.615907      -66737.088587      24.172078      28.460733     3721147082.648849
275      29.775458      -66737.331617      24.501761      29.058682     3721147304.556541
276      29.834634      -66739.020543      24.287342      28.784287     3721147526.649244
277      29.865366      -66739.631375      24.372822      28.793021     3721147748.075909
278      29.714683      -66740.893682      24.323803      28.997351     3721147975.728930
279      29.881556      -66739.219994      24.245243      28.638971     3721148201.018816
280      29.679943      -66739.980440      24.351503      29.142934     3721148432.654065
281      29.575811      -66737.612044      24.189218      28.473769     3721148658.477981
282      29.976611      -66739.117152      24.416207      29.025018     3721148881.728750
283      29.703123      -66738.712026      24.155233      28.600908     3721149104.597497
284      29.659704      -66740.136277      24.360576      28.709807     3721149327.386240
285      29.726155      -66741.037066      24.353926      28.870916     3721149552.748130
286      29.800997      -66739.646958      24.226814      28.550536     3721149779.475099
287      29.879896      -66739.325954      24.387521      29.027948     3721150002.877876
288      29.690907      -66736.540234      24.264118      28.464332     3721150227.466722
289      29.833755      -66738.225899      24.466727      29.156523     3721150450.913502
290      29.805978      -66736.851794      24.274999      28.635694     3721150679.194559
291      29.746543      -66735.502816      24.435257      28.779862     3721150904.060421
292      29.750148      -66737.263069      24.417103      28.974364     3721151122.054890
293      29.417307      -66735.225568      24.259236      28.477623     3721151347.074760
294      29.609254      -66738.662166      24.400995      29.135999     3721151563.770154
295      29.849783      -66737.543495      24.211453      28.471168     3721151792.015209
296      29.685403      -66738.687096      24.501415      28.996818     3721152022.074368
297      29.802647      -66738.098139      24.158363      28.682307     3721152257.299821
298      29.691594      -66738.842911      24.245116      28.609568     3721152488.926070
299      29.637699      -66738.758770      24.426938      29.092287     3721152725.478600
300      29.898189      -66738.400403      24.212126      28.468582     3721152958.050902
301      29.798622      -66739.114035      24.486277      29.151049     3721153188.023056
302      29.709124      -66738.014005      24.282777      28.734934     3721153424.674592
303      29.982632      -66737.964149      24.430972      28.877342     3721153660.981108
304      29.908925      -66739.110919      24.403289      29.023135     3721153895.225506
305      29.755260      -66737.150902      24.208448      28.444947     3721154132.353069
306      29.841980      -66738.138648      24.316813      29.030826     3721154372.379797
307      29.766518      -66737.010694      24.252432      28.684660     3721154608.415298
308      29.722165      -66735.839263      24.335590      28.646249     3721154845.819877
309      29.757275      -66735.923377      24.455720      29.085275     3721155083.059446
310      29.645627      -66735.773842      24.285150      28.629721     3721155320.395021
311      29.692850      -66736.792597      24.488084      29.092258     3721155554.851431
312      29.487659      -66737.259954      24.339730      28.880774     3721155785.217607
313      29.595871      -66736.431191      24.241866      28.472724     3721156016.588841
314      29.568678      -66736.876719      24.417875      29.055920     3721156251.859298
315      29.541897      -66736.963958      24.128885      28.647531     3721156478.145240
316      29.589140      -66736.948380      24.410197      28.933159     3721156705.111222
317      29.803880      -66737.425092      24.328914      28.942743     3721156932.299216
318      29.904450      -66737.191406      24.216117      28.528315     3721157162.349374
319      29.654261      -66738.783701      24.408756      29.162251     3721157392.005510
320      29.805742      -66737.830161      24.356820      28.674489     3721157625.507865
321      29.830602      -66736.923454      24.453225      28.936077     3721157854.685974
322      29.945632      -66736.368881      24.370567      28.902030     3721158092.065551
323      29.941404      -66735.375094      24.228657      28.473810     3721158326.141940
324      29.896054      -66734.643063      24.408319      29.072456     3721158555.567062
325      29.922107      -66732.939369      24.237973      28.486761     3721158791.041531
326      29.904553      -66733.587172      24.344244      28.704542     3721159018.251526
327      29.560703      -66733.858141      24.257657      28.826652     3721159249.045726
328      29.885049      -66731.618990      24.237054      28.499098     3721159480.972992
329      29.588247      -66732.462890      24.413279      29.037904     3721159702.318653
330      29.665835      -66731.404135      24.138854      28.518218     3721159932.422813
331      29.631552      -66731.699951      24.374544      28.656973     3721160166.647211
332      29.585158      -66731.983321      24.263627      28.827224     3721160399.852549
333      29.588286      -66730.744032      24.193392      28.527176     3721160630.383734
334      29.599930      -66731.217309      24.416181      28.973451     3721160861.574958
335      29.733964      -66729.150016      24.115604      28.418247     3721161088.849957
336      29.576949      -66730.289460      24.293781      28.677770     3721161321.917288
337      29.749925      -66732.195076      24.360148      29.010591     3721161566.025250
338      29.650689      -66732.537630      24.175365      28.473520     3721161815.715532
339      29.857622      -66734.421908      24.443049      29.128202     3721162057.046335
340      29.721305      -66733.263265      24.231787      28.775944     3721162293.290848
341      29.546243      -66733.204091      24.227325      28.537331     3721162525.253115
342      29.699640      -66734.562076      24.368138      29.024076     3721162757.532401
343      29.818040      -66734.549616      24.224125      28.494186     3721162988.518613
344      29.653380      -66736.490386      24.348790      28.715783     3721163218.135746
345      29.829133      -66738.229015      24.376259      28.882589     3721163455.369314
346      29.758816      -66739.244926      24.202900      28.452000     3721163691.977848
347      29.732981      -66739.967973      24.512015      29.073482     3721163927.748333
348      29.735187      -66740.285883      24.202915      28.647451     3721164155.689371
349      29.934455      -66742.174867      24.492165      28.839041     3721164386.222557
350      29.743980      -66742.932440      24.428915      29.016478     3721164618.733855
351      29.648992      -66741.392419      24.335913      28.539449     3721164853.990311
352      29.796614      -66743.743082      24.557131      29.072441     3721165088.961751
353      29.584878      -66744.762720      24.354314      28.732408     3721165327.455392
354      29.860663      -66745.030901      24.507296      29.028879     3721165558.569611
355      29.727033      -66747.132960      24.434048      28.868777     3721165790.511877
356      29.738481      -66746.175434      24.402962      28.638206     3721166025.821336
357      29.624377      -66748.124900      24.513552      29.024629     3721166258.926669
358      29.671369      -66746.031970      24.432382      28.644598     3721166493.092062
359      29.779416      -66746.094346      24.540681      29.209566     3721166726.350404
360      29.831371      -66743.222392      24.273021      28.504068     3721166957.275612
361      29.818878      -66742.421150      24.483088      29.090560     3721167190.302941
362      29.878138      -66742.000291      24.337918      28.823009     3721167428.687575
363      29.552886      -66740.731598      24.325956      28.622528     3721167669.524350
364      29.958784      -66741.828836      24.408486      29.008781     3721167904.688802
365      29.700265      -66740.825108      24.176030      28.421184     3721168133.474887
366      29.801585      -66743.019737      24.481539      29.155873     3721168365.666168
367      29.924043      -66742.870086      24.201707      28.548894     3721168597.106405
368      29.859489      -66743.010383      24.309439      28.654254     3721168825.507469
369      29.928632      -66744.011232      24.391579      28.941884     3721169049.947307
370      29.764577      -66742.290214      24.300178      28.581412     3721169277.395315
371      29.775249      -66743.041561      24.445533      29.018078     3721169502.956217
372      29.812065      -66743.147565      24.193221      28.477968     3721169739.718759
373      29.759898      -66744.238855      24.491888      29.084187     3721169963.839578
374      29.670836      -66744.516375      24.320021      28.630587     3721170194.234756
375      29.623002      -66742.193572      24.270944      28.706486     3721170422.350803
376      29.557357      -66743.110152      24.287570      28.925714     3721170652.348958
377      29.589375      -66742.711085      24.310096      28.564752     3721170883.088156
378      29.701953      -66743.319045      24.452052      29.147562     3721171113.456332
379      29.697501      -66740.541465      24.320025      28.471872     3721171343.500490
380      29.732207      -66740.812640      24.395913      29.023956     3721171574.063678
381      29.689773      -66741.616860      24.308223      28.679768     3721171801.521687
382      29.853792      -66740.211080      24.366976      28.714522     3721172034.545015
383      29.677909      -66740.800172      24.531805      29.048513     3721172265.544228
384      29.822930      -66740.201729      24.317939      28.473291     3721172493.028239
385      30.288003      -66740.638090      24.493179      29.050414     3721172722.109342
386      29.758478      -66741.408005      24.235623      28.621538     3721172955.423687
387      29.923661      -66742.948029      24.437183      28.753896     3721173178.763461
388      29.613714      -66742.190455      24.292738      28.887176     3721173406.881509
389      29.736657      -66741.342544      24.222693      28.412811     3721173630.649307
390      29.587926      -66743.849094      24.485850      29.103508     3721173853.617061
391      29.744692      -66745.299090      24.338445      28.556598     3721174082.109129
392      29.661801      -66746.016376      24.453648      29.176761     3721174308.744092
393      29.644618      -66744.454010      24.233949      28.785750     3721174545.892656
394      29.639267      -66744.622396      24.347179      28.537370     3721174780.528077
395      29.727168      -66746.474846      24.516450      29.064875     3721175011.578292
396      29.801978      -66745.595353      24.201073      28.535716     3721175244.600620
397      29.859439      -66744.553794      24.304933      28.754330     3721175483.422280
398      29.798595      -66744.120366      24.469375      29.024978     3721175725.348118
399      29.724185      -66743.658896      24.118844      28.492349     3721175964.352787
400      29.808038      -66744.681644      24.408840      29.151194     3721176198.252166
401      29.880941      -66741.199155      24.237821      28.557260     3721176429.634400
402      29.679218      -66738.475192      24.398125      28.753054     3721176668.625070
403      29.979732      -66737.300459      24.323483      28.836348     3721176895.169027
404      29.965352      -66736.144569      24.229913      28.537804     3721177131.380538
405      29.938495      -66737.590233      24.344591      29.150713     3721177366.918010
406      29.710429      -66734.708476      24.118765      28.464148     3721177601.729440
407      29.786305      -66734.957674      24.350993      28.939301     3721177829.322458
408      29.699771      -66734.652408      24.168260      28.711392     3721178057.026482
409      29.782333      -66732.472232      24.315324      28.619659     3721178270.137671
410      29.578289      -66732.235559      24.346715      28.920203     3721178489.195200
411      29.683556      -66730.737805      24.245661      28.511347     3721178716.464199
412      29.786775      -66732.020689      24.465860      29.027533     3721178943.018157
413      29.977946      -66729.308783      24.156592      28.521154     3721179173.346331
414      30.155574      -66729.872270      24.337099      28.882347     3721179402.642447
415      30.038307      -66730.607035      24.293901      28.888096     3721179631.015509
416      29.850978      -66729.140677      24.416874      28.742830     3721179860.756649
417      29.966943      -66729.856704      24.352508      28.956126     3721180093.206945
418      29.882552      -66729.557834      24.121721      28.369681     3721180324.344165
419      29.919140      -66730.703556      24.484877      29.069815     3721180557.316490
420      29.900538      -66732.761854      24.295870      28.750462     3721180794.590062
421      29.808343      -66733.406530      24.147240      28.474003     3721181028.423436
422      29.667163      -66734.154036      24.402813      29.005020     3721181257.842557
423      29.690793      -66735.474780      24.151437      28.588550     3721181493.059011
424      29.770344      -66735.945184      24.353370      28.752610     3721181729.085511
425      29.747328      -66737.023157      24.319542      28.858222     3721181962.856883
426      29.624427      -66735.403131      24.237213      28.511341     3721182194.356123
427      29.735407      -66737.805233      24.482828      29.138118     3721182428.008488
428      29.632143      -66736.917223      24.234699      28.497462     3721182662.535902
429      29.474759      -66737.627624      24.521714      28.953079     3721182895.912251
430      29.884484      -66737.758493      24.397084      28.894626     3721183132.391776
431      29.766898      -66735.203763      24.202399      28.506354     3721183365.282097
432      29.868328      -66736.334611      24.472628      29.065807     3721183593.154130
433      29.753379      -66736.222454      24.242658      28.484898     3721183826.130456
434      29.864282      -66736.826869      24.446504      29.126053     3721184061.601924
435      29.804537      -66736.724053      24.312229      28.729734     3721184294.605251
436      29.878057      -66737.312922      24.364562      28.753246     3721184530.839762
437      29.728546      -66737.425092      24.345560      29.030272     3721184768.279343
438      29.826987      -66736.197531      24.310789      28.540109     3721185005.452909
439      29.743537      -66736.368881      24.353219      29.046678     3721185245.346631
440      30.044749      -66734.686672      24.104134      28.539128     3721185478.438962
441      29.825809      -66736.250493      24.466660      29.131855     3721185712.173331
442      29.836740      -66736.144569      24.255004      28.781985     3721185944.562623
443      29.858718      -66734.521583      24.220728      28.474550     3721186182.142212
444      29.698813      -66735.163266      24.498566      29.114709     3721186416.353608
445      29.921281      -66733.194748      24.209699      28.430381     3721186646.810790
446      29.941046      -66734.767660      24.393589      28.969880     3721186876.803944
447      29.714753      -66735.206878      24.370996      28.667629     3721187110.719323
448      30.026968      -66735.219338      24.375032      28.597279     3721187340.373459
449      29.741676      -66736.424960      24.421194      29.050618     3721187576.429960
450      29.814766      -66736.213108      24.220108      28.467661     3721187809.461289
451      29.711500      -66738.662166      24.494283      29.041757     3721188043.478674
452      29.853042      -66738.238363      24.504043      28.813419     3721188276.543005
453      29.801508      -66738.621654      24.252422      28.585440     3721188519.697912
454      29.908169      -66739.787206      24.544324      29.049539     3721188756.274444
455      29.611549      -66739.117152      24.166967      28.456830     3721188993.385005
456      29.680603      -66740.893682      24.557494      29.191637     3721189225.473280
