1      29.571929      -66683.483699      20.867140      28.870409     3723692148.264955
2      29.771567      -66683.028214      20.741970      28.318334     3723692336.489721
3      29.901513      -66685.082723      20.626594      28.575100     3723692522.941386
4      29.747202      -66685.209789      20.773126      28.285525     3723692707.804958
5      29.549162      -66685.085822      21.063086      28.484014     3723692895.184676
6      29.681953      -66685.931930      20.890407      28.613382     3723693083.499447
7      29.797204      -66685.020740      20.712345      28.272670     3723693275.114407
8      29.852972      -66686.899005      20.651533      28.807775     3723693462.815143
9      29.791080      -66685.975322      20.796818      28.268154     3723693650.652886
10      29.623506      -66687.481778      20.904321      28.829171     3723693837.193556
11      29.652206      -66685.683978      20.779796      28.210239     3723694026.695395
12      29.809643      -66686.210883      20.750775      28.624034     3723694214.321126
13      29.865269      -66686.096201      20.666906      28.258644     3723694407.473175
14      29.613274      -66687.416679      20.960729      28.512247     3723694600.819233
15      29.645004      -66689.999287      20.795609      28.652331     3723694791.133119
16      29.771621      -66688.684640      20.787854      28.360933     3723694982.653073
17      29.893259      -66690.402401      20.613452      28.837234     3723695173.657998
18      29.825530      -66689.236521      20.630171      28.202726     3723695366.721040
19      29.560062      -66689.980683      20.782540      28.726830     3723695562.994267
20      29.773074      -66689.103199      20.813192      28.255207     3723695751.763063
21      30.014070      -66689.388449      20.784599      28.611761     3723695942.893995
22      29.838611      -66688.743547      20.652723      28.582205     3723696134.498954
23      30.029970      -66689.252024      20.715530      28.340906     3723696322.614714
24      29.689458      -66690.675287      20.845150      28.810929     3723696509.028376
25      29.869122      -66690.278364      20.742657      28.302270     3723696701.604391
26      29.710740      -66692.564008      20.647606      28.853384     3723696890.078171
27      29.810717      -66692.005725      20.613178      28.236931     3723697079.602011
28      29.750845      -66692.046045      20.684230      28.721456     3723697273.856122
29      29.756591      -66690.709399      20.761435      28.499507     3723697465.467082
30      29.516763      -66690.055102      20.863154      28.644656     3723697650.995693
31      29.820673      -66689.757428      20.640106      28.523786     3723697839.112453
32      29.911874      -66689.096998      20.635033      28.304011     3723698027.676239
33      29.701612      -66689.202415      20.620815      28.830304     3723698215.114959
34      29.579162      -66688.619533      20.823018      28.269996     3723698399.450502
35      29.702375      -66690.889261      20.722484      28.878678     3723698581.610921
36      29.926785      -66691.190073      20.626609      28.222708     3723698764.917406
37      29.594870      -66691.311020      20.864526      28.924267     3723698948.038880
38      29.661075      -66689.326437      20.857567      28.242157     3723699133.549490
39      29.762731      -66688.721845      20.882720      28.664834     3723699324.238397
40      29.928400      -66688.424214      20.647159      28.255023     3723699506.500822
41      29.961500      -66687.897182      20.697214      28.520926     3723699682.843908
42      29.646763      -66688.132792      20.705977      28.368702     3723699856.908864
43      29.595467      -66687.543778      20.742069      28.506253     3723700034.894044
44      29.896479      -66688.380810      20.642255      28.681812     3723700212.860223
45      29.574905      -66687.562378      20.831673      28.485178     3723700383.636991
46      29.772442      -66687.103591      20.653554      28.399417     3723700555.878843
47      29.746874      -66688.352908      20.607404      28.440489     3723700729.764789
48      29.746109      -66687.990185      20.698068      28.445533     3723700902.447666
49      29.726526      -66688.250600      20.885747      28.377779     3723701078.564739
50      29.738971      -66688.520323      20.761431      28.537384     3723701253.815763
51      29.922375      -66688.827258      20.625420      28.349420     3723701428.218738
52      29.721811      -66689.670608      20.829691      28.609415     3723701601.766664
53      29.715733      -66688.852061      20.929778      28.376022     3723701770.979342
54      29.845137      -66688.752849      20.618498      28.601994     3723701946.876403
55      29.818981      -66687.494178      20.656338      28.320556     3723702123.953531
56      29.570061      -66688.662938      20.833353      28.685970     3723702297.167439
57      29.775469      -66687.797979      20.766736      28.282955     3723702475.237624
58      29.829777      -66689.255124      20.580858      28.719953     3723702649.964618
59      29.767425      -66689.369846      20.740111      28.283489     3723702830.476943
60      29.850569      -66689.872155      20.840911      28.861339     3723703010.787256
61      29.852078      -66687.540678      20.727646      28.222156     3723703185.543251
62      29.794893      -66687.959184      20.616659      28.865932     3723703360.199241
63      29.811900      -66686.483646      20.817564      28.289738     3723703535.071243
64      29.596042      -66687.283383      20.936096      28.828371     3723703713.680459
65      29.682703      -66686.809112      20.615011      28.240828     3723703888.887480
66      29.735203      -66688.275402      20.697820      28.855131     3723704068.388747
67      29.731749      -66687.590278      20.764939      28.210264     3723704244.935845
68      29.590940      -66688.895467      20.889573      28.870869     3723704421.076920
69      29.742511      -66687.326782      20.560183      28.271286     3723704596.820971
70      29.754358      -66687.332982      20.612435      28.858530     3723704770.930931
71      29.599236      -66685.888538      20.822917      28.239203     3723704946.391965
72      29.672884      -66686.443351      20.885184      28.783872     3723705123.183078
73      29.769328      -66685.293468      20.607846      28.182151     3723705300.886241
74      29.922343      -66686.976499      20.788405      28.711458     3723705485.426797
75      29.630577      -66686.991998      20.684049      28.430347     3723705662.693936
76      29.626144      -66688.712544      20.795527      28.751912     3723705840.535108
77      29.658923      -66688.734246      20.615586      28.491303     3723706016.818191
78      29.767470      -66688.517222      20.729053      28.571997     3723706194.608360
79      29.626379      -66689.289231      20.751829      28.533981     3723706371.493477
80      29.605692      -66689.679910      20.719176      28.565303     3723706546.367479
81      29.797802      -66689.776032      20.610881      28.625175     3723706728.401891
82      29.741984      -66688.117292      20.861583      28.471846     3723706906.201061
83      29.593150      -66689.041189      20.721044      28.679830     3723707081.956114
84      29.637300      -66689.813241      20.724684      28.299695     3723707259.369261
85      29.638632      -66690.777622      20.649491      28.706349     3723707437.240434
86      29.610404      -66687.797979      20.787996      28.324341     3723707611.867423
87      29.616992      -66688.858262      20.841476      28.705576     3723707786.414406
88      29.711502      -66687.801080      20.715484      28.199255     3723707958.601254
89      29.790970      -66688.827258      20.582175      28.781178     3723708128.575976
90      29.665290      -66688.703242      20.853122      28.322881     3723708301.341857
91      29.672716      -66689.856651      20.778961      28.790904     3723708474.639771
92      29.657061      -66689.193114      20.664019      28.286496     3723708649.162752
93      29.837881      -66690.520237      20.712937      28.875332     3723708823.990752
94      29.511087      -66690.718702      20.936488      28.257545     3723709001.933929
95      29.548715      -66691.884768      20.734837      28.884086     3723709179.294074
96      29.663898      -66691.639758      20.714459      28.208478     3723709357.375260
97      29.597475      -66692.706686      20.838129      28.877182     3723709530.623169
98      29.733951      -66690.613267      20.733873      28.353376     3723709709.822418
99      29.671548      -66691.639758      20.669332      28.861036     3723709886.770539
100      29.819455      -66691.642859      20.636501      28.388219     3723710062.749605
101      29.465862      -66692.734601      20.945699      28.913521     3723710234.172410
102      29.891217      -66691.276907      20.715333      28.254684     3723710407.163304
103      29.815182      -66692.539195      20.634508      28.732505     3723710580.015191
104      29.597731      -66692.309675      20.760676      28.198161     3723710756.073261
105      29.504023      -66691.959203      20.967077      28.747819     3723710926.718021
106      29.693876      -66691.484692      20.602297      28.230874     3723711105.138226
107      29.864149      -66692.843162      20.646388      28.708642     3723711281.351305
108      29.513389      -66691.462983      20.866566      28.243808     3723711458.000409
109      29.593683      -66690.613267      20.972893      28.601600     3723711634.583509
110      29.785418      -66690.960586      20.738605      28.595566     3723711812.595690
111      29.761481      -66690.541944      20.722240      28.554606     3723711988.010723
112      29.597607      -66690.551247      20.620207      28.631556     3723712164.891841
113      29.558259      -66690.281465      20.802908      28.547048     3723712339.530829
114      29.826496      -66689.131103      20.752597      28.669738     3723712514.457834
115      29.892286      -66687.742178      20.691852      28.378516     3723712692.453015
116      29.727185      -66688.932673      20.894685      28.728409     3723712863.271786
117      29.628464      -66689.000883      20.793403      28.357560     3723713038.676818
118      29.757524      -66690.768319      20.674026      28.778787     3723713212.883782
119      29.905028      -66690.389997      20.847286      28.299931     3723713388.008799
120      29.529689      -66693.379782      20.893085      28.847849     3723713562.969806
121      29.777440      -66693.758227      20.734254      28.388854     3723713737.867810
122      29.884637      -66695.054982      20.709570      28.867145     3723713911.539743
123      29.692535      -66692.821450      20.811673      28.365545     3723714083.983606
124      29.839674      -66693.441821      20.786817      28.679927     3723714255.052391
125      29.978332      -66691.159061      20.654837      28.330238     3723714427.723267
126      29.689094      -66692.427536      20.655552      28.733913     3723714600.151130
127      29.517975      -66691.162162      20.818094      28.269334     3723714774.243086
128      29.615958      -66691.711090      20.746881      28.767027     3723714945.621889
129      29.744987      -66690.417905      20.650614      28.278188     3723715123.776079
130      29.798794      -66691.289312      20.710422      28.758125     3723715296.737972
131      29.776111      -66688.014986      20.810381      28.205235     3723715467.396733
132      29.684850      -66688.839660      20.639885      28.834647     3723715644.307852
133      29.844186      -66687.537578      20.632179      28.178656     3723715820.654938
134      29.631853      -66689.093897      20.822129      28.876779     3723715993.350816
135      29.581996      -66690.129522      20.785749      28.284929     3723716164.333595
136      29.886815      -66690.759015      20.644453      28.894873     3723716340.751687
137      29.854408      -66690.768319      20.651816      28.308434     3723716520.024940
138      29.783811      -66692.058451      20.917895      28.819759     3723716692.507806
139      29.642983      -66691.512603      20.756225      28.371420     3723716865.734714
140      29.702644      -66692.626042      20.617614      28.883824     3723717041.570770
141      29.711308      -66691.841348      20.612267      28.392739     3723717213.983632
142      29.529502      -66692.412028      20.880378      28.767067     3723717387.427552
143      29.670749      -66691.038115      20.621968      28.457371     3723717560.520453
144      29.732809      -66692.402723      20.634893      28.810929     3723717733.969374
145      29.762405      -66691.174567      20.760508      28.247527     3723717902.019986
146      29.678184      -66691.214882      20.819964      28.696033     3723718073.087770
147      29.779905      -66690.166732      20.643440      28.279266     3723718242.469458
148      29.616714      -66691.035014      20.644640      28.725972     3723718412.617189
149      29.751321      -66690.839643      20.768583      28.345688     3723718585.929102
150      29.745017      -66689.676809      20.773971      28.586901     3723718762.503202
151      29.953938      -66689.242722      20.659733      28.289718     3723718936.208138
152      29.585803      -66688.771451      20.777107      28.608575     3723719112.538223
153      29.636515      -66687.890982      20.638355      28.319136     3723719286.714186
154      29.722978      -66687.599578      20.685597      28.496949     3723719464.467352
155      29.815939      -66687.717378      20.683717      28.351914     3723719640.038394
156      29.795423      -66687.745279      20.825101      28.508925     3723719813.890338
157      29.613318      -66687.773179      20.728836      28.459301     3723719993.865632
158      29.804099      -66687.367081      20.604777      28.376304     3723720172.124828
159      29.694454      -66688.173095      20.734729      28.567587     3723720350.286018
160      29.740228      -66687.853781      20.906791      28.398493     3723720525.161021
161      29.746635      -66687.602678      20.674977      28.580854     3723720696.911844
162      29.955910      -66686.623130      20.603614      28.324712     3723720872.288875
163      29.646193      -66687.760779      20.738943      28.637490     3723721044.243711
164      29.526788      -66687.937483      20.836754      28.305374     3723721219.047709
165      29.594960      -66688.684640      20.642557      28.679553     3723721391.206555
166      29.781986      -66688.898568      20.668717      28.324599     3723721566.298571
167      29.587037      -66688.790053      20.851116      28.681604     3723721738.842439
168      29.894091      -66687.326782      20.645255      28.358706     3723721908.267129
169      29.761996      -66689.633400      20.611005      28.780248     3723722081.642046
170      29.651991      -66688.049088      20.933333      28.316287     3723722255.711002
171      29.473387      -66689.996187      20.851103      28.868342     3723722427.519829
172      29.764688      -66689.323337      20.613277      28.297484     3723722598.068584
173      29.738061      -66690.194640      20.698843      28.852189     3723722770.051421
174      29.731822      -66687.723578      20.808714      28.285677     3723722938.664065
175      29.778298      -66689.134204      20.636604      28.739676     3723723108.132759
176      29.877774      -66688.166894      20.596716      28.190267     3723723277.402440
177      29.580369      -66689.955876      20.865581      28.792001     3723723444.539999
178      29.721656      -66688.365309      20.781819      28.192929     3723723610.896514
179      30.018821      -66688.669139      20.654308      28.865544     3723723779.638166
180      29.732117      -66687.336082      20.882233      28.261325     3723723949.464879
181      29.658410      -66687.915783      20.961359      28.857397     3723724120.919686
182      29.711684      -66687.788679      20.671960      28.275244     3723724295.098649
183      29.772691      -66688.777652      20.601113      28.904995     3723724469.808641
184      29.535632      -66686.793613      20.745134      28.180535     3723724640.754419
185      29.587992      -66687.472478      20.923412      28.856538     3723724814.775373
186      29.812197      -66687.075693      20.604053      28.248415     3723724998.012853
187      29.719041      -66686.967200      20.624876      28.874937     3723725174.620955
188      29.835102      -66685.395743      20.782393      28.266511     3723725353.046160
189      29.829488      -66686.592133      20.806198      28.868083     3723725529.391246
190      29.827455      -66684.589971      20.599996      28.212332     3723725706.512377
191      29.792149      -66684.283176      20.710737      28.688511     3723725883.694511
192      29.954146      -66684.630258      20.677666      28.477062     3723726059.100544
193      29.747653      -66685.206690      20.775712      28.650883     3723726233.081495
194      29.810700      -66684.515596      20.654512      28.255284     3723726407.281458
195      29.719228      -66684.422627      20.773440      28.468089     3723726577.900218
196      29.747866      -66683.762579      20.770969      28.278286     3723726747.098895
197      29.823003      -66683.771875      20.708639      28.398287     3723726916.653593
198      29.623813      -66683.815257      20.623047      28.428448     3723727091.746608
199      29.799144      -66684.754219      20.884869      28.379936     3723727263.753446
200      29.810547      -66686.090002      20.758311      28.530830     3723727437.868405
201      29.628220      -66685.888538      20.626829      28.377541     3723727609.479220
202      29.907504      -66685.938129      20.669329      28.528590     3723727784.512232
203      29.643812      -66685.845146      20.847776      28.517757     3723727958.089160
204      29.830404      -66685.380246      20.694447      28.601397     3723728131.776094
205      29.745840      -66684.583773      20.630927      28.455956     3723728306.884109
206      29.746067      -66684.524892      20.680778      28.644183     3723728477.694879
207      29.991117      -66684.317264      20.706860      28.431637     3723728649.299695
208      29.687052      -66684.549684      20.576672      28.654738     3723728819.039403
209      29.656933      -66683.403135      20.725081      28.371227     3723728992.986352
210      29.433073      -66684.249089      20.822097      28.706959     3723729163.330095
211      29.707792      -66683.136661      20.680988      28.378287     3723729336.721013
212      29.668428      -66683.954701      20.671586      28.515240     3723729508.074813
213      29.786937      -66682.873292      20.771808      28.327008     3723729680.683686
214      29.765607      -66684.196408      20.676831      28.629846     3723729851.063432
215      29.729829      -66684.810002      20.583884      28.234847     3723730022.842257
216      29.662565      -66686.356562      20.647890      28.706866     3723730195.149112
217      29.506224      -66684.156123      20.808961      28.244066     3723730364.480798
218      29.688647      -66685.463927      20.600038      28.745079     3723730534.350513
219      29.741921      -66683.725394      20.767036      28.270695     3723730704.318235
220      29.659947      -66685.188095      20.829256      28.779505     3723730877.030114
221      29.581918      -66684.927767      20.731809      28.239276     3723731047.852884
222      29.662887      -66686.551838      20.578272      28.868617     3723731217.183569
223      29.742732      -66685.711872      20.710220      28.263138     3723731390.068458
224      29.633662      -66686.145793      20.955281      28.843291     3723731562.964346
225      29.928195      -66684.227397      20.628519      28.252957     3723731736.710285
226      29.730464      -66684.679842      20.695353      28.861299     3723731910.060199
227      29.879838      -66684.245990      20.814053      28.210943     3723732080.819966
228      29.738081      -66685.132310      20.774698      28.776493     3723732257.286060
229      29.762230      -66683.530178      20.567288      28.187122     3723732433.253125
230      29.750515      -66684.881280      20.706103      28.778268     3723732606.897056
231      29.706523      -66683.685111      20.813642      28.111694     3723732784.273201
232      29.715768      -66684.887478      20.602399      28.813597     3723732957.938134
233      29.875210      -66682.808226      20.598828      28.188625     3723733131.934086
234      29.781215      -66684.388539      20.836368      28.827146     3723733308.838205
235      29.645660      -66682.331086      20.763678      28.153905     3723733480.543025
236      29.839660      -66683.015820      20.580538      28.823002     3723733654.345967
237      29.797181      -66681.733147      20.674520      28.199864     3723733831.282087
238      29.506502      -66682.324890      20.962989      28.810228     3723734001.140802
239      29.777126      -66680.205946      20.675105      28.247181     3723734172.181586
240      29.802488      -66680.057266      20.593209      28.750445     3723734343.519386
241      29.732038      -66679.543101      20.592280      28.331928     3723734517.885358
242      29.495328      -66680.184263      20.857385      28.727496     3723734692.540348
243      29.581915      -66679.629826      20.798423      28.384353     3723734871.169566
244      29.746135      -66679.186919      20.726918      28.821493     3723735048.610714
245      29.622902      -66677.715879      20.703162      28.363840     3723735224.985802
246      29.699847      -66678.514857      20.842979      28.602968     3723735394.872519
247      29.719865      -66677.613689      20.744087      28.456176     3723735569.856528
248      29.884553      -66677.068695      20.704050      28.441424     3723735741.469344
249      29.618301      -66678.703773      20.705562      28.560975     3723735918.268456
250      29.657457      -66678.236136      20.744987      28.466126     3723736091.368357
251      29.811867      -66679.335585      20.625930      28.575376     3723736265.478315
252      29.703233      -66679.010382      20.773441      28.368369     3723736439.640277
253      29.706473      -66680.621022      20.830834      28.703240     3723736610.830068
254      29.696824      -66680.930793      20.776595      28.370776     3723736783.427940
255      29.675460      -66681.785814      20.669774      28.540880     3723736957.273883
256      29.747990      -66680.453750      20.827550      28.251670     3723737134.453018
257      29.559793      -66682.888784      20.755336      28.652683     3723737307.117894
258      29.714930      -66681.339706      20.599654      28.313143     3723737479.570757
259      29.730887      -66681.042313      20.663888      28.628503     3723737654.427758
260      29.801370      -66680.528093      20.822186      28.244529     3723737828.350707
261      29.631743      -66681.293238      20.793673      28.664134     3723738004.869802
262      29.766019      -66680.844056      20.678196      28.292077     3723738179.778807
263      29.944264      -66681.541072      20.689089      28.658861     3723738356.878936
264      29.635507      -66681.076389      20.875688      28.228838     3723738532.545984
265      29.959683      -66681.457427      20.889059      28.848999     3723738711.153200
266      29.952198      -66680.230726      20.662920      28.196819     3723738899.212956
267      29.761287      -66681.971699      20.742832      28.657114     3723739090.268884
268      29.587568      -66683.682013      20.791426      28.430932     3723739275.985507
269      29.704755      -66683.706802      20.936542      28.345485     3723739461.762132
270      29.821980      -66684.611664      20.605993      28.516032     3723739643.291515
271      29.715294      -66684.078652      20.733523      28.334432     3723739823.210805
272      29.644433      -66684.041467      20.855493      28.578102     3723740003.348109
273      29.689812      -66682.644012      20.971618      28.383272     3723740188.832718
274      29.740197      -66684.506299      20.800004      28.791620     3723740374.788354
275      29.843755      -66682.420935      20.672617      28.201712     3723740561.665043
276      29.813130      -66683.449614      20.866056      28.766685     3723740741.148309
277      29.683498      -66682.169980      20.782388      28.143719     3723740919.889532
278      29.650885      -66683.455812      20.697891      28.831512     3723741102.457974
279      29.757374      -66681.172421      20.744514      28.133177     3723741291.309776
280      29.798226      -66682.510785      20.765833      28.489424     3723741474.484253
281      29.760799      -66682.944556      20.738319      28.264286     3723741656.208647
282      29.629431      -66683.310178      20.858162      28.437799     3723741835.055877
283      29.806072      -66684.056961      20.650268      28.637880     3723742018.317358
284      29.832307      -66684.010479      20.773875      28.429933     3723742199.667731
285      29.699512      -66685.801754      20.827521      28.670477     3723742380.441071
286      29.708745      -66686.310069      20.847793      28.211372     3723742563.659550
287      29.828187      -66687.593378      20.678011      28.756689     3723742752.726365
288      29.602694      -66685.250079      20.664142      28.170347     3723742934.400756
289      29.852661      -66684.921568      20.857450      28.626499     3723743115.566118
290      29.705364      -66684.376143      20.758367      28.148211     3723743296.748481
291      29.835867      -66686.046610      20.682769      28.639635     3723743479.103911
292      29.763835      -66685.944327      20.750390      28.529080     3723743660.110264
293      29.653346      -66686.427853      20.993273      28.478740     3723743840.166563
294      29.606873      -66686.806012      20.816288      28.629456     3723744020.050851
295      29.763585      -66687.782479      20.635783      28.506286     3723744208.352622
296      29.837560      -66689.000883      20.673862      28.664798     3723744393.865232
297      29.625639      -66687.723578      20.857606      28.288932     3723744578.364785
298      29.668762      -66688.644336      20.977570      28.844775     3723744761.530262
299      29.877976      -66687.295783      20.668756      28.321383     3723744946.036814
300      29.969831      -66686.973399      20.735004      28.861492     3723745128.359243
301      29.700204      -66684.534189      20.789961      28.208386     3723745314.023862
302      29.812193      -66685.116814      20.915876      28.848198     3723745494.389178
303      29.726097      -66684.689139      20.835476      28.219011     3723745680.419819
304      30.013176      -66682.659504      20.727700      28.641070     3723745860.863140
305      29.745283      -66681.451231      20.752509      28.197795     3723746046.729770
306      29.727959      -66681.178617      20.945537      28.524486     3723746230.061257
307      29.655925      -66682.634717      20.753349      28.549419     3723746409.605526
308      29.814265      -66683.731592      20.690990      28.469716     3723746589.458813
309      29.890703      -66685.045533      20.670391      28.667426     3723746775.777470
310      29.753327      -66683.161449      20.785510      28.234933     3723746965.260308
311      29.645723      -66683.728493      20.778624      28.698354     3723747152.827036
312      29.728310      -66683.223419      20.727179      28.165650     3723747339.758728
313      29.850249      -66684.264583      20.701446      28.849638     3723747529.263566
314      29.784265      -66684.109641      20.678129      28.313401     3723747717.962360
315      29.690531      -66684.146826      20.849076      28.803177     3723747907.028173
316      29.685374      -66682.405444      20.761621      28.372545     3723748091.696736
317      29.792743      -66683.279193      20.647312      28.497174     3723748278.848441
318      29.797544      -66684.184013      20.608728      28.668132     3723748462.006917
319      29.689181      -66683.235813      21.018670      28.420298     3723748649.153621
320      29.527128      -66682.436426      20.778284      28.724735     3723748833.559168
321      29.760956      -66681.256063      20.824936      28.170495     3723749020.779877
322      29.750267      -66682.631619      20.691438      28.832368     3723749209.939696
323      29.641283      -66680.840958      20.774809      28.157655     3723749396.881389
324      29.625103      -66682.523178      20.945856      28.779440     3723749584.063095
325      29.672081      -66681.522484      20.767448      28.389205     3723749771.095792
326      29.773383      -66682.039857      20.647425      28.737073     3723749954.092259
327      29.715743      -66681.426448      20.642781      28.406484     3723750141.913002
328      29.671674      -66680.500215      20.872380      28.323936     3723750326.756575
329      29.598849      -66681.934521      20.820633      28.692045     3723750512.710210
330      29.662623      -66682.340381      20.608487      28.286958     3723750697.868801
331      29.743233      -66683.936108      20.657569      28.807902     3723750887.229631
332      29.696465      -66681.705265      20.664009      28.178356     3723751070.560118
333      29.664915      -66683.427924      20.888403      28.794471     3723751253.396575
334      29.746210      -66682.142096      20.737862      28.165934     3723751433.439873
335      29.831886      -66682.696684      20.627200      28.524106     3723751625.189840
336      29.720113      -66683.663420      20.634948      28.579365     3723751818.597902
337      29.655387      -66682.616127      20.958280      28.595819     3723752008.539766
338      29.760423      -66682.275318      20.789907      28.599323     3723752196.968544
339      29.613384      -66680.534288      20.825282      28.299661     3723752388.570503
340      29.758627      -66680.850252      20.630019      28.766187     3723752582.561599
341      29.779332      -66678.911275      20.634585      28.174280     3723752776.440688
342      29.611970      -66680.413482      20.760063      28.576705     3723752966.849579
343      29.613501      -66681.599933      20.826347      28.536412     3723753160.245641
344      29.813068      -66681.073291      20.688115      28.630952     3723753351.920604
345      29.951265      -66681.553463      20.652754      28.581539     3723753547.809808
346      29.710685      -66681.494602      20.740875      28.326324     3723753740.536831
347      29.652761      -66682.309398      20.748943      28.790191     3723753932.479810
348      29.801320      -66681.494602      20.730953      28.179831     3723754120.125542
349      29.629593      -66682.659504      20.834708      28.666395     3723754313.623610
350      29.766984      -66682.523178      20.638539      28.213752     3723754501.715368
351      29.680592      -66682.138998      20.709971      28.546954     3723754694.624402
352      29.577130      -66683.508488      20.688657      28.590358     3723754888.493490
353      29.694573      -66683.365952      20.829812      28.303190     3723755084.594707
354      29.656843      -66683.496093      20.758772      28.819133     3723755274.484568
355      29.581408      -66681.922129      20.609606      28.166441     3723755469.606729
356      29.713331      -66683.130464      20.602986      28.675497     3723755660.999675
357      29.636295      -66682.538670      20.670973      28.228697     3723755850.542517
358      29.574302      -66683.266798      20.846411      28.506885     3723756034.964065
359      29.648278      -66683.096380      20.653887      28.556162     3723756218.443559
360      29.767402      -66683.663420      20.616516      28.347170     3723756401.056004
361      29.664613      -66684.562080      20.648323      28.683132     3723756583.276426
362      29.718487      -66683.489896      20.802448      28.269744     3723756771.645201
363      29.847088      -66684.112739      20.835946      28.820924     3723756960.296991
364      29.819101      -66683.378347      20.629524      28.170694     3723757145.218568
365      29.684159      -66683.025115      20.637054      28.659738     3723757335.356443
366      29.797102      -66682.634717      20.628599      28.475050     3723757521.984118
367      29.838044      -66684.053862      20.888136      28.625321     3723757704.269544
368      29.663170      -66683.282291      20.579978      28.533906     3723757888.643090
369      29.756326      -66683.963997      20.600499      28.320950     3723758077.851912
370      29.793024      -66685.076525      20.604356      28.803676     3723758265.685655
371      29.680145      -66683.985688      20.888329      28.238494     3723758454.885477
372      29.578126      -66684.964956      20.766688      28.827380     3723758641.310139
373      29.705220      -66684.686040      20.540363      28.259460     3723758829.345894
374      29.677730      -66685.919532      20.630028      28.567788     3723759019.113749
375      29.496846      -66684.937064      20.813109      28.307209     3723759208.682591
376      29.783439      -66684.422627      20.821864      28.485521     3723759403.480733
377      29.646315      -66685.718071      20.601318      28.686866     3723759592.415540
378      29.939904      -66685.064128      20.616830      28.262382     3723759784.246512
379      29.663615      -66686.905204      20.644470      28.857501     3723759972.333270
380      29.720390      -66686.496044      20.734463      28.239563     3723760163.344195
381      29.559123      -66686.465048      20.876534      28.859442     3723760353.134050
382      29.700183      -66685.392643      20.599509      28.327648     3723760544.939021
383      29.760215      -66686.254277      20.736779      28.458748     3723760734.664873
384      29.566879      -66687.354681      20.639226      28.699974     3723760923.919698
385      29.644921      -66685.141607      20.803319      28.265253     3723761113.120519
386      29.680406      -66685.547607      20.711672      28.738680     3723761302.228335
387      29.663994      -66683.774973      20.537333      28.269500     3723761490.129082
388      29.757809      -66684.447419      20.605083      28.802532     3723761680.346962
389      29.594281      -66683.967096      20.620126      28.366529     3723761874.894090
390      29.608570      -66683.254404      20.960898      28.473833     3723762063.645885
391      29.696182      -66683.477502      20.647890      28.438474     3723762252.843707
392      29.899488      -66684.118937      20.557888      28.504747     3723762438.433322
393      29.664417      -66684.686040      20.603226      28.656217     3723762623.665917
394      29.647814      -66682.808226      20.852088      28.242808     3723762810.620610
395      29.676649      -66682.541768      20.811786      28.728876     3723762998.989385
396      29.675129      -66683.431023      20.668256      28.101131     3723763186.240094
397      29.836961      -66685.454629      20.572114      28.618891     3723763378.702103
398      29.718440      -66685.838947      20.593779      28.517267     3723763563.855693
399      29.662766      -66686.694423      20.901564      28.535825     3723763747.841216
400      29.731591      -66687.320582      20.676891      28.644775     3723763932.850799
401      29.614539      -66687.097392      20.578384      28.231528     3723764115.001217
402      29.628692      -66688.827258      20.563505      28.738437     3723764297.678666
403      29.811648      -66686.939302      20.794867      28.267862     3723764483.231278
404      29.600857      -66687.903382      20.806853      28.832729     3723764672.520105
405      29.762570      -66686.666526      20.660267      28.336977     3723764859.971827
406      29.619454      -66687.742178      20.656411      28.823718     3723765050.256711
407      29.655801      -66686.864907      20.632726      28.420304     3723765243.130743
408      29.563834      -66687.692578      20.773390      28.305548     3723765431.437513
409      29.554554      -66688.728045      20.788977      28.813295     3723765622.992469
410      29.796173      -66687.816580      20.616782      28.335343     3723765811.842270
411      29.469919      -66688.501721      20.666616      28.770573     3723765998.002918
412      29.732928      -66687.134590      20.636905      28.154236     3723766186.145679
413      29.596084      -66689.366745      20.788762      28.827948     3723766376.562571
414      29.619501      -66689.481468      20.636138      28.467125     3723766566.523436
415      29.841889      -66688.579229      20.554452      28.391891     3723766761.098565
416      29.659929      -66689.329538      20.685607      28.527636     3723766954.377620
417      29.462452      -66688.548225      20.790129      28.364335     3723767142.251366
418      29.696058      -66690.126421      20.785737      28.850288     3723767327.613968
419      29.662342      -66689.698514      20.629468      28.257611     3723767517.468827
420      29.778186      -66690.718702      20.664844      28.881009     3723767707.964723
421      29.770704      -66688.802455      20.756210      28.251668     3723767898.044594
422      29.863928      -66688.411813      20.836102      28.561812     3723768094.037805
423      29.710922      -66688.405612      20.695520      28.627546     3723768283.257627
424      29.871259      -66686.663426      20.582038      28.326270     3723768475.440619
425      29.907399      -66687.754579      20.589825      28.822374     3723768665.055465
426      29.568576      -66686.682024      20.729793      28.384697     3723768856.079391
427      29.745264      -66687.146989      20.860910      28.820156     3723769049.321444
428      29.786559      -66685.082723      20.639354      28.222229     3723769240.605385
429      29.832023      -66686.300770      20.624504      28.696187     3723769432.856381
430      29.712567      -66684.840992      20.590156      28.500224     3723769624.979370
431      29.848264      -66683.483699      20.709346      28.264371     3723769818.113416
432      29.693176      -66684.803803      20.880112      28.762625     3723770014.177630
433      29.683534      -66684.366847      20.677294      28.149802     3723770209.592807
434      29.848087      -66685.742866      20.517048      28.855136     3723770402.069817
435      29.748521      -66684.270781      20.653035      28.231042     3723770596.043911
436      29.644739      -66684.060059      20.733446      28.581662     3723770791.173072
437      29.518657      -66683.960898      20.695002      28.565461     3723770981.333949
438      29.610820      -66683.582855      20.811805      28.240356     3723771174.610003
439      29.755226      -66685.993919      20.674283      28.845001     3723771370.727221
440      29.787765      -66684.230495      20.594740      28.209485     3723771569.855609
441      29.638461      -66686.186087      20.857204      28.862962     3723771757.081318
442      29.635688      -66684.921568      20.687367      28.295986     3723771941.668877
443      29.804104      -66685.928830      20.785997      28.458364     3723772128.081538
444      29.685868      -66687.134590      20.598624      28.714186     3723772312.651095
445      29.659507      -66685.597197      20.719908      28.359395     3723772501.624904
446      29.656199      -66687.078793      20.817407      28.752290     3723772694.362928
447      29.851767      -66685.563104      20.776938      28.215797     3723772886.743932
448      29.709221      -66686.716121      20.661652      28.833050     3723773079.966983
449      29.720409      -66686.443351      20.590824      28.352582     3723773271.944964
450      29.881593      -66686.697522      20.622115      28.493076     3723773463.822939
451      29.934289      -66685.683978      20.747669      28.428786     3723773656.113937
452      29.667626      -66685.367849      20.825978      28.379391     3723773847.962910
453      29.898399      -66686.266675      20.615857      28.760628     3723774037.733765
454      29.881664      -66684.066257      20.614625      28.290440     3723774228.207659
455      29.727491      -66684.171617      20.588118      28.777495     3723774419.775616
456      29.713411      -66684.589971      20.661434      28.314643     3723774612.332630
