1      28.527907      -66744.004802      20.705493      28.721222     3723509192.920508
2      28.327673      -66742.654616      20.756420      28.654446     3723509599.321753
3      28.404736      -66739.456122      20.797403      28.725649     3723510031.626479
4      28.326282      -66735.395702      20.988822      29.103575     3723510486.727509
5      28.373763      -66731.087945      20.761204      29.127073     3723510950.873057
6      28.403087      -66727.812536      20.650433      28.888675     3723511398.954686
7      28.320114      -66722.229593      20.842045      28.525364     3723511851.970597
8      28.213418      -66717.974640      20.783734      28.341070     3723512293.838871
9      28.233267      -66715.633389      20.772952      28.348127     3723512726.212601
10      28.312421      -66713.295841      20.714936      28.511167     3723513157.880291
11      28.237664      -66713.208816      20.658819      28.601910     3723513577.368284
12      28.114551      -66713.706113      20.853390      28.751906     3723514001.683554
13      28.072815      -66713.566245      20.988367      28.936904     3723514447.179034
14      28.159848      -66712.136613      20.927960      29.016815     3723514895.476675
15      28.198357      -66709.290440      20.764419      28.825846     3723515351.524760
16      28.240929      -66707.566385      20.735142      28.475499     3723515806.735797
17      28.167435      -66710.502131      20.788523      28.280683     3723516270.487321
18      28.074849      -66712.226735      20.769611      28.512199     3723516731.013662
19      28.091499      -66711.971909      20.851711      28.876603     3723517197.029317
20      28.036917      -66712.568587      21.020875      29.019717     3723517657.308643
21      28.032227      -66711.695336      20.959447      28.540731     3723518118.622029
22      28.095356      -66713.215033      20.840275      28.420428     3723518582.117539
23      28.074969      -66711.449847      20.926325      28.463743     3723519039.049675
24      28.075362      -66710.971316      20.804384      28.698366     3723519498.042927
25      28.187161      -66711.067641      20.697291      28.891071     3723519964.280594
26      28.065559      -66713.727870      20.754507      28.954738     3723520418.779591
27      28.129232      -66714.346421      20.777832      28.431037     3723520887.411395
28      27.968633      -66712.251597      20.775855      28.277282     3723521349.391819
29      27.947165      -66712.121075      20.878066      28.478306     3723521827.231149
30      28.075248      -66710.309492      20.810409      28.953496     3723522337.760350
31      28.059836      -66710.697881      20.733811      28.513003     3723522837.106910
32      28.078898      -66712.192551      20.797109      28.373761     3723523340.582708
33      28.090951      -66712.873157      20.712729      28.706268     3723523847.194684
34      28.062075      -66713.037877      20.698993      29.008840     3723524366.069362
35      28.136922      -66708.532437      20.754932      28.638578     3723524882.518902
36      27.994350      -66709.287333      20.803855      28.443860     3723525392.425066
37      27.932113      -66710.986852      20.925135      28.910948     3723525898.558016
38      27.878629      -66709.613542      20.915726      28.501423     3723526404.263940
39      27.806817      -66710.387169      20.922204      28.298355     3723526905.791625
40      27.860991      -66713.945446      20.938209      28.738237     3723527425.443349
41      27.927448      -66712.481569      20.842228      29.010544     3723527939.618758
42      27.862643      -66710.840812      20.980973      28.525664     3723528436.483177
43      27.971125      -66712.062029      20.747438      28.550344     3723528937.091810
44      27.953324      -66712.723978      20.712117      28.880796     3723529446.486946
45      27.985991      -66711.076963      20.773636      29.008829     3723529954.084979
46      28.005841      -66708.330521      20.749852      28.370495     3723530459.029859
47      28.077639      -66708.712613      20.703224      28.460368     3723530963.820732
48      28.010401      -66708.883472      20.721644      28.898288     3723531469.263642
49      27.996788      -66709.545192      20.696952      28.828499     3723531967.154119
50      27.981955      -66709.501698      20.715439      28.363366     3723532458.361215
51      27.972270      -66711.999877      20.801988      28.664646     3723532953.103513
52      27.965806      -66713.625300      20.830856      29.007260     3723533442.676515
53      27.896515      -66712.888696      20.808231      28.474198     3723533950.965587
54      27.860990      -66709.970831      20.867596      28.315275     3723534445.366865
55      27.963300      -66709.952190      20.755794      28.470948     3723534921.600104
56      27.873253      -66711.738841      20.815326      28.925357     3723535399.711451
57      28.023815      -66710.822168      20.690141      28.993408     3723535885.488235
58      28.012640      -66707.364490      20.712106      28.425176     3723536373.200131
59      27.950961      -66707.991933      20.662228      28.336581     3723536853.471601
60      27.932710      -66711.825852      20.722609      28.696933     3723537336.020201
61      27.944087      -66710.955779      20.710299      28.953547     3723537816.057658
62      27.945573      -66709.998794      20.697159      28.603832     3723538303.516539
63      27.924965      -66708.526224      20.767191      28.348735     3723538779.469761
64      28.044150      -66709.809273      20.762531      28.540326     3723539248.598594
65      28.022409      -66712.086890      20.712103      28.985736     3723539743.619908
66      28.016581      -66711.219900      20.743276      28.559960     3723540244.000528
67      27.972631      -66710.822168      20.798339      28.416815     3723540727.962209
68      27.999239      -66712.052706      20.726374      28.484305     3723541213.201963
69      27.988256      -66713.423272      20.736484      28.938882     3723541701.250877
70      28.053358      -66714.278037      20.747550      28.536743     3723542189.481803
71      27.941336      -66713.845982      20.969444      28.395312     3723542663.300904
72      27.916447      -66711.832068      20.747676      28.364867     3723543151.228812
73      27.872957      -66713.451245      20.739670      28.669338     3723543629.509168
74      27.937760      -66715.437535      20.865685      29.007135     3723544113.837871
75      27.960989      -66713.584894      20.805417      28.502108     3723544591.777206
76      27.918147      -66713.289625      20.921588      28.330066     3723545075.293862
77      27.876216      -66713.336246      20.908082      28.439977     3723545534.353118
78      27.800992      -66713.553813      20.986663      28.824224     3723545996.845572
79      27.861898      -66712.096213      20.938185      28.935854     3723546459.582039
80      27.856997      -66711.344195      20.887398      29.014318     3723546920.869423
81      27.880074      -66709.107147      20.845632      28.461960     3723547390.603291
82      27.971011      -66709.038801      20.717556      28.267335     3723547873.142889
83      27.909361      -66710.769346      20.851740      28.679662     3723548359.513709
84      27.937498      -66710.707202      20.864239      28.910285     3723548844.949474
85      28.024511      -66711.800992      20.818652      28.666399     3723549336.231574
86      27.943821      -66711.984339      20.741214      28.336654     3723549828.578734
87      27.939688      -66713.034769      20.765838      28.629090     3723550317.964725
88      27.925932      -66713.373543      20.774551      28.971652     3723550799.077244
89      27.982458      -66712.621420      20.775718      28.853212     3723551284.300997
90      28.048066      -66711.527532      20.749499      28.350387     3723551780.504378
91      27.950703      -66711.614541      20.726467      28.573868     3723552275.169671
92      27.926037      -66711.844498      20.780327      28.959684     3723552762.149525
93      27.852711      -66709.476844      20.816207      28.540147     3723553243.610063
94      27.911236      -66708.526224      20.767191      28.362683     3723553738.775385
95      27.952761      -66710.626416      20.656023      28.679086     3723554228.063370
96      27.912313      -66710.520774      20.853082      28.958527     3723554722.402645
97      27.884728      -66708.358478      20.864055      28.497288     3723555207.575395
98      27.904344      -66707.050784      20.825154      28.315345     3723555692.103109
99      27.998416      -66706.261909      20.785778      28.503935     3723556174.869721
100      27.938837      -66707.870789      20.773715      28.932520     3723556657.269314
101      27.859925      -66706.712243      20.842897      28.568962     3723557143.170105
102      27.939636      -66705.879919      20.800038      28.292483     3723557640.029524
103      27.961662      -66704.938987      20.645687      28.351691     3723558120.046979
104      27.853926      -66705.342675      20.814606      28.877278     3723558607.064835
105      27.938312      -66705.609741      20.844989      28.608199     3723559101.726128
106      27.998574      -66704.861356      20.703964      28.340451     3723559580.809530
107      27.964731      -66704.892408      20.720866      28.444487     3723560063.965165
108      27.863485      -66702.582419      20.785333      28.822718     3723560543.389586
109      27.990563      -66704.951408      20.713312      28.933753     3723561019.045793
110      28.007331      -66702.191269      20.710731      28.487741     3723561502.015417
111      27.982734      -66701.573533      20.771982      28.309277     3723561980.842804
112      28.017925      -66703.374084      20.656043      28.665166     3723562462.288342
113      28.015475      -66702.076410      20.682853      28.929360     3723562942.840827
114      27.900248      -66701.371769      20.744224      28.652442     3723563419.498090
115      27.934128      -66702.327859      20.668999      28.229312     3723563906.971973
116      27.948774      -66705.895447      20.684344      28.744332     3723564397.251015
117      27.965087      -66706.420300      20.719573      28.874191     3723564866.213839
118      27.918863      -66704.827199      20.825247      28.881934     3723565332.831527
119      27.837961      -66703.637988      20.781867      28.295988     3723565796.524049
120      27.814945      -66705.544526      20.893375      28.306475     3723566247.859864
121      27.726471      -66707.324111      20.839738      28.587232     3723566708.502211
122      27.919447      -66707.448353      20.945105      28.843037     3723567183.267365
123      27.829430      -66707.516687      20.927910      28.759697     3723567647.560922
124      27.943445      -66706.131472      20.804141      28.464130     3723568122.398081
125      27.916322      -66705.407888      20.767394      28.340100     3723568591.792929
126      28.019408      -66704.662625      20.680231      28.659444     3723569059.820698
127      27.992067      -66706.072465      20.718383      28.945007     3723569536.523965
128      27.981151      -66704.234127      20.748641      28.611247     3723570005.412783
129      27.894156      -66704.529106      20.834181      28.385140     3723570476.962754
130      27.897340      -66705.547632      20.777180      28.463866     3723570952.096931
131      27.780049      -66703.936052      20.788286      28.708785     3723571406.392915
132      27.760704      -66705.196724      21.052042      28.938690     3723571871.425514
133      27.810737      -66705.482418      20.897607      28.935894     3723572334.598005
134      27.726681      -66703.402026      20.888132      28.419179     3723572801.779727
135      27.849477      -66702.110557      20.877404      28.261222     3723573264.269179
136      27.933402      -66700.996189      20.654084      28.319269     3723573729.122767
137      28.021074      -66698.739929      20.669165      28.542605     3723574186.921952
138      27.988459      -66700.744777      20.678571      28.911917     3723574642.836029
139      27.950082      -66701.266232      20.750170      28.671764     3723575093.494805
140      27.795826      -66701.734947      20.865708      28.348987     3723575552.966085
141      27.747338      -66704.942092      20.914048      28.235217     3723576004.658921
142      27.836822      -66707.445247      20.859602      28.492906     3723576459.401930
143      27.892645      -66707.150175      20.833120      28.755200     3723576923.806493
144      27.845559      -66706.727772      20.740443      28.888900     3723577379.574562
145      27.878994      -66706.824054      20.860597      28.566393     3723577851.001525
146      28.032244      -66706.861324      20.698229      28.371539     3723578326.293710
147      27.940902      -66707.690630      20.714153      28.513883     3723578805.646128
148      27.902777      -66708.563502      20.685601      28.729308     3723579271.824792
149      27.888327      -66708.961136      20.863456      28.939237     3723579733.798215
150      27.901818      -66708.153459      20.822117      28.638211     3723580209.571428
151      27.808143      -66708.296351      20.900879      28.310841     3723580679.456304
152      27.794913      -66710.666809      20.846596      28.406425     3723581136.721457
153      27.801964      -66712.354151      21.060131      28.831464     3723581597.981840
154      27.827751      -66711.132895      20.954543      28.932899     3723582057.417119
155      28.003648      -66711.070749      20.867619      28.999982     3723582512.389142
156      27.979074      -66708.846193      20.829918      28.621488     3723582973.465514
157      28.017479      -66708.389542      20.839147      28.268435     3723583444.935480
158      28.050594      -66708.467202      20.816318      28.307345     3723583909.661061
159      27.928319      -66711.257188      20.774139      28.659327     3723584378.900900
160      27.954221      -66712.139720      20.816970      28.958320     3723584854.594108
161      28.037844      -66711.300691      20.791089      28.876916     3723585340.936925
162      27.915638      -66709.212773      20.860709      28.527462     3723585816.361117
163      27.994639      -66709.358787      20.755959      28.334891     3723586298.172676
164      27.828738      -66712.817215      20.717225      28.710689     3723586769.443631
165      27.966780      -66711.216793      20.779407      28.967370     3723587247.020947
166      27.863557      -66710.663702      20.967024      28.962818     3723587729.744557
167      27.858099      -66711.213685      20.950388      28.336566     3723588214.243269
168      27.740186      -66711.754379      20.960633      28.343863     3723588686.830299
169      27.756802      -66713.274085      20.964738      28.841212     3723589174.460190
170      27.869119      -66711.925295      20.797430      28.975334     3723589650.902441
171      27.805685      -66711.086285      21.015979      28.862350     3723590131.300919
172      27.821907      -66709.629076      20.897370      28.319940     3723590608.852233
173      27.861381      -66710.586023      20.769969      28.371927     3723591084.352429
174      27.766303      -66709.865197      20.951235      28.751050     3723591541.601583
175      27.841206      -66710.315707      20.930177      28.951664     3723591998.280703
176      27.963605      -66708.933177      20.800277      28.960718     3723592458.597032
177      28.013952      -66708.265287      20.787617      28.773634     3723592933.300183
178      27.981802      -66707.678206      20.711266      28.334152     3723593391.358383
179      27.921565      -66708.203161      20.763976      28.355102     3723593866.969586
180      27.872963      -66709.535872      20.778182      28.600338     3723594327.100904
181      27.792710      -66707.932914      20.988178      28.818282     3723594781.749909
182      27.706247      -66707.619189      21.051112      28.902015     3723595234.733818
183      27.821402      -66709.100933      20.984938      28.981594     3723595687.547718
184      27.894874      -66706.261909      20.789558      28.648006     3723596127.966908
185      27.977330      -66702.827673      20.795315      28.284579     3723596564.996905
186      27.872671      -66702.840091      20.831742      28.391806     3723596996.233570
187      27.654218      -66700.046444      20.841070      28.402614     3723597426.794197
188      27.811424      -66699.835403      21.010704      28.804440     3723597859.209929
189      27.881225      -66699.140243      20.865223      28.867131     3723598293.070745
190      27.909252      -66700.490267      20.836277      28.780603     3723598716.342955
191      27.884987      -66700.589587      20.998921      28.353663     3723599147.254601
192      27.822172      -66701.573533      20.878981      28.306022     3723599578.341259
193      27.886009      -66701.936719      20.771818      28.417914     3723600004.553636
194      27.872661      -66702.607255      20.822284      28.491279     3723600433.457168
195      27.775795      -66707.836621      21.041615      28.926345     3723600863.482764
196      27.823093      -66705.948241      21.043318      28.778226     3723601289.181113
197      27.906326      -66705.122197      20.778742      28.494688     3723601716.318543

