1      30.119801      -66680.660130      20.624513      28.667388     3724201444.479477
2      30.061768      -66680.514569      20.566254      28.415820     3724201607.245786
3      30.288795      -66680.471211      20.454515      28.318936     3724201769.436063
4      30.090457      -66678.548171      20.727132      28.468083     3724201939.423786
5      29.983107      -66678.526496      20.595670      28.275277     3724202105.979312
6      30.176547      -66677.839131      20.477275      28.539824     3724202273.800911
7      30.144333      -66675.876398      20.508691      28.204115     3724202444.892697
8      30.091752      -66678.582231      20.698684      28.814641     3724202613.236326
9      30.044308      -66678.247829      20.490535      28.208577     3724202788.604356
10      30.144055      -66679.895186      20.636969      28.788814     3724202958.686084
11      30.069166      -66679.071471      20.676120      28.176090     3724203128.824816
12      30.096305      -66680.347332      20.652293      28.816651     3724203300.238620
13      30.177455      -66680.310168      20.503256      28.121088     3724203472.322463
14      30.107260      -66680.421659      20.674809      28.777698     3724203643.498253
15      30.020215      -66679.399709      20.625248      28.177416     3724203811.988890
16      30.105148      -66681.796825      20.516450      28.789285     3724203983.760715
17      30.101880      -66680.523860      20.698855      28.239396     3724204157.246638
18      29.974640      -66682.986322      20.881632      28.720216     3724204327.999405
19      30.243462      -66682.902681      20.607486      28.337124     3724204501.590333
20      30.132628      -66683.906429      20.476891      28.708596     3724204677.296383
21      30.133364      -66683.398345      20.810104      28.297043     3724204850.183272
22      30.118307      -66683.801092      20.732147      28.722574     3724205023.667194
23      30.306970      -66683.609011      20.499071      28.347183     3724205195.824041
24      30.025474      -66684.333985      20.681412      28.421709     3724205367.428856
25      30.201862      -66686.205548      21.002043      28.414388     3724205540.468754
26      30.156610      -66687.392515      20.602754      28.350602     3724205708.735378
27      30.185973      -66689.280198      20.731711      28.661743     3724205880.099179
28      30.157975      -66688.480443      20.765756      28.257343     3724206046.967724
29      30.325919      -66690.049021      20.635868      28.859498     3724206212.531194
30      30.247473      -66688.967108      20.674669      28.236055     3724206383.650981
31      29.988264      -66690.690789      21.013822      28.839326     3724206555.798827
32      30.029507      -66690.058322      20.771284      28.246973     3724206726.595596
33      30.140422      -66692.005467      20.649094      28.777506     3724206895.888279
34      30.069672      -66690.080023      20.846959      28.406550     3724207062.489808
35      30.021138      -66691.087653      20.756136      28.754060     3724207226.385182
36      30.122003      -66690.938827      20.523249      28.432332     3724207391.940652
37      30.075128      -66691.896937      20.623838      28.434107     3724207555.813025
38      30.227227      -66692.455105      20.718749      28.774442     3724207720.762459
39      30.189886      -66692.786921      20.610004      28.347272     3724207886.600945
40      30.001608      -66693.546732      20.687080      28.861063     3724208053.542494
41      29.986070      -66692.045779      20.645952      28.232442     3724208219.126964
42      30.147850      -66693.391663      20.563331      28.914313     3724208383.526367
43      30.343972      -66690.796204      20.599708      28.251347     3724208551.227959
44      30.101302      -66690.399352      20.803864      28.658824     3724208709.515013
45      30.325333      -66689.903312      20.533416      28.496486     3724208866.656001
46      30.328429      -66689.636701      20.529485      28.633907     3724209026.069118
47      30.143383      -66689.286398      20.887161      28.639696     3724209186.766310
48      30.223614      -66688.619930      20.493640      28.296737     3724209344.957358
49      30.066572      -66688.964008      20.749077      28.843045     3724209500.805272
50      30.225991      -66686.850148      20.727884      28.286103     3724209661.234448
51      30.085738      -66688.142583      20.505862      28.735211     3724209819.718513
52      30.160636      -66686.608418      20.671606      28.267456     3724209976.914504
53      30.155005      -66687.166267      20.715478      28.595359     3724210135.957601
54      30.288614      -66686.472060      20.530677      28.519125     3724210296.611790
55      30.147807      -66686.413179      20.652612      28.310844     3724210451.274636
56      30.098911      -66687.386316      20.629431      28.858977     3724210604.802417
57      30.033607      -66685.722128      20.550052      28.223881     3724210763.145473
58      30.169927      -66687.593973      20.859673      28.747864     3724210914.037104
59      30.177385      -66686.741679      20.563453      28.342860     3724211070.133032
60      30.292836      -66688.040297      20.515606      28.762441     3724211223.804821
61      30.076364      -66687.482396      20.758827      28.509026     3724211378.407665
62      30.143411      -66687.969008      20.518859      28.396169     3724211536.853727
63      30.221312      -66687.817132      20.668533      28.796614     3724211693.121665
64      30.137204      -66686.713787      20.624781      28.196957     3724211852.230766
65      30.290792      -66687.531986      20.478537      28.830534     3724212010.718831
66      30.123296      -66685.904957      20.799128      28.289494     3724212169.168894
67      30.298606      -66688.381253      20.778814      28.738497     3724212328.830026
68      30.248758      -66687.386316      20.535375      28.307799     3724212489.464213
69      30.019099      -66688.623030      20.737756      28.538729     3724212659.367931
70      30.272122      -66688.762519      20.671939      28.725864     3724212819.022063
71      30.126101      -66688.387453      20.529085      28.458991     3724212981.322346
72      29.943769      -66687.752044      20.856542      28.725737     3724213143.727635
73      30.070234      -66686.131174      20.539204      28.213906     3724213301.914683
74      30.201908      -66688.232471      20.542866      28.812689     3724213462.555871
75      30.068884      -66687.408011      20.596910      28.210690     3724213628.430358
76      30.073517      -66688.502141      20.746946      28.824461     3724213786.723413
77      30.277243      -66685.774807      20.538214      28.313149     3724213949.218707
78      30.107931      -66687.094984      20.731959      28.532562     3724214108.870838
79      30.227287      -66686.481357      20.553168      28.551930     3724214267.246897
80      30.218191      -66687.674558      20.475813      28.560928     3724214426.676016
81      30.311221      -66687.315032      20.858765      28.634762     3724214585.131078
82      30.159480      -66687.587774      20.525093      28.261179     3724214743.519138
83      30.226667      -66689.091103      20.537645      28.891398     3724214907.002489
84      30.169248      -66686.676598      20.614704      28.223317     3724215069.742797
85      30.152902      -66687.910117      20.718058      28.826021     3724215229.847954
86      30.174871      -66686.577427      20.545526      28.283142     3724215392.013229
87      30.093133      -66688.080591      20.712614      28.619961     3724215551.119330
88      30.222472      -66688.796617      20.492474      28.638417     3724215712.621568
89      30.227565      -66687.817132      20.513272      28.483418     3724215875.498883
90      30.101246      -66687.736547      20.815617      28.587204     3724216036.357084
91      29.956250      -66687.398713      20.557405      28.289248     3724216195.792203
92      30.193270      -66688.272766      20.628107      28.832361     3724216358.669519
93      29.974796      -66686.825355      20.743138      28.254380     3724216518.519662
94      30.024875      -66688.446346      20.604243      28.862556     3724216677.495755
95      30.166642      -66686.834653      20.542092      28.240931     3724216839.903045
96      29.985861      -66689.057004      20.757727      28.746798     3724217003.101379
97      30.231412      -66688.313061      20.505853      28.500526     3724217165.566671
98      30.171081      -66689.320498      20.490843      28.659350     3724217327.244918
99      30.138411      -66688.223172      20.886579      28.510854     3724217484.232898
100      30.310890      -66687.693154      20.554596      28.385292     3724217641.399887
101      30.055572      -66687.841928      20.565369      28.861279     3724217797.755830
102      30.155623      -66686.571229      20.676652      28.205916     3724217953.466737
103      30.299138      -66687.649763      20.499821      28.766440     3724218111.835795
104      30.018958      -66686.630112      20.662717      28.230803     3724218272.936009
105      29.916074      -66688.182877      20.721067      28.707265     3724218428.148887
106      30.273840      -66686.713787      20.464069      28.560536     3724218586.104922
107      30.122119      -66685.554796      20.563781      28.323886     3724218745.918062
108      30.074614      -66685.895661      20.653796      28.851340     3724218910.168457
109      30.276819      -66683.596619      20.449381      28.279941     3724219072.987770
110      30.185405      -66683.150510      20.627644      28.850486     3724219234.953033
111      30.387322      -66681.539740      20.589604      28.196292     3724219397.955357
112      30.160742      -66683.525364      20.530399      28.734471     3724219559.318586
113      30.287286      -66683.435521      20.781910      28.345320     3724219717.305623
114      30.068930      -66684.482705      20.836755      28.709992     3724219873.491556
115      30.202806      -66683.503677      20.573087      28.359079     3724220035.025795
116      30.127823      -66683.748424      20.568893      28.428875     3724220196.473029
117      30.088699      -66684.272019      20.687064      28.683588     3724220359.845374
118      30.195166      -66685.059016      20.433164      28.371868     3724220526.540908
119      30.126490      -66686.180757      20.665126      28.852722     3724220686.390051
120      30.092965      -66684.123303      20.621239      28.214168     3724220846.256195
121      30.279467      -66685.291410      20.478086      28.772722     3724221003.248174
122      30.162063      -66684.544672      20.718897      28.355843     3724221165.171435
123      30.064223      -66684.752265      20.734633      28.721533     3724221323.968518
124      30.263951      -66684.312297      20.491558      28.380941     3724221483.491642
125      30.083320      -66684.662411      20.561064      28.414667     3724221641.756694
126      29.939502      -66685.021833      20.567738      28.816694     3724221800.747789
127      30.075353      -66684.179071      20.535919      28.206254     3724221961.907006
128      30.035629      -66686.109482      20.687516      28.827119     3724222127.181459
129      30.044286      -66684.172875      20.567090      28.197857     3724222290.164782
130      30.112282      -66685.297607      20.483784      28.721411     3724222455.166219
131      29.983064      -66683.237251      20.765979      28.409146     3724222618.269548
132      30.011435      -66684.702690      20.668985      28.714597     3724222780.212811
133      30.037655      -66684.482705      20.469093      28.340714     3724222943.072125
134      30.129891      -66684.665509      20.551150      28.467907     3724223103.460299
135      30.015162      -66685.629166      20.595754      28.681629     3724223263.246439
136      30.208447      -66684.445524      20.486195      28.361254     3724223426.470774
137      30.255003      -66684.966060      20.740471      28.806250     3724223586.091904
138      30.074618      -66683.305406      20.515315      28.136676     3724223747.096114
139      30.087625      -66684.811136      20.489115      28.786114     3724223912.359566
140      30.187869      -66682.323406      20.540119      28.165038     3724224075.623904
141      30.136597      -66682.877898      20.748677      28.743241     3724224236.381098
142      30.209200      -66681.350803      20.512728      28.231109     3724224401.366535
143      29.978709      -66683.076160      20.672234      28.496355     3724224563.280796
144      30.041300      -66682.797355      20.673453      28.324609     3724224725.756090
145      30.278813      -66684.092321      20.480254      28.536478     3724224888.354390
146      30.120453      -66684.219348      20.657077      28.612512     3724225049.837626
147      30.251116      -66683.596619      20.535891      28.252735     3724225208.633709
148      30.259621      -66684.962961      20.554262      28.855938     3724225368.128831
149      30.152304      -66683.500579      20.658617      28.300944     3724225532.209216
150      30.118697      -66683.667874      20.710338      28.856753     3724225693.959467
151      30.146387      -66681.626466      20.548603      28.248732     3724225859.075912
152      30.003919      -66683.410737      20.770234      28.626211     3724226019.672097
153      30.123731      -66682.961539      20.654042      28.276213     3724226177.106102
154      30.243642      -66683.983883      20.420948      28.540456     3724226336.044193
155      30.035563      -66682.868605      20.828244      28.621235     3724226496.128349
156      30.150494      -66681.899041      20.544522      28.271225     3724226655.872486
157      30.258740      -66681.576908      20.540836      28.796527     3724226819.928869
158      30.166252      -66681.152578      20.553039      28.230541     3724226977.313871
159      29.993436      -66683.454109      20.606441      28.834757     3724227134.140841
160      30.152840      -66682.654858      20.526590      28.206377     3724227297.104162
161      29.850903      -66684.024160      20.708492      28.665628     3724227456.097256
162      30.020400      -66683.073062      20.582900      28.271316     3724227622.813792
163      30.105853      -66683.584226      20.476278      28.586945     3724227784.256026
164      30.094673      -66682.187112      20.839148      28.510429     3724227945.737262
165      30.030058      -66681.960991      20.465359      28.262407     3724228107.260501
166      30.055458      -66682.688933      20.491039      28.811697     3724228267.117644
167      30.230383      -66679.650541      20.610917      28.266795     3724228424.230630
168      30.130298      -66681.369386      20.679879      28.848876     3724228582.198666
169      30.146216      -66680.777820      20.488394      28.207633     3724228742.600840
170      30.015060      -66681.400360      20.765529      28.701506     3724228900.703882
171      30.119064      -66680.880025      20.486214      28.321750     3724229061.373073
172      30.193690      -66682.964637      20.469952      28.678777     3724229224.855423
173      30.245029      -66682.140648      20.732658      28.333117     3724229385.002583
174      30.064510      -66683.441717      20.541401      28.432286     3724229548.310924
175      30.133449      -66684.225545      20.476310      28.723590     3724229708.188068
176      29.932934      -66684.253429      20.643985      28.223065     3724229863.171933
177      29.940675      -66686.004120      20.592803      28.778152     3724230023.013075
178      30.115361      -66686.062999      20.539161      28.209909     3724230188.253526
179      30.099527      -66687.597073      20.707323      28.813842     3724230347.957661
180      30.253229      -66685.446342      20.505195      28.306243     3724230510.456955
181      30.065021      -66686.332605      20.496069      28.550865     3724230671.050141
182      30.043710      -66685.526908      20.685598      28.265879     3724230829.232188
183      30.082714      -66687.045397      20.504904      28.527946     3724230991.487469
184      30.123081      -66687.060893      20.625260      28.605158     3724231154.178774
185      30.040153      -66686.255131      20.539949      28.249520     3724231318.257159
186      30.141984      -66686.462763      20.561127      28.621565     3724231480.867460
187      30.149150      -66685.883265      20.481933      28.259877     3724231643.314751
188      29.988492      -66686.428674      20.723320      28.849541     3724231800.814760
189      30.129770      -66685.499020      20.502811      28.188330     3724231961.144929
190      30.077902      -66688.728422      20.471157      28.885523     3724232124.710286
191      30.009567      -66687.290237      20.635653      28.273697     3724232286.402534
192      30.146397      -66689.057004      20.399459      28.723568     3724232449.346854
193      30.003314      -66687.866724      20.597611      28.440851     3724232619.181567
194      30.090685      -66689.602600      20.737050      28.685347     3724232776.661574
195      30.022098      -66689.022905      20.472366      28.555215     3724232937.268761
196      30.173356      -66688.043396      20.626220      28.332306     3724233096.339859
197      29.969268      -66688.561035      20.714586      28.876952     3724233253.856869
198      30.154324      -66687.860525      20.453175      28.224378     3724233413.984027
199      30.047499      -66688.368855      20.523809      28.871532     3724233573.768167
200      29.977799      -66686.995809      20.583875      28.265299     3724233730.017104
201      30.423904      -66687.702453      20.395080      28.769208     3724233889.057200
202      30.069987      -66686.645607      20.659709      28.296438     3724234047.641271
203      30.009478      -66686.289220      20.597517      28.507929     3724234203.869206
204      30.274625      -66686.217944      20.497017      28.570387     3724234364.573399
205      29.998524      -66687.482396      20.537660      28.488574     3724234522.965457
206      29.992638      -66687.804735      20.708647      28.733848     3724234684.101675
207      30.220922      -66687.547482      20.454017      28.240321     3724234841.967704
208      29.977768      -66688.830715      20.767665      28.868983     3724235001.164809
209      30.091066      -66687.048496      20.459533      28.299227     3724235164.250137
210      30.119968      -66687.553681      20.521881      28.810648     3724235326.370409
211      30.108951      -66685.678746      20.658340      28.312761     3724235487.863647
212      29.948030      -66686.162164      20.603849      28.556451     3724235652.329053
213      30.190590      -66685.418454      20.492080      28.653829     3724235816.760458
214      30.058409      -66684.919582      20.512014      28.470792     3724235977.884675
215      30.000060      -66684.179071      20.737242      28.649293     3724236138.268848
216      30.219156      -66684.114008      20.383893      28.255755     3724236301.395178
217      30.091433      -66684.721281      20.665753      28.866343     3724236462.085369
218      29.868253      -66681.713194      20.668531      28.163503     3724236625.884737
219      30.115943      -66682.004356      20.512811      28.752493     3724236791.724223
220      30.044550      -66680.495987      20.518910      28.264629     3724236956.670658
221      29.993144      -66681.366289      20.673960      28.612617     3724237119.739985
222      30.227424      -66681.793727      20.612388      28.291029     3724237284.058383
223      30.102062      -66683.447913      20.450189      28.527370     3724237448.729802
224      29.916292      -66683.342582      20.760977      28.529966     3724237612.759184
225      30.063259      -66684.052044      20.619529      28.504942     3724237781.885858
226      30.244833      -66683.934313      20.508915      28.497959     3724237948.165368
227      29.899357      -66685.065213      20.514503      28.300286     3724238114.534884
228      30.033183      -66684.925779      20.773142      28.421541     3724238275.350081
229      30.123652      -66684.553967      20.463239      28.307522     3724238432.313059
230      29.928329      -66685.412257      20.634090      28.847300     3724238590.466105
231      30.099942      -66684.303002      20.486556      28.195127     3724238748.376138
232      30.121967      -66686.323309      20.429844      28.789427     3724238908.245282
233      29.997953      -66686.131174      20.690440      28.238322     3724239079.966103
234      30.152340      -66688.173578      20.560349      28.783883     3724239241.640350
235      30.301669      -66687.473098      20.449930      28.455997     3724239407.488837
236      29.864527      -66687.178664      20.565483      28.409715     3724239570.497160
237      30.038399      -66684.897893      20.651356      28.429797     3724239735.804615
238      30.186311      -66683.605913      20.448710      28.390178     3724239897.895886
239      30.201629      -66683.844466      20.619150      28.788254     3724240066.844550
240      30.132706      -66682.428726      20.535115      28.284060     3724240229.597858
241      30.136744      -66684.411443      20.425541      28.731309     3724240391.543122
242      30.311124      -66684.008669      20.546800      28.185799     3724240553.224369
243      29.956800      -66684.656214      20.567892      28.803838     3724240712.260465
244      30.071681      -66683.323994      20.444716      28.188615     3724240875.894825
245      29.992985      -66684.839022      20.464882      28.781349     3724241039.146162
246      30.217894      -66683.627599      20.572414      28.254488     3724241199.774350
247      30.091414      -66684.371165      20.439559      28.552941     3724241361.164580
248      29.958720      -66683.751523      20.753915      28.553694     3724241522.022781
249      29.848300      -66684.241036      20.626448      28.472005     3724241681.068878
250      30.008503      -66684.780151      20.383082      28.565514     3724241843.492168
251      29.984275      -66684.804939      20.592607      28.257848     3724242008.230590
252      29.990584      -66686.372892      20.604950      28.882061     3724242169.360806
253      30.174026      -66685.158170      20.503776      28.269737     3724242331.786097
254      29.911919      -66685.480427      20.536297      28.863831     3724242493.778362
255      30.189767      -66684.234840      20.617680      28.305769     3724242654.390549
256      29.980105      -66684.804939      20.375382      28.629513     3724242816.293809
257      30.125367      -66682.561927      20.478699      28.258091     3724242975.101892
258      29.898888      -66683.336386      20.658180      28.590825     3724243136.127102
259      30.048285      -66682.921268      20.419423      28.476439     3724243291.039963
260      30.033600      -66682.035331      20.481738      28.321067     3724243445.570802
261      29.941136      -66682.376066      20.673614      28.824370     3724243599.902629
262      30.178778      -66679.545253      20.456387      28.163817     3724243756.420581
263      29.876539      -66680.489793      20.691627      28.746847     3724243912.787525
264      30.256110      -66679.771314      20.456369      28.317505     3724244069.512489
265      30.073344      -66680.858345      20.375726      28.702106     3724244230.862718
266      30.245799      -66680.201776      20.639409      28.349932     3724244392.333953
267      29.944058      -66681.202133      20.526535      28.436727     3724244556.498343
268      30.219527      -66680.406174      20.495141      28.343783     3724244723.120873
269      30.158354      -66680.455726      20.571685      28.403728     3724244885.874182
270      29.943602      -66681.146383      20.666441      28.578501     3724245051.143635
271      30.230338      -66680.963648      20.426751      28.216058     3724245212.878886
272      30.153517      -66682.592904      20.521845      28.624537     3724245379.780432
273      30.144915      -66681.663635      20.699515      28.197723     3724245545.420907
274      30.088034      -66682.667249      20.432800      28.846215     3724245710.792365
275      30.089606      -66680.697295      20.520918      28.208471     3724245874.544731
276      30.015144      -66682.227380      20.749079      28.800777     3724246036.575998
277      29.951732      -66682.360578      20.479291      28.235187     3724246200.154355
278      30.040712      -66683.745326      20.450464      28.652654     3724246362.060615
279      30.008869      -66682.280040      20.663769      28.234164     3724246524.855927
280      30.056062      -66683.184587      20.559725      28.604154     3724246687.673239
281      30.062473      -66681.899041      20.521360      28.449535     3724246849.229480
282      30.009667      -66682.478289      20.570060      28.359821     3724247010.545706
283      30.137556      -66682.828333      20.415495      28.797627     3724247171.117890
284      29.952292      -66681.923821      20.404452      28.318524     3724247331.032037
285      29.848958      -66683.540854      20.678866      28.847416     3724247491.326206
286      30.114660      -66681.973381      20.513866      28.200602     3724247655.262582
287      30.028510      -66681.403457      20.513181      28.768884     3724247818.029892
288      29.988120      -66680.232745      20.513575      28.175664     3724247981.987269
289      30.057447      -66682.146843      20.432082      28.719153     3724248141.195376
290      30.045997      -66681.719389      20.559383      28.257013     3724248303.423655
291      29.929494      -66682.707520      20.594397      28.554360     3724248464.581873
292      30.139249      -66681.406554      20.558099      28.270166     3724248629.933331
293      30.042194      -66681.868066      20.465923      28.522853     3724248791.494571
294      30.016347      -66681.202133      20.751487      28.482748     3724248956.192991
295      30.031363      -66680.845956      20.449908      28.253486     3724249119.609338
296      30.241992      -66682.537145      20.481907      28.594571     3724249280.018513
297      30.001321      -66681.440625      20.644729      28.212170     3724249443.846883
298      30.000330      -66681.539740      20.491286      28.848170     3724249607.344235
299      30.229789      -66678.696797      20.377726      28.193879     3724249777.459965
300      29.995751      -66680.344235      20.739699      28.775528     3724249943.769477
301      30.170311      -66679.167464      20.495493      28.316927     3724250112.379122
302      30.061627      -66679.731056      20.503006      28.755401     3724250281.834814
303      30.019277      -66677.842227      20.654536      28.229728     3724250444.673127
304      30.071683      -66678.430510      20.541629      28.533380     3724250612.780742
305      30.117473      -66677.260174      20.428566      28.288299     3724250782.964477
306      30.030873      -66677.557388      20.501646      28.460830     3724250951.561120
307      30.130060      -66677.049654      20.559122      28.451110     3724251119.120703
308      30.014300      -66678.678219      20.520429      28.521598     3724251285.342211
309      30.087805      -66678.752533      20.567530      28.563031     3724251449.828619
310      29.875419      -66677.966073      20.631888      28.238600     3724251618.200250
311      30.138110      -66678.244732      20.476813      28.548200     3724251787.591938
312      30.113569      -66678.650351      20.438057      28.227411     3724251954.714497
313      29.963501      -66679.412096      20.654362      28.806840     3724252119.824941
314      30.111402      -66678.975479      20.477449      28.202446     3724252290.556705
315      30.239309      -66680.833568      20.424799      28.842534     3724252457.958281
316      29.898782      -66679.740347      20.576784      28.229488     3724252619.262506
317      30.074504      -66680.455726      20.615876      28.850997     3724252781.506786
318      30.074279      -66680.111965      20.390393      28.184944     3724252940.094858
319      30.072081      -66680.774723      20.684527      28.659951     3724253100.776048
320      29.944331      -66679.139595      20.429664      28.318442     3724253263.240340
321      30.109315      -66681.911431      20.396127      28.691952     3724253423.400501
322      29.812286      -66680.418562      20.781580      28.348250     3724253581.858564
323      29.996357      -66681.013203      20.500233      28.414579     3724253738.709535
324      29.982635      -66680.827374      20.469924      28.587903     3724253899.668742
325      29.946199      -66680.294684      20.526356      28.193124     3724254061.597003
326      30.088556      -66681.242398      20.612252      28.617461     3724254224.182303
327      30.093968      -66681.090633      20.474550      28.233081     3724254386.112565
328      29.941018      -66682.001259      20.641595      28.847709     3724254544.590629
329      30.247997      -66680.805694      20.473144      28.244487     3724254704.995804
330      30.006236      -66681.453014      20.476984      28.601814     3724254864.021899
331      30.088942      -66679.783701      20.635803      28.242685     3724255027.302238
332      30.034971      -66679.842540      20.438223      28.615297     3724255186.035317
333      30.133050      -66678.944514      20.516323      28.359734     3724255346.747509
334      29.935812      -66678.922838      20.500634      28.411021     3724255505.269577
335      30.207950      -66680.291587      20.417373      28.697497     3724255666.437795
336      30.037753      -66679.439966      20.428060      28.336394     3724255827.672018
337      29.803058      -66680.486696      20.767923      28.719888     3724255986.521103
338      30.054428      -66679.381129      20.442712      28.154549     3724256158.295928
339      30.192855      -66681.778240      20.574986      28.803378     3724256320.384198
340      29.945411      -66679.638154      20.532169      28.209309     3724256477.990213
341      30.103597      -66681.065855      20.403057      28.728265     3724256629.052854
342      30.017265      -66678.839233      20.485163      28.260264     3724256782.403625
343      29.963773      -66679.594800      20.542863      28.500431     3724256931.312141
344      30.127274      -66678.257117      20.438097      28.571023     3724257078.872581
345      29.967446      -66677.628597      20.638537      28.257467     3724257227.449080
346      30.119534      -66678.693701      20.482675      28.813465     3724257385.698131
347      29.982138      -66678.170422      20.477690      28.184079     3724257541.790059
348      29.913367      -66678.585327      20.621433      28.716631     3724257697.072941
349      30.108416      -66676.851521      20.429489      28.294787     3724257851.981801
350      29.887779      -66678.158038      20.513803      28.426994     3724258013.812057
351      30.012454      -66677.758632      20.703574      28.262410     3724258175.737319
352      30.322496      -66679.408999      20.381833      28.491546     3724258338.095605
353      30.020944      -66679.926154      20.577074      28.526867     3724258498.702791
354      29.887159      -66678.464569      20.548623      28.242008     3724258656.475815
355      29.962733      -66680.257520      20.456002      28.845088     3724258818.816101
356      30.074852      -66678.411932      20.381285      28.252260     3724258980.597354
357      30.020400      -66679.560736      20.587390      28.802794     3724259138.862406
358      30.145439      -66676.842233      20.417394      28.152666     3724259297.933505
359      30.063683      -66678.975479      20.515031      28.714023     3724259456.169555
360      30.093717      -66678.034189      20.668083      28.179575     3724259623.184108
361      30.029597      -66679.313004      20.435104      28.709113     3724259787.823525
362      30.001726      -66677.510948      20.554398      28.303960     3724259948.430711
363      30.046148      -66677.380916      20.548429      28.367602     3724260102.429519
364      29.947471      -66676.925820      20.407099      28.641167     3724260264.702801
365      30.123515      -66676.631722      20.439224      28.391078     3724260428.760184
366      29.971748      -66677.315901      20.633473      28.680611     3724260585.621156
367      30.062511      -66676.380972      20.361833      28.188246     3724260743.102164
368      29.975283      -66676.870096      20.621955      28.771965     3724260903.193320
369      29.908190      -66674.938519      20.578343      28.234743     3724261060.633326
370      30.169579      -66675.588524      20.388605      28.562344     3724261219.541414
371      30.019318      -66672.555559      20.595030      28.183259     3724261377.146429
372      29.902538      -66672.555559      20.608500      28.479452     3724261537.064576
373      30.144960      -66671.138454      20.396810      28.454672     3724261695.246623
374      30.110798      -66671.398344      20.517015      28.270904     3724261854.301721
375      29.950649      -66672.821678      20.520495      28.745875     3724262012.900792
376      30.264918      -66672.116172      20.407444      28.133574     3724262169.629757
377      29.864209      -66672.475107      20.590446      28.692905     3724262333.025103
378      29.988294      -66671.064201      20.437167      28.091643     3724262494.993366
379      30.045889      -66671.559231      20.355981      28.714764     3724262653.684443
380      30.067514      -66671.061107      20.531703      28.158151     3724262810.084389
381      29.857119      -66672.728845      20.538549      28.653505     3724262967.985420
382      30.209654      -66672.079041      20.378922      28.160403     3724263128.361593
383      29.836449      -66673.524143      20.568520      28.659038     3724263282.823427
384      29.941188      -66673.004252      20.511790      28.313661     3724263440.812464
385      29.953500      -66672.493673      20.480385      28.382506     3724263604.412822
386      29.870387      -66672.397749      20.645423      28.472772     3724263767.317139
387      29.864871      -66673.675783      20.523056      28.510469     3724263928.299346
388      30.062434      -66673.598416      20.403838      28.497607     3724264087.319442
389      29.923428      -66673.254910      20.481856      28.247011     3724264246.582551
390      29.974287      -66673.456060      20.496864      28.736588     3724264406.396692
391      29.954922      -66672.444163      20.523200      28.121641     3724264564.131714
392      29.962473      -66673.053764      20.526411      28.733339     3724264718.482543
393      29.956956      -66671.970745      20.399046      28.137173     3724264874.405461
394      30.080334      -66673.038291      20.414068      28.730024     3724265033.833579
395      29.899529      -66671.865544      20.505461      28.209541     3724265188.417421
396      30.032592      -66673.090898      20.331298      28.576198     3724265354.219905
397      29.924729      -66672.772167      20.602063      28.381306     3724265511.832919
398      29.968983      -66673.462250      20.488852      28.369679     3724265666.036739
399      30.041824      -66673.830521      20.389424      28.621008     3724265822.267675
400      29.958618      -66674.053348      20.420600      28.388339     3724265976.930521
401      29.915435      -66673.341559      20.613852      28.644361     3724266133.201460
402      30.154152      -66672.617447      20.405011      28.213043     3724266291.837533
403      30.022296      -66673.756247      20.642493      28.835120     3724266453.539783
404      29.842425      -66671.611830      20.520492      28.142468     3724266614.687999
405      30.029107      -66672.973307      20.384958      28.651239     3724266770.605917
406      29.938962      -66672.048099      20.488483      28.187256     3724266923.495662
407      29.823103      -66672.338957      20.577835      28.650073     3724267085.471926
408      30.000378      -66672.224470      20.437676      28.314464     3724267252.327470
409      29.861481      -66671.797474      20.493127      28.446641     3724267409.887482
410      30.087049      -66671.540667      20.429667      28.416316     3724267569.470610
411      29.982352      -66673.502480      20.355213      28.527432     3724267729.080739
412      29.955928      -66673.672689      20.611194      28.397960     3724267890.314961
413      29.929631      -66674.508303      20.488656      28.337869     3724268050.904146
414      30.108598      -66673.960503      20.418800      28.777879     3724268215.016533
415      30.012814      -66671.918145      20.456511      28.265795     3724268376.659779
416      29.989134      -66672.654579      20.580075      28.643215     3724268547.596555
417      30.135036      -66672.298732      20.371785      28.126636     3724268714.167082
418      29.879190      -66672.800017      20.489916      28.684692     3724268877.508426
419      29.984546      -66672.032628      20.500238      28.186728     3724269048.168186
420      30.197910      -66672.728845      20.394830      28.766871     3724269222.551161
421      30.060116      -66672.273978      20.335272      28.228167     3724269385.738494
422      29.834770      -66672.704090      20.683777      28.770023     3724269547.081722
423      30.038251      -66672.079041      20.339201      28.125050     3724269711.126106
424      30.027265      -66672.227564      20.510020      28.710492     3724269869.681174
425      29.986923      -66671.874827      20.557259      28.125621     3724270027.531202
426      29.989759      -66672.982590      20.355206      28.760229     3724270194.531754
427      30.144429      -66672.964023      20.435748      28.196769     3724270367.991676
428      30.043852      -66673.298234      20.538287      28.779388     3724270532.520086
429      29.972901      -66671.902674      20.415551      28.203877     3724270697.706534
430      30.048284      -66672.499861      20.326742      28.613082     3724270863.816035
431      29.906865      -66671.788192      20.504434      28.162484     3724271031.487626
432      29.966861      -66672.877378      20.592570      28.634123     3724271199.671246
433      30.192597      -66671.868638      20.453944      28.228157     3724271371.305062
434      30.034260      -66672.468918      20.398964      28.716576     3724271539.946708
435      29.839474      -66671.627300      20.577985      28.223694     3724271707.729305
436      29.851349      -66673.310613      20.499812      28.755281     3724271873.006758
437      30.111819      -66671.939804      20.460146      28.224957     3724272036.720121
438      29.958268      -66672.929984      20.504867      28.588561     3724272200.012462
439      30.098892      -66671.605642      20.341749      28.344282     3724272366.860005
440      29.968673      -66672.521522      20.304841      28.621534     3724272533.036510
441      29.959492      -66672.255412      20.534006      28.284363     3724272699.596036
442      29.826793      -66672.852622      20.407159      28.433701     3724272866.855603
443      30.174776      -66672.159491      20.405731      28.235611     3724273032.358069
444      29.876753      -66672.827867      20.559753      28.503793     3724273197.972542
445      30.188447      -66672.679334      20.455145      28.540377     3724273364.363059
446      30.083025      -66672.555559      20.332173      28.515708     3724273532.958702
447      29.944444      -66671.682993      20.422687      28.432232     3724273697.512114
448      29.967392      -66671.051826      20.562861      28.252065     3724273863.617614
449      29.997130      -66670.266021      20.431998      28.306555     3724274033.518332
450      29.935339      -66670.860009      20.419307      28.385441     3724274206.505227
451      30.047939      -66671.435471      20.502277      28.329413     3724274376.990978
452      29.862415      -66672.029534      20.448931      28.406435     3724274546.692684
453      30.127582      -66671.942898      20.365123      28.480698     3724274710.764068
454      29.958212      -66671.534479      20.337910      28.455806     3724274875.555494
455      29.773618      -66670.813602      20.599695      28.433371     3724275037.299745
456      30.035054      -66671.169393      20.317258      28.303926     3724275201.657146
