       12.5000002    3.6552448E+18
        15.0000002    5.1181161E+18
        20.0000003    3.7113564E+18
        25.0000004    2.1473525E+18
        30.0000005    2.1883770E+18
        35.0000006    2.1370186E+18
        40.0000007    2.0188997E+18
        45.0000007    1.8300472E+18
        50.0000008    1.5866881E+18
        55.0000009    1.3212925E+18
        60.0000010    1.0824232E+18
        65.0000011    8.9720953E+17
        70.0000011    7.6465117E+17
        75.0000012    6.4678695E+18
        80.0000013    6.5176136E+18
        85.0000014    5.7605234E+18
        90.0000015    4.9357687E+18
        95.2390015    4.1066314E+18
       100.6800016    3.3162211E+18
       114.2900019    1.9050264E+18
       119.7300019    1.5298448E+18
       122.4500020    1.3723526E+18
       125.1700020    1.2320764E+18
       127.8900021    1.1071464E+18
       130.6100021    9.9588403E+17
       133.3300022    8.9678608E+17
       136.0600022    8.0820145E+17
       146.9400024    5.4122886E+17
       149.6600024    4.9144679E+17
       155.1000025    4.0720949E+17
       157.8200026    3.7162782E+17
       160.5500026    3.3964711E+17
       165.9900027    8.8423907E+17
       171.4300028    7.9264515E+17
       176.8700029    9.5418766E+17
       179.5900029    9.0386178E+17
       182.3100030    8.5278562E+17
       185.0400030    8.0314748E+17
       187.7600031    7.5620912E+17
       190.4800031    7.1203624E+17
       195.9200032    6.3176632E+17
       198.6400032    5.9535950E+17
       204.0800033    5.2921491E+17
       206.8000034    4.9918780E+17
       209.5300034    4.7090904E+17
       212.2500035    4.4446053E+17
       214.9700035    4.1961910E+17
       220.4100036    3.7434176E+17
       225.8500037    3.3431534E+17
       236.7400038    4.4291998E+17
       247.6200040    3.8050658E+17
       258.5100042    3.2743611E+17
       272.1100044    2.7242830E+17
       285.7200046    2.2744714E+17
       299.3200049    1.9050422E+17
       312.9300051    1.5998241E+17
       340.1400055    1.1370346E+17
       353.7400058    9.6213770E+16
       380.9500062    6.9374932E+16
       394.5600064    5.9119224E+16
       408.1700066    5.0491829E+16
       435.3800071    3.7084929E+16
       462.5900075    2.7476218E+16
       476.1900077    2.3725335E+16
       489.8000080    2.0524914E+16
       503.4000082    1.7791844E+16
       517.0100084    1.5449093E+16
       557.8300091    1.0217074E+16
       571.4300093    8.9339856E+15
       585.0400095    7.8180152E+15
       612.2500100    6.0092664E+15
       666.6700108    3.5918650E+15
       680.2800111    3.1637508E+15
       707.4900115    2.4630953E+15
       734.7000119    1.9165834E+15
       761.9100124    1.4912220E+15
       789.1200128    1.1587701E+15
       816.3300133    9.0150156E+14
       843.5400137    6.9588966E+14
       870.7500142    5.3622103E+14
       911.5700148    3.5473303E+14
       952.3900155    2.2418055E+14
       993.2000162    1.3421545E+14
      1020.4000166    7.5046207E+13
 
