       12.5000002    3.3888386E+18
        15.0000002    2.9035004E+18
        20.0000003    2.5209317E+18
        25.0000004    2.4239311E+18
        30.0000005    3.0014139E+18
        35.0000006    2.8331699E+18
        40.0000007    2.4936116E+18
        45.0000007    2.0601204E+18
        50.0000008    1.6282731E+18
        55.0000009    1.2710712E+18
        60.0000010    1.0232127E+18
        65.0000011    8.7165578E+17
        70.0000011    7.8038580E+17
        75.0000012    4.3897644E+18
        80.0000013    4.8951594E+18
        85.0000014    4.9954293E+18
        90.0000015    5.0947075E+18
        95.2390015    5.0977636E+18
       100.6800016    4.8698596E+18
       114.2900019    4.0906401E+18
       119.7300019    3.7878467E+18
       122.4500020    3.6396369E+18
       125.1700020    3.4937207E+18
       127.8900021    3.3503090E+18
       130.6100021    3.2096251E+18
       133.3300022    3.0719258E+18
       136.0600022    2.9369698E+18
       146.9400024    2.4356239E+18
       149.6600024    2.3201779E+18
       155.1000025    2.1017477E+18
       157.8200026    1.9988124E+18
       160.5500026    1.8996932E+18
       165.9900027    2.2930696E+18
       171.4300028    2.1346236E+18
       176.8700029    2.2236301E+18
       179.5900029    2.1536830E+18
       182.3100030    2.0756774E+18
       185.0400030    1.9953673E+18
       187.7600031    1.9165389E+18
       190.4800031    1.8405136E+18
       195.9200032    1.6985826E+18
       198.6400032    1.6324967E+18
       204.0800033    1.5096989E+18
       206.8000034    1.4528013E+18
       209.5300034    1.3985109E+18
       212.2500035    1.3470573E+18
       214.9700035    1.2980734E+18
       220.4100036    1.2069092E+18
       225.8500037    1.1239068E+18
       236.7400038    1.1454434E+18
       247.6200040    9.9980943E+17
       258.5100042    8.7099092E+17
       272.1100044    7.3648931E+17
       285.7200046    6.2695019E+17
       299.3200049    5.3755309E+17
       312.9300051    4.6414705E+17
       340.1400055    3.5329676E+17
       353.7400058    3.1121793E+17
       380.9500062    2.4552758E+17
       394.5600064    2.1964940E+17
       408.1700066    1.9730195E+17
       435.3800071    1.6085269E+17
       462.5900075    1.3257703E+17
       476.1900077    1.2075861E+17
       489.8000080    1.1018650E+17
       503.4000082    1.0070862E+17
       517.0100084    9.2171828E+16
       557.8300091    7.1184230E+16
       571.4300093    6.5449894E+16
       585.0400095    6.0230049E+16
       612.2500100    5.1142010E+16
       666.6700108    3.7223820E+16
       680.2800111    3.4444523E+16
       707.4900115    3.0042697E+16
       734.7000119    2.5980532E+16
       761.9100124    2.2337584E+16
       789.1200128    1.9268492E+16
       816.3300133    1.6672054E+16
       843.5400137    1.4467378E+16
       870.7500142    1.2588982E+16
       911.5700148    1.0268790E+16
       952.3900155    8.4232700E+15
       993.2000162    9.3863128E+15
      1020.4000166    8.1519177E+15
      1061.2000173    7.5746580E+15
      1088.4000177    6.5959971E+15
      1102.0000179    6.1619252E+15
      1115.7000181    5.7577564E+15
      1129.3000184    5.3866181E+15
      1142.9000186    5.0429278E+15
      1156.5000188    4.7243948E+15
      1170.1000190    4.4289467E+15
      1197.3000195    1.4847305E+16
      1210.9000197    1.4071668E+16
      1224.5000199    1.3326146E+16
      1227.2000200    1.3182838E+16
      1229.9000200    1.3041144E+16
      1232.7000200    1.2895914E+16
      1235.4000201    1.2757517E+16
      1238.1000201    1.2620735E+16
      1240.8000202    1.2485554E+16
      1243.5000202    1.2351964E+16
      1246.3000203    1.2215093E+16
      1249.0000203    1.2084702E+16
      1257.2000204    1.1698114E+16
      1259.9000205    1.1573864E+16
      1262.6000205    1.1451093E+16
      1270.8000207    1.1087102E+16
      1281.6000208    1.0627403E+16
      1289.8000210    1.0292704E+16
      1292.5000210    1.0185114E+16
      1295.2000211    1.0078793E+16
      1298.0000211    9.9698539E+15
      1300.7000212    9.8660649E+15
      1303.4000212    9.7634936E+15
      1306.1000212    9.6621270E+15
      1314.3000214    9.3614911E+15
      1330.6000216    8.7947782E+15
      1341.5000218    8.4374906E+15
      1355.1000220    8.0145378E+15
      1360.6000221    7.8503563E+15
      1371.4000223    7.5389378E+15
      1382.3000225    7.2387658E+15
      1390.5000226    7.0218764E+15
      1395.9000227    6.8830759E+15
      1404.1000228    6.6782178E+15
      1406.8000229    6.6122863E+15
      1409.5000229    6.5470930E+15
      1415.0000230    6.4165356E+15
      1417.7000231    6.3535279E+15
      1420.4000231    6.2912214E+15
      1423.1000231    6.2296085E+15
      1425.9000232    6.1664354E+15
      1428.6000232    6.1062076E+15
      1431.3000233    6.0466466E+15
      1436.7000234    5.9294933E+15
      1439.5000234    5.8697632E+15
      1442.2000235    5.8128130E+15
      1444.9000235    5.7564899E+15
      1447.6000235    5.7007858E+15
      1450.4000236    5.6436643E+15
      1453.1000236    5.5891977E+15
      1455.8000237    5.5353275E+15
      1458.5000237    5.4820463E+15
      1461.2000238    5.4293471E+15
      1466.7000239    5.3237671E+15
      1469.4000239    5.2727918E+15
      1472.1000239    5.2223699E+15
      1477.6000240    5.1213437E+15
      1480.3000241    5.0725631E+15
      1488.4000242    4.9293581E+15
      1491.2000242    4.8809275E+15
      1496.6000243    4.7890437E+15
      1551.0000252    3.9652223E+15
      1632.7000266    3.0125314E+15
      1823.1000296    1.6457989E+15
      2340.2000381    3.8005676E+14
      2829.9000460    1.0433434E+14
      3047.6000496    5.7929038E+13
      3700.7000602    0.0000000E+00
      4000.0000650    0.0000000E+00
 
