       12.5000002    2.1117644E+18
        15.0000002    3.0676314E+18
        20.0000003    3.1466310E+18
        25.0000004    2.6845154E+18
        30.0000005    3.0400851E+18
        35.0000006    2.3833336E+18
        40.0000007    1.8571685E+18
        45.0000007    1.5104960E+18
        50.0000008    1.2916011E+18
        55.0000009    1.1612260E+18
        60.0000010    1.0738325E+18
        65.0000011    9.9221427E+17
        70.0000011    9.0165980E+17
        75.0000012    5.6173142E+18
        80.0000013    6.1877958E+18
        85.0000014    6.1639974E+18
        90.0000015    6.0962323E+18
        95.2390015    5.8956682E+18
       100.6800016    5.4199029E+18
       114.2900019    4.0794715E+18
       119.7300019    3.6099191E+18
       122.4500020    3.3916599E+18
       125.1700020    3.1842613E+18
       127.8900021    2.9875413E+18
       130.6100021    2.8012695E+18
       133.3300022    2.6251766E+18
       136.0600022    2.4583662E+18
       146.9400024    1.8853235E+18
       149.6600024    1.7630894E+18
       155.1000025    1.5411048E+18
       157.8200026    1.4405719E+18
       160.5500026    1.3461713E+18
       165.9900027    1.8191845E+18
       171.4300028    1.6740624E+18
       176.8700029    1.8231733E+18
       179.5900029    1.7607296E+18
       182.3100030    1.6929323E+18
       185.0400030    1.6241369E+18
       187.7600031    1.5570853E+18
       190.4800031    1.4925656E+18
       195.9200032    1.3721989E+18
       198.6400032    1.3161667E+18
       204.0800033    1.2118263E+18
       206.8000034    1.1633107E+18
       209.5300034    1.1168977E+18
       212.2500035    1.0727959E+18
       214.9700035    1.0307054E+18
       220.4100036    9.5209667E+17
       225.8500037    8.8023273E+17
       236.7400038    8.5767837E+17
       247.6200040    7.3939766E+17
       258.5100042    6.4091364E+17
       272.1100044    5.4126752E+17
       285.7200046    4.6165659E+17
       299.3200049    3.9732904E+17
       312.9300051    3.4459656E+17
       340.1400055    2.6418261E+17
       353.7400058    2.3307590E+17
       380.9500062    1.8345379E+17
       394.5600064    1.6348025E+17
       408.1700066    1.4603037E+17
       435.3800071    1.1722657E+17
       462.5900075    9.4719834E+16
       476.1900077    8.5324044E+16
       489.8000080    7.6951366E+16
       503.4000082    6.9488323E+16
       517.0100084    6.2815907E+16
       557.8300091    4.6707572E+16
       571.4300093    4.2404543E+16
       585.0400095    3.8533875E+16
       612.2500100    3.1916428E+16
       666.6700108    2.2147845E+16
       680.2800111    2.0260703E+16
       707.4900115    1.7091391E+16
       734.7000119    1.4413473E+16
       761.9100124    1.2166878E+16
       789.1200128    1.0307178E+16
       816.3300133    8.7617354E+15
       843.5400137    7.4726917E+15
       870.7500142    6.3936472E+15
       911.5700148    5.0890010E+15
       952.3900155    4.0771891E+15
       993.2000162    3.9360009E+15
      1020.4000166    3.3853359E+15
      1061.2000173    2.9744396E+15
      1088.4000177    2.5686081E+15
      1102.0000179    2.3896712E+15
      1115.7000181    2.2237083E+15
      1129.3000184    2.0718883E+15
      1142.9000186    1.9318214E+15
      1156.5000188    1.8024868E+15
      1170.1000190    1.6829617E+15
      1197.3000195    6.3688841E+15
      1210.9000197    6.0009702E+15
      1224.5000199    5.6489713E+15
      1227.2000200    5.5815226E+15
      1229.9000200    5.5149066E+15
      1232.7000200    5.4467030E+15
      1235.4000201    5.3817819E+15
      1238.1000201    5.3176881E+15
      1240.8000202    5.2544157E+15
      1243.5000202    5.1919578E+15
      1246.3000203    5.1280379E+15
      1249.0000203    5.0672132E+15
      1257.2000204    4.8872809E+15
      1259.9000205    4.8295801E+15
      1262.6000205    4.7726294E+15
      1270.8000207    4.6041577E+15
      1281.6000208    4.3922062E+15
      1289.8000210    4.2384788E+15
      1292.5000210    4.1891704E+15
      1295.2000211    4.1404956E+15
      1298.0000211    4.0906772E+15
      1300.7000212    4.0432648E+15
      1303.4000212    3.9964590E+15
      1306.1000212    3.9502513E+15
      1314.3000214    3.8134974E+15
      1330.6000216    3.5569169E+15
      1341.5000218    3.3959912E+15
      1355.1000220    3.2063563E+15
      1360.6000221    3.1330042E+15
      1371.4000223    2.9942813E+15
      1382.3000225    2.8610903E+15
      1390.5000226    2.7651805E+15
      1395.9000227    2.7039493E+15
      1404.1000228    2.6137909E+15
      1406.8000229    2.5848297E+15
      1409.5000229    2.5562193E+15
      1415.0000230    2.4990050E+15
      1417.7000231    2.4714318E+15
      1420.4000231    2.4441907E+15
      1423.1000231    2.4172777E+15
      1425.9000232    2.3897091E+15
      1428.6000232    2.3634499E+15
      1431.3000233    2.3375056E+15
      1436.7000234    2.2865437E+15
      1439.5000234    2.2605967E+15
      1442.2000235    2.2358802E+15
      1444.9000235    2.2114577E+15
      1447.6000235    2.1873255E+15
      1450.4000236    2.1626017E+15
      1453.1000236    2.1390485E+15
      1455.8000237    2.1157740E+15
      1458.5000237    2.0927745E+15
      1461.2000238    2.0700462E+15
      1466.7000239    2.0245726E+15
      1469.4000239    2.0026466E+15
      1472.1000239    1.9809780E+15
      1477.6000240    1.9376199E+15
      1480.3000241    1.9167121E+15
      1488.4000242    1.8554394E+15
      1491.2000242    1.8347539E+15
      1496.6000243    1.7955603E+15
      1551.0000252    1.4473387E+15
      1632.7000266    1.0528500E+15
      1823.1000296    5.0849856E+14
      2340.2000381    3.6805609E+13
 
