       12.5000002    4.9899593E+18
        15.0000002    4.9408050E+18
        20.0000003    2.3015120E+18
        25.0000004    1.9557657E+18
        30.0000005    2.4728198E+18
        35.0000006    2.4961814E+18
        40.0000007    2.5051883E+18
        45.0000007    2.4504609E+18
        50.0000008    2.2592636E+18
        55.0000009    1.9289402E+18
        60.0000010    1.5396266E+18
        65.0000011    1.1859734E+18
        70.0000011    9.1429855E+17
        75.0000012    3.7498605E+18
        80.0000013    3.9994760E+18
        85.0000014    4.1539890E+18
        90.0000015    4.4975292E+18
        95.2390015    4.5307848E+18
       100.6800016    4.1473240E+18
       114.2900019    3.3710991E+18
       119.7300019    3.1801496E+18
       122.4500020    3.0965175E+18
       125.1700020    3.0179945E+18
       127.8900021    2.9431268E+18
       130.6100021    2.8708367E+18
       133.3300022    2.8003321E+18
       136.0600022    2.7307803E+18
       146.9400024    2.4595187E+18
       149.6600024    2.3925178E+18
       155.1000025    2.2594270E+18
       157.8200026    2.1934597E+18
       160.5500026    2.1277493E+18
       165.9900027    2.5459098E+18
       171.4300028    2.4531361E+18
       176.8700029    2.5579349E+18
       179.5900029    2.5204427E+18
       182.3100030    2.4644047E+18
       185.0400030    2.3955541E+18
       187.7600031    2.3205547E+18
       190.4800031    2.2446529E+18
       195.9200032    2.0968000E+18
       198.6400032    2.0239750E+18
       204.0800033    1.8833144E+18
       206.8000034    1.8168128E+18
       209.5300034    1.7528504E+18
       212.2500035    1.6918276E+18
       214.9700035    1.6333937E+18
       220.4100036    1.5238239E+18
       225.8500037    1.4232590E+18
       236.7400038    1.4483130E+18
       247.6200040    1.2975162E+18
       258.5100042    1.1555577E+18
       272.1100044    9.9944583E+17
       285.7200046    8.6639056E+17
       299.3200049    7.5299916E+17
       312.9300051    6.5616332E+17
       340.1400055    5.0301946E+17
       353.7400058    4.4280213E+17
       380.9500062    3.4719399E+17
       394.5600064    3.0933152E+17
       408.1700066    2.7674991E+17
       435.3800071    2.2425612E+17
       462.5900075    1.8450135E+17
       476.1900077    1.6822095E+17
       489.8000080    1.5384396E+17
       503.4000082    1.4110660E+17
       517.0100084    1.2975254E+17
       557.8300091    1.0223971E+17
       571.4300093    9.4786355E+16
       585.0400095    8.8007745E+16
       612.2500100    7.6182043E+16
       666.6700108    5.7822711E+16
       680.2800111    5.4085943E+16
       707.4900115    5.0214473E+16
       734.7000119    4.5014058E+16
       761.9100124    3.9194325E+16
       789.1200128    3.4272778E+16
       816.3300133    3.0076733E+16
       843.5400137    2.6477829E+16
       870.7500142    2.3375845E+16
       911.5700148    1.9483662E+16
       952.3900155    1.6324646E+16
       993.2000162    2.2660288E+16
      1020.4000166    1.9816638E+16
      1061.2000173    1.9685203E+16
      1088.4000177    1.7249143E+16
      1102.0000179    1.6163700E+16
      1115.7000181    1.5149808E+16
      1129.3000184    1.4215800E+16
      1142.9000186    1.3348174E+16
      1156.5000188    1.2541635E+16
      1170.1000190    1.1791359E+16
      1197.3000195    3.2219717E+16
      1210.9000197    3.0702904E+16
      1224.5000199    2.9242397E+16
      1227.2000200    2.8960926E+16
      1229.9000200    2.8682354E+16
      1232.7000200    2.8396528E+16
      1235.4000201    2.8123860E+16
      1238.1000201    2.7854078E+16
      1240.8000202    2.7587166E+16
      1243.5000202    2.7323098E+16
      1246.3000203    2.7052238E+16
      1249.0000203    2.6793900E+16
      1257.2000204    2.6026104E+16
      1259.9000205    2.5778789E+16
      1262.6000205    2.5534128E+16
      1270.8000207    2.4807057E+16
      1281.6000208    2.3885065E+16
      1289.8000210    2.3211010E+16
      1292.5000210    2.2993831E+16
      1295.2000211    2.2778962E+16
      1298.0000211    2.2558532E+16
      1300.7000212    2.2348289E+16
      1303.4000212    2.2140277E+16
      1306.1000212    2.1934471E+16
      1314.3000214    2.1322668E+16
      1330.6000216    2.0163499E+16
      1341.5000218    1.9428532E+16
      1355.1000220    1.8554106E+16
      1360.6000221    1.8213350E+16
      1371.4000223    1.7564865E+16
      1382.3000225    1.6937078E+16
      1390.5000226    1.6481741E+16
      1395.9000227    1.6189561E+16
      1404.1000228    1.5757183E+16
      1406.8000229    1.5617728E+16
      1409.5000229    1.5479689E+16
      1415.0000230    1.5202812E+16
      1417.7000231    1.5068975E+16
      1420.4000231    1.4936492E+16
      1423.1000231    1.4805345E+16
      1425.9000232    1.4670736E+16
      1428.6000232    1.4542266E+16
      1431.3000233    1.4415089E+16
      1436.7000234    1.4164551E+16
      1439.5000234    1.4036616E+16
      1442.2000235    1.3914508E+16
      1444.9000235    1.3793619E+16
      1447.6000235    1.3673938E+16
      1450.4000236    1.3551084E+16
      1453.1000236    1.3433818E+16
      1455.8000237    1.3317720E+16
      1458.5000237    1.3202775E+16
      1461.2000238    1.3088969E+16
      1466.7000239    1.2860618E+16
      1469.4000239    1.2750200E+16
      1472.1000239    1.2640870E+16
      1477.6000240    1.2421486E+16
      1480.3000241    1.2315394E+16
      1488.4000242    1.2003325E+16
      1491.2000242    1.1897576E+16
      1496.6000243    1.1696645E+16
      1551.0000252    9.8762870E+15
      1632.7000266    7.7217161E+15
      1823.1000296    4.5009998E+15
      2340.2000381    1.2422035E+15
      2829.9000460    4.4184597E+14
      3047.6000496    2.9038281E+14
      3700.7000602    8.6170910E+13
      4000.0000650    4.8945615E+13
      4680.3000761    8.1231453E+12
      5006.8000814    0.0000000E+00
      5387.8000876    0.0000000E+00
 
