       12.5000002    3.0261144E+18
        15.0000002    4.4909753E+18
        20.0000003    3.7293147E+18
        25.0000004    2.6644773E+18
        30.0000005    2.1896136E+18
        35.0000006    1.8311049E+18
        40.0000007    1.7111331E+18
        45.0000007    1.6194601E+18
        50.0000008    1.5143291E+18
        55.0000009    1.3691974E+18
        60.0000010    1.1870567E+18
        65.0000011    9.9938604E+17
        70.0000011    8.3347008E+17
        75.0000012    6.7530575E+18
        80.0000013    7.1280399E+18
        85.0000014    6.6618645E+18
        90.0000015    6.0741030E+18
        95.2390015    5.3717526E+18
       100.6800016    4.5633482E+18
       114.2900019    2.9088537E+18
       119.7300019    2.4228830E+18
       122.4500020    2.2110009E+18
       125.1700020    2.0176618E+18
       127.8900021    1.8413529E+18
       130.6100021    1.6806648E+18
       133.3300022    1.5342874E+18
       136.0600022    1.4005385E+18
       146.9400024    9.7727528E+17
       149.6600024    8.9426964E+17
       155.1000025    7.5017844E+17
       157.8200026    6.8778837E+17
       160.5500026    6.3085964E+17
       165.9900027    1.2183302E+18
       171.4300028    1.1129134E+18
       176.8700029    1.3058526E+18
       179.5900029    1.2517488E+18
       182.3100030    1.1936034E+18
       185.0400030    1.1351803E+18
       187.7600031    1.0787168E+18
       190.4800031    1.0247474E+18
       195.9200032    9.2491186E+17
       198.6400032    8.7887531E+17
       204.0800033    7.9399645E+17
       206.8000034    7.5492331E+17
       209.5300034    7.1779809E+17
       212.2500035    6.8277171E+17
       214.9700035    6.4959030E+17
       220.4100036    5.8834159E+17
       225.8500037    5.3327967E+17
       236.7400038    5.7629050E+17
       247.6200040    4.9898442E+17
       258.5100042    4.3423511E+17
       272.1100044    3.6752736E+17
       285.7200046    3.1292640E+17
       299.3200049    2.6773093E+17
       312.9300051    2.2990048E+17
       340.1400055    1.7103025E+17
       353.7400058    1.4805142E+17
       380.9500062    1.1159698E+17
       394.5600064    9.7151610E+16
       408.1700066    8.4724286E+16
       435.3800071    6.4771689E+16
       462.5900075    4.9849366E+16
       476.1900077    4.3842017E+16
       489.8000080    3.8617906E+16
       503.4000082    3.4074492E+16
       517.0100084    3.0111051E+16
       557.8300091    2.0977232E+16
       571.4300093    1.8654265E+16
       585.0400095    1.6611868E+16
       612.2500100    1.3231995E+16
       666.6700108    8.5345311E+15
       680.2800111    7.6726574E+15
       707.4900115    6.2305544E+15
       734.7000119    5.0776494E+15
       761.9100124    4.1537144E+15
       789.1200128    3.4109897E+15
       816.3300133    2.8159097E+15
       843.5400137    2.3286282E+15
       870.7500142    1.9311166E+15
       911.5700148    1.4649348E+15
       952.3900155    1.1161268E+15
       993.2000162    9.2107191E+14
      1020.4000166    7.6665428E+14
      1061.2000173    6.0889771E+14
      1088.4000177    5.0603563E+14
      1102.0000179    4.6125865E+14
      1115.7000181    4.2008146E+14
      1129.3000184    3.8273990E+14
      1142.9000186    3.4859297E+14
      1156.5000188    3.1734664E+14
      1170.1000190    2.8873619E+14
      1197.3000195    1.1708956E+15
      1210.9000197    1.0696642E+15
      1224.5000199    9.7454519E+14
      1227.2000200    9.5647888E+14
      1229.9000200    9.3868409E+14
      1232.7000200    9.2051504E+14
      1235.4000201    9.0326706E+14
      1238.1000201    8.8628348E+14
      1240.8000202    8.6956109E+14
      1243.5000202    8.5309667E+14
      1246.3000203    8.3629060E+14
      1249.0000203    8.2034057E+14
      1257.2000204    7.7339818E+14
      1259.9000205    7.5842230E+14
      1262.6000205    7.4367835E+14
      1270.8000207    7.0028395E+14
      1281.6000208    6.4617098E+14
      1289.8000210    6.0726878E+14
      1292.5000210    5.9485391E+14
      1295.2000211    5.8262882E+14
      1298.0000211    5.7014832E+14
      1300.7000212    5.5830052E+14
      1303.4000212    5.4663307E+14
      1306.1000212    5.3514316E+14
      1314.3000214    5.0130519E+14
      1330.6000216    4.3850656E+14
      1341.5000218    3.9958930E+14
      1355.1000220    3.5420209E+14
      1360.6000221    3.3678372E+14
      1371.4000223    3.0405057E+14
      1382.3000225    2.7287353E+14
      1390.5000226    2.5056849E+14
      1395.9000227    2.3638807E+14
      1404.1000228    2.1558597E+14
      1406.8000229    2.0892144E+14
      1409.5000229    2.0234522E+14
      1415.0000230    1.9853418E+14
      1417.7000231    1.9209161E+14
      1420.4000231    1.8572549E+14
      1423.1000231    1.7943360E+14
      1425.9000232    1.7298461E+14
      1428.6000232    1.6683671E+14
      1431.3000233    1.6075584E+14
      1436.7000234    1.4878490E+14
      1439.5000234    1.4267212E+14
      1442.2000235    1.3683472E+14
      1444.9000235    1.3105016E+14
      1447.6000235    1.2531507E+14
      1450.4000236    1.1941589E+14
      1453.1000236    1.1376986E+14
      1455.8000237    1.0816103E+14
      1458.5000237    1.0258446E+14
      1461.2000238    9.7034510E+13
      1466.7000239    8.5783499E+13
      1469.4000239    8.0270212E+13
      1472.1000239    7.4749586E+13
      1477.6000240    6.3421890E+13
      1480.3000241    5.7780887E+13
      1488.4000242    4.0122624E+13
      1491.2000242    3.3514108E+13
      1496.6000243    1.8749300E+13
 
