       12.5000002    4.3912304E+18
        15.0000002    5.6685575E+18
        20.0000003    2.9737031E+18
        25.0000004    2.2874904E+18
        30.0000005    2.9134488E+18
        35.0000006    2.6466476E+18
        40.0000007    2.2447724E+18
        45.0000007    1.8237764E+18
        50.0000008    1.4640852E+18
        55.0000009    1.2025845E+18
        60.0000010    1.0261410E+18
        65.0000011    9.0212703E+17
        70.0000011    8.0413690E+17
        75.0000012    5.0102650E+18
        80.0000013    4.6491447E+18
        85.0000014    3.8082968E+18
        90.0000015    3.0287887E+18
        95.2390015    2.3522278E+18
       100.6800016    1.7957636E+18
       114.2900019    9.3189548E+17
       119.7300019    7.2803118E+17
       122.4500020    6.4602575E+17
       125.1700020    5.7484574E+17
       127.8900021    5.1296925E+17
       130.6100021    4.5909029E+17
       133.3300022    4.1208943E+17
       136.0600022    3.7086630E+17
       146.9400024    2.5102258E+17
       149.6600024    2.2934081E+17
       155.1000025    1.9301212E+17
       157.8200026    1.7776219E+17
       160.5500026    1.6407588E+17
       165.9900027    5.2162453E+17
       171.4300028    4.5314609E+17
       176.8700029    5.4187654E+17
       179.5900029    5.0494261E+17
       182.3100030    4.6959393E+17
       185.0400030    4.3640929E+17
       187.7600031    4.0575291E+17
       190.4800031    3.7740836E+17
       195.9200032    3.2701139E+17
       198.6400032    3.0462227E+17
       204.0800033    2.6471746E+17
       206.8000034    2.4694074E+17
       209.5300034    2.3040278E+17
       212.2500035    2.1512043E+17
       214.9700035    2.0093821E+17
       220.4100036    1.7553691E+17
       225.8500037    1.5359873E+17
       236.7400038    2.8347736E+17
       247.6200040    2.3714540E+17
       258.5100042    1.9816599E+17
       272.1100044    1.5875180E+17
       285.7200046    1.2758612E+17
       299.3200049    1.0289270E+17
       312.9300051    8.3231372E+16
       340.1400055    5.4966669E+16
       353.7400058    4.4854981E+16
       380.9500062    3.0078846E+16
       394.5600064    2.4709711E+16
       408.1700066    2.0330142E+16
       435.3800071    1.3822276E+16
       462.5900075    9.4252102E+15
       476.1900077    7.7898998E+15
       489.8000080    6.4324786E+15
       503.4000082    5.3098138E+15
       517.0100084    4.3750188E+15
       557.8300091    2.4064841E+15
       571.4300093    1.9523758E+15
       585.0400095    1.5702156E+15
       612.2500100    9.7246515E+14
       666.6700108    1.9311184E+13
 
