       12.5000002    4.0565827E+18
        15.0000002    3.4093555E+18
        20.0000003    2.2695477E+18
        25.0000004    2.2967631E+18
        30.0000005    2.8405520E+18
        35.0000006    2.7873717E+18
        40.0000007    2.6111876E+18
        45.0000007    2.2851333E+18
        50.0000008    1.8694745E+18
        55.0000009    1.4563749E+18
        60.0000010    1.1245452E+18
        65.0000011    8.9983874E+17
        70.0000011    7.6218263E+17
        75.0000012    4.0136168E+18
        80.0000013    4.4685865E+18
        85.0000014    4.5980515E+18
        90.0000015    4.7469248E+18
        95.2390015    4.7628865E+18
       100.6800016    4.5464207E+18
       114.2900019    3.8936928E+18
       119.7300019    3.6529034E+18
       122.4500020    3.5347812E+18
       125.1700020    3.4177816E+18
       127.8900021    3.3018210E+18
       130.6100021    3.1869177E+18
       133.3300022    3.0731894E+18
       136.0600022    2.9603905E+18
       146.9400024    2.5282904E+18
       149.6600024    2.4256219E+18
       155.1000025    2.2279029E+18
       157.8200026    2.1331019E+18
       160.5500026    2.0408027E+18
       165.9900027    2.4288072E+18
       171.4300028    2.2831854E+18
       176.8700029    2.3633667E+18
       179.5900029    2.2978739E+18
       182.3100030    2.2210620E+18
       185.0400030    2.1395404E+18
       187.7600031    2.0580622E+18
       190.4800031    1.9787567E+18
       195.9200032    1.8294478E+18
       198.6400032    1.7592930E+18
       204.0800033    1.6282353E+18
       206.8000034    1.5673667E+18
       209.5300034    1.5092501E+18
       212.2500035    1.4541525E+18
       214.9700035    1.4016945E+18
       220.4100036    1.3040907E+18
       225.8500037    1.2153011E+18
       236.7400038    1.2520443E+18
       247.6200040    1.1023978E+18
       258.5100042    9.6623213E+17
       272.1100044    8.2138061E+17
       285.7200046    7.0164682E+17
       299.3200049    6.0268740E+17
       312.9300051    5.2060886E+17
       340.1400055    3.9550993E+17
       353.7400058    3.4782157E+17
       380.9500062    2.7349505E+17
       394.5600064    2.4436522E+17
       408.1700066    2.1933008E+17
       435.3800071    1.7881301E+17
       462.5900075    1.4769796E+17
       476.1900077    1.3477347E+17
       489.8000080    1.2324813E+17
       503.4000082    1.1293836E+17
       517.0100084    1.0366515E+17
       557.8300091    8.0871073E+16
       571.4300093    7.4629764E+16
       585.0400095    6.8936678E+16
       612.2500100    5.8986621E+16
       666.6700108    4.3602710E+16
       680.2800111    4.0500880E+16
       707.4900115    3.5889619E+16
       734.7000119    3.1352810E+16
       761.9100124    2.7097919E+16
       789.1200128    2.3499415E+16
       816.3300133    2.0441414E+16
       843.5400137    1.7832363E+16
       870.7500142    1.5598418E+16
       911.5700148    1.2821934E+16
       952.3900155    1.0596787E+16
       993.2000162    1.2587713E+16
      1020.4000166    1.0960269E+16
      1061.2000173    1.0405549E+16
      1088.4000177    9.0823687E+15
      1102.0000179    8.4945724E+15
      1115.7000181    7.9467804E+15
      1129.3000184    7.4432390E+15
      1142.9000186    6.9764603E+15
      1156.5000188    6.5434186E+15
      1170.1000190    6.1413356E+15
      1197.3000195    1.9453588E+16
      1210.9000197    1.8473442E+16
      1224.5000199    1.7530278E+16
      1227.2000200    1.7348793E+16
      1229.9000200    1.7169287E+16
      1232.7000200    1.6985231E+16
      1235.4000201    1.6809768E+16
      1238.1000201    1.6636280E+16
      1240.8000202    1.6464758E+16
      1243.5000202    1.6295190E+16
      1246.3000203    1.6121385E+16
      1249.0000203    1.5955741E+16
      1257.2000204    1.5464234E+16
      1259.9000205    1.5306133E+16
      1262.6000205    1.5149849E+16
      1270.8000207    1.4686123E+16
      1281.6000208    1.4099626E+16
      1289.8000210    1.3671997E+16
      1292.5000210    1.3534421E+16
      1295.2000211    1.3398411E+16
      1298.0000211    1.3258998E+16
      1300.7000212    1.3126119E+16
      1303.4000212    1.2994749E+16
      1306.1000212    1.2864867E+16
      1314.3000214    1.2479353E+16
      1330.6000216    1.1751337E+16
      1341.5000218    1.1291439E+16
      1355.1000220    1.0746054E+16
      1360.6000221    1.0534056E+16
      1371.4000223    1.0131475E+16
      1382.3000225    9.7428370E+15
      1390.5000226    9.4616497E+15
      1395.9000227    9.2815306E+15
      1404.1000228    9.0154413E+15
      1406.8000229    8.9297379E+15
      1409.5000229    8.8449628E+15
      1415.0000230    8.6750963E+15
      1417.7000231    8.5930715E+15
      1420.4000231    8.5119305E+15
      1423.1000231    8.4316618E+15
      1425.9000232    8.3493316E+15
      1428.6000232    8.2708099E+15
      1431.3000233    8.1931295E+15
      1436.7000234    8.0402534E+15
      1439.5000234    7.9622675E+15
      1442.2000235    7.8878835E+15
      1444.9000235    7.8142920E+15
      1447.6000235    7.7414831E+15
      1450.4000236    7.6667947E+15
      1453.1000236    7.5955520E+15
      1455.8000237    7.5250640E+15
      1458.5000237    7.4553218E+15
      1461.2000238    7.3863173E+15
      1466.7000239    7.2479957E+15
      1469.4000239    7.1811767E+15
      1472.1000239    7.1150600E+15
      1477.6000240    6.9825173E+15
      1480.3000241    6.9184842E+15
      1488.4000242    6.7303737E+15
      1491.2000242    6.6667121E+15
      1496.6000243    6.5458684E+15
      1551.0000252    5.4584594E+15
      1632.7000266    4.1908074E+15
      1823.1000296    2.3467980E+15
      2340.2000381    5.9160255E+14
      2829.9000460    1.8904003E+14
      3047.6000496    1.1646642E+14
      3700.7000602    1.2576126E+13
      4000.0000650    0.0000000E+00
      4680.3000761    0.0000000E+00
 
