       80.0000013    6.5019739E-01
        85.0000014    4.0734267E-01
        90.0000015    2.5910875E-01
        95.2390015    1.6380307E-01
       100.6800016    1.0333282E-01
       114.2900019    3.4690388E-02
       119.7300019    2.2906041E-02
       122.4500020    1.8688411E-02
       125.1700020    1.5286287E-02
       127.8900021    1.2534271E-02
       130.6100021    1.0302155E-02
       133.3300022    8.4870672E-03
       136.0600022    7.0025516E-03
       146.9400024    1.1995921E-02
       149.6600024    1.0702477E-02
       155.1000025    8.4036635E-03
       157.8200026    7.4350908E-03
       160.5500026    6.5773819E-03
       165.9900027    5.1645213E-03
       171.4300028    4.0718238E-03
       176.8700029    3.2241971E-03
       179.5900029    2.8735923E-03
       182.3100030    2.5637262E-03
       185.0400030    2.2885895E-03
       187.7600031    2.0457932E-03
       190.4800031    1.8304529E-03
       195.9200032    1.4693018E-03
       198.6400032    1.3180836E-03
       204.0800033    1.1603172E-03
       206.8000034    1.0526953E-03
       209.5300034    9.5600408E-04
       212.2500035    8.6968869E-04
       214.9700035    7.9222047E-04
       220.4100036    6.5986707E-04
       225.8500037    5.5221573E-04
       236.7400038    3.9147242E-04
       247.6200040    2.8160401E-04
       258.5100042    2.0494460E-04
       272.1100044    1.3974926E-04
       285.7200046    9.6505428E-05
       299.3200049    6.7387125E-05
       312.9300051    4.7482121E-05
       340.1400055    2.4145809E-05
       353.7400058    1.7400205E-05
       380.9500062    9.2001083E-06
       394.5600064    6.7454898E-06
       408.1700066    4.9717191E-06
       435.3800071    2.7416522E-06
       462.5900075    1.5400421E-06
       476.1900077    1.1618737E-06
       489.8000080    8.8000843E-07
       503.4000082    6.6931347E-07
       517.0100084    5.1091649E-07
       557.8300091    2.3224617E-07
       571.4300093    1.7979487E-07
       585.0400095    1.3959611E-07
       612.2500100    8.4905089E-08
       666.6700108    3.2383458E-08
       680.2800111    2.5585164E-08
       707.4900115    1.6058353E-08
       734.7000119    1.0138349E-08
       761.9100124    6.4287833E-09
       789.1200128    4.0877839E-09
       816.3300133    2.6019398E-09
       843.5400137    1.6547824E-09
       870.7500142    1.0493072E-09
       911.5700148    5.2395421E-10
       952.3900155    2.5554611E-10
       993.2000162    1.1957273E-10
      1020.4000166    6.9277709E-11
      1061.2000173    2.7085521E-11
      1088.4000177    1.1725248E-11
      1102.0000179    5.9597023E-12
 
