       80.0000013    6.5874316E-02
        85.0000014    3.7552025E-02
        90.0000015    2.1795802E-02
        95.2390015    1.2551386E-02
       100.6800016    7.2088158E-03
       114.2900019    1.9504112E-03
       119.7300019    1.1940930E-03
       122.4500020    9.4088493E-04
       125.1700020    7.4491446E-04
       127.8900021    5.9263024E-04
       130.6100021    4.7381170E-04
       133.3300022    3.8072240E-04
       136.0600022    3.0724736E-04
       146.9400024    1.4366965E-03
       149.6600024    1.2347862E-03
       155.1000025    9.0953399E-04
       157.8200026    7.8139669E-04
       160.5500026    6.7170814E-04
       165.9900027    4.9873843E-04
       171.4300028    3.7208674E-04
       176.8700029    2.7884802E-04
       179.5900029    2.4178003E-04
       182.3100030    2.0985195E-04
       185.0400030    1.8222560E-04
       187.7600031    1.5846985E-04
       190.4800031    1.3793944E-04
       195.9200032    1.0479635E-04
       198.6400032    9.1462854E-05
       204.0800033    1.2831370E-04
       206.8000034    1.1508486E-04
       209.5300034    1.0319902E-04
       212.2500035    9.2628441E-05
       214.9700035    8.3194216E-05
       220.4100036    6.7242727E-05
       225.8500037    5.4485678E-05
       236.7400038    3.6002613E-05
       247.6200040    2.3991281E-05
       258.5100042    1.6097087E-05
       272.1100044    9.8697956E-06
       285.7200046    6.1057490E-06
       299.3200049    3.8101598E-06
       312.9300051    2.3944319E-06
       340.1400055    9.6325800E-07
       353.7400058    6.1523212E-07
       380.9500062    2.5271143E-07
       394.5600064    1.6204946E-07
       408.1700066    1.0373120E-07
       435.3800071    4.1953257E-08
       462.5900075    1.6363746E-08
       476.1900077    9.9777839E-09
       489.8000080    5.9256289E-09
       503.4000082    3.3822185E-09
       517.0100084    1.8004536E-09
 
