       80.0000013    4.3117132E+00
        85.0000014    3.0001278E+00
        90.0000015    2.1010246E+00
        95.2390015    1.4571583E+00
       100.6800016    1.0046970E+00
       114.2900019    4.1165882E-01
       119.7300019    2.9254311E-01
       122.4500020    2.4739075E-01
       125.1700020    2.0963833E-01
       127.8900021    1.7800640E-01
       130.6100021    1.5144704E-01
       133.3300022    1.2910040E-01
       136.0600022    1.1019597E-01
       146.9400024    8.9033470E-02
       149.6600024    7.9134040E-02
       155.1000025    6.2348824E-02
       157.8200026    5.5433329E-02
       160.5500026    4.9353223E-02
       165.9900027    3.9388705E-02
       171.4300028    3.1688251E-02
       176.8700029    2.5686381E-02
       179.5900029    2.3187419E-02
       182.3100030    2.0966250E-02
       185.0400030    1.8980907E-02
       187.7600031    1.7215692E-02
       190.4800031    1.5636951E-02
       195.9200032    1.2952319E-02
       198.6400032    1.1810250E-02
       204.0800033    1.1271788E-02
       206.8000034    1.0320200E-02
       209.5300034    9.4174333E-03
       212.2500035    8.5887006E-03
       214.9700035    7.8332406E-03
       220.4100036    6.5271538E-03
       225.8500037    5.4571307E-03
       236.7400038    3.8572066E-03
       247.6200040    2.7694500E-03
       258.5100042    2.0175918E-03
       272.1100044    1.3855281E-03
       285.7200046    9.7082456E-04
       299.3200049    6.9319224E-04
       312.9300051    5.0317810E-04
       340.1400055    2.7678258E-04
       353.7400058    2.0902972E-04
       380.9500062    1.2267975E-04
       394.5600064    9.5120697E-05
       408.1700066    7.4258765E-05
       435.3800071    4.6073335E-05
       462.5900075    2.9164185E-05
       476.1900077    2.3356737E-05
       489.8000080    1.8776573E-05
       503.4000082    1.5152858E-05
       517.0100084    1.2269324E-05
       557.8300091    6.6412217E-06
       571.4300093    5.4453958E-06
       585.0400095    4.4767598E-06
       612.2500100    3.0505223E-06
       666.6700108    1.4591296E-06
       680.2800111    1.2203826E-06
       707.4900115    8.5932584E-07
       734.7000119    6.1007432E-07
       761.9100124    4.3649547E-07
       789.1200128    3.1461036E-07
       816.3300133    2.2834982E-07
       843.5400137    1.6684510E-07
       870.7500142    1.2267995E-07
       911.5700148    7.8218640E-08
       952.3900155    5.0506241E-08
       993.2000162    3.3004092E-08
      1020.4000166    2.5009692E-08
      1061.2000173    1.6643343E-08
      1088.4000177    1.2757217E-08
      1102.0000179    1.1186967E-08
      1115.7000181    9.8108703E-09
      1129.3000184    8.6211340E-09
      1142.9000186    7.5832638E-09
      1156.5000188    6.6768866E-09
      1170.1000190    5.8844947E-09
      1197.3000195    4.5835002E-09
      1210.9000197    4.0507304E-09
      1224.5000199    3.5830521E-09
      1227.2000200    3.4971990E-09
      1229.9000200    3.4135190E-09
      1232.7000200    3.3289729E-09
      1235.4000201    3.2495413E-09
      1238.1000201    3.1721112E-09
      1240.8000202    3.0966294E-09
      1243.5000202    3.0230443E-09
      1246.3000203    2.9486829E-09
      1249.0000203    2.8788067E-09
      1257.2000204    3.2662850E-09
      1259.9000205    3.1909637E-09
      1262.6000205    3.1154901E-09
      1270.8000207    2.8931935E-09
      1281.6000208    2.6233162E-09
      1289.8000210    2.6682099E-09
      1292.5000210    2.6048370E-09
      1295.2000211    2.5423472E-09
      1298.0000211    2.4788225E-09
      1300.7000212    2.4189528E-09
      1303.4000212    2.3605025E-09
      1306.1000212    2.3034830E-09
      1314.3000214    2.1389162E-09
      1330.6000216    1.8474389E-09
      1341.5000218    1.6761370E-09
      1355.1000220    1.4855775E-09
      1360.6000221    1.4151287E-09
      1371.4000223    1.2868424E-09
      1382.3000225    1.1697318E-09
      1390.5000226    1.0890590E-09
      1395.9000227    1.0391504E-09
      1404.1000228    9.6791852E-10
      1406.8000229    9.4560482E-10
      1409.5000229    9.2383218E-10
      1415.0000230    8.8109686E-10
      1417.7000231    8.6088409E-10
      1420.4000231    8.4115881E-10
      1423.1000231    8.2190860E-10
      1425.9000232    8.0243434E-10
      1428.6000232    7.8411500E-10
      1431.3000233    7.6623513E-10
      1436.7000234    7.3174972E-10
      1439.5000234    7.1451467E-10
      1442.2000235    6.9829914E-10
      1444.9000235    6.8246997E-10
      1447.6000235    6.6701761E-10
      1450.4000236    6.5138084E-10
      1453.1000236    6.3666700E-10
      1455.8000237    3.4864804E-09
      1458.5000237    3.4375462E-09
      1461.2000238    3.3788801E-09
      1466.7000239    3.2470397E-09
      1469.4000239    3.1808045E-09
      1472.1000239    3.1149319E-09
      1477.6000240    2.9835201E-09
      1480.3000241    2.9207470E-09
      1488.4000242    2.7399967E-09
      1491.2000242    2.6801708E-09
      1496.6000243    2.5685487E-09
      1551.0000252    1.6782331E-09
      1632.7000266    8.9357255E-10
      1823.1000296    2.1245422E-10
      2340.2000381    3.2615440E-12
 
