       80.0000013    1.0839936E+00
        85.0000014    6.9414723E-01
        90.0000015    4.5056981E-01
        95.2390015    2.9057795E-01
       100.6800016    1.8697883E-01
       114.2900019    6.5852977E-02
       119.7300019    4.4313163E-02
       122.4500020    3.6496297E-02
       125.1700020    3.0134104E-02
       127.8900021    2.4941135E-02
       130.6100021    2.0690955E-02
       133.3300022    1.7203329E-02
       136.0600022    1.4324737E-02
       146.9400024    1.9374417E-02
       149.6600024    1.7361337E-02
       155.1000025    1.3763230E-02
       157.8200026    1.2236971E-02
       160.5500026    1.0879441E-02
       165.9900027    8.6288620E-03
       171.4300028    6.8730251E-03
       176.8700029    5.4988908E-03
       179.5900029    4.9265707E-03
       182.3100030    4.4184267E-03
       185.0400030    3.9651324E-03
       187.7600031    3.5632313E-03
       190.4800031    3.2050794E-03
       195.9200032    2.6001390E-03
       198.6400032    2.3449457E-03
       204.0800033    1.9997552E-03
       206.8000034    1.8133095E-03
       209.5300034    1.6456553E-03
       212.2500035    1.4960462E-03
       214.9700035    1.3619045E-03
       220.4100036    1.1331940E-03
       225.8500037    9.4775745E-04
       236.7400038    6.7216915E-04
       247.6200040    4.8487357E-04
       258.5100042    3.5468652E-04
       272.1100044    2.4412350E-04
       285.7200046    1.7063465E-04
       299.3200049    1.2086148E-04
       312.9300051    8.6529057E-05
       340.1400055    4.5575896E-05
       353.7400058    3.3458589E-05
       380.9500062    1.8376239E-05
       394.5600064    1.3734149E-05
       408.1700066    1.0318226E-05
       435.3800071    5.9098261E-06
       462.5900075    3.4454672E-06
       476.1900077    2.6473792E-06
       489.8000080    2.0417519E-06
       503.4000082    1.5809352E-06
       517.0100084    1.2283704E-06
       557.8300091    5.8839271E-07
       571.4300093    4.6345892E-07
       585.0400095    3.6612397E-07
       612.2500100    2.3057530E-07
       666.6700108    9.4523358E-08
       680.2800111    7.6110418E-08
       707.4900115    4.9699835E-08
       734.7000119    3.2737194E-08
       761.9100124    2.1735994E-08
       789.1200128    1.4535757E-08
       816.3300133    9.7830641E-09
       843.5400137    6.6212382E-09
       870.7500142    4.5026267E-09
       911.5700148    2.5425000E-09
       952.3900155    1.4437653E-09
       993.2000162    8.2183255E-10
      1020.4000166    5.6422045E-10
      1061.2000173    3.1971617E-10
      1088.4000177    2.1790733E-10
      1102.0000179    1.7952950E-10
      1115.7000181    1.4744551E-10
      1129.3000184    1.2102558E-10
      1142.9000186    9.9106640E-11
      1156.5000188    8.0934780E-11
      1170.1000190    6.5882452E-11
      1197.3000195    4.3132321E-11
      1210.9000197    3.4635416E-11
      1224.5000199    2.7632795E-11
      1227.2000200    2.6397480E-11
      1229.9000200    2.5209177E-11
      1232.7000200    2.4024673E-11
      1235.4000201    2.2926884E-11
      1238.1000201    2.1871083E-11
      1240.8000202    2.0855729E-11
      1243.5000202    1.9879334E-11
      1246.3000203    1.8906396E-11
      1249.0000203    1.8004981E-11
      1257.2000204    1.6424299E-11
      1259.9000205    1.5606757E-11
      1262.6000205    1.4817682E-11
      1270.8000207    1.2598599E-11
      1281.6000208    1.0056901E-11
      1289.8000210    8.6359817E-12
      1292.5000210    8.1114603E-12
      1295.2000211    7.6065239E-12
      1298.0000211    7.1030629E-12
      1300.7000212    6.6363182E-12
      1303.4000212    6.1871376E-12
      1306.1000212    5.7546268E-12
      1314.3000214    4.5332570E-12
      1330.6000216    2.4004217E-12
      1341.5000218    8.7341706E-13
 
