       80.0000013    3.7205659E-03
        85.0000014    1.9201965E-03
        90.0000015    1.0236010E-03
        95.2390015    5.4930313E-04
       100.6800016    3.0011177E-04
       114.2900019    8.0083315E-05
       119.7300019    5.0702936E-05
       122.4500020    4.0872728E-05
       125.1700020    3.3204244E-05
       127.8900021    2.7163884E-05
       130.6100021    2.2362337E-05
       133.3300022    1.8512419E-05
       136.0600022    1.5390538E-05
       146.9400024    7.3279225E-05
       149.6600024    5.9615279E-05
       155.1000025    3.9577579E-05
       157.8200026    3.2311767E-05
       160.5500026    2.6394267E-05
       165.9900027    1.7699949E-05
       171.4300028    1.1917678E-05
       176.8700029    8.0511381E-06
       179.5900029    6.6242906E-06
       182.3100030    5.4534357E-06
       185.0400030    4.4885005E-06
       187.7600031    3.6983979E-06
       190.4800031    3.0482840E-06
       195.9200032    2.0718608E-06
       198.6400032    1.7081868E-06
       204.0800033    4.8254028E-06
       206.8000034    4.1035337E-06
       209.5300034    3.4797561E-06
       212.2500035    2.9479163E-06
       214.9700035    2.4939966E-06
       220.4100036    1.7779472E-06
       225.8500037    1.2598633E-06
       236.7400038    6.1700507E-07
       247.6200040    2.8772891E-07
       258.5100042    1.2239542E-07
       272.1100044    2.8640542E-08
 
