       80.0000013    3.6882033E-04
        85.0000014    1.8974689E-04
        90.0000015    1.0383799E-04
        95.2390015    5.8532849E-05
       100.6800016    3.3941102E-05
       114.2900019    9.9246890E-06
       119.7300019    6.2217664E-06
       122.4500020    4.9327609E-06
       125.1700020    3.9105857E-06
       127.8900021    3.0981439E-06
       130.6100021    2.4514484E-06
       133.3300022    1.9362888E-06
       136.0600022    1.5245048E-06
       146.9400024    2.6214179E-06
       149.6600024    1.9147562E-06
       155.1000025    9.9831414E-07
       157.8200026    7.1039244E-07
       160.5500026    4.9825570E-07
       165.9900027    2.3192845E-07
       171.4300028    9.3142461E-08
       176.8700029    1.8526693E-08
 
