       80.0000013    3.5263637E-01
        85.0000014    2.1555535E-01
        90.0000015    1.3391580E-01
        95.2390015    8.2641795E-02
       100.6800016    5.0861683E-02
       114.2900019    1.6066708E-02
       119.7300019    1.0359826E-02
       122.4500020    8.3543472E-03
       125.1700020    6.7555681E-03
       127.8900021    5.4774149E-03
       130.6100021    4.4528069E-03
       133.3300022    3.6292879E-03
       136.0600022    2.9635155E-03
       146.9400024    6.8102628E-03
       149.6600024    6.0241744E-03
       155.1000025    4.6587088E-03
       157.8200026    4.0926328E-03
       160.5500026    3.5955121E-03
       165.9900027    2.7853705E-03
       171.4300028    2.1671031E-03
       176.8700029    1.6935125E-03
       179.5900029    1.4994679E-03
       182.3100030    1.3290206E-03
       185.0400030    1.1786043E-03
       187.7600031    1.0466835E-03
       190.4800031    9.3039824E-04
       195.9200032    7.3713297E-04
       198.6400032    6.5697206E-04
       204.0800033    6.3210964E-04
       206.8000034    5.7341909E-04
       209.5300034    5.2055350E-04
       212.2500035    4.7327016E-04
       214.9700035    4.3076329E-04
       220.4100036    3.5798733E-04
       225.8500037    2.9865745E-04
       236.7400038    2.0989869E-04
       247.6200040    1.4925156E-04
       258.5100042    1.0710442E-04
       272.1100044    7.1565308E-05
       285.7200046    4.8317263E-05
       299.3200049    3.2935430E-05
       312.9300051    2.2631768E-05
       340.1400055    1.0930440E-05
       353.7400058    7.6750730E-06
       380.9500062    3.8543499E-06
       394.5600064    2.7550534E-06
       408.1700066    1.9801482E-06
       435.3800071    1.0391542E-06
       462.5900075    5.5587100E-07
       476.1900077    4.0928271E-07
       489.8000080    3.0250652E-07
       503.4000082    2.2448603E-07
       517.0100084    1.6714013E-07
       557.8300091    7.0277665E-08
       571.4300093    5.2927369E-08
       585.0400095    3.9933397E-08
       612.2500100    2.2845537E-08
       666.6700108    7.5424289E-09
       680.2800111    5.7134741E-09
       707.4900115    3.2661183E-09
       734.7000119    1.8498613E-09
       761.9100124    1.0317636E-09
       789.1200128    5.6168292E-10
       816.3300133    2.9405692E-10
       843.5400137    1.4370365E-10
       870.7500142    6.0280891E-11
 
