       80.0000013    3.3088207E+00
        85.0000014    2.2570989E+00
        90.0000015    1.5517827E+00
        95.2390015    1.0572025E+00
       100.6800016    7.1665478E-01
       114.2900019    2.8311890E-01
       119.7300019    1.9867198E-01
       122.4500020    1.6700543E-01
       125.1700020    1.4070217E-01
       127.8900021    1.1880162E-01
       130.6100021    1.0052396E-01
       133.3300022    8.5234597E-02
       136.0600022    7.2372884E-02
       146.9400024    6.2925369E-02
       149.6600024    5.6099504E-02
       155.1000025    4.4419285E-02
       157.8200026    3.9571010E-02
       160.5500026    3.5290897E-02
       165.9900027    2.8239181E-02
       171.4300028    2.2755813E-02
       176.8700029    1.8459804E-02
       179.5900029    1.6665090E-02
       182.3100030    1.5066862E-02
       185.0400030    1.3635923E-02
       187.7600031    1.2361777E-02
       190.4800031    1.1220803E-02
       195.9200032    9.2777777E-03
       198.6400032    8.4502911E-03
       204.0800033    7.7788648E-03
       206.8000034    7.0937956E-03
       209.5300034    6.4561260E-03
       212.2500035    5.8767847E-03
       214.9700035    5.3520375E-03
       220.4100036    4.4502211E-03
       225.8500037    3.7153619E-03
       236.7400038    2.6221515E-03
       247.6200040    1.8823388E-03
       258.5100042    1.3723071E-03
       272.1100044    9.4391964E-04
       285.7200046    6.6258054E-04
       299.3200049    4.7377008E-04
       312.9300051    3.4412893E-04
       340.1400055    1.8896539E-04
       353.7400058    1.4235673E-04
       380.9500062    8.2902799E-05
       394.5600064    6.3955595E-05
       408.1700066    4.9648173E-05
       435.3800071    3.0419360E-05
       462.5900075    1.8994617E-05
       476.1900077    1.5105593E-05
       489.8000080    1.2057240E-05
       503.4000082    9.6608956E-06
       517.0100084    7.7665354E-06
       557.8300091    4.1148437E-06
       571.4300093    3.3501587E-06
       585.0400095    2.7349313E-06
       612.2500100    1.8378449E-06
       666.6700108    8.5536732E-07
       680.2800111    7.1060214E-07
       707.4900115    4.9372323E-07
       734.7000119    3.4591224E-07
       761.9100124    2.4427604E-07
       789.1200128    1.7380314E-07
       816.3300133    1.2454636E-07
       843.5400137    8.9857075E-08
       870.7500142    6.5250383E-08
       911.5700148    4.0840611E-08
       952.3900155    2.5895906E-08
       993.2000162    1.6621598E-08
      1020.4000166    1.2447333E-08
      1061.2000173    8.1386080E-09
      1088.4000177    6.1655587E-09
      1102.0000179    5.3750253E-09
      1115.7000181    4.6860249E-09
      1129.3000184    4.0935775E-09
      1142.9000186    3.5795453E-09
      1156.5000188    3.1330543E-09
      1170.1000190    2.7448075E-09
      1197.3000195    2.1123543E-09
      1210.9000197    1.8554754E-09
      1224.5000199    1.6311831E-09
      1227.2000200    1.5901431E-09
      1229.9000200    1.5501846E-09
      1232.7000200    1.5098559E-09
      1235.4000201    1.4720078E-09
      1238.1000201    1.4351526E-09
      1240.8000202    1.3992629E-09
      1243.5000202    1.3643121E-09
      1246.3000203    1.3290309E-09
      1249.0000203    1.2959136E-09
      1257.2000204    1.4140700E-09
      1259.9000205    1.3795881E-09
      1262.6000205    1.3452536E-09
      1270.8000207    1.2447021E-09
      1281.6000208    1.1232300E-09
      1289.8000210    1.1225777E-09
      1292.5000210    1.0945314E-09
      1295.2000211    1.0669585E-09
      1298.0000211    1.0389856E-09
      1300.7000212    1.0126623E-09
      1303.4000212    9.8699504E-10
      1306.1000212    9.6198438E-10
      1314.3000214    8.8994934E-10
      1330.6000216    7.6292922E-10
      1341.5000218    6.8865447E-10
      1355.1000220    6.0640321E-10
      1360.6000221    5.7610505E-10
      1371.4000223    5.2110044E-10
      1382.3000225    4.7109378E-10
      1390.5000226    4.3677242E-10
      1395.9000227    4.1559525E-10
      1404.1000228    3.8544959E-10
      1406.8000229    3.7602660E-10
      1409.5000229    3.6684183E-10
      1415.0000230    3.4884301E-10
      1417.7000231    3.4034389E-10
      1420.4000231    3.3205863E-10
      1423.1000231    3.2398167E-10
      1425.9000232    3.1581968E-10
      1428.6000232    3.0815023E-10
      1431.3000233    3.0067293E-10
      1436.7000234    2.8627478E-10
      1439.5000234    2.7909100E-10
      1442.2000235    2.7233973E-10
      1444.9000235    2.6575669E-10
      1447.6000235    2.5933750E-10
      1450.4000236    2.5284910E-10
      1453.1000236    2.4675065E-10
      1455.8000237    1.4082243E-09
      1458.5000237    1.3863739E-09
      1461.2000238    1.3605741E-09
      1466.7000239    1.3031030E-09
      1469.4000239    1.2743565E-09
      1472.1000239    1.2458217E-09
      1477.6000240    1.1890304E-09
      1480.3000241    1.1619603E-09
      1488.4000242    1.0842195E-09
      1491.2000242    1.0585572E-09
      1496.6000243    1.0107731E-09
      1551.0000252    6.3503597E-10
      1632.7000266    3.1576713E-10
      1823.1000296    5.9962597E-11
 
