       80.0000013    1.9362276E-02
        85.0000014    1.0520584E-02
        90.0000015    5.8410643E-03
        95.2390015    3.2258485E-03
       100.6800016    1.7851029E-03
       114.2900019    4.5630123E-04
       119.7300019    2.7781999E-04
       122.4500020    2.1916105E-04
       125.1700020    1.7415978E-04
       127.8900021    1.3941464E-04
       130.6100021    1.1241232E-04
       133.3300022    9.1287293E-05
       136.0600022    7.4594071E-05
       146.9400024    4.3682428E-04
       149.6600024    3.6713117E-04
       155.1000025    2.5964223E-04
       157.8200026    2.1874983E-04
       160.5500026    1.8443607E-04
       165.9900027    1.3180498E-04
       171.4300028    9.4669413E-05
       176.8700029    6.8316353E-05
       179.5900029    5.8130696E-05
       182.3100030    4.9516544E-05
       185.0400030    4.2198157E-05
       187.7600031    3.6019082E-05
       190.4800031    3.0775318E-05
       195.9200032    2.2531831E-05
       198.6400032    1.9306462E-05
       204.0800033    3.6858830E-05
       206.8000034    3.2574088E-05
       209.5300034    2.8765658E-05
       212.2500035    2.5419518E-05
       214.9700035    2.2471611E-05
       220.4100036    1.7586382E-05
       225.8500037    1.3788816E-05
       236.7400038    8.5147412E-06
       247.6200040    5.2880760E-06
       258.5100042    3.2949879E-06
       272.1100044    1.8302986E-06
       285.7200046    1.0162764E-06
       299.3200049    5.6240754E-07
       312.9300051    3.0852499E-07
       340.1400055    8.8316817E-08
       353.7400058    4.5130669E-08
       380.9500062    9.3158468E-09
       394.5600064    2.6956954E-09
 
