       80.0000013    1.6759934E+00
        85.0000014    1.0964525E+00
        90.0000015    7.2563392E-01
        95.2390015    4.7673357E-01
       100.6800016    3.1227940E-01
       114.2900019    1.1455395E-01
       119.7300019    7.8289561E-02
       122.4500020    6.4976729E-02
       125.1700020    5.4062016E-02
       127.8900021    4.5088422E-02
       130.6100021    3.7690822E-02
       133.3300022    3.1576585E-02
       136.0600022    2.6493486E-02
       146.9400024    2.9658066E-02
       149.6600024    2.6590519E-02
       155.1000025    2.1161636E-02
       157.8200026    1.8864980E-02
       160.5500026    1.6821800E-02
       165.9900027    1.3429224E-02
       171.4300028    1.0773329E-02
       176.8700029    8.6853867E-03
       179.5900029    7.8122895E-03
       182.3100030    7.0348834E-03
       185.0400030    6.3392972E-03
       187.7600031    5.7206228E-03
       190.4800031    5.1674773E-03
       195.9200032    4.2284243E-03
       198.6400032    3.8301037E-03
       204.0800033    3.2932037E-03
       206.8000034    2.9875883E-03
       209.5300034    2.7110048E-03
       212.2500035    2.4634679E-03
       214.9700035    2.2412457E-03
       220.4100036    1.8622509E-03
       225.8500037    1.5552507E-03
       236.7400038    1.1002760E-03
       247.6200040    7.9259102E-04
       258.5100042    5.7983608E-04
       272.1100044    4.0005537E-04
       285.7200046    2.8100683E-04
       299.3200049    2.0047241E-04
       312.9300051    1.4483568E-04
       340.1400055    7.8016397E-05
       353.7400058    5.8006539E-05
       380.9500062    3.2738568E-05
       394.5600064    2.4818195E-05
       408.1700066    1.8916075E-05
       435.3800071    1.1154259E-05
       462.5900075    6.6951602E-06
       476.1900077    5.2192549E-06
       489.8000080    4.0835280E-06
       503.4000082    3.2072528E-06
       517.0100084    2.5274633E-06
       557.8300091    1.2620031E-06
       571.4300093    1.0076019E-06
       585.0400095    8.0674306E-07
       612.2500100    5.2168929E-07
       666.6700108    2.2523611E-07
       680.2800111    1.8370186E-07
       707.4900115    1.2307267E-07
       734.7000119    8.3188667E-08
       761.9100124    5.6702692E-08
       789.1200128    3.8955520E-08
       816.3300133    2.6962059E-08
       843.5400137    1.8791050E-08
       870.7500142    1.3181315E-08
       911.5700148    7.8299944E-09
       952.3900155    4.7067550E-09
       993.2000162    2.8587053E-09
      1020.4000166    2.0603026E-09
      1061.2000173    1.2680715E-09
      1088.4000177    9.2042285E-10
      1102.0000179    7.8474433E-10
      1115.7000181    6.6854738E-10
      1129.3000184    5.7040445E-10
      1142.9000186    4.8678672E-10
      1156.5000188    4.1549497E-10
      1170.1000190    3.5467390E-10
      1197.3000195    2.5841668E-10
      1210.9000197    2.2053247E-10
      1224.5000199    1.8815198E-10
      1227.2000200    1.8230562E-10
      1229.9000200    1.7663823E-10
      1232.7000200    1.7094411E-10
      1235.4000201    1.6562440E-10
      1238.1000201    1.6046744E-10
      1240.8000202    1.5546818E-10
      1243.5000202    1.5062178E-10
      1246.3000203    1.4575229E-10
      1249.0000203    1.4120285E-10
      1257.2000204    1.4117373E-10
      1259.9000205    1.3677944E-10
      1262.6000205    1.3247314E-10
      1270.8000207    1.2008533E-10
      1281.6000208    1.0542165E-10
      1289.8000210    1.0015559E-10
      1292.5000210    9.6937181E-11
      1295.2000211    9.3803819E-11
      1298.0000211    9.0649585E-11
      1300.7000212    8.7700493E-11
      1303.4000212    8.4841675E-11
      1306.1000212    8.2071440E-11
      1314.3000214    7.4177942E-11
      1330.6000216    6.0590769E-11
      1341.5000218    5.2866631E-11
      1355.1000220    4.4533245E-11
      1360.6000221    4.1528499E-11
      1371.4000223    3.6172919E-11
      1382.3000225    3.1426112E-11
      1390.5000226    2.8242885E-11
      1395.9000227    2.6311784E-11
      1404.1000228    2.3609630E-11
      1406.8000229    2.2776916E-11
      1409.5000229    2.1970975E-11
      1415.0000230    2.0408633E-11
      1417.7000231    1.9679003E-11
      1420.4000231    1.8972933E-11
      1423.1000231    1.8289682E-11
      1425.9000232    1.7604466E-11
      1428.6000232    1.6965521E-11
      1431.3000233    1.6347297E-11
      1436.7000234    1.5170438E-11
      1439.5000234    1.4590185E-11
      1442.2000235    1.4049222E-11
      1444.9000235    1.3525910E-11
      1447.6000235    1.3019695E-11
      1450.4000236    1.2512215E-11
      1453.1000236    1.2039181E-11
      1455.8000237    7.3989495E-11
      1458.5000237    7.1807268E-11
      1461.2000238    6.9445914E-11
      1466.7000239    6.4490947E-11
      1469.4000239    6.2091228E-11
      1472.1000239    5.9742905E-11
      1477.6000240    5.5150461E-11
      1480.3000241    5.2995552E-11
      1488.4000242    4.6923285E-11
      1491.2000242    4.4956761E-11
      1496.6000243    4.1346461E-11
      1551.0000252    1.5565767E-11
 
