       80.0000013    2.4247394E+00
        85.0000014    1.6202816E+00
        90.0000015    1.0931126E+00
        95.2390015    7.3139209E-01
       100.6800016    4.8741707E-01
       114.2900019    1.8565185E-01
       119.7300019    1.2862070E-01
       122.4500020    1.0745969E-01
       125.1700020    8.9995675E-02
       127.8900021    7.5544849E-02
       130.6100021    6.3556664E-02
       133.3300022    5.3586636E-02
       136.0600022    4.5247063E-02
       146.9400024    4.3768987E-02
       149.6600024    3.9153479E-02
       155.1000025    3.1127509E-02
       157.8200026    2.7762227E-02
       160.5500026    2.4777763E-02
       165.9900027    1.9835699E-02
       171.4300028    1.5973249E-02
       176.8700029    1.2936703E-02
       179.5900029    1.1665870E-02
       182.3100030    1.0533282E-02
       185.0400030    9.5187174E-03
       187.7600031    8.6150803E-03
       190.4800031    7.8058657E-03
       195.9200032    6.4283512E-03
       198.6400032    5.8421879E-03
       204.0800033    5.1780860E-03
       206.8000034    4.7068773E-03
       209.5300034    4.2753173E-03
       212.2500035    3.8866550E-03
       214.9700035    3.5364863E-03
       220.4100036    2.9375649E-03
       225.8500037    2.4514906E-03
       236.7400038    1.7307440E-03
       247.6200040    1.2440123E-03
       258.5100042    9.0846419E-04
       272.1100044    6.2613346E-04
       285.7200046    4.4009235E-04
       299.3200049    3.1474509E-04
       312.9300051    2.2836011E-04
       340.1400055    1.2461259E-04
       353.7400058    9.3417351E-05
       380.9500062    5.3725551E-05
       394.5600064    4.1146697E-05
       408.1700066    3.1695512E-05
       435.3800071    1.9103130E-05
       462.5900075    1.1725196E-05
       476.1900077    9.2435475E-06
       489.8000080    7.3137694E-06
       503.4000082    5.8089659E-06
       517.0100084    4.6291088E-06
       557.8300091    2.3892187E-06
       571.4300093    1.9284666E-06
       585.0400095    1.5608230E-06
       612.2500100    1.0310982E-06
       666.6700108    4.6406612E-07
       680.2800111    3.8235939E-07
       707.4900115    2.6136212E-07
       734.7000119    1.8019465E-07
       761.9100124    1.2524951E-07
       789.1200128    8.7733817E-08
       816.3300133    6.1908125E-08
       843.5400137    4.3990568E-08
       870.7500142    3.1466726E-08
       911.5700148    1.9259577E-08
       952.3900155    1.1943256E-08
       993.2000162    7.4966637E-09
      1020.4000166    5.5301705E-09
      1061.2000173    3.5336198E-09
      1088.4000177    2.6350866E-09
      1102.0000179    2.2788083E-09
      1115.7000181    1.9704034E-09
      1129.3000184    1.7070316E-09
      1142.9000186    1.4800868E-09
      1156.5000188    1.2843235E-09
      1170.1000190    1.1152843E-09
      1197.3000195    8.4276763E-10
      1210.9000197    7.3330164E-10
      1224.5000199    6.3842326E-10
      1227.2000200    6.2114164E-10
      1229.9000200    6.0434041E-10
      1232.7000200    5.8740945E-10
      1235.4000201    5.7154420E-10
      1238.1000201    5.5611848E-10
      1240.8000202    5.4111954E-10
      1243.5000202    5.2653520E-10
      1246.3000203    5.1183585E-10
      1249.0000203    4.9805954E-10
      1257.2000204    5.2199783E-10
      1259.9000205    5.0814936E-10
      1262.6000205    4.9445548E-10
      1270.8000207    4.5463294E-10
      1281.6000208    4.0685985E-10
      1289.8000210    3.9831352E-10
      1292.5000210    3.8750297E-10
      1295.2000211    3.7691489E-10
      1298.0000211    3.6620271E-10
      1300.7000212    3.5614448E-10
      1303.4000212    3.4635550E-10
      1306.1000212    3.3683364E-10
      1314.3000214    3.0950004E-10
      1330.6000216    2.6165273E-10
      1341.5000218    2.3390898E-10
      1355.1000220    2.0342210E-10
      1360.6000221    1.9226222E-10
      1371.4000223    1.7211046E-10
      1382.3000225    1.5392418E-10
      1390.5000226    1.4152529E-10
      1395.9000227    1.3391187E-10
      1404.1000228    1.2312709E-10
      1406.8000229    1.1976954E-10
      1409.5000229    1.1650343E-10
      1415.0000230    1.1012256E-10
      1417.7000231    1.0711886E-10
      1420.4000231    1.0419678E-10
      1423.1000231    1.0135406E-10
      1425.9000232    9.8487551E-11
      1428.6000232    9.5799792E-11
      1431.3000233    9.3184731E-11
      1436.7000234    8.8165732E-11
      1439.5000234    8.5669818E-11
      1442.2000235    8.3329399E-11
      1444.9000235    8.1052325E-11
      1447.6000235    7.8836854E-11
      1450.4000236    7.6602592E-11
      1453.1000236    7.4507435E-11
      1455.8000237    4.4208034E-10
      1458.5000237    4.3379650E-10
      1461.2000238    4.2429465E-10
      1466.7000239    4.0351408E-10
      1469.4000239    3.9321763E-10
      1472.1000239    3.8303860E-10
      1477.6000240    3.6288028E-10
      1480.3000241    3.5331410E-10
      1488.4000242    3.2598871E-10
      1491.2000242    3.1701725E-10
      1496.6000243    3.0037919E-10
      1551.0000252    1.7326994E-10
      1632.7000266    7.3256519E-11
      1823.1000296    6.0302414E-12
 
