       80.0000013    1.6742957E-01
        85.0000014    9.9257454E-02
        90.0000015    5.9839059E-02
        95.2390015    3.5800382E-02
       100.6800016    2.1347309E-02
       114.2900019    6.2565487E-03
       119.7300019    3.9255391E-03
       122.4500020    3.1251376E-03
       125.1700020    2.4962574E-03
       127.8900021    2.0006038E-03
       130.6100021    1.6087579E-03
       133.3300022    1.2980434E-03
       136.0600022    1.0501164E-03
       146.9400024    3.4224093E-03
       149.6600024    2.9899697E-03
       155.1000025    2.2647709E-03
       157.8200026    1.9710073E-03
       160.5500026    1.7159311E-03
       165.9900027    1.3061203E-03
       171.4300028    9.9879096E-04
       176.8700029    7.6722051E-04
       179.5900029    6.7350530E-04
       182.3100030    5.9184374E-04
       185.0400030    5.2035518E-04
       187.7600031    4.5815765E-04
       190.4800031    4.0377074E-04
       195.9200032    3.1444224E-04
       198.6400032    2.7784653E-04
       204.0800033    3.1201486E-04
       206.8000034    2.8213815E-04
       209.5300034    2.5518745E-04
       212.2500035    2.3108657E-04
       214.9700035    2.0943981E-04
       220.4100036    1.7246066E-04
       225.8500037    1.4243754E-04
       236.7400038    9.7895470E-05
       247.6200040    6.7917070E-05
       258.5100042    4.7472364E-05
       272.1100044    3.0648094E-05
       285.7200046    1.9972762E-05
       299.3200049    1.3135904E-05
       312.9300051    8.7081917E-06
       340.1400055    3.9162915E-06
       353.7400058    2.6543626E-06
       380.9500062    1.2421908E-06
       394.5600064    8.5694217E-07
       408.1700066    5.9417533E-07
       435.3800071    2.8951325E-07
       462.5900075    1.4302917E-07
       476.1900077    1.0091367E-07
       489.8000080    7.1292256E-08
       503.4000082    5.0421239E-08
       517.0100084    3.5654168E-08
       557.8300091    1.2506810E-08
       571.4300093    8.7676515E-09
       585.0400095    6.1126038E-09
       612.2500100    2.9037712E-09
       666.6700108    5.3718940E-10
       680.2800111    3.1856762E-10
       707.4900115    5.0988960E-11
 
