       12.5000002    4.4073349E+18
        15.0000002    3.7664931E+18
        20.0000003    1.9155112E+18
        25.0000004    1.9056505E+18
        30.0000005    2.4301296E+18
        35.0000006    2.3857783E+18
        40.0000007    2.2262795E+18
        45.0000007    1.9091088E+18
        50.0000008    1.5020964E+18
        55.0000009    1.1146719E+18
        60.0000010    8.2712748E+17
        65.0000011    6.5147225E+17
        70.0000011    5.5342042E+17
        75.0000012    2.9849336E+18
        80.0000013    3.2877487E+18
        85.0000014    3.2991688E+18
        90.0000015    3.2901643E+18
        95.2390015    3.2038040E+18
       100.6800016    2.9483250E+18
       114.2900019    2.0691484E+18
       119.7300019    1.6947996E+18
       122.4500020    1.5068260E+18
       125.1700020    1.3189267E+18
       127.8900021    1.1309324E+18
       130.6100021    9.4165749E+17
       133.3300022    7.4778019E+17
       136.0600022    5.3936416E+17
 
