       80.0000013    9.5865924E+18
        85.0000014    7.9511656E+18
        90.0000015    6.5730685E+18
        95.2390015    5.3717113E+18
       100.6800016    4.3488486E+18
       114.2900019    2.5566246E+18
       119.7300019    2.0671316E+18
       122.4500020    1.8587808E+18
       125.1700020    1.6714447E+18
       127.8900021    1.5029836E+18
       130.6100021    1.3514724E+18
       133.3300022    1.2151825E+18
       136.0600022    1.0921360E+18
       146.9400024    1.7715925E+18
       149.6600024    1.6832149E+18
       155.1000025    1.5003343E+18
       157.8200026    1.4130684E+18
       160.5500026    1.3297785E+18
       165.9900027    1.1771942E+18
       171.4300028    1.0414927E+18
       176.8700029    9.2082807E+17
       179.5900029    8.6554401E+17
       182.3100030    8.1333596E+17
       185.0400030    7.6383032E+17
       187.7600031    7.1720786E+17
       190.4800031    6.7311566E+17
       195.9200032    5.9192442E+17
       198.6400032    5.5455669E+17
       204.0800033    5.5017205E+17
       206.8000034    5.1679933E+17
       209.5300034    4.8514373E+17
       212.2500035    4.5547798E+17
       214.9700035    4.2760289E+17
       220.4100036    3.7675230E+17
       225.8500037    3.3162350E+17
       236.7400038    2.5500262E+17
       247.6200040    1.9197293E+17
       258.5100042    1.3764997E+17
       272.1100044    7.3944210E+16
 
