       12.5000002    2.5243775E+18
        15.0000002    2.6177910E+18
        20.0000003    2.7596079E+18
        25.0000004    2.4485802E+18
        30.0000005    3.0456725E+18
        35.0000006    2.6366473E+18
        40.0000007    2.1280417E+18
        45.0000007    1.6802350E+18
        50.0000008    1.3408999E+18
        55.0000009    1.1162660E+18
        60.0000010    9.8258887E+17
        65.0000011    8.9822348E+17
        70.0000011    8.2968879E+17
        75.0000012    4.8733214E+18
        80.0000013    5.4046104E+18
        85.0000014    5.4443126E+18
        90.0000015    5.4646151E+18
        95.2390015    5.3862370E+18
       100.6800016    5.0543901E+18
       114.2900019    3.9923800E+18
       119.7300019    3.5950512E+18
       122.4500020    3.4056732E+18
       125.1700020    3.2228324E+18
       127.8900021    3.0467385E+18
       130.6100021    2.8775470E+18
       133.3300022    2.7153619E+18
       136.0600022    2.5596776E+18
       146.9400024    2.0091546E+18
       149.6600024    1.8884493E+18
       155.1000025    1.6661454E+18
       157.8200026    1.5641137E+18
       160.5500026    1.4675106E+18
       165.9900027    1.8616782E+18
       171.4300028    1.7099529E+18
       176.8700029    1.8175290E+18
       179.5900029    1.7526593E+18
       182.3100030    1.6829207E+18
       185.0400030    1.6125366E+18
       187.7600031    1.5441856E+18
       190.4800031    1.4785971E+18
       195.9200032    1.3566448E+18
       198.6400032    1.3000524E+18
       204.0800033    1.1949721E+18
       206.8000034    1.1462425E+18
       209.5300034    1.0996996E+18
       212.2500035    1.0555398E+18
       214.9700035    1.0134511E+18
       220.4100036    9.3498469E+17
       225.8500037    8.6339047E+17
       236.7400038    8.4414119E+17
       247.6200040    7.2173242E+17
       258.5100042    6.1931023E+17
       272.1100044    5.1601338E+17
       285.7200046    4.3412457E+17
       299.3200049    3.6862674E+17
       312.9300051    3.1555290E+17
       340.1400055    2.3599792E+17
       353.7400058    2.0573826E+17
       380.9500062    1.5810232E+17
       394.5600064    1.3915058E+17
       408.1700066    1.2269966E+17
       435.3800071    9.5772737E+16
       462.5900075    7.4969556E+16
       476.1900077    6.6365401E+16
       489.8000080    5.8749891E+16
       503.4000082    5.2012063E+16
       517.0100084    4.6037248E+16
       557.8300091    3.1876650E+16
       571.4300093    2.8180270E+16
       585.0400095    2.4897255E+16
       612.2500100    1.9399510E+16
       666.6700108    1.1656470E+16
       680.2800111    1.0231977E+16
       707.4900115    7.8707391E+15
       734.7000119    5.9862862E+15
       761.9100124    4.4919270E+15
       789.1200128    3.3101297E+15
       816.3300133    2.3683784E+15
       843.5400137    1.6046011E+15
       870.7500142    9.5334684E+14
 
