       12.5000002    4.7464949E+18
        15.0000002    4.2633137E+18
        20.0000003    2.1367328E+18
        25.0000004    2.0803352E+18
        30.0000005    2.6591664E+18
        35.0000006    2.6651700E+18
        40.0000007    2.6161714E+18
        45.0000007    2.4389455E+18
        50.0000008    2.1164138E+18
        55.0000009    1.7091530E+18
        60.0000010    1.3174166E+18
        65.0000011    1.0118325E+18
        70.0000011    8.0443136E+17
        75.0000012    3.6765036E+18
        80.0000013    4.0252645E+18
        85.0000014    4.1668456E+18
        90.0000015    4.3851185E+18
        95.2390015    4.4025004E+18
       100.6800016    4.1429708E+18
       114.2900019    3.5234774E+18
       119.7300019    3.3292830E+18
       122.4500020    3.2366876E+18
       125.1700020    3.1457825E+18
       127.8900021    3.0559664E+18
       130.6100021    2.9668617E+18
       133.3300022    2.8782598E+18
       136.0600022    2.7897532E+18
       146.9400024    2.4422319E+18
       149.6600024    2.3572716E+18
       155.1000025    2.1907527E+18
       157.8200026    2.1095076E+18
       160.5500026    2.0295082E+18
       165.9900027    2.4107458E+18
       171.4300028    2.2881589E+18
       176.8700029    2.3665339E+18
       179.5900029    2.3113103E+18
       182.3100030    2.2417037E+18
       185.0400030    2.1644602E+18
       187.7600031    2.0851661E+18
       190.4800031    2.0069852E+18
       195.9200032    1.8580815E+18
       198.6400032    1.7871256E+18
       204.0800033    1.6533547E+18
       206.8000034    1.5909465E+18
       209.5300034    1.5312648E+18
       212.2500035    1.4746155E+18
       214.9700035    1.4206294E+18
       220.4100036    1.3200808E+18
       225.8500037    1.2285577E+18
       236.7400038    1.2589521E+18
       247.6200040    1.1122943E+18
       258.5100042    9.7678414E+17
       272.1100044    8.3082486E+17
       285.7200046    7.0895005E+17
       299.3200049    6.0734411E+17
       312.9300051    5.2249232E+17
       340.1400055    3.9240756E+17
       353.7400058    3.4273447E+17
       380.9500062    2.6556113E+17
       394.5600064    2.3551476E+17
       408.1700066    2.0984219E+17
       435.3800071    1.6869712E+17
       462.5900075    1.3753711E+17
       476.1900077    1.2472641E+17
       489.8000080    1.1337204E+17
       503.4000082    1.0327298E+17
       517.0100084    9.4236479E+16
       557.8300091    7.2215537E+16
       571.4300093    6.6234254E+16
       585.0400095    6.0797268E+16
       612.2500100    5.1340665E+16
       666.6700108    3.6855780E+16
       680.2800111    3.3960777E+16
       707.4900115    2.9588929E+16
       734.7000119    2.5364404E+16
       761.9100124    2.1489796E+16
       789.1200128    1.8247809E+16
       816.3300133    1.5523757E+16
       843.5400137    1.3227327E+16
       870.7500142    1.1285974E+16
       911.5700148    8.9136092E+15
       952.3900155    7.0543383E+15
       993.2000162    7.7155141E+15
      1020.4000166    6.4831039E+15
      1061.2000173    5.7359675E+15
      1088.4000177    4.8051412E+15
      1102.0000179    4.3996099E+15
      1115.7000181    4.0265657E+15
      1129.3000184    3.6882130E+15
      1142.9000186    3.3787880E+15
      1156.5000188    3.0956570E+15
      1170.1000190    2.8364479E+15
      1197.3000195    9.1617547E+15
      1210.9000197    8.4892434E+15
      1224.5000199    7.8538400E+15
      1227.2000200    7.7326908E+15
      1229.9000200    7.6132070E+15
      1232.7000200    7.4910484E+15
      1235.4000201    7.3749275E+15
      1238.1000201    7.2604377E+15
      1240.8000202    7.1475611E+15
      1243.5000202    7.0362812E+15
      1246.3000203    6.9225456E+15
      1249.0000203    6.8144579E+15
      1257.2000204    6.4955298E+15
      1259.9000205    6.3935227E+15
      1262.6000205    6.2929694E+15
      1270.8000207    5.9962924E+15
      1281.6000208    5.6247778E+15
      1289.8000210    5.3566027E+15
      1292.5000210    5.2708247E+15
      1295.2000211    5.1862664E+15
      1298.0000211    5.0998447E+15
      1300.7000212    5.0177153E+15
      1303.4000212    4.9367508E+15
      1306.1000212    4.8569353E+15
      1314.3000214    4.6213977E+15
      1330.6000216    4.1823753E+15
      1341.5000218    3.9090822E+15
      1355.1000220    3.5892164E+15
      1360.6000221    3.4661524E+15
      1371.4000223    3.2344647E+15
      1382.3000225    3.0133453E+15
      1390.5000226    2.8549456E+15
      1395.9000227    2.7541859E+15
      1404.1000228    2.6063486E+15
      1406.8000229    2.5589906E+15
      1409.5000229    2.5122694E+15
      1415.0000230    2.4190228E+15
      1417.7000231    2.3741718E+15
      1420.4000231    2.3299161E+15
      1423.1000231    2.2862465E+15
      1425.9000232    2.2415672E+15
      1428.6000232    2.1990600E+15
      1431.3000233    2.1571091E+15
      1436.7000234    2.0748372E+15
      1439.5000234    2.0330136E+15
      1442.2000235    1.9932114E+15
      1444.9000235    1.9539179E+15
      1447.6000235    1.9151242E+15
      1450.4000236    1.8754114E+15
      1453.1000236    1.8376070E+15
      1455.8000237    1.8002745E+15
      1458.5000237    1.7634047E+15
      1461.2000238    1.7269889E+15
      1466.7000239    1.6541748E+15
      1469.4000239    1.6190821E+15
      1472.1000239    1.5844070E+15
      1477.6000240    1.5150260E+15
      1480.3000241    1.4815631E+15
      1488.4000242    1.3834214E+15
      1491.2000242    1.3502470E+15
      1496.6000243    1.2872987E+15
      1551.0000252    7.0880550E+14
 
