       12.5000002    4.0400224E+18
        15.0000002    4.1484948E+18
        20.0000003    3.5567376E+18
        25.0000004    3.0429512E+18
        30.0000005    3.1196020E+18
        35.0000006    2.3661669E+18
        40.0000007    1.8424191E+18
        45.0000007    1.5090800E+18
        50.0000008    1.2436494E+18
        55.0000009    9.9795537E+17
        60.0000010    7.7599785E+17
        65.0000011    5.9039431E+17
        70.0000011    4.4492889E+17
        75.0000012    8.8647699E+17
        80.0000013    5.6306406E+17
        85.0000014    3.4179790E+17
        90.0000015    2.0242459E+17
        95.2390015    1.0457148E+17
 
