       80.0000013    3.5794458E+18
        85.0000014    2.6459148E+18
        90.0000015    1.9706574E+18
        95.2390015    1.4591913E+18
       100.6800016    1.0778462E+18
       114.2900019    5.2760787E+17
       119.7300019    4.0404671E+17
       122.4500020    3.5511082E+17
       125.1700020    3.1303196E+17
       127.8900021    2.7678147E+17
       130.6100021    2.4549208E+17
       133.3300022    2.1843156E+17
       136.0600022    1.9490041E+17
       146.9400024    1.2310961E+18
       149.6600024    1.1501977E+18
       155.1000025    9.9853866E+17
       157.8200026    9.3008527E+17
       160.5500026    8.6635648E+17
       165.9900027    7.5304823E+17
       171.4300028    6.5575286E+17
       176.8700029    5.7204030E+17
       179.5900029    5.3461946E+17
       182.3100030    4.9984991E+17
       185.0400030    4.6741184E+17
       187.7600031    4.3735769E+17
       190.4800031    4.0939243E+17
       195.9200032    3.5911562E+17
       198.6400032    3.3652800E+17
       204.0800033    5.4573377E+17
       206.8000034    5.2229692E+17
       209.5300034    4.9963372E+17
       212.2500035    4.7807463E+17
       214.9700035    4.5754761E+17
       220.4100036    4.1943493E+17
       225.8500037    3.8490370E+17
       236.7400038    3.2500890E+17
       247.6200040    2.7539231E+17
       258.5100042    2.3401262E+17
       272.1100044    1.9170817E+17
       285.7200046    1.5769235E+17
       299.3200049    1.3026814E+17
       312.9300051    1.0803904E+17
       340.1400055    7.5227331E+16
       353.7400058    6.3151391E+16
       380.9500062    4.5014736E+16
       394.5600064    3.8216503E+16
       408.1700066    3.2562494E+16
       435.3800071    2.3890998E+16
       462.5900075    1.7761949E+16
       476.1900077    1.5387901E+16
       489.8000080    1.3369686E+16
       503.4000082    1.1650958E+16
       517.0100084    1.0180515E+16
       557.8300091    6.9007427E+15
       571.4300093    6.0923859E+15
       585.0400095    5.3908422E+15
       612.2500100    4.2496205E+15
       666.6700108    2.7072795E+15
       680.2800111    2.4302243E+15
       707.4900115    1.9689351E+15
       734.7000119    1.6060645E+15
       761.9100124    1.3184758E+15
       789.1200128    1.0889414E+15
       816.3300133    9.0452005E+14
       843.5400137    7.5540959E+14
       870.7500142    6.3412743E+14
       911.5700148    4.9176916E+14
       952.3900155    3.8549056E+14
       993.2000162    3.0505774E+14
      1020.4000166    2.6228490E+14
      1061.2000173    2.1055054E+14
      1088.4000177    1.8265677E+14
      1102.0000179    1.7034010E+14
      1115.7000181    1.5890176E+14
      1129.3000184    1.4842395E+14
      1142.9000186    1.3874376E+14
      1156.5000188    1.2979247E+14
      1170.1000190    1.2150798E+14
      1197.3000195    1.0671971E+14
      1210.9000197    1.0011873E+14
      1224.5000199    9.3989143E+13
      1227.2000200    9.2824930E+13
      1229.9000200    9.1677503E+13
      1232.7000200    9.0505010E+13
      1235.4000201    8.9390919E+13
      1238.1000201    8.8292784E+13
      1240.8000202    8.7210351E+13
      1243.5000202    8.6143354E+13
      1246.3000203    8.5052885E+13
      1249.0000203    8.4016565E+13
      1257.2000204    8.4999928E+13
      1259.9000205    8.3990803E+13
      1262.6000205    8.2980664E+13
      1270.8000207    7.9961512E+13
      1281.6000208    7.6155969E+13
      1289.8000210    7.5392623E+13
      1292.5000210    7.4496619E+13
      1295.2000211    7.3606311E+13
      1298.0000211    7.2692162E+13
      1300.7000212    7.1821055E+13
      1303.4000212    7.0960930E+13
      1306.1000212    7.0112095E+13
      1314.3000214    6.7603989E+13
      1330.6000216    6.2920365E+13
      1341.5000218    5.9998831E+13
      1355.1000220    5.6572252E+13
      1360.6000221    5.5251558E+13
      1371.4000223    5.2761161E+13
      1382.3000225    5.0379132E+13
      1390.5000226    4.8669412E+13
      1395.9000227    4.7580344E+13
      1404.1000228    4.5980305E+13
      1406.8000229    4.5467224E+13
      1409.5000229    4.4960787E+13
      1415.0000230    4.3949306E+13
      1417.7000231    4.3462460E+13
      1420.4000231    4.2981873E+13
      1423.1000231    4.2507451E+13
      1425.9000232    4.2021880E+13
      1428.6000232    4.1559744E+13
      1431.3000233    4.1103508E+13
      1436.7000234    4.0208389E+13
      1439.5000234    3.9753181E+13
      1442.2000235    3.9319893E+13
      1444.9000235    3.8892082E+13
      1447.6000235    3.8469674E+13
      1450.4000236    3.8037241E+13
      1453.1000236    3.7625591E+13
      1455.8000237    2.4616395E+14
      1458.5000237    2.4562648E+14
      1461.2000238    2.4428053E+14
      1466.7000239    2.4029965E+14
      1469.4000239    2.3808076E+14
      1472.1000239    2.3579540E+14
      1477.6000240    2.3107546E+14
      1480.3000241    2.2876231E+14
      1488.4000242    2.2192636E+14
      1491.2000242    2.1960926E+14
      1496.6000243    2.1521321E+14
      1551.0000252    1.7595479E+14
      1632.7000266    1.3106036E+14
      1823.1000296    6.8723822E+13
      2340.2000381    1.3164058E+13
      2829.9000460    2.0086911E+12
      3047.6000496    3.3044431E+10
      3700.7000602    0.0000000E+00
      4000.0000650    0.0000000E+00
      4680.3000761    0.0000000E+00
      5006.8000814    0.0000000E+00
      5387.8000876    0.0000000E+00
 
