       80.0000013    1.1635605E+19
        85.0000014    9.9639492E+18
        90.0000015    8.5182360E+18
        95.2390015    7.2217298E+18
       100.6800016    6.0831168E+18
       114.2900019    3.9750803E+18
       119.7300019    3.3621776E+18
       122.4500020    3.0942800E+18
       125.1700020    2.8491208E+18
       127.8900021    2.6247047E+18
       130.6100021    2.4192021E+18
       133.3300022    2.2309419E+18
       136.0600022    2.0577919E+18
       146.9400024    2.8349772E+18
       149.6600024    2.7180595E+18
       155.1000025    2.4760526E+18
       157.8200026    2.3608961E+18
       160.5500026    2.2512481E+18
       165.9900027    2.0510584E+18
       171.4300028    1.8736714E+18
       176.8700029    1.7162604E+18
       179.5900029    1.6441576E+18
       182.3100030    1.5760237E+18
       185.0400030    1.5113347E+18
       187.7600031    1.4502945E+18
       190.4800031    1.3924141E+18
       195.9200032    1.2852571E+18
       198.6400032    1.2355906E+18
       204.0800033    1.3180551E+18
       206.8000034    1.2714618E+18
       209.5300034    1.2234390E+18
       212.2500035    1.1763429E+18
       214.9700035    1.1308070E+18
       220.4100036    1.0454358E+18
       225.8500037    9.6781797E+17
       236.7400038    8.3354080E+17
       247.6200040    7.2299239E+17
       258.5100042    6.3123890E+17
       272.1100044    5.3754842E+17
       285.7200046    4.6184426E+17
       299.3200049    4.0005280E+17
       312.9300051    3.4895970E+17
       340.1400055    2.7026698E+17
       353.7400058    2.3957231E+17
       380.9500062    1.9030390E+17
       394.5600064    1.7035517E+17
       408.1700066    1.5286395E+17
       435.3800071    1.2383070E+17
       462.5900075    1.0096466E+17
       476.1900077    9.1358155E+16
       489.8000080    8.2761297E+16
       503.4000082    7.5065325E+16
       517.0100084    6.8154929E+16
       557.8300091    5.1331718E+16
       571.4300093    4.6797530E+16
       585.0400095    4.2701712E+16
       612.2500100    3.5656556E+16
       666.6700108    2.5135555E+16
       680.2800111    2.3082535E+16
       707.4900115    1.9518296E+16
       734.7000119    1.6561420E+16
       761.9100124    1.4100001E+16
       789.1200128    1.2044176E+16
       816.3300133    1.0321315E+16
       843.5400137    8.8728285E+15
       870.7500142    7.6510284E+15
       911.5700148    6.1604928E+15
       952.3900155    4.9924142E+15
       993.2000162    4.0710669E+15
      1020.4000166    3.5652161E+15
      1061.2000173    2.9357368E+15
      1088.4000177    2.5870311E+15
      1102.0000179    2.4307010E+15
      1115.7000181    2.2841181E+15
      1129.3000184    2.1485891E+15
      1142.9000186    2.0222474E+15
      1156.5000188    1.9043982E+15
      1170.1000190    1.7944043E+15
      1197.3000195    1.5956916E+15
      1210.9000197    1.5059424E+15
      1224.5000199    1.4219798E+15
      1227.2000200    1.4059622E+15
      1229.9000200    1.3901531E+15
      1232.7000200    1.3739752E+15
      1235.4000201    1.3585812E+15
      1238.1000201    1.3433864E+15
      1240.8000202    1.3283882E+15
      1243.5000202    1.3135834E+15
      1246.3000203    1.2984316E+15
      1249.0000203    1.2840123E+15
      1257.2000204    1.5670415E+15
      1259.9000205    1.5509173E+15
      1262.6000205    1.5338818E+15
      1270.8000207    1.4809584E+15
      1281.6000208    1.4130744E+15
      1289.8000210    1.5139077E+15
      1292.5000210    1.4969589E+15
      1295.2000211    1.4797742E+15
      1298.0000211    1.4619423E+15
      1300.7000212    1.4448529E+15
      1303.4000212    1.4279254E+15
      1306.1000212    1.4111884E+15
      1314.3000214    1.3616358E+15
      1330.6000216    1.2689018E+15
      1341.5000218    1.2109534E+15
      1355.1000220    1.1428861E+15
      1360.6000221    1.1166220E+15
      1371.4000223    1.0670541E+15
      1382.3000225    1.0195930E+15
      1390.5000226    9.8549890E+14
      1395.9000227    9.6376959E+14
      1404.1000228    9.3182946E+14
      1406.8000229    9.2158335E+14
      1409.5000229    9.1146816E+14
      1415.0000230    8.9126054E+14
      1417.7000231    8.8153177E+14
      1420.4000231    8.7192661E+14
      1423.1000231    8.6244326E+14
      1425.9000232    8.5273556E+14
      1428.6000232    8.4349514E+14
      1431.3000233    8.3437142E+14
      1436.7000234    8.1646731E+14
      1439.5000234    8.0736064E+14
      1442.2000235    7.9869138E+14
      1444.9000235    7.9013077E+14
      1447.6000235    7.8167727E+14
      1450.4000236    7.7302211E+14
      1453.1000236    7.6478214E+14
      1455.8000237    4.0102808E+15
      1458.5000237    4.0009591E+15
      1461.2000238    3.9796641E+15
      1466.7000239    3.9186114E+15
      1469.4000239    3.8849646E+15
      1472.1000239    3.8504264E+15
      1477.6000240    3.7792700E+15
      1480.3000241    3.7444311E+15
      1488.4000242    3.6414480E+15
      1491.2000242    3.6065087E+15
      1496.6000243    3.5401528E+15
      1551.0000252    2.9421686E+15
      1632.7000266    2.2444903E+15
      1823.1000296    1.2438978E+15
      2340.2000381    3.2188649E+14
      2829.9000460    1.1375293E+14
      3047.6000496    7.5635406E+13
      3700.7000602    2.5710981E+13
      4000.0000650    1.6345417E+13
      4680.3000761    6.6089942E+12
      5006.8000814    4.2153557E+12
      5387.8000876    2.6949447E+12
 
