       80.0000013    1.1588240E+18
        85.0000014    8.1620741E+17
        90.0000015    5.8628455E+17
        95.2390015    4.2389747E+17
       100.6800016    3.1041883E+17
       114.2900019    1.5945901E+17
       119.7300019    1.2748031E+17
       122.4500020    1.1490750E+17
       125.1700020    1.0408961E+17
       127.8900021    9.4726079E+16
       130.6100021    8.6573140E+16
       133.3300022    7.9432594E+16
       136.0600022    7.3120616E+16
       146.9400024    5.4720904E+17
       149.6600024    4.9991021E+17
       155.1000025    4.1760592E+17
       157.8200026    3.8216231E+17
       160.5500026    3.4993593E+17
       165.9900027    2.9438273E+17
       171.4300028    2.4848518E+17
       176.8700029    2.1041053E+17
       179.5900029    1.9384210E+17
       182.3100030    1.7871124E+17
       185.0400030    1.6483356E+17
       187.7600031    1.5218863E+17
       190.4800031    1.4061393E+17
       195.9200032    1.2029137E+17
       198.6400032    1.1137525E+17
       204.0800033    3.0015176E+17
       206.8000034    2.8489693E+17
       209.5300034    2.7014336E+17
       212.2500035    2.5616291E+17
       214.9700035    2.4293555E+17
       220.4100036    2.1866824E+17
       225.8500037    1.9707774E+17
       236.7400038    1.6069393E+17
       247.6200040    1.3172438E+17
       258.5100042    1.0848514E+17
       272.1100044    8.5691736E+16
       285.7200046    6.8149578E+16
       299.3200049    5.4571103E+16
       312.9300051    4.3972176E+16
       340.1400055    2.9079263E+16
       353.7400058    2.3853546E+16
       380.9500062    1.6307487E+16
       394.5600064    1.3585105E+16
       408.1700066    1.1371337E+16
       435.3800071    8.0768530E+15
       462.5900075    5.8342487E+15
       476.1900077    4.9881632E+15
       489.8000080    4.2801859E+15
       503.4000082    3.6862464E+15
       517.0100084    3.1852903E+15
       557.8300091    2.0953574E+15
       571.4300093    1.8334372E+15
       585.0400095    1.6086169E+15
       612.2500100    1.2483717E+15
       666.6700108    7.7416249E+14
       680.2800111    6.9080381E+14
       707.4900115    5.5346516E+14
       734.7000119    4.4647876E+14
       761.9100124    3.6297299E+14
       789.1200128    2.9703420E+14
       816.3300133    2.4456693E+14
       843.5400137    2.0251900E+14
       870.7500142    1.6859468E+14
       911.5700148    1.2924056E+14
       952.3900155    1.0008093E+14
       993.2000162    7.8220716E+13
      1020.4000166    6.6684417E+13
      1061.2000173    5.2831889E+13
      1088.4000177    4.5418180E+13
      1102.0000179    4.2159177E+13
      1115.7000181    3.9141551E+13
      1129.3000184    3.6385587E+13
      1142.9000186    3.3847046E+13
      1156.5000188    3.1506769E+13
      1170.1000190    2.9347455E+13
      1197.3000195    2.5510736E+13
      1210.9000197    2.3806408E+13
      1224.5000199    2.2228912E+13
      1227.2000200    2.1929887E+13
      1229.9000200    2.1635367E+13
      1232.7000200    2.1334613E+13
      1235.4000201    2.1049033E+13
      1238.1000201    2.0767729E+13
      1240.8000202    2.0490630E+13
      1243.5000202    2.0217667E+13
      1246.3000203    1.9938887E+13
      1249.0000203    1.9674134E+13
      1257.2000204    1.9314634E+13
      1259.9000205    1.9061719E+13
      1262.6000205    1.8810925E+13
      1270.8000207    1.8067648E+13
      1281.6000208    1.6811218E+13
      1289.8000210    1.6357462E+13
      1292.5000210    1.6142288E+13
      1295.2000211    1.5929519E+13
      1298.0000211    1.5711721E+13
      1300.7000212    1.5504592E+13
      1303.4000212    1.5300355E+13
      1306.1000212    1.5099020E+13
      1314.3000214    1.4505122E+13
      1330.6000216    1.3399574E+13
      1341.5000218    1.2712314E+13
      1355.1000220    1.1908763E+13
      1360.6000221    1.1599830E+13
      1371.4000223    1.1018543E+13
      1382.3000225    1.0464181E+13
      1390.5000226    1.0067335E+13
      1395.9000227    9.8150321E+12
      1404.1000228    9.4450672E+12
      1406.8000229    9.3266180E+12
      1409.5000229    9.2097930E+12
      1415.0000230    8.9767438E+12
      1417.7000231    8.8647076E+12
      1420.4000231    8.7542003E+12
      1423.1000231    8.6451982E+12
      1425.9000232    8.5337252E+12
      1428.6000232    8.4277204E+12
      1431.3000233    8.3231538E+12
      1436.7000234    8.1182484E+12
      1439.5000234    8.0141762E+12
      1442.2000235    7.9151990E+12
      1444.9000235    7.8175551E+12
      1447.6000235    7.7212245E+12
      1450.4000236    7.6226919E+12
      1453.1000236    7.5289765E+12
      1455.8000237    5.0803620E+13
      1458.5000237    5.0617540E+13
      1461.2000238    5.0263189E+13
      1466.7000239    4.9285006E+13
      1469.4000239    4.8751176E+13
      1472.1000239    4.8204691E+13
      1477.6000240    4.7081994E+13
      1480.3000241    4.6533655E+13
      1488.4000242    4.4918039E+13
      1491.2000242    4.4371819E+13
      1496.6000243    4.3337336E+13
      1551.0000252    3.2114762E+13
      1632.7000266    2.2384254E+13
      1823.1000296    8.4144675E+12
      2340.2000381    0.0000000E+00
      2829.9000460    0.0000000E+00
      3047.6000496    0.0000000E+00
 
