       80.0000013    9.8392933E+16
        85.0000014    7.7037540E+16
        90.0000015    6.0702070E+16
        95.2390015    4.7582684E+16
       100.6800016    3.7185127E+16
       114.2900019    2.0615658E+16
       119.7300019    1.6453878E+16
       122.4500020    1.4730624E+16
       125.1700020    1.3206017E+16
       127.8900021    1.1855217E+16
       130.6100021    1.0656730E+16
       133.3300022    9.5918903E+15
       136.0600022    8.6411982E+15
       146.9400024    1.2796826E+16
       149.6600024    1.1358621E+16
       155.1000025    8.9837627E+15
       157.8200026    8.0088239E+15
       160.5500026    7.1487787E+15
       165.9900027    5.7292668E+15
       171.4300028    4.6213821E+15
       176.8700029    3.7506570E+15
       179.5900029    3.3863208E+15
       182.3100030    3.0616870E+15
       185.0400030    2.7709650E+15
       187.7600031    2.5121186E+15
       190.4800031    2.2804097E+15
       195.9200032    1.8862105E+15
       198.6400032    1.7185679E+15
       204.0800033    1.4569808E+16
       206.8000034    1.3541891E+16
       209.5300034    1.2559383E+16
       212.2500035    1.1643742E+16
       214.9700035    1.0794637E+16
       220.4100036    9.2878131E+15
       225.8500037    8.0091074E+15
       236.7400038    5.9990476E+15
       247.6200040    4.5388221E+15
       258.5100042    3.4641953E+15
       272.1100044    2.5003931E+15
       285.7200046    1.8247181E+15
       299.3200049    1.3450788E+15
       312.9300051    9.9972873E+14
       340.1400055    5.6368433E+14
       353.7400058    4.2653619E+14
       380.9500062    2.4862643E+14
       394.5600064    1.8975125E+14
       408.1700066    1.4478571E+14
       435.3800071    8.3672833E+13
       462.5900075    4.7089921E+13
       476.1900077    3.4647923E+13
       489.8000080    2.4937690E+13
       503.4000082    1.6161330E+13
       517.0100084    1.0466521E+13
 
