       80.0000013    7.8650794E+18
        85.0000014    6.2230538E+18
        90.0000015    4.9426363E+18
        95.2390015    3.8999235E+18
       100.6800016    3.0640959E+18
       114.2900019    1.7113448E+18
       119.7300019    1.3665471E+18
       122.4500020    1.2230882E+18
       125.1700020    1.0958268E+18
       127.8900021    9.8281668E+17
       130.6100021    8.8236165E+17
       133.3300022    7.9298187E+17
       136.0600022    7.1310730E+17
       146.9400024    2.0145821E+18
       149.6600024    1.9271289E+18
       155.1000025    1.7392196E+18
       157.8200026    1.6483036E+18
       160.5500026    1.5611648E+18
       165.9900027    1.4009881E+18
       171.4300028    1.2582547E+18
       176.8700029    1.1313255E+18
       179.5900029    1.0732108E+18
       182.3100030    1.0183685E+18
       185.0400030    9.6640832E+17
       187.7600031    9.1751833E+17
       190.4800031    8.7132263E+17
       195.9200032    7.8636632E+17
       198.6400032    7.4730672E+17
       204.0800033    8.3016000E+17
       206.8000034    7.9697406E+17
       209.5300034    7.6527810E+17
       212.2500035    7.3533242E+17
       214.9700035    7.0694894E+17
       220.4100036    6.5448828E+17
       225.8500037    6.0713960E+17
       236.7400038    5.2514988E+17
       247.6200040    4.5694054E+17
       258.5100042    3.9940251E+17
       272.1100044    3.3938694E+17
       285.7200046    2.8970599E+17
       299.3200049    2.4826254E+17
       312.9300051    2.1339854E+17
       340.1400055    1.5894906E+17
       353.7400058    1.3767032E+17
       380.9500062    1.0392950E+17
       394.5600064    9.0573765E+16
       408.1700066    7.9092373E+16
       435.3800071    6.0675033E+16
       462.5900075    4.6909543E+16
       476.1900077    4.1367162E+16
       489.8000080    3.6545473E+16
       503.4000082    3.2349432E+16
       517.0100084    2.8685762E+16
       557.8300091    2.0222802E+16
       571.4300093    1.8063370E+16
       585.0400095    1.6161144E+16
       612.2500100    1.3003367E+16
       666.6700108    8.5833005E+15
       680.2800111    7.7663193E+15
       707.4900115    6.3868392E+15
       734.7000119    5.2822836E+15
       761.9100124    4.3925371E+15
       789.1200128    3.6716634E+15
       816.3300133    3.0843441E+15
       843.5400137    2.6032624E+15
       870.7500142    2.2071640E+15
       911.5700148    1.7369222E+15
       952.3900155    1.3792900E+15
       993.2000162    1.1046373E+15
      1020.4000166    9.5688315E+14
      1061.2000173    7.7628339E+14
      1088.4000177    6.7790972E+14
      1102.0000179    6.3421822E+14
      1115.7000181    5.9349126E+14
      1129.3000184    5.5604861E+14
      1142.9000186    5.2133357E+14
      1156.5000188    4.8912192E+14
      1170.1000190    4.5920931E+14
      1197.3000195    4.0555571E+14
      1210.9000197    3.8149185E+14
      1224.5000199    3.5907836E+14
      1227.2000200    3.5481359E+14
      1229.9000200    3.5060784E+14
      1232.7000200    3.4630764E+14
      1235.4000201    3.4221924E+14
      1238.1000201    3.3818707E+14
      1240.8000202    3.3421026E+14
      1243.5000202    3.3028795E+14
      1246.3000203    3.2627702E+14
      1249.0000203    3.2246309E+14
      1257.2000204    3.4563528E+14
      1259.9000205    3.4177518E+14
      1262.6000205    3.3784112E+14
      1270.8000207    3.2591343E+14
      1281.6000208    3.1076904E+14
      1289.8000210    3.1615825E+14
      1292.5000210    3.1252215E+14
      1295.2000211    3.0888110E+14
      1298.0000211    3.0512649E+14
      1300.7000212    3.0153992E+14
      1303.4000212    2.9799345E+14
      1306.1000212    2.9449037E+14
      1314.3000214    2.8412900E+14
      1330.6000216    2.6475665E+14
      1341.5000218    2.5266023E+14
      1355.1000220    2.3846080E+14
      1360.6000221    2.3298443E+14
      1371.4000223    2.2265238E+14
      1382.3000225    2.1276330E+14
      1390.5000226    2.0566139E+14
      1395.9000227    2.0113584E+14
      1404.1000228    1.9448456E+14
      1406.8000229    1.9235108E+14
      1409.5000229    1.9024496E+14
      1415.0000230    1.8603750E+14
      1417.7000231    1.8401202E+14
      1420.4000231    1.8201233E+14
      1423.1000231    1.8003803E+14
      1425.9000232    1.7801707E+14
      1428.6000232    1.7609341E+14
      1431.3000233    1.7419406E+14
      1436.7000234    1.7046692E+14
      1439.5000234    1.6857116E+14
      1442.2000235    1.6676647E+14
      1444.9000235    1.6498441E+14
      1447.6000235    1.6322461E+14
      1450.4000236    1.6142284E+14
      1453.1000236    1.5970749E+14
      1455.8000237    9.7566115E+14
      1458.5000237    9.7365936E+14
      1461.2000238    9.6853955E+14
      1466.7000239    9.5337523E+14
      1469.4000239    9.4492401E+14
      1472.1000239    9.3622019E+14
      1477.6000240    9.1824320E+14
      1480.3000241    9.0943127E+14
      1488.4000242    8.8337753E+14
      1491.2000242    8.7454117E+14
      1496.6000243    8.5776805E+14
      1551.0000252    7.0737501E+14
      1632.7000266    5.3386413E+14
      1823.1000296    2.8941969E+14
      2340.2000381    7.1414116E+13
      2829.9000460    2.4326668E+13
      3047.6000496    1.4557584E+13
      3700.7000602    3.8471139E+12
      4000.0000650    1.8889664E+12
      4680.3000761    0.0000000E+00
      5006.8000814    0.0000000E+00
      5387.8000876    0.0000000E+00
 
