       80.0000013    1.0033917E+19
        85.0000014    8.2141067E+18
        90.0000015    6.7332063E+18
        95.2390015    5.4793469E+18
       100.6800016    4.4369673E+18
       114.2900019    2.6570127E+18
       119.7300019    2.1779012E+18
       122.4500020    1.9742916E+18
       125.1700020    1.7911909E+18
       127.8900021    1.6263795E+18
       130.6100021    1.4778938E+18
       133.3300022    1.3439970E+18
       136.0600022    1.2227276E+18
       146.9400024    2.3670220E+18
       149.6600024    2.2753114E+18
       155.1000025    2.0754394E+18
       157.8200026    1.9778473E+18
       160.5500026    1.8838772E+18
       165.9900027    1.7101029E+18
       171.4300028    1.5540655E+18
       176.8700029    1.4142127E+18
       179.5900029    1.3497777E+18
       182.3100030    1.2887042E+18
       185.0400030    1.2305752E+18
       187.7600031    1.1756201E+18
       190.4800031    1.1234380E+18
       195.9200032    1.0267310E+18
       198.6400032    9.8190532E+17
       204.0800033    1.0227576E+18
       206.8000034    9.8165092E+17
       209.5300034    9.4199167E+17
       212.2500035    9.0437594E+17
       214.9700035    8.6869170E+17
       220.4100036    8.0284174E+17
       225.8500037    7.4367764E+17
       236.7400038    6.4216798E+17
       247.6200040    5.5889702E+17
       258.5100042    4.8962449E+17
       272.1100044    4.1834607E+17
       285.7200046    3.6001515E+17
       299.3200049    3.1168732E+17
       312.9300051    2.7111696E+17
       340.1400055    2.0744453E+17
       353.7400058    1.8226252E+17
       380.9500062    1.4164939E+17
       394.5600064    1.2523601E+17
       408.1700066    1.1091754E+17
       435.3800071    8.7433173E+16
       462.5900075    6.9337660E+16
       476.1900077    6.1883272E+16
       489.8000080    5.5303721E+16
       503.4000082    4.9496663E+16
       517.0100084    4.4356760E+16
       557.8300091    3.2186960E+16
       571.4300093    2.9002428E+16
       585.0400095    2.6165220E+16
       612.2500100    2.1380830E+16
       666.6700108    1.4493697E+16
       680.2800111    1.3191011E+16
       707.4900115    1.0965945E+16
       734.7000119    9.1583617E+15
       761.9100124    7.6829927E+15
       789.1200128    6.4732518E+15
       816.3300133    5.4768763E+15
       843.5400137    4.6526581E+15
       870.7500142    3.9679627E+15
       911.5700148    3.1471088E+15
       952.3900155    2.5162573E+15
       993.2000162    2.0273844E+15
      1020.4000166    1.7626198E+15
      1061.2000173    1.4371334E+15
      1088.4000177    1.2588946E+15
      1102.0000179    1.1795008E+15
      1115.7000181    1.1053592E+15
      1129.3000184    1.0370772E+15
      1142.9000186    9.7366358E+14
      1156.5000188    9.1472744E+14
      1170.1000190    8.5991258E+14
      1197.3000195    7.6137536E+14
      1210.9000197    7.1708559E+14
      1224.5000199    6.7577693E+14
      1227.2000200    6.6791050E+14
      1229.9000200    6.6015097E+14
      1232.7000200    6.5221501E+14
      1235.4000201    6.4466795E+14
      1238.1000201    6.3722282E+14
      1240.8000202    6.2987803E+14
      1243.5000202    6.2263195E+14
      1246.3000203    6.1522031E+14
      1249.0000203    6.0817086E+14
      1257.2000204    6.8356921E+14
      1259.9000205    6.7618086E+14
      1262.6000205    6.6854696E+14
      1270.8000207    6.4517200E+14
      1281.6000208    6.1536654E+14
      1289.8000210    6.3876660E+14
      1292.5000210    6.3150401E+14
      1295.2000211    6.2419458E+14
      1298.0000211    6.1663711E+14
      1300.7000212    6.0940788E+14
      1303.4000212    6.0225421E+14
      1306.1000212    5.9518523E+14
      1314.3000214    5.7426968E+14
      1330.6000216    5.3515860E+14
      1341.5000218    5.1073694E+14
      1355.1000220    4.8206894E+14
      1360.6000221    4.7101239E+14
      1371.4000223    4.5015260E+14
      1382.3000225    4.3018758E+14
      1390.5000226    4.1584997E+14
      1395.9000227    4.0671371E+14
      1404.1000228    3.9328667E+14
      1406.8000229    3.8897989E+14
      1409.5000229    3.8472837E+14
      1415.0000230    3.7601707E+14
      1417.7000231    3.7192870E+14
      1420.4000231    3.6789240E+14
      1423.1000231    3.6390748E+14
      1425.9000232    3.5982840E+14
      1428.6000232    3.5594582E+14
      1431.3000233    3.5211236E+14
      1436.7000234    3.4459006E+14
      1439.5000234    3.4076405E+14
      1442.2000235    3.3712188E+14
      1444.9000235    3.3352545E+14
      1447.6000235    3.2997405E+14
      1450.4000236    3.2633799E+14
      1453.1000236    3.2287635E+14
      1455.8000237    1.8654270E+15
      1458.5000237    1.8615067E+15
      1461.2000238    1.8517659E+15
      1466.7000239    1.8231650E+15
      1469.4000239    1.8072747E+15
      1472.1000239    1.7909246E+15
      1477.6000240    1.7571781E+15
      1480.3000241    1.7406410E+15
      1488.4000242    1.6917459E+15
      1491.2000242    1.6751594E+15
      1496.6000243    1.6436677E+15
      1551.0000252    1.3606893E+15
      1632.7000266    1.0325597E+15
      1823.1000296    5.6615413E+14
      2340.2000381    1.4264304E+14
      2829.9000460    4.8992554E+13
      3047.6000496    3.2171037E+13
      3700.7000602    1.0107853E+13
      4000.0000650    6.0901609E+12
      4680.3000761    1.8676541E+12
      5006.8000814    9.6707989E+11
      5387.8000876    2.1450244E+11
 
