       80.0000013    6.5147702E+18
        85.0000014    5.0555413E+18
        90.0000015    3.9422888E+18
        95.2390015    3.0540021E+18
       100.6800016    2.3559269E+18
       114.2900019    1.2607347E+18
       119.7300019    9.9102103E+17
       122.4500020    8.8035573E+17
       125.1700020    7.8307115E+17
       127.8900021    6.9745706E+17
       130.6100021    6.2203462E+17
       133.3300022    5.5552320E+17
       136.0600022    4.9660889E+17
       146.9400024    1.7944607E+18
       149.6600024    1.7065372E+18
       155.1000025    1.5247028E+18
       157.8200026    1.4383711E+18
       160.5500026    1.3562714E+18
       165.9900027    1.2066887E+18
       171.4300028    1.0746829E+18
       176.8700029    9.5829455E+17
       179.5900029    9.0533588E+17
       182.3100030    8.5556106E+17
       185.0400030    8.0859212E+17
       187.7600031    7.6457682E+17
       190.4800031    7.2315636E+17
       195.9200032    6.4743869E+17
       198.6400032    6.1284249E+17
       204.0800033    7.3945985E+17
       206.8000034    7.1001568E+17
       209.5300034    6.8178792E+17
       212.2500035    6.5504738E+17
       214.9700035    6.2963891E+17
       220.4100036    5.8251240E+17
       225.8500037    5.3978871E+17
       236.7400038    4.6536514E+17
       247.6200040    4.0305701E+17
       258.5100042    3.5029465E+17
       272.1100044    2.9519101E+17
       285.7200046    2.4966126E+17
       299.3200049    2.1186254E+17
       312.9300051    1.8028727E+17
       340.1400055    1.3161521E+17
       353.7400058    1.1288920E+17
       380.9500062    8.3656806E+16
       394.5600064    7.2275014E+16
       408.1700066    6.2592568E+16
       435.3800071    4.7287766E+16
       462.5900075    3.6062779E+16
       476.1900077    3.1603681E+16
       489.8000080    2.7756029E+16
       503.4000082    2.4433485E+16
       517.0100084    2.1553840E+16
       557.8300091    1.4986854E+16
       571.4300093    1.3332443E+16
       585.0400095    1.1883080E+16
       612.2500100    9.4950420E+15
       666.6700108    6.1951204E+15
       680.2800111    5.5913989E+15
       707.4900115    4.5770092E+15
       734.7000119    3.7696890E+15
       761.9100124    3.1228667E+15
       789.1200128    2.6013221E+15
       816.3300133    2.1782281E+15
       843.5400137    1.8330068E+15
       870.7500142    1.5497667E+15
       911.5700148    1.2148183E+15
       952.3900155    9.6117040E+14
       993.2000162    7.6712800E+14
      1020.4000166    6.6305578E+14
      1061.2000173    5.3620153E+14
      1088.4000177    4.6729211E+14
      1102.0000179    4.3673543E+14
      1115.7000181    4.0828147E+14
      1129.3000184    3.8214871E+14
      1142.9000186    3.5794395E+14
      1156.5000188    3.3550701E+14
      1170.1000190    3.1469195E+14
      1197.3000195    2.7741008E+14
      1210.9000197    2.6071339E+14
      1224.5000199    2.4517655E+14
      1227.2000200    2.4222195E+14
      1229.9000200    2.3930875E+14
      1232.7000200    2.3633073E+14
      1235.4000201    2.3349991E+14
      1238.1000201    2.3070855E+14
      1240.8000202    2.2795601E+14
      1243.5000202    2.2524164E+14
      1246.3000203    2.2246652E+14
      1249.0000203    2.1982819E+14
      1257.2000204    2.3072365E+14
      1259.9000205    2.2809175E+14
      1262.6000205    2.2542664E+14
      1270.8000207    2.1738673E+14
      1281.6000208    2.0720345E+14
      1289.8000210    2.0878900E+14
      1292.5000210    2.0636093E+14
      1295.2000211    2.0393595E+14
      1298.0000211    2.0143895E+14
      1300.7000212    1.9905564E+14
      1303.4000212    1.9670009E+14
      1306.1000212    1.9437408E+14
      1314.3000214    1.8749650E+14
      1330.6000216    1.7464292E+14
      1341.5000218    1.6661990E+14
      1355.1000220    1.5720480E+14
      1360.6000221    1.5357458E+14
      1371.4000223    1.4672700E+14
      1382.3000225    1.4017480E+14
      1390.5000226    1.3547023E+14
      1395.9000227    1.3247294E+14
      1404.1000228    1.2806847E+14
      1406.8000229    1.2665586E+14
      1409.5000229    1.2526145E+14
      1415.0000230    1.2247616E+14
      1417.7000231    1.2113540E+14
      1420.4000231    1.1981178E+14
      1423.1000231    1.1850506E+14
      1425.9000232    1.1716753E+14
      1428.6000232    1.1589448E+14
      1431.3000233    1.1463747E+14
      1436.7000234    1.1217127E+14
      1439.5000234    1.1091699E+14
      1442.2000235    1.0972304E+14
      1444.9000235    1.0854412E+14
      1447.6000235    1.0738001E+14
      1450.4000236    1.0618821E+14
      1453.1000236    1.0505362E+14
      1455.8000237    6.5792410E+14
      1458.5000237    6.5655481E+14
      1461.2000238    6.5306179E+14
      1466.7000239    6.4270978E+14
      1469.4000239    6.3693842E+14
      1472.1000239    6.3099405E+14
      1477.6000240    6.1871614E+14
      1480.3000241    6.1269809E+14
      1488.4000242    5.9490834E+14
      1491.2000242    5.8887626E+14
      1496.6000243    5.7742856E+14
      1551.0000252    4.7495423E+14
      1632.7000266    3.5715764E+14
      1823.1000296    1.9216024E+14
      2340.2000381    4.6385320E+13
      2829.9000460    1.5284115E+13
      3047.6000496    8.4232341E+12
      3700.7000602    1.5362437E+12
      4000.0000650    1.6228901E+11
      4680.3000761    0.0000000E+00
      5006.8000814    0.0000000E+00
      5387.8000876    0.0000000E+00
 
