       80.0000013    2.1475013E+17
        85.0000014    1.6845695E+17
        90.0000015    1.3546940E+17
        95.2390015    1.0985819E+17
       100.6800016    8.9627704E+16
       114.2900019    5.5945273E+16
       119.7300019    4.6788506E+16
       122.4500020    4.2853161E+16
       125.1700020    3.9284447E+16
       127.8900021    3.6043701E+16
       130.6100021    3.3097198E+16
       133.3300022    3.0415343E+16
       136.0600022    2.7963420E+16
       146.9400024    8.5374793E+16
       149.6600024    7.6429012E+16
       155.1000025    6.1450846E+16
       157.8200026    5.5216349E+16
       160.5500026    4.9667517E+16
       165.9900027    4.0392454E+16
       171.4300028    3.3033352E+16
       176.8700029    2.7160263E+16
       179.5900029    2.4675485E+16
       182.3100030    2.2446148E+16
       185.0400030    2.0436322E+16
       187.7600031    1.8635285E+16
       190.4800031    1.7013000E+16
       195.9200032    1.4228677E+16
       198.6400032    1.3034177E+16
       204.0800033    7.2124123E+16
       206.8000034    6.7672746E+16
       209.5300034    6.3386532E+16
       212.2500035    5.9358900E+16
       214.9700035    5.5590329E+16
       220.4100036    4.8808300E+16
       225.8500037    4.2940383E+16
       236.7400038    3.3451797E+16
       247.6200040    2.6294032E+16
       258.5100042    2.0832496E+16
       272.1100044    1.5742305E+16
       285.7200046    1.2023509E+16
       299.3200049    9.2774322E+15
       312.9300051    7.2237039E+15
       340.1400055    4.4915914E+15
       353.7400058    3.5826089E+15
       380.9500062    2.3256091E+15
       394.5600064    1.8910835E+15
       408.1700066    1.5465385E+15
       435.3800071    1.0509401E+15
       462.5900075    7.2792394E+14
       476.1900077    6.0980597E+14
       489.8000080    5.1284419E+14
       503.4000082    4.3299280E+14
       517.0100084    3.6683980E+14
       557.8300091    2.2749457E+14
       571.4300093    1.9515377E+14
       585.0400095    1.6783145E+14
       612.2500100    1.2503467E+14
       666.6700108    7.1087077E+13
       680.2800111    6.1977116E+13
       707.4900115    4.7295224E+13
       734.7000119    3.6239919E+13
       761.9100124    2.7850594E+13
       789.1200128    2.1441695E+13
       816.3300133    1.6518194E+13
       843.5400137    1.2718617E+13
       870.7500142    9.7762033E+12
       911.5700148    6.5482921E+12
       952.3900155    3.3438667E+12
       993.2000162    1.6561739E+12
      1020.4000166    7.3090466E+11
      1061.2000173    0.0000000E+00
      1088.4000177    0.0000000E+00
      1102.0000179    0.0000000E+00
      1115.7000181    0.0000000E+00
      1129.3000184    0.0000000E+00
      1142.9000186    0.0000000E+00
      1156.5000188    0.0000000E+00
      1170.1000190    0.0000000E+00
      1197.3000195    0.0000000E+00
      1210.9000197    0.0000000E+00
      1224.5000199    0.0000000E+00
      1227.2000200    0.0000000E+00
      1229.9000200    0.0000000E+00
      1232.7000200    0.0000000E+00
      1235.4000201    0.0000000E+00
      1238.1000201    0.0000000E+00
      1240.8000202    0.0000000E+00
      1243.5000202    0.0000000E+00
      1246.3000203    0.0000000E+00
      1249.0000203    0.0000000E+00
 
