       80.0000013    1.1325869E+19
        85.0000014    9.5620238E+18
        90.0000015    8.0657617E+18
        95.2390015    6.7486732E+18
       100.6800016    5.6126979E+18
       114.2900019    3.5660235E+18
       119.7300019    2.9862266E+18
       122.4500020    2.7351910E+18
       125.1700020    2.5068054E+18
       127.8900021    2.2989120E+18
       130.6100021    2.1095609E+18
       133.3300022    1.9369918E+18
       136.0600022    1.7790642E+18
       146.9400024    2.6762668E+18
       149.6600024    2.5691934E+18
       155.1000025    2.3444092E+18
       157.8200026    2.2365587E+18
       160.5500026    2.1334467E+18
       165.9900027    1.9442219E+18
       171.4300028    1.7755578E+18
       176.8700029    1.6251325E+18
       179.5900029    1.5559996E+18
       182.3100030    1.4905440E+18
       185.0400030    1.4282862E+18
       187.7600031    1.3694449E+18
       190.4800031    1.3135685E+18
       195.9200032    1.2099327E+18
       198.6400032    1.1618248E+18
       204.0800033    1.2223066E+18
       206.8000034    1.1763492E+18
       209.5300034    1.1302850E+18
       212.2500035    1.0857391E+18
       214.9700035    1.0430166E+18
       220.4100036    9.6348087E+17
       225.8500037    8.9158278E+17
       236.7400038    7.6782209E+17
       247.6200040    6.6635806E+17
       258.5100042    5.8232678E+17
       272.1100044    4.9655907E+17
       285.7200046    4.2715113E+17
       299.3200049    3.7031823E+17
       312.9300051    3.2312592E+17
       340.1400055    2.4994732E+17
       353.7400058    2.2121633E+17
       380.9500062    1.7489828E+17
       394.5600064    1.5609760E+17
       408.1700066    1.3960716E+17
       435.3800071    1.1226910E+17
       462.5900075    9.0825991E+16
       476.1900077    8.1858048E+16
       489.8000080    7.3860441E+16
       503.4000082    6.6727621E+16
       517.0100084    6.0347971E+16
       557.8300091    4.4939467E+16
       571.4300093    4.0822367E+16
       585.0400095    3.7118598E+16
       612.2500100    3.0786092E+16
       666.6700108    2.1435739E+16
       680.2800111    1.9628707E+16
       707.4900115    1.6507418E+16
       734.7000119    1.3935061E+16
       761.9100124    1.1806974E+16
       789.1200128    1.0039947E+16
       816.3300133    8.5672711E+15
       843.5400137    7.3355416E+15
       870.7500142    6.3017231E+15
       911.5700148    5.0476743E+15
       952.3900155    4.0712250E+15
       993.2000162    3.3055934E+15
      1020.4000166    2.8871943E+15
      1061.2000173    2.3687400E+15
      1088.4000177    2.0827051E+15
      1102.0000179    1.9547669E+15
      1115.7000181    1.8349821E+15
      1129.3000184    1.7243886E+15
      1142.9000186    1.6214347E+15
      1156.5000188    1.5255302E+15
      1170.1000190    1.4361353E+15
      1197.3000195    1.2749369E+15
      1210.9000197    1.2022644E+15
      1224.5000199    1.1343566E+15
      1227.2000200    1.1214106E+15
      1229.9000200    1.1086360E+15
      1232.7000200    1.0955664E+15
      1235.4000201    1.0831328E+15
      1238.1000201    1.0708628E+15
      1240.8000202    1.0587540E+15
      1243.5000202    1.0468041E+15
      1246.3000203    1.0345768E+15
      1249.0000203    1.0229430E+15
      1257.2000204    1.2133323E+15
      1259.9000205    1.2006182E+15
      1262.6000205    1.1872880E+15
      1270.8000207    1.1460704E+15
      1281.6000208    1.0933023E+15
      1289.8000210    1.1590145E+15
      1292.5000210    1.1459484E+15
      1295.2000211    1.1327324E+15
      1298.0000211    1.1190344E+15
      1300.7000212    1.1059148E+15
      1303.4000212    1.0929236E+15
      1306.1000212    1.0800813E+15
      1314.3000214    1.0420692E+15
      1330.6000216    9.7096071E+14
      1341.5000218    9.2654484E+14
      1355.1000220    8.7439253E+14
      1360.6000221    8.5427497E+14
      1371.4000223    8.1631558E+14
      1382.3000225    7.7997968E+14
      1390.5000226    7.5388326E+14
      1395.9000227    7.3725368E+14
      1404.1000228    7.1281304E+14
      1406.8000229    7.0497358E+14
      1409.5000229    6.9723466E+14
      1415.0000230    6.8177539E+14
      1417.7000231    6.7433315E+14
      1420.4000231    6.6698587E+14
      1423.1000231    6.5973214E+14
      1425.9000232    6.5230708E+14
      1428.6000232    6.4523971E+14
      1431.3000233    6.3826187E+14
      1436.7000234    6.2456971E+14
      1439.5000234    6.1760576E+14
      1442.2000235    6.1097661E+14
      1444.9000235    6.0443075E+14
      1447.6000235    5.9796702E+14
      1450.4000236    5.9134942E+14
      1453.1000236    5.8504937E+14
      1455.8000237    3.1726985E+15
      1458.5000237    3.1655603E+15
      1461.2000238    3.1488005E+15
      1466.7000239    3.1003597E+15
      1469.4000239    3.0735892E+15
      1472.1000239    3.0460872E+15
      1477.6000240    2.9893925E+15
      1480.3000241    2.9616264E+15
      1488.4000242    2.8795466E+15
      1491.2000242    2.8517015E+15
      1496.6000243    2.7988254E+15
      1551.0000252    2.3228923E+15
      1632.7000266    1.7690189E+15
      1823.1000296    9.7748040E+14
      2340.2000381    2.5121143E+14
      2829.9000460    8.8297842E+13
      3047.6000496    5.8527180E+13
      3700.7000602    1.9467088E+13
      4000.0000650    1.2468381E+13
      4680.3000761    4.7955066E+12
      5006.8000814    2.9574848E+12
      5387.8000876    1.6079281E+12
 
