       80.0000013    9.0458619E+18
        85.0000014    7.2835389E+18
        90.0000015    5.8798028E+18
        95.2390015    4.7142996E+18
       100.6800016    3.7628652E+18
       114.2900019    2.1805160E+18
       119.7300019    1.7655485E+18
       122.4500020    1.5909338E+18
       125.1700020    1.4348951E+18
       127.8900021    1.2953140E+18
       130.6100021    1.1703321E+18
       133.3300022    1.0583169E+18
       136.0600022    9.5748208E+17
       146.9400024    2.2010165E+18
       149.6600024    2.1128367E+18
       155.1000025    1.9199517E+18
       157.8200026    1.8257352E+18
       160.5500026    1.7350468E+18
       165.9900027    1.5674902E+18
       171.4300028    1.4172873E+18
       176.8700029    1.2829624E+18
       179.5900029    1.2211993E+18
       182.3100030    1.1627472E+18
       185.0400030    1.1072048E+18
       187.7600031    1.0547882E+18
       190.4800031    1.0051111E+18
       195.9200032    9.1332624E+17
       198.6400032    8.7092289E+17
       204.0800033    9.2403115E+17
       206.8000034    8.8677310E+17
       209.5300034    8.5113319E+17
       212.2500035    8.1746236E+17
       214.9700035    7.8557584E+17
       220.4100036    7.2676578E+17
       225.8500037    6.7387858E+17
       236.7400038    5.8283668E+17
       247.6200040    5.0770994E+17
       258.5100042    4.4479276E+17
       272.1100044    3.7957560E+17
       285.7200046    3.2582182E+17
       299.3200049    2.8104563E+17
       312.9300051    2.4333543E+17
       340.1400055    1.8410807E+17
       353.7400058    1.6075137E+17
       380.9500062    1.2331039E+17
       394.5600064    1.0830282E+17
       408.1700066    9.5291744E+16
       435.3800071    7.4158804E+16
       462.5900075    5.8098104E+16
       476.1900077    5.1551745E+16
       489.8000080    4.5812750E+16
       503.4000082    4.0781153E+16
       517.0100084    3.6356632E+16
       557.8300091    2.6004644E+16
       571.4300093    2.3328832E+16
       585.0400095    2.0958070E+16
       612.2500100    1.6991229E+16
       666.6700108    1.1360704E+16
       680.2800111    1.0308099E+16
       707.4900115    8.5207802E+15
       734.7000119    7.0796351E+15
       761.9100124    5.9114400E+15
       789.1200128    4.9596065E+15
       816.3300133    4.1801738E+15
       843.5400137    3.5388149E+15
       870.7500142    3.0085892E+15
       911.5700148    2.3763053E+15
       952.3900155    1.8931565E+15
       993.2000162    1.5206003E+15
      1020.4000166    1.3195719E+15
      1061.2000173    1.0732160E+15
      1088.4000177    9.3869852E+14
      1102.0000179    8.7887365E+14
      1115.7000181    8.2306069E+14
      1129.3000184    7.7170637E+14
      1142.9000186    7.2405559E+14
      1156.5000188    6.7980669E+14
      1170.1000190    6.3868506E+14
      1197.3000195    5.6484658E+14
      1210.9000197    5.3169420E+14
      1224.5000199    5.0079433E+14
      1227.2000200    4.9491240E+14
      1229.9000200    4.8911111E+14
      1232.7000200    4.8317875E+14
      1235.4000201    4.7753778E+14
      1238.1000201    4.7197369E+14
      1240.8000202    4.6648526E+14
      1243.5000202    4.6107132E+14
      1246.3000203    4.5553430E+14
      1249.0000203    4.5026853E+14
      1257.2000204    4.9372344E+14
      1259.9000205    4.8830587E+14
      1262.6000205    4.8274741E+14
      1270.8000207    4.6581125E+14
      1281.6000208    4.4426028E+14
      1289.8000210    4.5644621E+14
      1292.5000210    4.5123470E+14
      1295.2000211    4.4600279E+14
      1298.0000211    4.4060033E+14
      1300.7000212    4.3543593E+14
      1303.4000212    4.3032730E+14
      1306.1000212    4.2528008E+14
      1314.3000214    4.1034842E+14
      1330.6000216    3.8242768E+14
      1341.5000218    3.6499263E+14
      1355.1000220    3.4452500E+14
      1360.6000221    3.3663078E+14
      1371.4000223    3.2173657E+14
      1382.3000225    3.0748027E+14
      1390.5000226    2.9724157E+14
      1395.9000227    2.9071687E+14
      1404.1000228    2.8112739E+14
      1406.8000229    2.7805140E+14
      1409.5000229    2.7501479E+14
      1415.0000230    2.6894864E+14
      1417.7000231    2.6602823E+14
      1420.4000231    2.6314496E+14
      1423.1000231    2.6029830E+14
      1425.9000232    2.5738434E+14
      1428.6000232    2.5461063E+14
      1431.3000233    2.5187196E+14
      1436.7000234    2.4649770E+14
      1439.5000234    2.4376412E+14
      1442.2000235    2.4116184E+14
      1444.9000235    2.3859213E+14
      1447.6000235    2.3605454E+14
      1450.4000236    2.3345639E+14
      1453.1000236    2.3098279E+14
      1455.8000237    1.3739485E+15
      1458.5000237    1.3711293E+15
      1461.2000238    1.3639682E+15
      1466.7000239    1.3428143E+15
      1469.4000239    1.3310371E+15
      1472.1000239    1.3189116E+15
      1477.6000240    1.2938729E+15
      1480.3000241    1.2816000E+15
      1488.4000242    1.2453111E+15
      1491.2000242    1.2330015E+15
      1496.6000243    1.2096320E+15
      1551.0000252    9.9982114E+14
      1632.7000266    7.5702751E+14
      1823.1000296    4.1316941E+14
      2340.2000381    1.0339504E+14
      2829.9000460    3.4443526E+13
      3047.6000496    2.2191691E+13
      3700.7000602    6.5632999E+12
      4000.0000650    3.7943860E+12
      4680.3000761    8.3390667E+11
      5006.8000814    6.4585859E+10
      5387.8000876    0.0000000E+00
 
