       80.0000013    1.0797276E+19
        85.0000014    8.9801216E+18
        90.0000015    7.4697087E+18
        95.2390015    6.1654928E+18
       100.6800016    5.0610647E+18
       114.2900019    3.1241732E+18
       119.7300019    2.5893463E+18
       122.4500020    2.3599222E+18
       125.1700020    2.1523946E+18
       127.8900021    1.9645294E+18
       130.6100021    1.7943304E+18
       133.3300022    1.6400151E+18
       136.0600022    1.4995008E+18
       146.9400024    2.5227242E+18
       149.6600024    2.4244355E+18
       155.1000025    2.2139471E+18
       157.8200026    2.1119462E+18
       160.5500026    2.0140095E+18
       165.9900027    1.8334017E+18
       171.4300028    1.6716090E+18
       176.8700029    1.5267699E+18
       179.5900029    1.4600577E+18
       182.3100030    1.3968209E+18
       185.0400030    1.3366166E+18
       187.7600031    1.2796735E+18
       190.4800031    1.2255698E+18
       195.9200032    1.1251754E+18
       198.6400032    1.0785667E+18
       204.0800033    1.1234177E+18
       206.8000034    1.0792953E+18
       209.5300034    1.0360470E+18
       212.2500035    9.9469821E+17
       214.9700035    9.5530016E+17
       220.4100036    8.8235602E+17
       225.8500037    8.1669332E+17
       236.7400038    7.0400884E+17
       247.6200040    6.1176456E+17
       258.5100042    5.3532359E+17
       272.1100044    4.5710492E+17
       285.7200046    3.9352583E+17
       299.3200049    3.4118708E+17
       312.9300051    2.9748723E+17
       340.1400055    2.2925252E+17
       353.7400058    2.0232113E+17
       380.9500062    1.5882050E+17
       394.5600064    1.4116912E+17
       408.1700066    1.2571133E+17
       435.3800071    1.0018552E+17
       462.5900075    8.0308553E+16
       476.1900077    7.2049601E+16
       489.8000080    6.4717985E+16
       503.4000082    5.8210018E+16
       517.0100084    5.2416949E+16
       557.8300091    3.8554040E+16
       571.4300093    3.4885951E+16
       585.0400095    3.1601341E+16
       612.2500100    2.6022142E+16
       666.6700108    1.7883732E+16
       680.2800111    1.6327102E+16
       707.4900115    1.3652810E+16
       734.7000119    1.1464143E+16
       761.9100124    9.6652988E+15
       789.1200128    8.1808212E+15
       816.3300133    6.9508215E+15
       843.5400137    5.9276470E+15
       870.7500142    5.0732513E+15
       911.5700148    4.0429287E+15
       952.3900155    3.2459661E+15
       993.2000162    2.6248142E+15
      1020.4000166    2.2869450E+15
      1061.2000173    1.8700116E+15
      1088.4000177    1.6408898E+15
      1102.0000179    1.5386330E+15
      1115.7000181    1.4430255E+15
      1129.3000184    1.3548723E+15
      1142.9000186    1.2729140E+15
      1156.5000188    1.1966622E+15
      1170.1000190    1.1256710E+15
      1197.3000195    9.9787465E+14
      1210.9000197    9.4035551E+14
      1224.5000199    8.8666271E+14
      1227.2000200    8.7643291E+14
      1229.9000200    8.6634047E+14
      1232.7000200    8.5601705E+14
      1235.4000201    8.4619788E+14
      1238.1000201    8.3650978E+14
      1240.8000202    8.2695079E+14
      1243.5000202    8.1751897E+14
      1246.3000203    8.0787006E+14
      1249.0000203    7.9869131E+14
      1257.2000204    9.2171347E+14
      1259.9000205    9.1189618E+14
      1262.6000205    9.0167933E+14
      1270.8000207    8.7024037E+14
      1281.6000208    8.3007108E+14
      1289.8000210    8.7074033E+14
      1292.5000210    8.6087412E+14
      1295.2000211    8.5091952E+14
      1298.0000211    8.4061435E+14
      1300.7000212    8.3075043E+14
      1303.4000212    8.2098649E+14
      1306.1000212    8.1133623E+14
      1314.3000214    7.8277833E+14
      1330.6000216    7.2937034E+14
      1341.5000218    6.9601938E+14
      1355.1000220    6.5686787E+14
      1360.6000221    6.4176770E+14
      1371.4000223    6.1327892E+14
      1382.3000225    5.8601232E+14
      1390.5000226    5.6643163E+14
      1395.9000227    5.5395482E+14
      1404.1000228    5.3561859E+14
      1406.8000229    5.2973737E+14
      1409.5000229    5.2393172E+14
      1415.0000230    5.1233454E+14
      1417.7000231    5.0675172E+14
      1420.4000231    5.0124017E+14
      1423.1000231    4.9579881E+14
      1425.9000232    4.9022904E+14
      1428.6000232    4.8492764E+14
      1431.3000233    4.7969349E+14
      1436.7000234    4.6942288E+14
      1439.5000234    4.6419923E+14
      1442.2000235    4.5922673E+14
      1444.9000235    4.5431671E+14
      1447.6000235    4.4946833E+14
      1450.4000236    4.4450449E+14
      1453.1000236    4.3977891E+14
      1455.8000237    2.4633444E+15
      1458.5000237    2.4579985E+15
      1461.2000238    2.4450712E+15
      1466.7000239    2.4073976E+15
      1469.4000239    2.3865192E+15
      1472.1000239    2.3650530E+15
      1477.6000240    2.3207727E+15
      1480.3000241    2.2990799E+15
      1488.4000242    2.2349478E+15
      1491.2000242    2.2131922E+15
      1496.6000243    2.1718834E+15
      1551.0000252    1.8004071E+15
      1632.7000266    1.3689316E+15
      1823.1000296    7.5398023E+14
      2340.2000381    1.9206817E+14
      2829.9000460    6.6896330E+13
      3047.6000496    4.4159797E+13
      3700.7000602    1.4483799E+13
      4000.0000650    8.9859031E+12
      4680.3000761    3.2973707E+12
      5006.8000814    1.9501994E+12
      5387.8000876    1.0034513E+12
 
