       80.0000013    5.0208989E+17
        85.0000014    3.6021389E+17
        90.0000015    2.6748840E+17
        95.2390015    2.0274122E+17
       100.6800016    1.5720285E+17
       114.2900019    9.3241610E+16
       119.7300019    7.8138632E+16
       122.4500020    7.1871412E+16
       125.1700020    6.6280403E+16
       127.8900021    6.1263856E+16
       130.6100021    5.6739443E+16
       133.3300022    5.2640068E+16
       136.0600022    4.8897653E+16
       146.9400024    2.6327497E+17
       149.6600024    2.3805726E+17
       155.1000025    1.9514175E+17
       157.8200026    1.7699026E+17
       160.5500026    1.6066337E+17
       165.9900027    1.3294509E+17
       171.4300028    1.1049564E+17
       176.8700029    9.2221211E+16
       179.5900029    8.4377665E+16
       182.3100030    7.7276503E+16
       185.0400030    7.0818071E+16
       187.7600031    6.4980935E+16
       190.4800031    5.9680014E+16
       195.9200032    5.0476126E+16
       198.6400032    4.6482034E+16
       204.0800033    1.7477577E+17
       206.8000034    1.6498665E+17
       209.5300034    1.5553314E+17
       212.2500035    1.4660658E+17
       214.9700035    1.3820231E+17
       220.4100036    1.2291826E+17
       225.8500037    1.0949527E+17
       236.7400038    8.7311858E+16
       247.6200040    7.0101941E+16
       258.5100042    5.6630845E+16
       272.1100044    4.3750964E+16
       285.7200046    3.4097415E+16
       299.3200049    2.6804985E+16
       312.9300051    2.1238839E+16
       340.1400055    1.3640407E+16
       353.7400058    1.1047712E+16
       380.9500062    7.3865954E+15
       394.5600064    6.0937538E+15
       408.1700066    5.0551647E+15
       435.3800071    3.5335947E+15
       462.5900075    2.5170199E+15
       476.1900077    2.1382245E+15
       489.8000080    1.8235194E+15
       503.4000082    1.5612414E+15
       517.0100084    1.3413744E+15
       557.8300091    8.6795316E+14
       571.4300093    7.5537784E+14
       585.0400095    6.5919353E+14
       612.2500100    5.0606546E+14
       666.6700108    3.0692964E+14
       680.2800111    2.7231396E+14
       707.4900115    2.1563464E+14
       734.7000119    1.7200634E+14
       761.9100124    1.3813603E+14
       789.1200128    1.1163173E+14
       816.3300133    9.0737526E+13
       843.5400137    7.4151688E+13
       870.7500142    6.0585983E+13
       911.5700148    4.5422089E+13
       952.3900155    3.4363471E+13
       993.2000162    2.6207932E+13
      1020.4000166    2.1964949E+13
      1061.2000173    1.6656513E+13
      1088.4000177    1.4027560E+13
      1102.0000179    1.2883554E+13
      1115.7000181    1.1831500E+13
      1129.3000184    1.0877337E+13
      1142.9000186    1.0004637E+13
      1156.5000188    9.2058639E+12
      1170.1000190    8.1985830E+12
      1197.3000195    6.9361583E+12
      1210.9000197    6.3828357E+12
      1224.5000199    5.8753187E+12
      1227.2000200    5.7796518E+12
      1229.9000200    5.6856003E+12
      1232.7000200    5.5897400E+12
      1235.4000201    5.4988898E+12
      1238.1000201    5.4095674E+12
      1240.8000202    5.3217460E+12
      1243.5000202    5.2353989E+12
      1246.3000203    5.1473830E+12
      1249.0000203    5.0639578E+12
      1257.2000204    4.6137543E+12
      1259.9000205    4.5378128E+12
      1262.6000205    4.4629345E+12
      1270.8000207    4.2426669E+12
      1281.6000208    3.9691341E+12
      1289.8000210    3.8036848E+12
      1292.5000210    3.7410780E+12
      1295.2000211    3.6794223E+12
      1298.0000211    3.6165195E+12
      1300.7000212    3.5568712E+12
      1303.4000212    3.4982094E+12
      1306.1000212    3.4405241E+12
      1314.3000214    3.2711791E+12
      1330.6000216    2.7051177E+12
      1341.5000218    2.5256232E+12
      1355.1000220    2.3184700E+12
      1360.6000221    2.2396522E+12
      1371.4000223    2.0926607E+12
      1382.3000225    1.9541568E+12
      1390.5000226    1.6126679E+12
      1395.9000227    1.5573334E+12
      1404.1000228    1.4769367E+12
      1406.8000229    1.4513882E+12
      1409.5000229    1.4262834E+12
      1415.0000230    1.3764843E+12
      1417.7000231    1.3526797E+12
      1420.4000231    1.3292877E+12
      1423.1000231    1.3063009E+12
      1425.9000232    1.2828833E+12
      1428.6000232    1.2607002E+12
      1431.3000233    1.2389009E+12
      1436.7000234    9.5597304E+11
      1439.5000234    9.3826993E+11
      1442.2000235    9.2151087E+11
      1444.9000235    9.0505242E+11
      1447.6000235    8.8888889E+11
      1450.4000236    8.7243247E+11
      1453.1000236    8.5685312E+11
      1455.8000237    5.8133824E+12
      1458.5000237    5.7594054E+12
      1461.2000238    5.6866594E+12
      1466.7000239    5.5113841E+12
      1469.4000239    5.4204328E+12
      1472.1000239    5.3288569E+12
      1477.6000240    3.4629293E+12
      1480.3000241    3.4005037E+12
      1488.4000242    3.2190591E+12
      1491.2000242    3.1584776E+12
      1496.6000243    3.0447554E+12
      1551.0000252    0.0000000E+00
      1632.7000266    0.0000000E+00
      1823.1000296    0.0000000E+00
 
