       80.0000013    5.0541685E+18
        85.0000014    3.8348379E+18
        90.0000015    2.9268752E+18
        95.2390015    2.2191768E+18
       100.6800016    1.6759922E+18
       114.2900019    8.5563576E+17
       119.7300019    6.6205863E+17
       122.4500020    5.8397028E+17
       125.1700020    5.1606427E+17
       127.8900021    4.5693717E+17
       130.6100021    4.0538829E+17
       133.3300022    3.6038888E+17
       136.0600022    3.2092109E+17
       146.9400024    1.5336141E+18
       149.6600024    1.4468115E+18
       155.1000025    1.2759214E+18
       157.8200026    1.1967605E+18
       160.5500026    1.1222396E+18
       165.9900027    9.8800706E+17
       171.4300028    8.7101999E+17
       176.8700029    7.6899960E+17
       179.5900029    7.2294449E+17
       182.3100030    6.7987889E+17
       185.0400030    6.3944614E+17
       187.7600031    6.0174821E+17
       190.4800031    5.6645087E+17
       195.9200032    5.0240634E+17
       198.6400032    4.7336456E+17
       204.0800033    6.4728126E+17
       206.8000034    6.2096452E+17
       209.5300034    5.9560270E+17
       212.2500035    5.7150024E+17
       214.9700035    5.4855109E+17
       220.4100036    5.0588884E+17
       225.8500037    4.6712765E+17
       236.7400038    3.9950645E+17
       247.6200040    3.4292678E+17
       258.5100042    2.9517864E+17
       272.1100044    2.4564346E+17
       285.7200046    2.0512303E+17
       299.3200049    1.7188145E+17
       312.9300051    1.4447227E+17
       340.1400055    1.0305004E+17
       353.7400058    8.7443644E+16
       380.9500062    6.3539403E+16
       394.5600064    5.4406872E+16
       408.1700066    4.6726663E+16
       435.3800071    3.4773945E+16
       462.5900075    2.6174778E+16
       476.1900077    2.2803796E+16
       489.8000080    1.9917827E+16
       503.4000082    1.7443952E+16
       517.0100084    1.5314462E+16
       557.8300091    1.0514642E+16
       571.4300093    9.3192114E+15
       585.0400095    8.2770312E+15
       612.2500100    6.5710997E+15
       666.6700108    4.2398932E+15
       680.2800111    3.8171882E+15
       707.4900115    3.1100148E+15
       734.7000119    2.5502429E+15
       761.9100124    2.1039719E+15
       789.1200128    1.7457768E+15
       816.3300133    1.4564336E+15
       843.5400137    1.2212911E+15
       870.7500142    1.0290999E+15
       911.5700148    8.0283193E+14
       952.3900155    6.3236763E+14
       993.2000162    5.0260026E+14
      1020.4000166    4.3327758E+14
      1061.2000173    3.4909269E+14
      1088.4000177    3.0352957E+14
      1102.0000179    2.8336849E+14
      1115.7000181    2.6462047E+14
      1129.3000184    2.4742513E+14
      1142.9000186    2.3151947E+14
      1156.5000188    2.1679445E+14
      1170.1000190    2.0315108E+14
      1197.3000195    1.7875906E+14
      1210.9000197    1.6785485E+14
      1224.5000199    1.5771989E+14
      1227.2000200    1.5579388E+14
      1229.9000200    1.5389525E+14
      1232.7000200    1.5195485E+14
      1235.4000201    1.5011077E+14
      1238.1000201    1.4829279E+14
      1240.8000202    1.4650050E+14
      1243.5000202    1.4473349E+14
      1246.3000203    1.4292727E+14
      1249.0000203    1.4121047E+14
      1257.2000204    1.4536597E+14
      1259.9000205    1.4367508E+14
      1262.6000205    1.4197333E+14
      1270.8000207    1.3686442E+14
      1281.6000208    1.3041003E+14
      1289.8000210    1.3021121E+14
      1292.5000210    1.2868245E+14
      1295.2000211    1.2715974E+14
      1298.0000211    1.2559397E+14
      1300.7000212    1.2410078E+14
      1303.4000212    1.2262573E+14
      1306.1000212    1.2116965E+14
      1314.3000214    1.1686590E+14
      1330.6000216    1.0882685E+14
      1341.5000218    1.0381132E+14
      1355.1000220    9.7927880E+13
      1360.6000221    9.5659995E+13
      1371.4000223    9.1383147E+13
      1382.3000225    8.7291981E+13
      1390.5000226    8.4355288E+13
      1395.9000227    8.2484562E+13
      1404.1000228    7.9735992E+13
      1406.8000229    7.8854585E+13
      1409.5000229    7.7984568E+13
      1415.0000230    7.6246910E+13
      1417.7000231    7.5410524E+13
      1420.4000231    7.4584875E+13
      1423.1000231    7.3769813E+13
      1425.9000232    7.2935574E+13
      1428.6000232    7.2141601E+13
      1431.3000233    7.1357744E+13
      1436.7000234    6.9819819E+13
      1439.5000234    6.9037707E+13
      1442.2000235    6.8293247E+13
      1444.9000235    6.7558196E+13
      1447.6000235    6.6832413E+13
      1450.4000236    6.6089396E+13
      1453.1000236    6.5382082E+13
      1455.8000237    4.1914767E+14
      1458.5000237    4.1827905E+14
      1461.2000238    4.1604472E+14
      1466.7000239    4.0940511E+14
      1469.4000239    4.0569996E+14
      1472.1000239    4.0188267E+14
      1477.6000240    3.9399701E+14
      1480.3000241    3.9013178E+14
      1488.4000242    3.7870706E+14
      1491.2000242    3.7483384E+14
      1496.6000243    3.6748452E+14
      1551.0000252    3.0177970E+14
      1632.7000266    2.2644537E+14
      1823.1000296    1.1872397E+14
      2340.2000381    2.7220987E+13
      2829.9000460    8.3234259E+12
      3047.6000496    3.8420218E+12
      3700.7000602    0.0000000E+00
      4000.0000650    0.0000000E+00
      4680.3000761    0.0000000E+00
      5006.8000814    0.0000000E+00
      5387.8000876    0.0000000E+00
 
