       80.0000013    2.2188436E+18
        85.0000014    1.5949242E+18
        90.0000015    1.1593648E+18
        95.2390015    8.4062550E+17
       100.6800016    6.1087320E+17
       114.2900019    2.9515929E+17
       119.7300019    2.2752175E+17
       122.4500020    2.0111222E+17
       125.1700020    1.7857139E+17
       127.8900021    1.5926897E+17
       130.6100021    1.4268301E+17
       133.3300022    1.2838076E+17
       136.0600022    1.1596023E+17
       146.9400024    8.9066283E+17
       149.6600024    8.2301029E+17
       155.1000025    7.0140087E+17
       157.8200026    6.4785307E+17
       160.5500026    5.9858114E+17
       165.9900027    5.1225992E+17
       171.4300028    4.3945934E+17
       176.8700029    3.7787232E+17
       179.5900029    3.5068370E+17
       182.3100030    3.2562484E+17
       185.0400030    3.0243335E+17
       187.7600031    2.8111499E+17
       190.4800031    2.6143267E+17
       195.9200032    2.2644762E+17
       198.6400032    2.1090968E+17
       204.0800033    4.2817165E+17
       206.8000034    4.0825468E+17
       209.5300034    3.8898203E+17
       212.2500035    3.7067327E+17
       214.9700035    3.5328453E+17
       220.4100036    3.2115755E+17
       225.8500037    2.9227307E+17
       236.7400038    2.4279825E+17
       247.6200040    2.0253837E+17
       258.5100042    1.6956215E+17
       272.1100044    1.3650806E+17
       285.7200046    1.1048734E+17
       299.3200049    8.9922347E+16
       312.9300051    7.3559699E+16
       340.1400055    4.9986032E+16
       353.7400058    4.1509540E+16
       380.9500062    2.9017677E+16
       394.5600064    2.4419528E+16
       408.1700066    2.0635490E+16
       435.3800071    1.4912645E+16
       462.5900075    1.0937099E+16
       476.1900077    9.4156442E+15
       489.8000080    8.1315896E+15
       503.4000082    7.0456104E+15
       517.0100084    6.1226230E+15
       557.8300091    4.0878914E+15
       571.4300093    3.5924384E+15
       585.0400095    3.1647716E+15
       612.2500100    2.4743086E+15
       666.6700108    1.5538020E+15
       680.2800111    1.3903561E+15
       707.4900115    1.1198046E+15
       734.7000119    9.0855081E+14
       761.9100124    7.4226095E+14
       789.1200128    6.1036270E+14
       816.3300133    5.0498595E+14
       843.5400137    4.2022084E+14
       870.7500142    3.5159273E+14
       911.5700148    2.7165282E+14
       952.3900155    2.1212778E+14
       993.2000162    1.6727851E+14
      1020.4000166    1.4314485E+14
      1061.2000173    1.1447809E+14
      1088.4000177    9.9061173E+13
      1102.0000179    9.2263254E+13
      1115.7000181    8.5955684E+13
      1129.3000184    8.0182711E+13
      1142.9000186    7.4853588E+13
      1156.5000188    6.9929697E+13
      1170.1000190    6.5376176E+13
      1197.3000195    5.7257174E+13
      1210.9000197    5.3637322E+13
      1224.5000199    5.0278515E+13
      1227.2000200    4.9640859E+13
      1229.9000200    4.9012493E+13
      1232.7000200    4.8370492E+13
      1235.4000201    4.7760569E+13
      1238.1000201    4.7159471E+13
      1240.8000202    4.6567055E+13
      1243.5000202    4.5983178E+13
      1246.3000203    4.5386547E+13
      1249.0000203    4.4819632E+13
      1257.2000204    4.4643144E+13
      1259.9000205    4.4096547E+13
      1262.6000205    4.3552042E+13
      1270.8000207    4.1931212E+13
      1281.6000208    3.9892613E+13
      1289.8000210    3.9169833E+13
      1292.5000210    3.8692513E+13
      1295.2000211    3.8219312E+13
      1298.0000211    3.7734077E+13
      1300.7000212    3.7272049E+13
      1303.4000212    3.6816053E+13
      1306.1000212    3.6366176E+13
      1314.3000214    3.5037349E+13
      1330.6000216    3.2556974E+13
      1341.5000218    3.1010392E+13
      1355.1000220    2.9197123E+13
      1360.6000221    2.8498454E+13
      1371.4000223    2.7181353E+13
      1382.3000225    2.5922036E+13
      1390.5000226    2.5018466E+13
      1395.9000227    2.4443051E+13
      1404.1000228    2.3597882E+13
      1406.8000229    2.3326919E+13
      1409.5000229    2.3059499E+13
      1415.0000230    2.2525480E+13
      1417.7000231    2.2268489E+13
      1420.4000231    2.2014832E+13
      1423.1000231    2.1764457E+13
      1425.9000232    2.1508229E+13
      1428.6000232    2.1264398E+13
      1431.3000233    2.1023708E+13
      1436.7000234    2.0551565E+13
      1439.5000234    2.0311506E+13
      1442.2000235    2.0083034E+13
      1444.9000235    1.9857481E+13
      1447.6000235    1.9634804E+13
      1450.4000236    1.9406873E+13
      1453.1000236    1.9189924E+13
      1455.8000237    1.2775132E+14
      1458.5000237    1.2742697E+14
      1461.2000238    1.2668041E+14
      1466.7000239    1.2451245E+14
      1469.4000239    1.2331042E+14
      1472.1000239    1.2207418E+14
      1477.6000240    1.1952409E+14
      1480.3000241    1.1827530E+14
      1488.4000242    1.1458724E+14
      1491.2000242    1.1333785E+14
      1496.6000243    1.1096839E+14
      1551.0000252    8.9869053E+13
      1632.7000266    6.5915505E+13
      1823.1000296    3.1148416E+13
      2340.2000381    4.2900953E+12
      2829.9000460    0.0000000E+00
      3047.6000496    0.0000000E+00
      3700.7000602    0.0000000E+00
      4000.0000650    0.0000000E+00
      4680.3000761    0.0000000E+00
 
