       80.0000013    3.4350898E+00
        85.0000014    2.3529899E+00
        90.0000015    1.6245707E+00
        95.2390015    1.1117798E+00
       100.6800016    7.5721759E-01
       114.2900019    3.0275056E-01
       119.7300019    2.1348402E-01
       122.4500020    1.7989703E-01
       125.1700020    1.5193745E-01
       127.8900021    1.2860677E-01
       130.6100021    1.0909269E-01
       133.3300022    9.2733003E-02
       136.0600022    7.8940324E-02
       146.9400024    6.8170041E-02
       149.6600024    6.0833350E-02
       155.1000025    4.8271623E-02
       157.8200026    4.3053240E-02
       160.5500026    3.8443547E-02
       165.9900027    3.0841306E-02
       171.4300028    2.4921089E-02
       176.8700029    2.0275285E-02
       179.5900029    1.8331850E-02
       182.3100030    1.6599590E-02
       185.0400030    1.5047164E-02
       187.7600031    1.3663465E-02
       190.4800031    1.2423110E-02
       195.9200032    1.0307479E-02
       198.6400032    9.4049219E-03
       204.0800033    8.7575186E-03
       206.8000034    8.0056619E-03
       209.5300034    7.3016915E-03
       212.2500035    6.6596745E-03
       214.9700035    6.0764970E-03
       220.4100036    5.0708763E-03
       225.8500037    4.2481981E-03
       236.7400038    3.0180996E-03
       247.6200040    2.1802462E-03
       258.5100042    1.5991692E-03
       272.1100044    1.1081346E-03
       285.7200046    7.8361970E-04
       299.3200049    5.6456064E-04
       312.9300051    4.1330894E-04
       340.1400055    2.3083879E-04
       353.7400058    1.7551106E-04
       380.9500062    1.0426349E-04
       394.5600064    8.1294595E-05
       408.1700066    6.3808904E-05
       435.3800071    4.0012979E-05
       462.5900075    2.5603498E-05
       476.1900077    2.0620218E-05
       489.8000080    1.6672491E-05
       503.4000082    1.3535105E-05
       517.0100084    1.1027075E-05
       557.8300091    6.0878228E-06
       571.4300093    5.0267904E-06
       585.0400095    4.1626445E-06
       612.2500100    2.8797069E-06
       666.6700108    1.4233076E-06
       680.2800111    1.2008276E-06
       707.4900115    8.6090660E-07
       734.7000119    6.2277383E-07
       761.9100124    4.5436605E-07
       789.1200128    3.3419545E-07
       816.3300133    2.4771143E-07
       843.5400137    1.8496472E-07
       870.7500142    1.3908624E-07
       911.5700148    9.1830223E-08
       952.3900155    6.1494987E-08
       993.2000162    4.1736097E-08
      1020.4000166    3.2460743E-08
      1061.2000173    2.2487987E-08
      1088.4000177    1.7718763E-08
      1102.0000179    1.5756886E-08
      1115.7000181    1.4017020E-08
      1129.3000184    1.2494577E-08
      1142.9000186    1.1150284E-08
      1156.5000188    9.9618465E-09
      1170.1000190    8.9099341E-09
      1197.3000195    7.1507542E-09
      1210.9000197    6.4162022E-09
      1224.5000199    5.7630425E-09
      1227.2000200    5.6421898E-09
      1229.9000200    5.5240914E-09
      1232.7000200    5.4044560E-09
      1235.4000201    5.2917599E-09
      1238.1000201    5.1816182E-09
      1240.8000202    5.0739675E-09
      1243.5000202    4.9687481E-09
      1246.3000203    4.8621351E-09
      1249.0000203    4.7616853E-09
      1257.2000204    5.5403397E-09
      1259.9000205    5.4303877E-09
      1262.6000205    5.3192095E-09
      1270.8000207    4.9884368E-09
      1281.6000208    4.5821826E-09
      1289.8000210    4.7376680E-09
      1292.5000210    4.6406234E-09
      1295.2000211    4.5444080E-09
      1298.0000211    4.4461816E-09
      1300.7000212    4.3532711E-09
      1303.4000212    4.2622692E-09
      1306.1000212    4.1732227E-09
      1314.3000214    3.9146988E-09
      1330.6000216    3.4508285E-09
      1341.5000218    3.1741723E-09
      1355.1000220    2.8623302E-09
      1360.6000221    2.7458276E-09
      1371.4000223    2.5317974E-09
      1382.3000225    2.3340752E-09
      1390.5000226    2.1964268E-09
      1395.9000227    2.1106252E-09
      1404.1000228    1.9872415E-09
      1406.8000229    1.9483544E-09
      1409.5000229    1.9102957E-09
      1415.0000230    1.8352528E-09
      1417.7000231    1.7995956E-09
      1420.4000231    1.7646929E-09
      1423.1000231    1.7305276E-09
      1425.9000232    1.6958577E-09
      1428.6000232    1.6631428E-09
      1431.3000233    1.6311155E-09
      1436.7000234    1.5690615E-09
      1439.5000234    1.5379039E-09
      1442.2000235    1.5084977E-09
      1444.9000235    1.4797042E-09
      1447.6000235    1.4515098E-09
      1450.4000236    1.4228894E-09
      1453.1000236    1.3958739E-09
      1455.8000237    7.4474573E-09
      1458.5000237    7.3685578E-09
      1461.2000238    7.2684356E-09
      1466.7000239    7.0360757E-09
      1469.4000239    6.9175847E-09
      1472.1000239    6.7990480E-09
      1477.6000240    6.5609851E-09
      1480.3000241    6.4466228E-09
      1488.4000242    6.1151684E-09
      1491.2000242    6.0047562E-09
      1496.6000243    5.7977818E-09
      1551.0000252    4.0920289E-09
      1632.7000266    2.4649420E-09
      1823.1000296    8.1747531E-10
      2340.2000381    6.3298984E-11
      2829.9000460    8.4247019E-12
      3047.6000496    3.7593531E-12
      3700.7000602    4.2456354E-13
      4000.0000650    1.6367662E-13
      4680.3000761    1.8388794E-14
      5006.8000814    4.1332425E-15
      5387.8000876    0.0000000E+00
 
