       80.0000013    3.9799854E-01
        85.0000014    2.4606968E-01
        90.0000015    1.5467209E-01
        95.2390015    9.6664503E-02
       100.6800016    6.0303651E-02
       114.2900019    1.9742731E-02
       119.7300019    1.2921426E-02
       122.4500020    1.0499096E-02
       125.1700020    8.5546905E-03
       127.8900021    6.9893561E-03
       130.6100021    5.7256455E-03
       133.3300022    4.7026705E-03
       136.0600022    3.8696493E-03
       146.9400024    8.3849942E-03
       149.6600024    7.4648787E-03
       155.1000025    5.8445716E-03
       157.8200026    5.1657613E-03
       160.5500026    4.5661111E-03
       165.9900027    3.5809106E-03
       171.4300028    2.8209379E-03
       176.8700029    2.2325588E-03
       179.5900029    1.9894855E-03
       182.3100030    1.7748064E-03
       185.0400030    1.5843108E-03
       187.7600031    1.4163044E-03
       190.4800031    1.2673765E-03
       195.9200032    1.0177766E-03
       198.6400032    9.1332907E-04
       204.0800033    8.5310941E-04
       206.8000034    7.7720138E-04
       209.5300034    7.0866523E-04
       212.2500035    6.4719905E-04
       214.9700035    5.9178623E-04
       220.4100036    4.9650070E-04
       225.8500037    4.1833575E-04
       236.7400038    3.0026180E-04
       247.6200040    2.1839060E-04
       258.5100042    1.6055000E-04
       272.1100044    1.1077742E-04
       285.7200046    7.7384262E-05
       299.3200049    5.4670589E-05
       312.9300051    3.8996714E-05
       340.1400055    2.0375684E-05
       353.7400058    1.4907340E-05
       380.9500062    8.1531671E-06
       394.5600064    6.0908624E-06
       408.1700066    4.5795878E-06
       435.3800071    2.6373534E-06
       462.5900075    1.5541581E-06
       476.1900077    1.2028910E-06
       489.8000080    9.3567280E-07
       503.4000082    7.3159987E-07
       517.0100084    5.7470243E-07
       557.8300091    2.8637075E-07
       571.4300093    2.2902667E-07
       585.0400095    1.8388350E-07
       612.2500100    1.1995051E-07
       666.6700108    5.3294581E-08
       680.2800111    4.3871427E-08
       707.4900115    3.0008241E-08
       734.7000119    2.0765365E-08
       761.9100124    1.4526170E-08
       789.1200128    1.0265311E-08
       816.3300133    7.3235693E-09
       843.5400137    5.2716400E-09
       870.7500142    3.8265235E-09
       911.5700148    2.4011297E-09
       952.3900155    1.5313288E-09
       993.2000162    9.9136277E-10
      1020.4000166    7.4767070E-10
      1061.2000173    4.9499005E-10
      1088.4000177    3.7855022E-10
      1102.0000179    3.3168510E-10
      1115.7000181    2.9070607E-10
      1129.3000184    2.5534747E-10
      1142.9000186    2.2455678E-10
      1156.5000188    1.9770895E-10
      1170.1000190    1.7426925E-10
      1197.3000195    1.3584674E-10
      1210.9000197    1.2013303E-10
      1224.5000199    1.0634766E-10
      1227.2000200    1.0381783E-10
      1229.9000200    1.0135224E-10
      1232.7000200    9.8861329E-11
      1235.4000201    9.6521270E-11
      1238.1000201    9.4240310E-11
      1240.8000202    9.2016887E-11
      1243.5000202    8.9849440E-11
      1246.3000203    8.7659241E-11
      1249.0000203    8.5601234E-11
      1257.2000204    8.6031030E-11
      1259.9000205    8.4048303E-11
      1262.6000205    8.2091507E-11
      1270.8000207    7.6387334E-11
      1281.6000208    6.9481539E-11
      1289.8000210    6.7327963E-11
      1292.5000210    6.5774115E-11
      1295.2000211    6.4249814E-11
      1298.0000211    6.2703946E-11
      1300.7000212    6.1248180E-11
      1303.4000212    5.9827018E-11
      1306.1000212    5.8440149E-11
      1314.3000214    5.4432740E-11
      1330.6000216    4.7310114E-11
      1341.5000218    4.3106518E-11
      1355.1000220    3.8412603E-11
      1360.6000221    3.6671974E-11
      1371.4000223    3.3494058E-11
      1382.3000225    3.0582682E-11
      1390.5000226    2.8570753E-11
      1395.9000227    2.7323208E-11
      1404.1000228    2.5538544E-11
      1406.8000229    2.4978439E-11
      1409.5000229    2.4431407E-11
      1415.0000230    2.3356171E-11
      1417.7000231    2.2846882E-11
      1420.4000231    2.2349409E-11
      1423.1000231    2.1863455E-11
      1425.9000232    2.1371373E-11
      1428.6000232    2.0908022E-11
      1431.3000233    2.0455356E-11
      1436.7000234    1.9581033E-11
      1439.5000234    1.9143426E-11
      1442.2000235    1.8731296E-11
      1444.9000235    1.8328599E-11
      1447.6000235    1.7935105E-11
      1450.4000236    1.7536517E-11
      1453.1000236    1.7161083E-11
      1455.8000237    1.0778956E-10
      1458.5000237    1.0640982E-10
      1461.2000238    1.0470595E-10
      1466.7000239    1.0080151E-10
      1469.4000239    9.8822506E-11
      1472.1000239    9.6848390E-11
      1477.6000240    9.2899216E-11
      1480.3000241    9.1009360E-11
      1488.4000242    8.5559622E-11
      1491.2000242    8.3753747E-11
      1496.6000243    8.0381965E-11
      1551.0000252    5.3364507E-11
      1632.7000266    2.9251983E-11
      1823.1000296    7.6562159E-12
      2340.2000381    2.3131562E-13
 
