       80.0000013    7.1318680E-01
        85.0000014    4.5075107E-01
        90.0000015    2.8929329E-01
        95.2390015    1.8463962E-01
       100.6800016    1.1766692E-01
       114.2900019    4.0572077E-02
       119.7300019    2.7092045E-02
       122.4500020    2.2230508E-02
       125.1700020    1.8289195E-02
       127.8900021    1.5084662E-02
       130.6100021    1.2471956E-02
       133.3300022    1.0336122E-02
       136.0600022    8.5798558E-03
       146.9400024    1.4081724E-02
       149.6600024    1.2617869E-02
       155.1000025    9.9947704E-03
       157.8200026    8.8819992E-03
       160.5500026    7.8926133E-03
       165.9900027    6.2535228E-03
       171.4300028    4.9761301E-03
       176.8700029    3.9775758E-03
       179.5900029    3.5620634E-03
       182.3100030    3.1933696E-03
       185.0400030    2.8646784E-03
       187.7600031    2.5734368E-03
       190.4800031    2.3140619E-03
       195.9200032    1.8763660E-03
       198.6400032    1.6918979E-03
       204.0800033    1.4765841E-03
       206.8000034    1.3436814E-03
       209.5300034    1.2239715E-03
       212.2500035    1.1168545E-03
       214.9700035    1.0205007E-03
       220.4100036    8.5535564E-04
       225.8500037    7.2045613E-04
       236.7400038    5.1776250E-04
       247.6200040    3.7796795E-04
       258.5100042    2.7946217E-04
       272.1100044    1.9466619E-04
       285.7200046    1.3754828E-04
       299.3200049    9.8419849E-05
       312.9300051    7.1160328E-05
       340.1400055    3.8237744E-05
       353.7400058    2.8369341E-05
       380.9500062    1.5942338E-05
       394.5600064    1.2065169E-05
       408.1700066    9.1855391E-06
       435.3800071    5.4154721E-06
       462.5900075    3.2603216E-06
       476.1900077    2.5486836E-06
       489.8000080    2.0013972E-06
       503.4000082    1.5790639E-06
       517.0100084    1.2511232E-06
       557.8300091    6.3820306E-07
       571.4300093    5.1404953E-07
       585.0400095    4.1554668E-07
       612.2500100    2.7456093E-07
       666.6700108    1.2482772E-07
       680.2800111    1.0330692E-07
       707.4900115    7.1395533E-08
       734.7000119    4.9899509E-08
       761.9100124    3.5247631E-08
       789.1200128    2.5148559E-08
       816.3300133    1.8113491E-08
       843.5400137    1.3163396E-08
       870.7500142    9.6470645E-09
       911.5700148    6.1424128E-09
       952.3900155    3.9759547E-09
       993.2000162    2.6132241E-09
      1020.4000166    1.9911237E-09
      1061.2000173    1.3388574E-09
      1088.4000177    1.0346858E-09
      1102.0000179    9.1137320E-10
      1115.7000181    8.0303303E-10
      1129.3000184    7.0910250E-10
      1142.9000186    6.2691274E-10
      1156.5000188    5.5490085E-10
      1170.1000190    4.9172466E-10
      1197.3000195    3.8742237E-10
      1210.9000197    3.4444442E-10
      1224.5000199    3.0655506E-10
      1227.2000200    2.9958083E-10
      1229.9000200    2.9277705E-10
      1232.7000200    2.8589653E-10
      1235.4000201    2.7942626E-10
      1238.1000201    2.7311328E-10
      1240.8000202    2.6695346E-10
      1243.5000202    2.6094282E-10
      1246.3000203    2.5486302E-10
      1249.0000203    2.4914446E-10
      1257.2000204    2.5728700E-10
      1259.9000205    2.5164890E-10
      1262.6000205    2.4605601E-10
      1270.8000207    2.2966867E-10
      1281.6000208    2.0973656E-10
      1289.8000210    2.0610513E-10
      1292.5000210    2.0155766E-10
      1295.2000211    1.9708517E-10
      1298.0000211    1.9254009E-10
      1300.7000212    1.8825397E-10
      1303.4000212    1.8406481E-10
      1306.1000212    1.7997261E-10
      1314.3000214    1.6812496E-10
      1330.6000216    1.4698269E-10
      1341.5000218    1.3444951E-10
      1355.1000220    1.2039840E-10
      1360.6000221    1.1517143E-10
      1371.4000223    1.0560314E-10
      1382.3000225    9.6806355E-11
      1390.5000226    9.0708246E-11
      1395.9000227    8.6918472E-11
      1404.1000228    8.1485166E-11
      1406.8000229    7.9776907E-11
      1409.5000229    7.8107042E-11
      1415.0000230    7.4820428E-11
      1417.7000231    7.3261626E-11
      1420.4000231    7.1737644E-11
      1423.1000231    7.0247586E-11
      1425.9000232    6.8737439E-11
      1428.6000232    6.7314196E-11
      1431.3000233    6.5922538E-11
      1436.7000234    6.3231032E-11
      1439.5000234    6.1882097E-11
      1442.2000235    6.0610558E-11
      1444.9000235    5.9367025E-11
      1447.6000235    5.8150838E-11
      1450.4000236    5.6917755E-11
      1453.1000236    5.5755307E-11
      1455.8000237    3.4026668E-10
      1458.5000237    3.3623632E-10
      1461.2000238    3.3118611E-10
      1466.7000239    3.1952022E-10
      1469.4000239    3.1358469E-10
      1472.1000239    3.0765443E-10
      1477.6000240    2.9576849E-10
      1480.3000241    2.9007094E-10
      1488.4000242    2.7360775E-10
      1491.2000242    2.6814129E-10
      1496.6000243    2.5791952E-10
      1551.0000252    1.7516608E-10
      1632.7000266    9.9496758E-11
      1823.1000296    2.8634723E-11
      2340.2000381    1.4191756E-12
      2829.9000460    9.5951038E-14
      3047.6000496    2.0974821E-14
 
