       80.0000013    9.5431955E-05
        85.0000014    5.7117035E-05
        90.0000015    3.5648169E-05
        95.2390015    2.2467317E-05
       100.6800016    1.4263025E-05
       114.2900019    4.9205282E-06
       119.7300019    3.2816727E-06
       122.4500020    2.6892578E-06
       125.1700020    2.2084525E-06
       127.8900021    1.8172560E-06
       130.6100021    1.4982274E-06
       133.3300022    1.2374849E-06
       136.0600022    1.0232285E-06
       146.9400024    1.9243735E-06
       149.6600024    1.5490999E-06
       155.1000025    1.0098020E-06
       157.8200026    8.1804120E-07
       160.5500026    6.6368699E-07
       165.9900027    4.4041670E-07
       171.4300028    2.9470075E-07
       176.8700029    1.9873180E-07
       179.5900029    1.6364187E-07
       182.3100030    1.3497967E-07
       185.0400030    1.1144319E-07
       187.7600031    9.2220432E-08
       190.4800031    7.6427675E-08
       195.9200032    5.2712700E-08
       198.6400032    4.3862102E-08
       204.0800033    2.2957306E-07
       206.8000034    1.9627775E-07
       209.5300034    1.6741407E-07
       212.2500035    1.4276944E-07
       214.9700035    1.2171961E-07
       220.4100036    8.8465924E-08
       225.8500037    6.4303684E-08
       236.7400038    3.3912208E-08
       247.6200040    1.7782769E-08
       258.5100042    9.1931085E-09
       272.1100044    3.8921564E-09
       285.7200046    1.5274009E-09
       299.3200049    5.0123644E-10
 
