       80.0000013    1.9728118E-01
        85.0000014    1.1880204E-01
        90.0000015    7.2791465E-02
        95.2390015    4.4319104E-02
       100.6800016    2.6926387E-02
       114.2900019    8.2838479E-03
       119.7300019    5.3006434E-03
       122.4500020    4.2613498E-03
       125.1700020    3.4370720E-03
       127.8900021    2.7812577E-03
       130.6100021    2.2578647E-03
       133.3300022    1.8388911E-03
       136.0600022    1.5014004E-03
       146.9400024    4.5370171E-03
       149.6600024    4.0002791E-03
       155.1000025    3.0831443E-03
       157.8200026    2.7062132E-03
       160.5500026    2.3762390E-03
       165.9900027    1.8400812E-03
       171.4300028    1.4319195E-03
       176.8700029    1.1197194E-03
       179.5900029    9.9189009E-04
       182.3100030    8.7964081E-04
       185.0400030    7.8060426E-04
       187.7600031    6.9375557E-04
       190.4800031    6.1720342E-04
       195.9200032    4.8996200E-04
       198.6400032    4.3717283E-04
       204.0800033    4.6345542E-04
       206.8000034    4.2203013E-04
       209.5300034    3.8450342E-04
       212.2500035    3.5078291E-04
       214.9700035    3.2034045E-04
       220.4100036    2.6792285E-04
       225.8500037    2.2488015E-04
       236.7400038    1.5988118E-04
       247.6200040    1.1495916E-04
       258.5100042    8.3426479E-05
       272.1100044    5.6567573E-05
       285.7200046    3.8802518E-05
       299.3200049    2.6913567E-05
       312.9300051    1.8850857E-05
       340.1400055    9.5115020E-06
       353.7400058    6.8454588E-06
       380.9500062    3.6313033E-06
       394.5600064    2.6747941E-06
       408.1700066    1.9844551E-06
       435.3800071    1.1151106E-06
       462.5900075    6.4279533E-07
       476.1900077    4.9246432E-07
       489.8000080    3.7935425E-07
       503.4000082    2.9386797E-07
       517.0100084    2.2879131E-07
       557.8300091    1.1118902E-07
       571.4300093    8.8226585E-08
       585.0400095    7.0292124E-08
       612.2500100    4.5168193E-08
       666.6700108    1.9489006E-08
       680.2800111    1.5926791E-08
       707.4900115    1.0736312E-08
       734.7000119    7.3211672E-09
       761.9100124    5.0461502E-09
       789.1200128    3.5130625E-09
       816.3300133    2.4687659E-09
       843.5400137    1.7502174E-09
       870.7500142    1.2511105E-09
       911.5700148    7.6712170E-10
       952.3900155    4.7800558E-10
       993.2000162    3.0234168E-10
      1020.4000166    2.2451209E-10
      1061.2000173    1.4521484E-10
      1088.4000177    1.0933997E-10
      1102.0000179    9.5059155E-11
      1115.7000181    8.2661315E-11
      1129.3000184    7.2040353E-11
      1142.9000186    6.2857254E-11
      1156.5000188    5.4906968E-11
      1170.1000190    4.8015140E-11
      1197.3000195    3.6835181E-11
      1210.9000197    3.2312458E-11
      1224.5000199    2.8372853E-11
      1227.2000200    2.7652996E-11
      1229.9000200    2.6952406E-11
      1232.7000200    2.6245636E-11
      1235.4000201    2.5582625E-11
      1238.1000201    2.4937271E-11
      1240.8000202    2.4309083E-11
      1243.5000202    2.3697572E-11
      1246.3000203    2.3080529E-11
      1249.0000203    2.2501561E-11
      1257.2000204    2.2001576E-11
      1259.9000205    2.1456718E-11
      1262.6000205    2.0921858E-11
      1270.8000207    1.9371917E-11
      1281.6000208    1.7507129E-11
      1289.8000210    1.6699111E-11
      1292.5000210    1.6286245E-11
      1295.2000211    1.5882523E-11
      1298.0000211    1.5474037E-11
      1300.7000212    1.5090113E-11
      1303.4000212    1.4715930E-11
      1306.1000212    1.4351341E-11
      1314.3000214    1.3300761E-11
      1330.6000216    1.1444781E-11
      1341.5000218    1.0356876E-11
      1355.1000220    9.1494434E-12
      1360.6000221    8.7038649E-12
      1371.4000223    7.8936814E-12
      1382.3000225    7.1555357E-12
      1390.5000226    6.6479365E-12
      1395.9000227    6.3342929E-12
      1404.1000228    5.8871874E-12
      1406.8000229    5.7472672E-12
      1409.5000229    5.6108057E-12
      1415.0000230    5.3431543E-12
      1417.7000231    5.2166548E-12
      1420.4000231    5.0932661E-12
      1423.1000231    4.9729075E-12
      1425.9000232    4.8512084E-12
      1428.6000232    4.7367830E-12
      1431.3000233    4.6251570E-12
      1436.7000234    4.4100188E-12
      1439.5000234    4.3025778E-12
      1442.2000235    4.2015432E-12
      1444.9000235    4.1029649E-12
      1447.6000235    4.0067806E-12
      1450.4000236    3.9094977E-12
      1453.1000236    3.8180041E-12
      1455.8000237    2.4611188E-11
      1458.5000237    2.4246825E-11
      1461.2000238    2.3809005E-11
      1466.7000239    2.2821713E-11
      1469.4000239    2.2325095E-11
      1472.1000239    2.1831219E-11
      1477.6000240    2.0846722E-11
      1480.3000241    2.0377014E-11
      1488.4000242    1.9027278E-11
      1491.2000242    1.8581563E-11
      1496.6000243    1.7751481E-11
      1551.0000252    1.1230505E-11
      1632.7000266    5.6556903E-12
      1823.1000296    1.1226341E-12
 
