       80.0000013    1.1653035E+00
        85.0000014    7.5155574E-01
        90.0000015    4.9135634E-01
        95.2390015    3.1930590E-01
       100.6800016    2.0712084E-01
       114.2900019    7.4479692E-02
       119.7300019    5.0554238E-02
       122.4500020    4.1820657E-02
       125.1700020    3.4685023E-02
       127.8900021    2.8838050E-02
       130.6100021    2.4033677E-02
       133.3300022    2.0075463E-02
       136.0600022    1.6795125E-02
       146.9400024    2.2035552E-02
       149.6600024    1.9800644E-02
       155.1000025    1.5792148E-02
       157.8200026    1.4085473E-02
       160.5500026    1.2563669E-02
       165.9900027    1.0031333E-02
       171.4300028    8.0453623E-03
       176.8700029    6.4827083E-03
       179.5900029    5.8290903E-03
       182.3100030    5.2471026E-03
       185.0400030    4.7264174E-03
       187.7600031    4.2633903E-03
       190.4800031    3.8495166E-03
       195.9200032    3.1472661E-03
       198.6400032    2.8495858E-03
       204.0800033    2.4409636E-03
       206.8000034    2.2192472E-03
       209.5300034    2.0191555E-03
       212.2500035    1.8400996E-03
       214.9700035    1.6791698E-03
       220.4100036    1.4039177E-03
       225.8500037    1.1798609E-03
       236.7400038    8.4508979E-04
       247.6200040    6.1594811E-04
       258.5100042    4.5554427E-04
       272.1100044    3.1819768E-04
       285.7200046    2.2598232E-04
       299.3200049    1.6282659E-04
       312.9300051    1.1871823E-04
       340.1400055    6.5047607E-05
       353.7400058    4.8770347E-05
       380.9500062    2.8004126E-05
       394.5600064    2.1423013E-05
       408.1700066    1.6484262E-05
       435.3800071    9.9208874E-06
       462.5900075    6.0903358E-06
       476.1900077    4.8053348E-06
       489.8000080    3.8073829E-06
       503.4000082    3.0299354E-06
       517.0100084    2.4206620E-06
       557.8300091    1.2634204E-06
       571.4300093    1.0248016E-06
       585.0400095    8.3401778E-07
       612.2500100    5.5804810E-07
       666.6700108    2.5942330E-07
       680.2800111    2.1577807E-07
       707.4900115    1.5054356E-07
       734.7000119    1.0614770E-07
       761.9100124    7.5599687E-08
       789.1200128    5.4359049E-08
       816.3300133    3.9442128E-08
       843.5400137    2.8866300E-08
       870.7500142    2.1300053E-08
       911.5700148    1.3697383E-08
       952.3900155    8.9529841E-09
       993.2000162    5.9416867E-09
      1020.4000166    4.5566835E-09
      1061.2000173    3.0942742E-09
      1088.4000177    2.4072695E-09
      1102.0000179    2.1275166E-09
      1115.7000181    1.8810127E-09
      1129.3000184    1.6666664E-09
      1142.9000186    1.4785594E-09
      1156.5000188    1.3132571E-09
      1170.1000190    1.1678032E-09
      1197.3000195    9.2659586E-10
      1210.9000197    8.2674007E-10
      1224.5000199    7.3843498E-10
      1227.2000200    7.2215001E-10
      1229.9000200    7.0625322E-10
      1232.7000200    6.9016692E-10
      1235.4000201    6.7503025E-10
      1238.1000201    6.6025224E-10
      1240.8000202    6.4582384E-10
      1243.5000202    6.3173611E-10
      1246.3000203    6.1747718E-10
      1249.0000203    6.0405686E-10
      1257.2000204    6.4130168E-10
      1259.9000205    6.2775435E-10
      1262.6000205    6.1424893E-10
      1270.8000207    5.7450378E-10
      1281.6000208    5.2599863E-10
      1289.8000210    5.2372273E-10
      1292.5000210    5.1252041E-10
      1295.2000211    5.0147636E-10
      1298.0000211    4.9023741E-10
      1300.7000212    4.7962750E-10
      1303.4000212    4.6924936E-10
      1306.1000212    4.5910442E-10
      1314.3000214    4.2969792E-10
      1330.6000216    3.7709325E-10
      1341.5000218    3.4582265E-10
      1355.1000220    3.1067818E-10
      1360.6000221    2.9757866E-10
      1371.4000223    2.7355940E-10
      1382.3000225    2.5142713E-10
      1390.5000226    2.3605398E-10
      1395.9000227    2.2648658E-10
      1404.1000228    2.1275032E-10
      1406.8000229    2.0842655E-10
      1409.5000229    2.0419758E-10
      1415.0000230    1.9586696E-10
      1417.7000231    1.9191239E-10
      1420.4000231    1.8804394E-10
      1423.1000231    1.8425926E-10
      1425.9000232    1.8042150E-10
      1428.6000232    1.7680245E-10
      1431.3000233    1.7326171E-10
      1436.7000234    1.6640786E-10
      1439.5000234    1.6296979E-10
      1442.2000235    1.5972708E-10
      1444.9000235    1.5655395E-10
      1447.6000235    1.5344880E-10
      1450.4000236    1.5029877E-10
      1453.1000236    1.4732729E-10
      1455.8000237    8.7227403E-10
      1458.5000237    8.6247937E-10
      1461.2000238    8.5009033E-10
      1466.7000239    8.2133328E-10
      1469.4000239    8.0666873E-10
      1472.1000239    7.9200285E-10
      1477.6000240    7.6257239E-10
      1480.3000241    7.4844902E-10
      1488.4000242    7.0758255E-10
      1491.2000242    6.9399403E-10
      1496.6000243    6.6855810E-10
      1551.0000252    4.6110707E-10
      1632.7000266    2.6808430E-10
      1823.1000296    8.1546082E-11
      2340.2000381    4.8905272E-12
      2829.9000460    4.7456592E-13
      3047.6000496    1.7483182E-13
      3700.7000602    0.0000000E+00
      4000.0000650    0.0000000E+00
 
