       80.0000013    6.5324386E-03
        85.0000014    3.5368246E-03
        90.0000015    1.9720918E-03
        95.2390015    1.1041537E-03
       100.6800016    6.2635960E-04
       114.2900019    1.7826317E-04
       119.7300019    1.1490632E-04
       122.4500020    9.3428353E-05
       125.1700020    7.6572083E-05
       127.8900021    6.3232532E-05
       130.6100021    5.2589177E-05
       133.3300022    4.4028820E-05
       136.0600022    3.7067137E-05
       146.9400024    2.2497178E-04
       149.6600024    1.8994838E-04
       155.1000025    1.3598893E-04
       157.8200026    1.1539588E-04
       160.5500026    9.8055214E-05
       165.9900027    7.1287082E-05
       171.4300028    5.2198178E-05
       176.8700029    3.8478887E-05
       179.5900029    3.3117292E-05
       182.3100030    2.8547256E-05
       185.0400030    2.4632202E-05
       187.7600031    2.1297412E-05
       190.4800031    1.8441086E-05
       195.9200032    1.3885618E-05
       198.6400032    1.2074291E-05
       204.0800033    2.7373240E-05
       206.8000034    2.4501780E-05
       209.5300034    2.1919841E-05
       212.2500035    1.9627321E-05
       214.9700035    1.7587034E-05
       220.4100036    1.4155111E-05
       225.8500037    1.1431091E-05
       236.7400038    7.5244293E-06
       247.6200040    5.0149670E-06
       258.5100042    3.3787683E-06
       272.1100044    2.0935586E-06
       285.7200046    1.3163427E-06
       299.3200049    8.3951858E-07
       312.9300051    5.4220561E-07
       340.1400055    2.3440599E-07
       353.7400058    1.5667466E-07
       380.9500062    7.2057183E-08
       394.5600064    4.9526935E-08
       408.1700066    3.4326497E-08
       435.3800071    1.6879129E-08
       462.5900075    8.5333189E-09
       476.1900077    6.1248433E-09
       489.8000080    4.4198902E-09
       503.4000082    3.2069334E-09
       517.0100084    2.3374338E-09
       557.8300091    9.2756403E-10
       571.4300093    6.8625794E-10
       585.0400095    5.0891841E-10
       612.2500100    2.8156666E-10
       666.6700108    8.6984926E-11
       680.2800111    6.4757283E-11
       707.4900115    3.5675941E-11
       734.7000119    1.9377520E-11
       761.9100124    1.0274237E-11
       789.1200128    5.2295356E-12
       816.3300133    2.4678712E-12
       843.5400137    9.6959235E-13
 
