       80.0000013    8.3160594E-02
        85.0000014    4.8483614E-02
        90.0000015    2.8797176E-02
        95.2390015    1.6996918E-02
       100.6800016    1.0018041E-02
       114.2900019    2.8895037E-03
       119.7300019    1.8124344E-03
       122.4500020    1.4447999E-03
       125.1700020    1.1567752E-03
       127.8900021    9.3025010E-04
       130.6100021    7.5140863E-04
       133.3300022    6.0967187E-04
       136.0600022    4.9654080E-04
       146.9400024    2.1524911E-03
       149.6600024    1.8748642E-03
       155.1000025    1.4169586E-03
       157.8200026    1.2329691E-03
       160.5500026    1.0736252E-03
       165.9900027    8.1815943E-04
       171.4300028    6.2683283E-04
       176.8700029    4.8270996E-04
       179.5900029    4.2437160E-04
       182.3100030    3.7351967E-04
       185.0400030    3.2898341E-04
       187.7600031    2.9021371E-04
       190.4800031    2.5628868E-04
       195.9200032    2.0050094E-04
       198.6400032    1.7761109E-04
       204.0800033    2.2670708E-04
       206.8000034    2.0575990E-04
       209.5300034    1.8677411E-04
       212.2500035    1.6973229E-04
       214.9700035    1.5437565E-04
       220.4100036    1.2802516E-04
       225.8500037    1.0650871E-04
       236.7400038    7.4330193E-05
       247.6200040    5.2431453E-05
       258.5100042    3.7321959E-05
       272.1100044    2.4710778E-05
       285.7200046    1.6563574E-05
       299.3200049    1.1237828E-05
       312.9300051    7.7079540E-06
       340.1400055    3.7424991E-06
       353.7400058    2.6465721E-06
       380.9500062    1.3593507E-06
       394.5600064    9.8648650E-07
       408.1700066    7.2156445E-07
       435.3800071    3.9477754E-07
       462.5900075    2.2193275E-07
       476.1900077    1.6798404E-07
       489.8000080    1.2786901E-07
       503.4000082    9.7896383E-08
       517.0100084    7.5333446E-08
       557.8300091    3.5361669E-08
       571.4300093    2.7736572E-08
       585.0400095    2.1843960E-08
       612.2500100    1.3714216E-08
       666.6700108    5.6470419E-09
       680.2800111    4.5610138E-09
       707.4900115    3.0032197E-09
       734.7000119    2.0003832E-09
       761.9100124    1.3468082E-09
       789.1200128    9.1592484E-10
       816.3300133    6.2877042E-10
       843.5400137    4.3544882E-10
       870.7500142    3.0404876E-10
       911.5700148    1.7992011E-10
       952.3900155    1.0812176E-10
       993.2000162    6.5878532E-11
      1020.4000166    4.7672501E-11
      1061.2000173    2.9608090E-11
      1088.4000177    2.1664920E-11
      1102.0000179    1.8557661E-11
      1115.7000181    1.5891208E-11
      1129.3000184    1.3633688E-11
      1142.9000186    1.1704990E-11
      1156.5000188    1.0055446E-11
      1170.1000190    8.6449806E-12
      1197.3000195    6.3967256E-12
      1210.9000197    5.5055977E-12
      1224.5000199    4.7399853E-12
      1227.2000200    4.6012877E-12
      1229.9000200    4.4666840E-12
      1232.7000200    4.3312866E-12
      1235.4000201    4.2046423E-12
      1238.1000201    4.0817263E-12
      1240.8000202    3.9624259E-12
      1243.5000202    3.8466318E-12
      1246.3000203    3.7301395E-12
      1249.0000203    3.6211639E-12
      1257.2000204    3.4243027E-12
      1259.9000205    3.3246040E-12
      1262.6000205    3.2273934E-12
      1270.8000207    2.9482619E-12
      1281.6000208    2.6165196E-12
      1289.8000210    2.4354622E-12
      1292.5000210    2.3638942E-12
      1295.2000211    2.2942637E-12
      1298.0000211    2.2241167E-12
      1300.7000212    2.1584446E-12
      1303.4000212    2.0946697E-12
      1306.1000212    2.0327470E-12
      1314.3000214    1.8555342E-12
      1330.6000216    1.5472655E-12
      1341.5000218    1.3698021E-12
      1355.1000220    1.1760956E-12
      1360.6000221    1.1055792E-12
      1371.4000223    9.7885177E-13
      1382.3000225    8.6524012E-13
      1390.5000226    7.8825233E-13
      1395.9000227    7.4118907E-13
      1404.1000228    6.7482337E-13
      1406.8000229    6.5423985E-13
      1409.5000229    6.3425437E-13
      1415.0000230    5.9532175E-13
      1417.7000231    5.7704872E-13
      1420.4000231    5.5930694E-13
      1423.1000231    5.4208114E-13
      1425.9000232    5.2474632E-13
      1428.6000232    5.0852589E-13
      1431.3000233    4.9277753E-13
      1436.7000234    4.6264284E-13
      1439.5000234    4.4770489E-13
      1442.2000235    4.3372784E-13
      1444.9000235    4.2015821E-13
      1447.6000235    4.0821895E-13
      1450.4000236    3.9496347E-13
      1453.1000236    3.8256120E-13
      1455.8000237    2.5104814E-12
      1458.5000237    2.4526999E-12
      1461.2000238    2.3880268E-12
      1466.7000239    2.2488506E-12
      1469.4000239    2.1805017E-12
      1472.1000239    2.1132113E-12
      1477.6000240    1.9806624E-12
      1480.3000241    1.9180731E-12
      1488.4000242    1.7403971E-12
      1491.2000242    1.6824326E-12
      1496.6000243    1.5754459E-12
      1551.0000252    7.8544571E-13
      1632.7000266    2.2299758E-13
 
