       80.0000013    2.5389526E+00
        85.0000014    1.7050111E+00
        90.0000015    1.1560498E+00
        95.2390015    7.7761233E-01
       100.6800016    5.2110249E-01
       114.2900019    2.0129868E-01
       119.7300019    1.4026405E-01
       122.4500020    1.1752798E-01
       125.1700020    9.8715931E-02
       127.8900021    8.3109550E-02
       130.6100021    7.0129178E-02
       133.3300022    5.9305847E-02
       136.0600022    5.0228681E-02
       146.9400024    4.7970243E-02
       149.6600024    4.2960998E-02
       155.1000025    3.4250628E-02
       157.8200026    3.0595526E-02
       160.5500026    2.7351534E-02
       165.9900027    2.1972477E-02
       171.4300028    1.7759671E-02
       176.8700029    1.4439922E-02
       179.5900029    1.3047873E-02
       182.3100030    1.1805597E-02
       185.0400030    1.0691226E-02
       187.7600031    9.6972631E-03
       190.4800031    8.8058356E-03
       195.9200032    7.2848890E-03
       198.6400032    6.6360896E-03
       204.0800033    5.9554637E-03
       206.8000034    5.4272697E-03
       209.5300034    4.9408581E-03
       212.2500035    4.5011812E-03
       214.9700035    4.1039237E-03
       220.4100036    3.4221227E-03
       225.8500037    2.8665261E-03
       236.7400038    2.0383343E-03
       247.6200040    1.4753063E-03
       258.5100042    1.0847917E-03
       272.1100044    7.5416081E-04
       285.7200046    5.3484971E-04
       299.3200049    3.8613338E-04
       312.9300051    2.8297157E-04
       340.1400055    1.5782758E-04
       353.7400058    1.1972996E-04
       380.9500062    7.0633643E-05
       394.5600064    5.4831373E-05
       408.1700066    4.2830281E-05
       435.3800071    2.6576770E-05
       462.5900075    1.6818278E-05
       476.1900077    1.3469012E-05
       489.8000080    1.0829451E-05
       503.4000082    8.7427643E-06
       517.0100084    7.0835995E-06
       557.8300091    3.8485059E-06
       571.4300093    3.1614261E-06
       585.0400095    2.6047533E-06
       612.2500100    1.7843905E-06
       666.6700108    8.6588523E-07
       680.2800111    7.2736736E-07
       707.4900115    5.1710862E-07
       734.7000119    3.7108558E-07
       761.9100124    2.6867551E-07
       789.1200128    1.9618346E-07
       816.3300133    1.4441152E-07
       843.5400137    1.0712407E-07
       870.7500142    8.0051514E-08
       911.5700148    5.2392007E-08
       952.3900155    3.4802721E-08
       993.2000162    2.3445539E-08
      1020.4000166    1.8151059E-08
      1061.2000173    1.2493581E-08
      1088.4000177    9.8044115E-09
      1102.0000179    8.7019938E-09
      1115.7000181    7.7264506E-09
      1129.3000184    6.8746213E-09
      1142.9000186    6.1240115E-09
      1156.5000188    5.4617497E-09
      1170.1000190    4.8767048E-09
      1197.3000195    3.9009920E-09
      1210.9000197    3.4947061E-09
      1224.5000199    3.1340697E-09
      1227.2000200    3.0674117E-09
      1229.9000200    3.0022946E-09
      1232.7000200    2.9363521E-09
      1235.4000201    2.8742562E-09
      1238.1000201    2.8135874E-09
      1240.8000202    2.7543103E-09
      1243.5000202    2.6963909E-09
      1246.3000203    2.6377243E-09
      1249.0000203    2.5824669E-09
      1257.2000204    2.9108327E-09
      1259.9000205    2.8520459E-09
      1262.6000205    2.7928846E-09
      1270.8000207    2.6174705E-09
      1281.6000208    2.4024327E-09
      1289.8000210    2.4534252E-09
      1292.5000210    2.4026261E-09
      1295.2000211    2.3523501E-09
      1298.0000211    2.3010724E-09
      1300.7000212    2.2525977E-09
      1303.4000212    2.2051363E-09
      1306.1000212    2.1587079E-09
      1314.3000214    2.0239734E-09
      1330.6000216    1.7824192E-09
      1341.5000218    1.6384819E-09
      1355.1000220    1.4763638E-09
      1360.6000221    1.4158332E-09
      1371.4000223    1.3046850E-09
      1382.3000225    1.2020707E-09
      1390.5000226    1.1306724E-09
      1395.9000227    1.0861838E-09
      1404.1000228    1.0222323E-09
      1406.8000229    1.0020824E-09
      1409.5000229    9.8236475E-10
      1415.0000230    9.4349417E-10
      1417.7000231    9.2502855E-10
      1420.4000231    9.0695612E-10
      1423.1000231    8.8926794E-10
      1425.9000232    8.7132107E-10
      1428.6000232    8.5438850E-10
      1431.3000233    8.3781410E-10
      1436.7000234    8.0570717E-10
      1439.5000234    7.8958928E-10
      1442.2000235    7.7437956E-10
      1444.9000235    7.5948869E-10
      1447.6000235    7.4490958E-10
      1450.4000236    7.3011214E-10
      1453.1000236    7.1614636E-10
      1455.8000237    3.9633252E-09
      1458.5000237    3.9210248E-09
      1461.2000238    3.8672403E-09
      1466.7000239    3.7421954E-09
      1469.4000239    3.6783787E-09
      1472.1000239    3.6145271E-09
      1477.6000240    3.4862879E-09
      1480.3000241    3.4246912E-09
      1488.4000242    3.2462224E-09
      1491.2000242    3.1867948E-09
      1496.6000243    3.0754304E-09
      1551.0000252    2.1598239E-09
      1632.7000266    1.2912348E-09
      1823.1000296    4.2033205E-10
      2340.2000381    3.0675833E-11
      2829.9000460    3.8365765E-12
      3047.6000496    1.6624734E-12
      3700.7000602    1.6806202E-13
      4000.0000650    5.6502590E-14
      4680.3000761    4.8301053E-16
      5006.8000814    0.0000000E+00
      5387.8000876    0.0000000E+00
 
