       80.0000013    1.7748966E+00
        85.0000014    1.1680416E+00
        90.0000015    7.7763635E-01
        95.2390015    5.1412678E-01
       100.6800016    3.3900300E-01
       114.2900019    1.2647183E-01
       119.7300019    8.7036237E-02
       122.4500020    7.2490782E-02
       125.1700020    6.0528778E-02
       127.8900021    5.0663605E-02
       130.6100021    4.2505510E-02
       133.3300022    3.5741337E-02
       136.0600022    3.0099850E-02
       146.9400024    3.3008587E-02
       149.6600024    2.9645195E-02
       155.1000025    2.3688795E-02
       157.8200026    2.1164814E-02
       160.5500026    1.8916316E-02
       165.9900027    1.5174457E-02
       171.4300028    1.2235364E-02
       176.8700029    9.9164480E-03
       179.5900029    8.9439396E-03
       182.3100030    8.0762990E-03
       185.0400030    7.2983871E-03
       187.7600031    6.6050338E-03
       190.4800031    5.9837834E-03
       195.9200032    4.9256482E-03
       198.6400032    4.4752392E-03
       204.0800033    3.8896408E-03
       206.8000034    3.5377932E-03
       209.5300034    3.2178694E-03
       212.2500035    2.9305890E-03
       214.9700035    2.6719968E-03
       220.4100036    2.2294926E-03
       225.8500037    1.8695908E-03
       236.7400038    1.3333805E-03
       247.6200040    9.6831040E-04
       258.5100042    7.1429077E-04
       272.1100044    4.9820298E-04
       285.7200046    3.5402758E-04
       299.3200049    2.5571944E-04
       312.9300051    1.8721657E-04
       340.1400055    1.0381167E-04
       353.7400058    7.8400553E-05
       380.9500062    4.5743298E-05
       394.5600064    3.5288871E-05
       408.1700066    2.7385868E-05
       435.3800071    1.6765136E-05
       462.5900075    1.0465114E-05
       476.1900077    8.3243876E-06
       489.8000080    6.6482694E-06
       503.4000082    5.3318836E-06
       517.0100084    4.2920301E-06
       557.8300091    2.2885788E-06
       571.4300093    1.8688095E-06
       585.0400095    1.5307912E-06
       612.2500100    1.0369631E-06
       666.6700108    4.9286211E-07
       680.2800111    4.1202054E-07
       707.4900115    2.9022206E-07
       734.7000119    2.0646186E-07
       761.9100124    1.4826439E-07
       789.1200128    1.0743026E-07
       816.3300133    7.8510382E-08
       843.5400137    5.7845245E-08
       870.7500142    4.2952454E-08
       911.5700148    2.7864710E-08
       952.3900155    1.8361728E-08
       993.2000162    1.2279170E-08
      1020.4000166    9.4629673E-09
      1061.2000173    6.4717591E-09
      1088.4000177    5.0582840E-09
      1102.0000179    4.4807553E-09
      1115.7000181    3.9707619E-09
      1129.3000184    3.5263499E-09
      1142.9000186    3.1355187E-09
      1156.5000188    2.7913529E-09
      1170.1000190    2.4878863E-09
      1197.3000195    1.9831303E-09
      1210.9000197    1.7735182E-09
      1224.5000199    1.5877771E-09
      1227.2000200    1.5534811E-09
      1229.9000200    1.5199891E-09
      1232.7000200    1.4860840E-09
      1235.4000201    1.4541673E-09
      1238.1000201    1.4229946E-09
      1240.8000202    1.3925470E-09
      1243.5000202    1.3628063E-09
      1246.3000203    1.3326920E-09
      1249.0000203    1.3043371E-09
      1257.2000204    1.4257534E-09
      1259.9000205    1.3963949E-09
      1262.6000205    1.3669879E-09
      1270.8000207    1.2801097E-09
      1281.6000208    1.1738233E-09
      1289.8000210    1.1837586E-09
      1292.5000210    1.1589298E-09
      1295.2000211    1.1344023E-09
      1298.0000211    1.1094120E-09
      1300.7000212    1.0858024E-09
      1303.4000212    1.0626959E-09
      1306.1000212    1.0400993E-09
      1314.3000214    9.7455488E-10
      1330.6000216    8.5714752E-10
      1341.5000218    7.8725226E-10
      1355.1000220    7.0859346E-10
      1360.6000221    6.7924344E-10
      1371.4000223    6.2537892E-10
      1382.3000225    5.7568567E-10
      1390.5000226    5.4113114E-10
      1395.9000227    5.1960958E-10
      1404.1000228    4.8868631E-10
      1406.8000229    4.7894644E-10
      1409.5000229    4.6941712E-10
      1415.0000230    4.5063639E-10
      1417.7000231    4.4171689E-10
      1420.4000231    4.3298884E-10
      1423.1000231    4.2444781E-10
      1425.9000232    4.1578344E-10
      1428.6000232    4.0761020E-10
      1431.3000233    3.9961121E-10
      1436.7000234    3.8412007E-10
      1439.5000234    3.7634548E-10
      1442.2000235    3.6901024E-10
      1444.9000235    3.6183007E-10
      1447.6000235    3.5480141E-10
      1450.4000236    3.4766878E-10
      1453.1000236    3.4093819E-10
      1455.8000237    1.9538751E-09
      1458.5000237    1.9326636E-09
      1461.2000238    1.9057069E-09
      1466.7000239    1.8430101E-09
      1469.4000239    1.8110081E-09
      1472.1000239    1.7789892E-09
      1477.6000240    1.7146949E-09
      1480.3000241    1.6838214E-09
      1488.4000242    1.5944115E-09
      1491.2000242    1.5646552E-09
      1496.6000243    1.5089168E-09
      1551.0000252    1.0520855E-09
      1632.7000266    6.2196548E-10
      1823.1000296    1.9688640E-10
      2340.2000381    1.3223836E-11
      2829.9000460    1.5145981E-12
      3047.6000496    6.2541779E-13
      3700.7000602    4.9779455E-14
      4000.0000650    9.1443653E-15
      4680.3000761    0.0000000E+00
 
