       80.0000013    4.4465828E+00
        85.0000014    3.1048338E+00
        90.0000015    2.1821709E+00
        95.2390015    1.5192472E+00
       100.6800016    1.0517443E+00
       114.2900019    4.3539056E-01
       119.7300019    3.1070146E-01
       122.4500020    2.6329887E-01
       125.1700020    2.2359006E-01
       127.8900021    1.9025584E-01
       130.6100021    1.6221416E-01
       133.3300022    1.3857545E-01
       136.0600022    1.1853983E-01
       146.9400024    9.5544763E-02
       149.6600024    8.5003532E-02
       155.1000025    6.7101538E-02
       157.8200026    5.9716817E-02
       160.5500026    5.3219549E-02
       165.9900027    4.2560961E-02
       171.4300028    3.4313347E-02
       176.8700029    2.7876513E-02
       179.5900029    2.5193669E-02
       182.3100030    2.2807401E-02
       185.0400030    2.0672962E-02
       187.7600031    1.8773792E-02
       190.4800031    1.7073968E-02
       195.9200032    1.4180101E-02
       198.6400032    1.2947488E-02
       204.0800033    1.2471315E-02
       206.8000034    1.1444023E-02
       209.5300034    1.0463681E-02
       212.2500035    9.5603932E-03
       214.9700035    8.7347226E-03
       220.4100036    7.3027010E-03
       225.8500037    6.1251782E-03
       236.7400038    4.3561058E-03
       247.6200040    3.1459564E-03
       258.5100042    2.3046820E-03
       272.1100044    1.5932416E-03
       285.7200046    1.1235793E-03
       299.3200049    8.0738531E-04
       312.9300051    5.8985630E-04
       340.1400055    3.2888894E-04
       353.7400058    2.5019271E-04
       380.9500062    1.4916353E-04
       394.5600064    1.1663668E-04
       408.1700066    9.1863338E-05
       435.3800071    5.8071215E-05
       462.5900075    3.7497372E-05
       476.1900077    3.0342298E-05
       489.8000080    2.4651150E-05
       503.4000082    2.0108815E-05
       517.0100084    1.6461539E-05
       557.8300091    9.2171767E-06
       571.4300093    7.6454917E-06
       585.0400095    6.3595699E-06
       612.2500100    4.4379076E-06
       666.6700108    2.2295355E-06
       680.2800111    1.8883220E-06
       707.4900115    1.3639803E-06
       734.7000119    9.9381941E-07
       761.9100124    7.3010392E-07
       789.1200128    5.4058262E-07
       816.3300133    4.0325230E-07
       843.5400137    3.0295442E-07
       870.7500142    2.2915169E-07
       911.5700148    1.5256552E-07
       952.3900155    1.0297159E-07
       993.2000162    7.0400418E-08
      1020.4000166    5.5008098E-08
      1061.2000173    3.8357893E-08
      1088.4000177    3.0347184E-08
      1102.0000179    2.7040462E-08
      1115.7000181    2.4101473E-08
      1129.3000184    2.1524212E-08
      1142.9000186    1.9243751E-08
      1156.5000188    1.7223543E-08
      1170.1000190    1.5431825E-08
      1197.3000195    1.2426835E-08
      1210.9000197    1.1168464E-08
      1224.5000199    1.0047482E-08
      1227.2000200    9.8398427E-09
      1229.9000200    9.6368638E-09
      1232.7000200    9.4311687E-09
      1235.4000201    9.2373371E-09
      1238.1000201    9.0478327E-09
      1240.8000202    8.8625498E-09
      1243.5000202    8.6813889E-09
      1246.3000203    8.4977652E-09
      1249.0000203    8.3246965E-09
      1257.2000204    1.0009805E-08
      1259.9000205    9.8146060E-09
      1262.6000205    9.6162891E-09
      1270.8000207    9.0243137E-09
      1281.6000208    8.2959435E-09
      1289.8000210    8.6831022E-09
      1292.5000210    8.5071603E-09
      1295.2000211    8.3324236E-09
      1298.0000211    8.1538722E-09
      1300.7000212    7.9848927E-09
      1303.4000212    7.8193239E-09
      1306.1000212    7.6572668E-09
      1314.3000214    7.1865602E-09
      1330.6000216    6.3412062E-09
      1341.5000218    5.8365281E-09
      1355.1000220    5.2671725E-09
      1360.6000221    5.0543218E-09
      1371.4000223    4.6630766E-09
      1382.3000225    4.3013864E-09
      1390.5000226    4.0494363E-09
      1395.9000227    3.8923198E-09
      1404.1000228    3.6662926E-09
      1406.8000229    3.5950318E-09
      1409.5000229    3.5252783E-09
      1415.0000230    3.3877083E-09
      1417.7000231    3.3223255E-09
      1420.4000231    3.2583165E-09
      1423.1000231    3.1956504E-09
      1425.9000232    3.1320488E-09
      1428.6000232    3.0720246E-09
      1431.3000233    3.0132534E-09
      1436.7000234    2.8993574E-09
      1439.5000234    2.8421567E-09
      1442.2000235    2.7881635E-09
      1444.9000235    2.7352880E-09
      1447.6000235    2.6835052E-09
      1450.4000236    2.6309326E-09
      1453.1000236    2.5813010E-09
      1455.8000237    1.3258056E-08
      1458.5000237    1.3118168E-08
      1461.2000238    1.2941175E-08
      1466.7000239    1.2531389E-08
      1469.4000239    1.2322634E-08
      1472.1000239    1.2113852E-08
      1477.6000240    1.1694582E-08
      1480.3000241    1.1493153E-08
      1488.4000242    1.0909185E-08
      1491.2000242    1.0714583E-08
      1496.6000243    1.0349678E-08
      1551.0000252    7.3353599E-09
      1632.7000266    4.4451771E-09
      1823.1000296    1.4941627E-09
      2340.2000381    1.2055794E-10
      2829.9000460    1.6814957E-11
      3047.6000496    7.6701059E-12
      3700.7000602    9.2173740E-13
      4000.0000650    3.8303161E-13
      4680.3000761    5.6837266E-14
      5006.8000814    2.2745987E-14
      5387.8000876    5.4120370E-15
 
