       80.0000013    9.7642175E-04
        85.0000014    5.2600820E-04
        90.0000015    2.9802255E-04
        95.2390015    1.7323406E-04
       100.6800016    1.0398443E-04
       114.2900019    3.5106052E-05
       119.7300019    2.4062356E-05
       122.4500020    2.0095455E-05
       125.1700020    1.6865220E-05
       127.8900021    1.4215935E-05
       130.6100021    1.2029147E-05
       133.3300022    1.0213782E-05
       136.0600022    8.6939890E-06
       146.9400024    3.5721685E-05
       149.6600024    2.9641602E-05
       155.1000025    2.0533560E-05
       157.8200026    1.7147860E-05
       160.5500026    1.4342801E-05
       165.9900027    1.0111468E-05
       171.4300028    7.1857476E-06
       176.8700029    5.1451520E-06
       179.5900029    4.3654477E-06
       182.3100030    3.7103007E-06
       185.0400030    3.1569368E-06
       187.7600031    2.6921127E-06
       190.4800031    2.2994107E-06
       195.9200032    1.6853450E-06
       198.6400032    1.4461319E-06
       204.0800033    4.8046827E-06
       206.8000034    4.2437937E-06
       209.5300034    3.7443278E-06
       212.2500035    3.3057859E-06
       214.9700035    2.9202440E-06
       220.4100036    2.2840156E-06
       225.8500037    1.7924193E-06
       236.7400038    1.1146486E-06
       247.6200040    7.0244033E-07
       258.5100042    4.4780543E-07
       272.1100044    2.5920804E-07
       285.7200046    1.5236998E-07
       299.3200049    9.0896222E-08
       312.9300051    5.4907670E-08
       340.1400055    2.0713797E-08
       353.7400058    1.2897201E-08
       380.9500062    5.0944751E-09
       394.5600064    3.2212184E-09
       408.1700066    2.0403381E-09
       435.3800071    8.1658474E-10
       462.5900075    3.2028577E-10
       476.1900077    1.9743163E-10
       489.8000080    1.1951218E-10
       503.4000082    7.0461206E-11
       517.0100084    3.9788634E-11
 
