       12.5000002    2.6558228E+01
        15.0000002    2.2834774E+01
        20.0000003    7.5404882E+00
        25.0000004    2.3484530E+00
        30.0000005    6.2434655E-01
        35.0000006    2.2541483E-01
        40.0000007    1.3270856E-01
        45.0000007    8.8922434E-02
        50.0000008    6.0749233E-02
        55.0000009    3.9545838E-02
        60.0000010    2.3988927E-02
        65.0000011    1.3865639E-02
        70.0000011    7.9280268E-03
        75.0000012    5.6962460E-02
        80.0000013    4.7330659E-02
        85.0000014    3.4938283E-02
        90.0000015    2.5236696E-02
        95.2390015    1.7483424E-02
       100.6800016    1.1536047E-02
       114.2900019    3.9770836E-03
       119.7300019    2.6082061E-03
       122.4500020    2.1145213E-03
       125.1700020    1.7156167E-03
       127.8900021    1.3931011E-03
       130.6100021    1.1321874E-03
       133.3300022    9.2097803E-04
       136.0600022    7.4932928E-04
       146.9400024    3.3300614E-04
       149.6600024    2.7274064E-04
       155.1000025    1.8374485E-04
       157.8200026    1.5116729E-04
       160.5500026    1.2448503E-04
       165.9900027    2.2394271E-04
       171.4300028    1.6995093E-04
       176.8700029    1.6986857E-04
       179.5900029    1.4832123E-04
       182.3100030    1.2881073E-04
       185.0400030    1.1153264E-04
       187.7600031    9.6519427E-05
       190.4800031    8.3489860E-05
       195.9200032    6.2433799E-05
       198.6400032    5.3974705E-05
       204.0800033    4.0309875E-05
       206.8000034    3.4819277E-05
       209.5300034    3.0048390E-05
       212.2500035    2.5933017E-05
       214.9700035    2.2369093E-05
       220.4100036    1.6610889E-05
       225.8500037    1.2296139E-05
       236.7400038    1.0227756E-05
       247.6200040    6.0524017E-06
       258.5100042    3.4837949E-06
       272.1100044    1.6350392E-06
       285.7200046    6.5210816E-07
       299.3200049    7.5634290E-08
 
