       12.5000002    4.7514886E+02
        15.0000002    1.1581656E+02
        20.0000003    2.3115799E+01
        25.0000004    1.2447402E+01
        30.0000005    9.0224009E+00
        35.0000006    5.3869219E+00
        40.0000007    2.9645236E+00
        45.0000007    1.5102128E+00
        50.0000008    7.2640592E-01
        55.0000009    3.3999085E-01
        60.0000010    1.6730793E-01
        65.0000011    9.5010437E-02
        70.0000011    6.3452803E-02
        75.0000012    2.0003517E-01
        80.0000013    1.8114735E-01
        85.0000014    1.5575829E-01
        90.0000015    1.3628687E-01
        95.2390015    1.1687905E-01
       100.6800016    9.5383391E-02
       114.2900019    5.4685596E-02
       119.7300019    4.3594275E-02
       122.4500020    3.8884543E-02
       125.1700020    3.4660332E-02
       127.8900021    3.0875111E-02
       130.6100021    2.7486868E-02
       133.3300022    2.4457410E-02
       136.0600022    2.1742364E-02
       146.9400024    1.3560877E-02
       149.6600024    1.2046310E-02
       155.1000025    9.5053809E-03
       157.8200026    8.4443586E-03
       160.5500026    7.4994457E-03
       165.9900027    7.1581560E-03
       171.4300028    5.8100582E-03
       176.8700029    5.0976430E-03
       179.5900029    4.6237279E-03
       182.3100030    4.1777822E-03
       185.0400030    3.7681176E-03
       187.7600031    3.3998489E-03
       190.4800031    3.0699174E-03
       195.9200032    2.5114769E-03
       198.6400032    2.2755535E-03
       204.0800033    1.8749255E-03
       206.8000034    1.7050630E-03
       209.5300034    1.5519437E-03
       212.2500035    1.4147295E-03
       214.9700035    1.2911120E-03
       220.4100036    1.0788064E-03
       225.8500037    9.0502133E-04
       236.7400038    7.4581738E-04
       247.6200040    5.2825356E-04
       258.5100042    3.7520504E-04
       272.1100044    2.4791979E-04
       285.7200046    1.6646362E-04
       299.3200049    1.1367277E-04
       312.9300051    7.8890400E-05
       340.1400055    3.9828257E-05
       353.7400058    2.8908913E-05
       380.9500062    1.5775602E-05
       394.5600064    1.1825633E-05
       408.1700066    8.9356381E-06
       435.3800071    5.2009432E-06
       462.5900075    3.0841481E-06
       476.1900077    2.3869889E-06
       489.8000080    1.8515490E-06
       503.4000082    1.4391653E-06
       517.0100084    1.1199542E-06
       557.8300091    5.2992414E-07
       571.4300093    4.1296727E-07
       585.0400095    3.2154998E-07
       612.2500100    1.9428620E-07
       666.6700108    6.9042777E-08
       680.2800111    5.2828014E-08
       707.4900115    3.0586953E-08
       734.7000119    1.7088832E-08
       761.9100124    9.0641272E-09
       789.1200128    4.3829544E-09
       816.3300133    1.6400732E-09
 
