       12.5000002    5.4718311E+01
        15.0000002    3.0761660E+01
        20.0000003    1.6072735E+01
        25.0000004    6.4815640E+00
        30.0000005    4.3334870E+00
        35.0000006    1.7606200E+00
        40.0000007    6.9704050E-01
        45.0000007    3.0182508E-01
        50.0000008    1.5142104E-01
        55.0000009    9.2568494E-02
        60.0000010    6.5344892E-02
        65.0000011    4.7817416E-02
        70.0000011    3.4270797E-02
        75.0000012    1.2973383E-01
        80.0000013    1.1647366E-01
        85.0000014    9.6913576E-02
        90.0000015    8.1264973E-02
        95.2390015    6.6121958E-02
       100.6800016    5.0337028E-02
       114.2900019    2.3645921E-02
       119.7300019    1.7428134E-02
       122.4500020    1.4963815E-02
       125.1700020    1.2849810E-02
       127.8900021    1.1036632E-02
       130.6100021    9.4815958E-03
       133.3300022    8.1480006E-03
       136.0600022    7.0003788E-03
       146.9400024    3.8377387E-03
       149.6600024    3.3059428E-03
       155.1000025    2.4568187E-03
       157.8200026    2.1195509E-03
       160.5500026    1.8285613E-03
       165.9900027    1.9101745E-03
       171.4300028    1.5169755E-03
       176.8700029    1.3980165E-03
       179.5900029    1.2620271E-03
       182.3100030    1.1349735E-03
       185.0400030    1.0187418E-03
       187.7600031    9.1449212E-04
       190.4800031    8.2121673E-04
       195.9200032    6.6365226E-04
       198.6400032    5.9724587E-04
       204.0800033    4.8474592E-04
       206.8000034    4.3718889E-04
       209.5300034    3.9442696E-04
       212.2500035    3.5622122E-04
       214.9700035    3.2192070E-04
       220.4100036    2.6337491E-04
       225.8500037    2.1593896E-04
       236.7400038    1.5277314E-04
       247.6200040    1.0414132E-04
       258.5100042    7.2103998E-05
       272.1100044    4.6540565E-05
       285.7200046    3.0653948E-05
       299.3200049    2.0535679E-05
       312.9300051    1.3930669E-05
       340.1400055    6.5722193E-06
       353.7400058    4.5438428E-06
       380.9500062    2.1729461E-06
       394.5600064    1.4967683E-06
       408.1700066    1.0256244E-06
       435.3800071    4.6987819E-07
       462.5900075    2.0382676E-07
       476.1900077    1.2977134E-07
       489.8000080    7.9567194E-08
       503.4000082    4.5854890E-08
       517.0100084    2.3149685E-08
 
