       12.5000002    1.0807557E+01
        15.0000002    7.4740891E+00
        20.0000003    6.9751745E-01
        25.0000004    1.7128611E-01
        30.0000005    1.4522453E-01
        35.0000006    7.6616757E-02
        40.0000007    3.6456503E-02
        45.0000007    1.6295271E-02
        50.0000008    7.5079212E-03
        55.0000009    3.9377273E-03
        60.0000010    2.3572796E-03
        65.0000011    1.5008525E-03
        70.0000011    9.6049457E-04
        75.0000012    4.3176836E-03
        80.0000013    2.6381644E-03
        85.0000014    1.4121174E-03
        90.0000015    7.2835491E-04
        95.2390015    3.5717935E-04
       100.6800016    1.6832129E-04
       114.2900019    2.4996258E-05
       119.7300019    1.1402038E-05
       122.4500020    7.5671996E-06
       125.1700020    4.8936477E-06
       127.8900021    3.0003455E-06
       130.6100021    1.6003082E-06
       133.3300022    9.3844378E-08
 
