       12.5000002    1.4596078E+03
        15.0000002    6.0861896E+02
        20.0000003    4.6594612E+01
        25.0000004    2.0111179E+01
        30.0000005    1.4101330E+01
        35.0000006    8.8799667E+00
        40.0000007    5.9257255E+00
        45.0000007    3.8368032E+00
        50.0000008    2.3079743E+00
        55.0000009    1.2733806E+00
        60.0000010    6.5428007E-01
        65.0000011    3.2693377E-01
        70.0000011    1.6858630E-01
        75.0000012    3.6789021E-01
        80.0000013    3.0157670E-01
        85.0000014    2.6138386E-01
        90.0000015    2.4194257E-01
        95.2390015    2.0050314E-01
       100.6800016    1.5080164E-01
       114.2900019    8.4138095E-02
       119.7300019    6.9569252E-02
       122.4500020    6.3462503E-02
       125.1700020    5.7950761E-02
       127.8900021    5.2942336E-02
       130.6100021    4.8370276E-02
       133.3300022    4.4184178E-02
       136.0600022    4.0331405E-02
       146.9400024    2.7884452E-02
       149.6600024    2.5389981E-02
       155.1000025    2.1017395E-02
       157.8200026    1.9108813E-02
       160.5500026    1.7360497E-02
       165.9900027    1.7130295E-02
       171.4300028    1.4504869E-02
       176.8700029    1.2919509E-02
       179.5900029    1.1937886E-02
       182.3100030    1.0942483E-02
       185.0400030    9.9740028E-03
       187.7600031    9.0691568E-03
       190.4800031    8.2406923E-03
       195.9200032    6.8079652E-03
       198.6400032    6.1885570E-03
       204.0800033    5.1213573E-03
       206.8000034    4.6651703E-03
       209.5300034    4.2526228E-03
       212.2500035    3.8820102E-03
       214.9700035    3.5474703E-03
       220.4100036    2.9717889E-03
       225.8500037    2.4998996E-03
       236.7400038    2.1322155E-03
       247.6200040    1.5754416E-03
       258.5100042    1.1599117E-03
       272.1100044    7.9608860E-04
       285.7200046    5.5171567E-04
       299.3200049    3.8634468E-04
       312.9300051    2.7330007E-04
       340.1400055    1.4132637E-04
       353.7400058    1.0335554E-04
       380.9500062    5.7143647E-05
       394.5600064    4.3177028E-05
       408.1700066    3.2955973E-05
       435.3800071    1.9743235E-05
       462.5900075    1.2212407E-05
       476.1900077    9.7034208E-06
       489.8000080    7.7534687E-06
       503.4000082    6.2284257E-06
       517.0100084    5.0254621E-06
       557.8300091    2.7003980E-06
       571.4300093    2.2091515E-06
       585.0400095    1.8115568E-06
       612.2500100    1.2263122E-06
       666.6700108    5.7350371E-07
       680.2800111    4.7578985E-07
       707.4900115    3.3689005E-07
       734.7000119    2.3484061E-07
       761.9100124    1.6200275E-07
       789.1200128    1.1207612E-07
       816.3300133    7.7661326E-08
       843.5400137    5.3838047E-08
       870.7500142    3.7295472E-08
       911.5700148    2.1413864E-08
       952.3900155    1.2182457E-08
       993.2000162    9.1331831E-09
      1020.4000166    5.9813852E-09
      1061.2000173    3.4815038E-09
      1088.4000177    2.1599813E-09
      1102.0000179    1.6803100E-09
      1115.7000181    1.2897919E-09
      1129.3000184    9.7694741E-10
      1142.9000186    7.2442013E-10
      1156.5000188    5.2019727E-10
      1170.1000190    3.5356459E-10
      1197.3000195    3.0102093E-10
 
