       12.5000002    2.9273584E+00
        15.0000002    8.1710088E-01
        20.0000003    2.1922670E-01
        25.0000004    9.1462597E-02
        30.0000005    4.3729473E-02
        35.0000006    1.5046180E-02
        40.0000007    6.1423243E-03
        45.0000007    3.0550542E-03
        50.0000008    1.5406398E-03
        55.0000009    7.1778934E-04
        60.0000010    3.0537223E-04
        65.0000011    1.1930028E-04
        70.0000011    4.0943603E-05
        75.0000012    6.1493822E-08
 
