       12.5000002    2.5668976E+01
        15.0000002    3.1200558E+01
        20.0000003    1.0931636E+01
        25.0000004    4.5761728E+00
        30.0000005    2.0468669E+00
        35.0000006    6.5572435E-01
        40.0000007    2.6512405E-01
        45.0000007    1.4078479E-01
        50.0000008    9.0846807E-02
        55.0000009    6.4580642E-02
        60.0000010    4.5520350E-02
        65.0000011    3.0532373E-02
        70.0000011    1.9559827E-02
        75.0000012    9.4553262E-02
        80.0000013    8.2903855E-02
        85.0000014    6.6012181E-02
        90.0000015    5.2151605E-02
        95.2390015    3.9608572E-02
       100.6800016    2.8302584E-02
       114.2900019    1.1618084E-02
       119.7300019    8.1481868E-03
       122.4500020    6.8286303E-03
       125.1700020    5.7256222E-03
       127.8900021    4.8032515E-03
       130.6100021    4.0316135E-03
       133.3300022    3.3857992E-03
       136.0600022    2.8432368E-03
       146.9400024    1.4261923E-03
       149.6600024    1.2022052E-03
       155.1000025    8.5606414E-04
       157.8200026    7.2319934E-04
       160.5500026    6.1106210E-04
       165.9900027    7.6582789E-04
       171.4300028    6.0316821E-04
       176.8700029    5.8386911E-04
       179.5900029    5.2328443E-04
       182.3100030    4.6641973E-04
       185.0400030    4.1451104E-04
       187.7600031    3.6819492E-04
       190.4800031    3.2702141E-04
       195.9200032    2.5821748E-04
       198.6400032    2.2958477E-04
       204.0800033    1.8172371E-04
       206.8000034    1.6178421E-04
       209.5300034    1.4403346E-04
       212.2500035    1.2833721E-04
       214.9700035    1.1439491E-04
       220.4100036    9.0983413E-05
       225.8500037    7.2450210E-05
       236.7400038    5.1363233E-05
       247.6200040    3.4394521E-05
       258.5100042    2.3290399E-05
       272.1100044    1.4470546E-05
       285.7200046    9.0415206E-06
       299.3200049    5.6509998E-06
       312.9300051    3.5107839E-06
       340.1400055    1.3014992E-06
       353.7400058    7.6452778E-07
       380.9500062    2.2570042E-07
       394.5600064    1.0084224E-07
       408.1700066    1.0292617E-08
 
