       12.5000002    1.8786359E+02
        15.0000002    4.2374363E+01
        20.0000003    2.0969730E+01
        25.0000004    8.9406786E+00
        30.0000005    6.7811418E+00
        35.0000006    3.4822042E+00
        40.0000007    1.6163090E+00
        45.0000007    7.2485429E-01
        50.0000008    3.2799080E-01
        55.0000009    1.6108428E-01
        60.0000010    9.4029836E-02
        65.0000011    6.4655192E-02
        70.0000011    4.7930989E-02
        75.0000012    1.6413818E-01
        80.0000013    1.4835000E-01
        85.0000014    1.2589283E-01
        90.0000015    1.0870418E-01
        95.2390015    9.2223220E-02
       100.6800016    7.3646814E-02
       114.2900019    3.8774941E-02
       119.7300019    2.9808002E-02
       122.4500020    2.6117558E-02
       125.1700020    2.2876021E-02
       127.8900021    2.0031227E-02
       130.6100021    1.7536679E-02
       133.3300022    1.5350859E-02
       136.0600022    1.3430214E-02
       146.9400024    7.8898054E-03
       149.6600024    6.9105742E-03
       155.1000025    5.3061787E-03
       157.8200026    4.6518962E-03
       160.5500026    4.0778094E-03
       165.9900027    3.9630509E-03
       171.4300028    3.1698300E-03
       176.8700029    2.8221684E-03
       179.5900029    2.5510443E-03
       182.3100030    2.2995046E-03
       185.0400030    2.0703115E-03
       187.7600031    1.8651667E-03
       190.4800031    1.6817461E-03
       195.9200032    1.3717799E-03
       198.6400032    1.2409582E-03
       204.0800033    1.0187825E-03
       206.8000034    9.2453655E-04
       209.5300034    8.3955424E-04
       212.2500035    7.6338282E-04
       214.9700035    6.9475191E-04
       220.4100036    5.7690265E-04
       225.8500037    4.8051757E-04
       236.7400038    3.6769171E-04
       247.6200040    2.5452799E-04
       258.5100042    1.7793181E-04
       272.1100044    1.1591868E-04
       285.7200046    7.7081408E-05
       299.3200049    5.2287403E-05
       312.9300051    3.6098532E-05
       340.1400055    1.8001929E-05
       353.7400058    1.2943789E-05
       380.9500062    6.8612649E-06
       394.5600064    5.0402582E-06
       408.1700066    3.7174502E-06
       435.3800071    2.0372900E-06
       462.5900075    1.1197267E-06
       476.1900077    8.2927858E-07
       489.8000080    6.1289796E-07
       503.4000082    4.5185874E-07
       517.0100084    3.3186191E-07
       557.8300091    1.2727385E-07
       571.4300093    9.1030103E-08
       585.0400095    6.4340512E-08
       612.2500100    3.0555942E-08
       666.6700108    3.3180725E-09
 
