       12.5000002    2.3993792E+03
        15.0000002    9.7658032E+02
        20.0000003    6.5407562E+01
        25.0000004    2.1236700E+01
        30.0000005    1.4762220E+01
        35.0000006    9.2805014E+00
        40.0000007    6.2232161E+00
        45.0000007    4.0832820E+00
        50.0000008    2.5008807E+00
        55.0000009    1.4077004E+00
        60.0000010    7.3743069E-01
        65.0000011    3.7389553E-01
        70.0000011    1.9356370E-01
        75.0000012    4.1469675E-01
        80.0000013    3.3620623E-01
        85.0000014    2.9215664E-01
        90.0000015    2.7454853E-01
        95.2390015    2.2827753E-01
       100.6800016    1.6954494E-01
       114.2900019    9.2796065E-02
       119.7300019    7.6930225E-02
       122.4500020    7.0374928E-02
       125.1700020    6.4493604E-02
       127.8900021    5.9168953E-02
       130.6100021    5.4316342E-02
       133.3300022    4.9873393E-02
       136.0600022    4.5778450E-02
       146.9400024    3.2441951E-02
       149.6600024    2.9735832E-02
       155.1000025    2.4951197E-02
       157.8200026    2.2842966E-02
       160.5500026    2.0899193E-02
       165.9900027    2.1001317E-02
       171.4300028    1.8052183E-02
       176.8700029    1.6318278E-02
       179.5900029    1.5207953E-02
       182.3100030    1.4052474E-02
       185.0400030    1.2901997E-02
       187.7600031    1.1808585E-02
       190.4800031    1.0796981E-02
       195.9200032    9.0268105E-03
       198.6400032    8.2503622E-03
       204.0800033    6.8966909E-03
       206.8000034    6.3126511E-03
       209.5300034    5.7816994E-03
       212.2500035    5.3023030E-03
       214.9700035    4.8674308E-03
       220.4100036    4.1137780E-03
       225.8500037    3.4902703E-03
       236.7400038    2.9872186E-03
       247.6200040    2.2590414E-03
       258.5100042    1.7042054E-03
       272.1100044    1.2062392E-03
       285.7200046    8.6234149E-04
       299.3200049    6.2277162E-04
       312.9300051    4.5407590E-04
       340.1400055    2.4871467E-04
       353.7400058    1.8687436E-04
       380.9500062    1.0869942E-04
       394.5600064    8.4132880E-05
       408.1700066    6.5745437E-05
       435.3800071    4.1265575E-05
       462.5900075    2.6777887E-05
       476.1900077    2.1815871E-05
       489.8000080    1.7891436E-05
       503.4000082    1.4767127E-05
       517.0100084    1.2257166E-05
       557.8300091    7.2245762E-06
       571.4300093    6.1109940E-06
       585.0400095    5.1880911E-06
       612.2500100    3.7784514E-06
       666.6700108    2.0752545E-06
       680.2800111    1.7976356E-06
       707.4900115    1.4449203E-06
       734.7000119    1.1233917E-06
       761.9100124    8.5072463E-07
       789.1200128    6.5028377E-07
       816.3300133    5.0120343E-07
       843.5400137    3.8922087E-07
       870.7500142    3.0436382E-07
       911.5700148    2.1298497E-07
       952.3900155    1.5100657E-07
       993.2000162    1.8399547E-07
      1020.4000166    1.4504856E-07
      1061.2000173    1.2493138E-07
      1088.4000177    9.9372237E-08
      1102.0000179    8.8804818E-08
      1115.7000181    7.9399840E-08
      1129.3000184    7.1139453E-08
      1142.9000186    6.3817758E-08
      1156.5000188    5.7319319E-08
      1170.1000190    5.1544014E-08
      1197.3000195    1.2499753E-07
      1210.9000197    1.1411925E-07
      1224.5000199    1.0419146E-07
      1227.2000200    1.0233190E-07
      1229.9000200    1.0050855E-07
      1232.7000200    9.8654809E-08
      1235.4000201    9.6902404E-08
      1238.1000201    9.5183843E-08
      1240.8000202    9.3498464E-08
      1243.5000202    9.1845614E-08
      1246.3000203    9.0165216E-08
      1249.0000203    8.8576627E-08
      1257.2000204    8.3936925E-08
      1259.9000205    8.2468020E-08
      1262.6000205    8.1027245E-08
      1270.8000207    7.6818104E-08
      1281.6000208    7.1636116E-08
      1289.8000210    6.7957622E-08
      1292.5000210    6.6792218E-08
      1295.2000211    6.5648756E-08
      1298.0000211    6.4485562E-08
      1300.7000212    6.3385350E-08
      1303.4000212    6.2305674E-08
      1306.1000212    6.1246197E-08
      1314.3000214    5.8147883E-08
      1330.6000216    5.2487756E-08
      1341.5000218    4.9041709E-08
      1355.1000220    4.5086281E-08
      1360.6000221    4.3587399E-08
      1371.4000223    4.0801009E-08
      1382.3000225    3.8186116E-08
      1390.5000226    3.6340431E-08
      1395.9000227    3.5178669E-08
      1404.1000228    3.3491872E-08
      1406.8000229    3.2956095E-08
      1409.5000229    3.2429735E-08
      1415.0000230    3.1385898E-08
      1417.7000231    3.0887044E-08
      1420.4000231    3.0396901E-08
      1423.1000231    2.9915306E-08
      1425.9000232    2.9424722E-08
      1428.6000232    2.8960036E-08
      1431.3000233    2.8503413E-08
      1436.7000234    2.7613750E-08
      1439.5000234    2.7164511E-08
      1442.2000235    2.6738924E-08
      1444.9000235    2.6320665E-08
      1447.6000235    2.5909596E-08
      1450.4000236    2.5490753E-08
      1453.1000236    2.5093918E-08
      1455.8000237    2.4703875E-08
      1458.5000237    2.4320492E-08
      1461.2000238    2.3943652E-08
      1466.7000239    2.3195739E-08
      1469.4000239    2.2838027E-08
      1472.1000239    2.2486377E-08
      1477.6000240    2.1788351E-08
      1480.3000241    2.1454442E-08
      1488.4000242    2.0486063E-08
      1491.2000242    2.0162592E-08
      1496.6000243    1.9554522E-08
      1551.0000252    1.4438629E-08
      1632.7000266    9.3120596E-09
      1823.1000296    3.5963295E-09
      2340.2000381    4.0350373E-10
      2829.9000460    7.5095423E-11
      3047.6000496    3.8733478E-11
      3700.7000602    6.8416128E-12
      4000.0000650    3.4001961E-12
      4680.3000761    7.1212573E-13
      5006.8000814    3.4888992E-13
      5387.8000876    1.1084102E-13
 
