       12.5000002    2.6885988E+01
        15.0000002    3.2194626E+01
        20.0000003    1.1590172E+01
        25.0000004    4.9396887E+00
        30.0000005    2.3906960E+00
        35.0000006    8.0579317E-01
        40.0000007    3.2535565E-01
        45.0000007    1.6750403E-01
        50.0000008    1.0515653E-01
        55.0000009    7.4901991E-02
        60.0000010    5.4487754E-02
        65.0000011    3.8315091E-02
        70.0000011    2.5879933E-02
        75.0000012    1.1537765E-01
        80.0000013    1.0354638E-01
        85.0000014    8.5145473E-02
        90.0000015    7.0021629E-02
        95.2390015    5.5697091E-02
       100.6800016    4.1686188E-02
       114.2900019    1.9214051E-02
       119.7300019    1.4144326E-02
       122.4500020    1.2150751E-02
       125.1700020    1.0447097E-02
       127.8900021    8.9901574E-03
       130.6100021    7.7432897E-03
       133.3300022    6.6754036E-03
       136.0600022    5.7569803E-03
       146.9400024    3.2219056E-03
       149.6600024    2.7934457E-03
       155.1000025    2.1060782E-03
       157.8200026    1.8314191E-03
       160.5500026    1.5933599E-03
       165.9900027    1.7862241E-03
       171.4300028    1.4537381E-03
       176.8700029    1.3916407E-03
       179.5900029    1.2708504E-03
       182.3100030    1.1557245E-03
       185.0400030    1.0488706E-03
       187.7600031    9.5190026E-04
       190.4800031    8.6423772E-04
       195.9200032    7.1405427E-04
       198.6400032    6.4985018E-04
       204.0800033    5.3959881E-04
       206.8000034    4.9233803E-04
       209.5300034    4.4945089E-04
       212.2500035    4.1077792E-04
       214.9700035    3.7573389E-04
       220.4100036    3.1508264E-04
       225.8500037    2.6498720E-04
       236.7400038    1.9763847E-04
       247.6200040    1.4247057E-04
       258.5100042    1.0434729E-04
       272.1100044    7.2287454E-05
       285.7200046    5.1167746E-05
       299.3200049    3.6923921E-05
       312.9300051    2.7081689E-05
       340.1400055    1.5176312E-05
       353.7400058    1.1553717E-05
       380.9500062    6.8762010E-06
       394.5600064    5.3649665E-06
       408.1700066    4.2134739E-06
       435.3800071    2.6452885E-06
       462.5900075    1.6952678E-06
       476.1900077    1.3666605E-06
       489.8000080    1.1063094E-06
       503.4000082    8.9935713E-07
       517.0100084    7.3386957E-07
       557.8300091    4.0763516E-07
       571.4300093    3.3743092E-07
       585.0400095    2.8018874E-07
       612.2500100    1.9503273E-07
       666.6700108    9.7861744E-08
       680.2800111    8.2923705E-08
       707.4900115    6.0310249E-08
       734.7000119    4.4134431E-08
       761.9100124    3.2522852E-08
       789.1200128    2.4184443E-08
       816.3300133    1.8139103E-08
       843.5400137    1.3716448E-08
       870.7500142    1.0452925E-08
       911.5700148    7.0497652E-09
       952.3900155    4.8286135E-09
       993.2000162    4.0621435E-09
      1020.4000166    3.1790672E-09
      1061.2000173    2.4469748E-09
      1088.4000177    1.9372011E-09
      1102.0000179    1.7273931E-09
      1115.7000181    1.5412238E-09
      1129.3000184    1.3781455E-09
      1142.9000186    1.2340298E-09
      1156.5000188    1.1064517E-09
      1170.1000190    9.9334985E-10
      1197.3000195    3.4134122E-09
      1210.9000197    3.0973102E-09
      1224.5000199    2.8095317E-09
      1227.2000200    2.7558225E-09
      1229.9000200    2.7032141E-09
      1232.7000200    2.6497999E-09
      1235.4000201    2.5993754E-09
      1238.1000201    2.5499924E-09
      1240.8000202    2.5016305E-09
      1243.5000202    2.4542686E-09
      1246.3000203    2.4061866E-09
      1249.0000203    2.3607978E-09
      1257.2000204    2.2286131E-09
      1259.9000205    2.1868860E-09
      1262.6000205    2.1460165E-09
      1270.8000207    2.0269606E-09
      1281.6000208    1.8811159E-09
      1289.8000210    1.7781037E-09
      1292.5000210    1.7455589E-09
      1295.2000211    1.7136697E-09
      1298.0000211    1.6812766E-09
      1300.7000212    1.6506789E-09
      1303.4000212    1.6206944E-09
      1306.1000212    1.5913094E-09
      1314.3000214    1.5056100E-09
      1330.6000216    1.3499770E-09
      1341.5000218    1.2558427E-09
      1355.1000220    1.1484074E-09
      1360.6000221    1.1078756E-09
      1371.4000223    1.0328028E-09
      1382.3000225    9.6268915E-10
      1390.5000226    9.1340691E-10
      1395.9000227    8.8247704E-10
      1404.1000228    8.3769808E-10
      1406.8000229    8.2350771E-10
      1409.5000229    8.0958240E-10
      1415.0000230    7.8201345E-10
      1417.7000231    7.6886042E-10
      1420.4000231    7.5595130E-10
      1423.1000231    7.4328121E-10
      1425.9000232    7.3038914E-10
      1428.6000232    7.1819101E-10
      1431.3000233    7.0621753E-10
      1436.7000234    6.8292649E-10
      1439.5000234    6.7118472E-10
      1442.2000235    6.6007316E-10
      1444.9000235    6.4916450E-10
      1447.6000235    6.3845457E-10
      1450.4000236    6.2755379E-10
      1453.1000236    6.1723671E-10
      1455.8000237    6.0710670E-10
      1458.5000237    5.9715999E-10
      1461.2000238    5.8739297E-10
      1466.7000239    5.6803851E-10
      1469.4000239    5.5879584E-10
      1472.1000239    5.4971910E-10
      1477.6000240    5.3172888E-10
      1480.3000241    5.2313609E-10
      1488.4000242    4.9826471E-10
      1491.2000242    4.8997340E-10
      1496.6000243    4.7440990E-10
      1551.0000252    3.4475167E-10
      1632.7000266    2.1756859E-10
      1823.1000296    8.0330083E-11
      2340.2000381    8.0490337E-12
      2829.9000460    1.1398744E-12
      3047.6000496    4.1947882E-13
      3700.7000602    0.0000000E+00
      4000.0000650    0.0000000E+00
      4680.3000761    0.0000000E+00
      5006.8000814    0.0000000E+00
      5387.8000876    0.0000000E+00
 
