       12.5000002    4.0296647E-01
        15.0000002    3.7418085E-01
        20.0000003    1.2511131E-01
        25.0000004    3.9774664E-02
        30.0000005    1.6184591E-02
        35.0000006    7.9316227E-03
        40.0000007    4.3025445E-03
        45.0000007    2.3076104E-03
        50.0000008    1.2245855E-03
        55.0000009    6.5789430E-04
        60.0000010    3.6485842E-04
        65.0000011    2.1123773E-04
        70.0000011    1.2805426E-04
        75.0000012    2.0283417E-04
        80.0000013    1.1700107E-04
        85.0000014    6.8629080E-05
        90.0000015    4.1884003E-05
        95.2390015    2.6037858E-05
       100.6800016    1.6532962E-05
       114.2900019    6.0611774E-06
       119.7300019    4.2194670E-06
       122.4500020    3.5429548E-06
       125.1700020    2.9861094E-06
       127.8900021    2.5255067E-06
       130.6100021    2.1428157E-06
       133.3300022    1.8235303E-06
       136.0600022    1.5552586E-06
       146.9400024    8.4557729E-07
       149.6600024    7.3015849E-07
       155.1000025    5.4772846E-07
       157.8200026    4.7575529E-07
       160.5500026    4.1378257E-07
       165.9900027    6.8831037E-07
       171.4300028    5.0954259E-07
       176.8700029    4.8886204E-07
       179.5900029    4.2215254E-07
       182.3100030    3.6486341E-07
       185.0400030    3.1562806E-07
       187.7600031    2.7362867E-07
       190.4800031    2.3762517E-07
       195.9200032    1.8014281E-07
       198.6400032    1.5725335E-07
       204.0800033    1.2043391E-07
       206.8000034    1.0565513E-07
       209.5300034    9.2794153E-08
       212.2500035    8.1665192E-08
       214.9700035    7.1980828E-08
       220.4100036    5.6171821E-08
       225.8500037    4.4087795E-08
       236.7400038    1.3288292E-07
       247.6200040    8.9861288E-08
       258.5100042    6.1109702E-08
       272.1100044    3.8366441E-08
       285.7200046    2.4525139E-08
       299.3200049    1.5955468E-08
       312.9300051    1.0543800E-08
       340.1400055    4.8074948E-09
       353.7400058    3.3096803E-09
       380.9500062    1.6220318E-09
       394.5600064    1.1528768E-09
       408.1700066    8.2705470E-10
       435.3800071    4.3638160E-10
       462.5900075    2.3741903E-10
       476.1900077    1.7692899E-10
       489.8000080    1.3264290E-10
       503.4000082    1.0004183E-10
       517.0100084    7.5848605E-11
       557.8300091    3.3803356E-11
       571.4300093    2.6074851E-11
       585.0400095    1.9907249E-11
       612.2500100    1.1995677E-11
       666.6700108    4.0649671E-12
       680.2800111    3.1657298E-12
       707.4900115    1.7276008E-12
       734.7000119    8.5999935E-13
       761.9100124    1.9493924E-13
       789.1200128    0.0000000E+00
       816.3300133    0.0000000E+00
       843.5400137    0.0000000E+00
       870.7500142    0.0000000E+00
       911.5700148    0.0000000E+00
       952.3900155    0.0000000E+00
       993.2000162    0.0000000E+00
      1020.4000166    0.0000000E+00
      1061.2000173    0.0000000E+00
      1088.4000177    0.0000000E+00
      1102.0000179    0.0000000E+00
 
