       12.5000002    1.9734022E+01
        15.0000002    1.5347836E+01
        20.0000003    4.5222244E+00
        25.0000004    8.0509067E-01
        30.0000005    2.4945748E-01
        35.0000006    1.5685710E-01
        40.0000007    1.0596609E-01
        45.0000007    6.9340758E-02
        50.0000008    4.3131307E-02
        55.0000009    2.5195535E-02
        60.0000010    1.4183349E-02
        65.0000011    8.0637326E-03
        70.0000011    4.8340368E-03
        75.0000012    4.3338474E-02
        80.0000013    3.5862572E-02
        85.0000014    2.6192516E-02
        90.0000015    1.8725652E-02
        95.2390015    1.2950881E-02
       100.6800016    8.6494368E-03
       114.2900019    3.1762689E-03
       119.7300019    2.1573005E-03
       122.4500020    1.7834449E-03
       125.1700020    1.4774711E-03
       127.8900021    1.2265815E-03
       130.6100021    1.0204730E-03
       133.3300022    8.5083442E-04
       136.0600022    7.1048283E-04
       146.9400024    3.5423451E-04
       149.6600024    2.9938226E-04
       155.1000025    2.1536976E-04
       157.8200026    1.8332897E-04
       160.5500026    1.5634534E-04
       165.9900027    3.0594660E-04
       171.4300028    2.4616678E-04
       176.8700029    2.6110630E-04
       179.5900029    2.3530818E-04
       182.3100030    2.1112598E-04
       185.0400030    1.8907036E-04
       187.7600031    1.6937319E-04
       190.4800031    1.5181553E-04
       195.9200032    1.2229347E-04
       198.6400032    1.0991361E-04
       204.0800033    8.9036483E-05
       206.8000034    8.0247934E-05
       209.5300034    7.2365481E-05
       212.2500035    6.5340144E-05
       214.9700035    5.9047969E-05
       220.4100036    4.8344522E-05
       225.8500037    3.9709263E-05
       236.7400038    3.5177189E-05
       247.6200040    2.5704543E-05
       258.5100042    1.9002026E-05
       272.1100044    1.3225312E-05
       285.7200046    9.3343897E-06
       299.3200049    6.6718817E-06
       312.9300051    4.8203215E-06
       340.1400055    2.5909142E-06
       353.7400058    1.9247670E-06
       380.9500062    1.0873822E-06
       394.5600064    8.2625598E-07
       408.1700066    6.3216720E-07
       435.3800071    3.7739079E-07
       462.5900075    2.3079974E-07
       476.1900077    1.8204051E-07
       489.8000080    1.4432659E-07
       503.4000082    1.1503385E-07
       517.0100084    9.2125518E-08
       557.8300091    4.8661484E-08
       571.4300093    3.9682853E-08
       585.0400095    3.2488117E-08
       612.2500100    2.2033269E-08
       666.6700108    1.0575929E-08
       680.2800111    8.8745677E-09
       707.4900115    6.3128951E-09
       734.7000119    4.5380597E-09
       761.9100124    3.2958594E-09
       789.1200128    2.4177476E-09
       816.3300133    1.7903264E-09
       843.5400137    1.3374944E-09
       870.7500142    1.0075616E-09
       911.5700148    6.6846056E-10
       952.3900155    4.5079548E-10
       993.2000162    3.3810985E-10
      1020.4000166    2.6341934E-10
      1061.2000173    1.9304733E-10
      1088.4000177    1.5234751E-10
      1102.0000179    1.3562886E-10
      1115.7000181    1.2081235E-10
      1129.3000184    1.0785330E-10
      1142.9000186    9.6413121E-11
      1156.5000188    8.6299148E-11
      1170.1000190    7.7344929E-11
      1197.3000195    2.9403141E-10
      1210.9000197    2.6582789E-10
      1224.5000199    2.4022134E-10
      1227.2000200    2.3545213E-10
      1229.9000200    2.3078400E-10
      1232.7000200    2.2604786E-10
      1235.4000201    2.2158010E-10
      1238.1000201    2.1720785E-10
      1240.8000202    2.1292913E-10
      1243.5000202    2.0874201E-10
      1246.3000203    2.0449445E-10
      1249.0000203    2.0048785E-10
      1257.2000204    1.8883697E-10
      1259.9000205    1.8516470E-10
      1262.6000205    1.8157061E-10
      1270.8000207    1.7111637E-10
      1281.6000208    1.5834323E-10
      1289.8000210    1.4934497E-10
      1292.5000210    1.4650639E-10
      1295.2000211    1.4372703E-10
      1298.0000211    1.4090587E-10
      1300.7000212    1.3824307E-10
      1303.4000212    1.3563552E-10
      1306.1000212    1.3308199E-10
      1314.3000214    1.2564558E-10
      1330.6000216    1.1218449E-10
      1341.5000218    1.0407194E-10
      1355.1000220    9.4842668E-11
      1360.6000221    9.1369454E-11
      1371.4000223    8.4949735E-11
      1382.3000225    7.8970622E-11
      1390.5000226    7.4778114E-11
      1395.9000227    7.2151347E-11
      1404.1000228    6.8354843E-11
      1406.8000229    6.7153373E-11
      1409.5000229    6.5975121E-11
      1415.0000230    6.3644798E-11
      1417.7000231    6.2534131E-11
      1420.4000231    6.1444780E-11
      1423.1000231    6.0376294E-11
      1425.9000232    5.9289816E-11
      1428.6000232    5.8262506E-11
      1431.3000233    5.7254770E-11
      1436.7000234    5.5296413E-11
      1439.5000234    5.4310112E-11
      1442.2000235    5.3377365E-11
      1444.9000235    5.2462232E-11
      1447.6000235    5.1564353E-11
      1450.4000236    5.0651067E-11
      1453.1000236    4.9787247E-11
      1455.8000237    4.8939630E-11
      1458.5000237    4.8107879E-11
      1461.2000238    4.7291674E-11
      1466.7000239    4.5675783E-11
      1469.4000239    4.4904875E-11
      1472.1000239    4.4148275E-11
      1477.6000240    4.2650102E-11
      1480.3000241    4.1935205E-11
      1488.4000242    3.8824104E-11
      1491.2000242    3.8144189E-11
      1496.6000243    3.6869400E-11
      1551.0000252    2.6332891E-11
      1632.7000266    1.6016783E-11
      1823.1000296    5.2383306E-12
      2340.2000381    0.0000000E+00
      2829.9000460    0.0000000E+00
      3047.6000496    0.0000000E+00
      3700.7000602    0.0000000E+00
      4000.0000650    0.0000000E+00
      4680.3000761    0.0000000E+00
      5006.8000814    0.0000000E+00
      5387.8000876    0.0000000E+00
 
