       12.5000002    6.3092834E+02
        15.0000002    1.5392773E+02
        20.0000003    2.3813938E+01
        25.0000004    1.3004753E+01
        30.0000005    9.4630051E+00
        35.0000006    5.7398663E+00
        40.0000007    3.2379854E+00
        45.0000007    1.6951829E+00
        50.0000008    8.3685106E-01
        55.0000009    3.9888132E-01
        60.0000010    1.9613485E-01
        65.0000011    1.0890432E-01
        70.0000011    7.0857354E-02
        75.0000012    2.1863338E-01
        80.0000013    1.9882138E-01
        85.0000014    1.7257853E-01
        90.0000015    1.5254860E-01
        95.2390015    1.3145071E-01
       100.6800016    1.0790005E-01
       114.2900019    6.3987091E-02
       119.7300019    5.1921912E-02
       122.4500020    4.6747066E-02
       125.1700020    4.2069610E-02
       127.8900021    3.7843060E-02
       130.6100021    3.4026191E-02
       133.3300022    3.0581910E-02
       136.0600022    2.7465684E-02
       146.9400024    1.7854933E-02
       149.6600024    1.6028201E-02
       155.1000025    1.2917675E-02
       157.8200026    1.1598558E-02
       160.5500026    1.0411825E-02
       165.9900027    1.0061244E-02
       171.4300028    8.3337119E-03
       176.8700029    7.3848306E-03
       179.5900029    6.7586605E-03
       182.3100030    6.1558005E-03
       185.0400030    5.5926670E-03
       187.7600031    5.0802836E-03
       190.4800031    4.6172249E-03
       195.9200032    3.8251032E-03
       198.6400032    3.4868680E-03
       204.0800033    2.9075008E-03
       206.8000034    2.6599378E-03
       209.5300034    2.4357229E-03
       212.2500035    2.2338727E-03
       214.9700035    2.0512068E-03
       220.4100036    1.7354630E-03
       225.8500037    1.4747797E-03
       236.7400038    1.2795083E-03
       247.6200040    9.4377383E-04
       258.5100042    6.9636735E-04
       272.1100044    4.8153586E-04
       285.7200046    3.3770644E-04
       299.3200049    2.4033750E-04
       312.9300051    1.7347724E-04
       340.1400055    9.4301271E-05
       353.7400058    7.0951246E-05
       380.9500062    4.1664367E-05
       394.5600064    3.2463988E-05
       408.1700066    2.5549143E-05
       435.3800071    1.6251361E-05
       462.5900075    1.0651635E-05
       476.1900077    8.7063781E-06
       489.8000080    7.1549302E-06
       503.4000082    5.9106155E-06
       517.0100084    4.9046344E-06
       557.8300091    2.8714255E-06
       571.4300093    2.4194801E-06
       585.0400095    2.0448965E-06
       612.2500100    1.4738325E-06
       666.6700108    7.8996550E-07
       680.2800111    6.7987344E-07
       707.4900115    5.2047386E-07
       734.7000119    3.9452937E-07
       761.9100124    2.9717074E-07
       789.1200128    2.2570140E-07
       816.3300133    1.7273730E-07
       843.5400137    1.3314968E-07
       870.7500142    1.0332528E-07
       911.5700148    7.1464498E-08
       952.3900155    5.0081240E-08
       993.2000162    5.2228685E-08
      1020.4000166    4.1066194E-08
      1061.2000173    3.3933375E-08
      1088.4000177    2.6927530E-08
      1102.0000179    2.4035968E-08
      1115.7000181    2.1465572E-08
      1129.3000184    1.9210908E-08
      1142.9000186    1.7214859E-08
      1156.5000188    1.5445274E-08
      1170.1000190    1.3874514E-08
      1197.3000195    3.8985096E-08
      1210.9000197    3.5491748E-08
      1224.5000199    3.2306772E-08
      1227.2000200    3.1711195E-08
      1229.9000200    3.1127403E-08
      1232.7000200    3.0534220E-08
      1235.4000201    2.9973801E-08
      1238.1000201    2.9424534E-08
      1240.8000202    2.8886198E-08
      1243.5000202    2.8358578E-08
      1246.3000203    2.7822503E-08
      1249.0000203    2.7316041E-08
      1257.2000204    2.5838716E-08
      1259.9000205    2.5371605E-08
      1262.6000205    2.4913733E-08
      1270.8000207    2.3577792E-08
      1281.6000208    2.1936748E-08
      1289.8000210    2.0774504E-08
      1292.5000210    2.0406747E-08
      1295.2000211    2.0046128E-08
      1298.0000211    1.9679533E-08
      1300.7000212    1.9332996E-08
      1303.4000212    1.8993150E-08
      1306.1000212    1.8659859E-08
      1314.3000214    1.7686421E-08
      1330.6000216    1.5912985E-08
      1341.5000218    1.4836568E-08
      1355.1000220    1.3604347E-08
      1360.6000221    1.3138387E-08
      1371.4000223    1.2273691E-08
      1382.3000225    1.1464094E-08
      1390.5000226    1.0893805E-08
      1395.9000227    1.0535349E-08
      1404.1000228    1.0015627E-08
      1406.8000229    9.8507336E-09
      1409.5000229    9.6888275E-09
      1415.0000230    9.3680157E-09
      1417.7000231    9.2148262E-09
      1420.4000231    9.0643928E-09
      1423.1000231    8.9166630E-09
      1425.9000232    8.7662606E-09
      1428.6000232    8.6238749E-09
      1431.3000233    8.4840348E-09
      1436.7000234    8.2117948E-09
      1439.5000234    8.0744371E-09
      1442.2000235    7.9443820E-09
      1444.9000235    7.8166336E-09
      1447.6000235    7.6911473E-09
      1450.4000236    7.5633553E-09
      1453.1000236    7.4423432E-09
      1455.8000237    7.3234636E-09
      1458.5000237    7.2066753E-09
      1461.2000238    7.0919381E-09
      1466.7000239    6.8643984E-09
      1469.4000239    6.7556547E-09
      1472.1000239    6.6488091E-09
      1477.6000240    6.4368817E-09
      1480.3000241    6.3355818E-09
      1488.4000242    6.0420908E-09
      1491.2000242    5.9441541E-09
      1496.6000243    5.7601870E-09
      1551.0000252    4.2201940E-09
      1632.7000266    2.6939035E-09
      1823.1000296    1.0216308E-09
      2340.2000381    1.1188618E-10
      2829.9000460    2.0563237E-11
      3047.6000496    1.0577110E-11
      3700.7000602    1.6929448E-12
      4000.0000650    8.0991800E-13
      4680.3000761    3.3905960E-14
      5006.8000814    0.0000000E+00
      5387.8000876    0.0000000E+00
 
