       12.5000002    4.2641692E+00
        15.0000002    1.3899337E+00
        20.0000003    2.6795089E-01
        25.0000004    1.3765626E-01
        30.0000005    8.7944314E-02
        35.0000006    3.7984394E-02
        40.0000007    1.6550904E-02
        45.0000007    8.2050255E-03
        50.0000008    4.7607194E-03
        55.0000009    3.0291420E-03
        60.0000010    1.9835716E-03
        65.0000011    1.3013890E-03
        70.0000011    8.5180183E-04
        75.0000012    3.2587186E-03
        80.0000013    2.1568865E-03
        85.0000014    1.3087427E-03
        90.0000015    7.8957708E-04
        95.2390015    4.7085673E-04
       100.6800016    2.8080799E-04
       114.2900019    8.6452703E-05
       119.7300019    5.6618988E-05
       122.4500020    4.6274414E-05
       125.1700020    3.8061142E-05
       127.8900021    3.1499017E-05
       130.6100021    2.6223423E-05
       133.3300022    2.1956015E-05
       136.0600022    1.8471721E-05
       146.9400024    9.7435068E-06
       149.6600024    8.3947070E-06
       155.1000025    6.3022803E-06
       157.8200026    5.4890211E-06
       160.5500026    4.7934996E-06
       165.9900027    1.3558177E-05
       171.4300028    1.0270400E-05
       176.8700029    1.0779191E-05
       179.5900029    9.4174502E-06
       182.3100030    8.2279148E-06
       185.0400030    7.1928389E-06
       187.7600031    6.3002158E-06
       190.4800031    5.5269866E-06
       195.9200032    4.2735528E-06
       198.6400032    3.7664042E-06
       204.0800033    2.9382786E-06
       206.8000034    2.6006942E-06
       209.5300034    2.3040013E-06
       212.2500035    2.0447715E-06
       214.9700035    1.8170574E-06
       220.4100036    1.4403018E-06
       225.8500037    1.1472190E-06
       236.7400038    2.1072340E-06
       247.6200040    1.4811121E-06
       258.5100042    1.0479423E-06
       272.1100044    6.8966847E-07
       285.7200046    4.6063823E-07
       299.3200049    3.1216589E-07
       312.9300051    2.1433009E-07
       340.1400055    1.0485542E-07
       353.7400058    7.4605666E-08
       380.9500062    3.8942893E-08
       394.5600064    2.8538988E-08
       408.1700066    2.1101878E-08
       435.3800071    1.1831142E-08
       462.5900075    6.8396968E-09
       476.1900077    5.2562972E-09
       489.8000080    4.0654919E-09
       503.4000082    3.1649519E-09
       517.0100084    2.4779561E-09
       557.8300091    1.2302993E-09
       571.4300093    9.8440511E-10
       585.0400095    7.9129531E-10
       612.2500100    5.1831134E-10
       666.6700108    2.3345356E-10
       680.2800111    1.9299068E-10
       707.4900115    1.3322934E-10
       734.7000119    9.3100597E-11
       761.9100124    6.5796202E-11
       789.1200128    4.6984989E-11
       816.3300133    3.3874636E-11
       843.5400137    2.4639280E-11
       870.7500142    1.7747781E-11
       911.5700148    1.1244995E-11
       952.3900155    7.2282787E-12
       993.2000162    4.8300040E-12
      1020.4000166    3.6466581E-12
      1061.2000173    2.1695872E-12
      1088.4000177    1.6375359E-12
      1102.0000179    1.4247418E-12
      1115.7000181    1.2395129E-12
      1129.3000184    1.0804529E-12
      1142.9000186    9.4263844E-13
      1156.5000188    8.2310829E-13
      1170.1000190    7.1933280E-13
      1197.3000195    1.7884912E-12
      1210.9000197    1.4138639E-12
      1224.5000199    1.0892895E-12
      1227.2000200    1.0598353E-12
      1229.9000200    8.8177919E-13
      1232.7000200    8.5688520E-13
      1235.4000201    8.3356716E-13
      1238.1000201    6.5963223E-13
      1240.8000202    6.4155278E-13
      1243.5000202    6.2398746E-13
      1246.3000203    6.0629887E-13
      1249.0000203    4.4087829E-13
      1257.2000204    2.5488615E-13
      1259.9000205    2.4781934E-13
      1262.6000205    2.4095702E-13
      1270.8000207    6.9092145E-14
      1281.6000208    0.0000000E+00
      1289.8000210    0.0000000E+00
      1292.5000210    0.0000000E+00
      1295.2000211    0.0000000E+00
      1298.0000211    0.0000000E+00
      1300.7000212    0.0000000E+00
      1303.4000212    0.0000000E+00
      1306.1000212    0.0000000E+00
      1314.3000214    0.0000000E+00
      1330.6000216    0.0000000E+00
      1341.5000218    0.0000000E+00
      1355.1000220    0.0000000E+00
      1360.6000221    0.0000000E+00
      1371.4000223    0.0000000E+00
      1382.3000225    0.0000000E+00
      1390.5000226    0.0000000E+00
      1395.9000227    0.0000000E+00
      1404.1000228    0.0000000E+00
      1406.8000229    0.0000000E+00
      1409.5000229    0.0000000E+00
      1415.0000230    0.0000000E+00
      1417.7000231    0.0000000E+00
      1420.4000231    0.0000000E+00
      1423.1000231    0.0000000E+00
      1425.9000232    0.0000000E+00
      1428.6000232    0.0000000E+00
      1431.3000233    0.0000000E+00
      1436.7000234    0.0000000E+00
      1439.5000234    0.0000000E+00
      1442.2000235    0.0000000E+00
      1444.9000235    0.0000000E+00
      1447.6000235    0.0000000E+00
      1450.4000236    0.0000000E+00
      1453.1000236    0.0000000E+00
      1455.8000237    0.0000000E+00
      1458.5000237    0.0000000E+00
      1461.2000238    0.0000000E+00
      1466.7000239    0.0000000E+00
      1469.4000239    0.0000000E+00
      1472.1000239    0.0000000E+00
      1477.6000240    0.0000000E+00
      1480.3000241    0.0000000E+00
      1488.4000242    0.0000000E+00
      1491.2000242    0.0000000E+00
      1496.6000243    0.0000000E+00
      1551.0000252    0.0000000E+00
      1632.7000266    0.0000000E+00
      1823.1000296    0.0000000E+00
      2340.2000381    0.0000000E+00
 
