       80.0000013    6.8652190E-02
        85.0000014    3.9322548E-02
        90.0000015    2.2930274E-02
        95.2390015    1.3267470E-02
       100.6800016    7.6561742E-03
       114.2900019    2.0936558E-03
       119.7300019    1.2865477E-03
       122.4500020    1.0154747E-03
       125.1700020    8.0527121E-04
       127.8900021    6.4162328E-04
       130.6100021    5.1371159E-04
       133.3300022    4.1332931E-04
       136.0600022    3.3397169E-04
       146.9400024    1.5381341E-03
       149.6600024    1.3251727E-03
       155.1000025    9.8077464E-04
       157.8200026    8.4464485E-04
       160.5500026    7.2788144E-04
       165.9900027    5.4321723E-04
       171.4300028    4.0744577E-04
       176.8700029    3.0705714E-04
       179.5900029    2.6700646E-04
       182.3100030    2.3242745E-04
       185.0400030    2.0243427E-04
       187.7600031    1.7657853E-04
       190.4800031    1.5417609E-04
       195.9200032    1.1787117E-04
       198.6400032    1.0320474E-04
       204.0800033    1.4265194E-04
       206.8000034    1.2827883E-04
       209.5300034    1.1533772E-04
       212.2500035    1.0380364E-04
       214.9700035    9.3486487E-05
       220.4100036    7.5982913E-05
       225.8500037    6.1917948E-05
       236.7400038    4.1393563E-05
       247.6200040    2.7918071E-05
       258.5100042    1.8966964E-05
       272.1100044    1.1819669E-05
       285.7200046    7.4381987E-06
       299.3200049    4.7267526E-06
       312.9300051    3.0290464E-06
       340.1400055    1.2739876E-06
       353.7400058    8.3495240E-07
       380.9500062    3.6461279E-07
       394.5600064    2.4252844E-07
       408.1700066    1.6184254E-07
       435.3800071    7.2488980E-08
       462.5900075    3.2453066E-08
       476.1900077    2.1640686E-08
       489.8000080    1.4360731E-08
       503.4000082    9.4698178E-09
       517.0100084    6.1854166E-09
       557.8300091    1.5615917E-09
       571.4300093    9.2786745E-10
       585.0400095    5.1510224E-10
       612.2500100    3.2908672E-11
 
