       80.0000013    1.0998849E+00
        85.0000014    7.0478517E-01
        90.0000015    4.5772862E-01
        95.2390015    2.9534948E-01
       100.6800016    1.9015166E-01
       114.2900019    6.7081302E-02
       119.7300019    4.5179516E-02
       122.4500020    3.7228424E-02
       125.1700020    3.0755244E-02
       127.8900021    2.5470087E-02
       130.6100021    2.1143001E-02
       133.3300022    1.7590929E-02
       136.0600022    1.4657923E-02
       146.9400024    1.9780708E-02
       149.6600024    1.7737061E-02
       155.1000025    1.4081553E-02
       157.8200026    1.2529620E-02
       160.5500026    1.1148395E-02
       165.9900027    8.8563533E-03
       171.4300028    7.0657190E-03
       176.8700029    5.6623495E-03
       179.5900029    5.0771902E-03
       182.3100030    4.5572552E-03
       185.0400030    4.0930887E-03
       187.7600031    3.6812315E-03
       190.4800031    3.3139233E-03
       195.9200032    2.6928068E-03
       198.6400032    2.4304765E-03
       204.0800033    2.0721760E-03
       206.8000034    1.8799525E-03
       209.5300034    1.7069739E-03
       212.2500035    1.5525144E-03
       214.9700035    1.4139438E-03
       220.4100036    1.1774994E-03
       225.8500037    9.8560937E-04
       236.7400038    7.0008746E-04
       247.6200040    5.0576322E-04
       258.5100042    3.7052663E-04
       272.1100044    2.5554141E-04
       285.7200046    1.7901353E-04
       299.3200049    1.2711172E-04
       312.9300051    9.1256945E-05
       340.1400055    4.8377897E-05
       353.7400058    3.5646841E-05
       380.9500062    1.9740230E-05
       394.5600064    1.4820596E-05
       408.1700066    1.1187813E-05
       435.3800071    6.4737251E-06
       462.5900075    3.8159001E-06
       476.1900077    2.9488301E-06
       489.8000080    2.2875972E-06
       503.4000082    1.7818921E-06
       517.0100084    1.3929439E-06
       557.8300091    6.7981586E-07
       571.4300093    5.3888624E-07
       585.0400095    4.2845684E-07
       612.2500100    2.7337265E-07
       666.6700108    1.1512616E-07
       680.2800111    9.3346934E-08
       707.4900115    6.1830825E-08
       734.7000119    4.1337035E-08
       761.9100124    2.7877100E-08
       789.1200128    1.8953060E-08
       816.3300133    1.2983334E-08
       843.5400137    8.9561230E-09
       870.7500142    6.2177143E-09
       911.5700148    3.6351282E-09
       952.3900155    2.1488713E-09
       993.2000162    1.2818866E-09
      1020.4000166    9.1203017E-10
      1061.2000173    5.4962390E-10
      1088.4000177    3.9282827E-10
      1102.0000179    3.3218595E-10
      1115.7000181    2.8057029E-10
      1129.3000184    2.3725238E-10
      1142.9000186    2.0058895E-10
      1156.5000188    1.6954430E-10
      1170.1000190    1.4324811E-10
      1197.3000195    1.0208751E-10
      1210.9000197    8.6085993E-11
      1224.5000199    7.2524549E-11
      1227.2000200    7.0089080E-11
      1229.9000200    6.7732361E-11
      1232.7000200    6.5368821E-11
      1235.4000201    6.3164765E-11
      1238.1000201    6.1032013E-11
      1240.8000202    5.8968282E-11
      1243.5000202    5.6971365E-11
      1246.3000203    5.4968755E-11
      1249.0000203    5.3101360E-11
      1257.2000204    5.1528812E-11
      1259.9000205    4.9771513E-11
      1262.6000205    4.8057947E-11
      1270.8000207    4.3159320E-11
      1281.6000208    3.7407178E-11
      1289.8000210    3.4837130E-11
      1292.5000210    3.3599526E-11
      1295.2000211    3.2398834E-11
      1298.0000211    3.1193576E-11
      1300.7000212    3.0069724E-11
      1303.4000212    2.8982908E-11
      1306.1000212    2.7932235E-11
      1314.3000214    2.4952245E-11
      1330.6000216    1.9875872E-11
      1341.5000218    1.7025596E-11
      1355.1000220    1.3985917E-11
      1360.6000221    1.2900386E-11
      1371.4000223    1.0981498E-11
      1382.3000225    9.3001926E-12
      1390.5000226    8.1845338E-12
      1395.9000227    7.5129087E-12
      1404.1000228    6.5804020E-12
      1406.8000229    6.2948696E-12
      1409.5000229    6.0193920E-12
      1415.0000230    5.4879204E-12
      1417.7000231    5.2409227E-12
      1420.4000231    5.0026597E-12
      1423.1000231    4.7728297E-12
      1425.9000232    4.5430808E-12
      1428.6000232    4.3295298E-12
      1431.3000233    4.1235474E-12
      1436.7000234    3.7332186E-12
      1439.5000234    3.5416377E-12
      1442.2000235    3.3635497E-12
      1444.9000235    3.1917470E-12
      1447.6000235    3.0259935E-12
      1450.4000236    2.8602433E-12
      1453.1000236    2.7061016E-12
      1455.8000237    1.6785906E-11
      1458.5000237    1.5987982E-11
      1461.2000238    1.5156645E-11
      1466.7000239    1.3457007E-11
      1469.4000239    1.2642967E-11
      1472.1000239    1.1848254E-11
      1477.6000240    1.0292670E-11
      1480.3000241    9.5591339E-12
      1488.4000242    7.4599138E-12
      1491.2000242    6.7615692E-12
      1496.6000243    5.4327992E-12
 
