       80.0000013    2.4477017E+00
        85.0000014    1.6378574E+00
        90.0000015    1.1063448E+00
        95.2390015    7.4110615E-01
       100.6800016    4.9441049E-01
       114.2900019    1.8869503E-01
       119.7300019    1.3080886E-01
       122.4500020    1.0931800E-01
       125.1700020    9.1575831E-02
       127.8900021    7.6890364E-02
       130.6100021    6.4704143E-02
       133.3300022    5.4566830E-02
       136.0600022    4.6085339E-02
       146.9400024    4.4378646E-02
       149.6600024    3.9696395E-02
       155.1000025    3.1562638E-02
       157.8200026    2.8154086E-02
       160.5500026    2.5131909E-02
       165.9900027    2.0128397E-02
       171.4300028    1.6218387E-02
       176.8700029    1.3144364E-02
       179.5900029    1.1857701E-02
       182.3100030    1.0710872E-02
       185.0400030    9.6833976E-03
       187.7600031    8.7680975E-03
       190.4800031    7.9482682E-03
       195.9200032    6.5521747E-03
       198.6400032    5.9578489E-03
       204.0800033    5.2907541E-03
       206.8000034    4.8120520E-03
       209.5300034    4.3732007E-03
       212.2500035    3.9777001E-03
       214.9700035    3.6211705E-03
       220.4100036    3.0109258E-03
       225.8500037    2.5152001E-03
       236.7400038    1.7791645E-03
       247.6200040    1.2811900E-03
       258.5100042    9.3726459E-04
       272.1100044    6.4731983E-04
       285.7200046    4.5586415E-04
       299.3200049    3.2662292E-04
       312.9300051    2.3739843E-04
       340.1400055    1.2999534E-04
       353.7400058    9.7623801E-05
       380.9500062    5.6351819E-05
       394.5600064    4.3242166E-05
       408.1700066    3.3377466E-05
       435.3800071    2.0205018E-05
       462.5900075    1.2461494E-05
       476.1900077    9.8495284E-06
       489.8000080    7.8144822E-06
       503.4000082    6.2243771E-06
       517.0100084    4.9749460E-06
       557.8300091    2.5927250E-06
       571.4300093    2.1000037E-06
       585.0400095    1.7057653E-06
       612.2500100    1.1353203E-06
       666.6700108    5.1924587E-07
       680.2800111    4.2962725E-07
       707.4900115    2.9620256E-07
       734.7000119    2.0601777E-07
       761.9100124    1.4448666E-07
       789.1200128    1.0213350E-07
       816.3300133    7.2736327E-08
       843.5400137    5.2169408E-08
       870.7500142    3.7671416E-08
       911.5700148    2.3392321E-08
       952.3900155    1.4722415E-08
       993.2000162    9.3835952E-09
      1020.4000166    6.9955743E-09
      1061.2000173    4.5443875E-09
      1088.4000177    3.4282350E-09
      1102.0000179    2.9824809E-09
      1115.7000181    2.5947831E-09
      1129.3000184    2.2620945E-09
      1142.9000186    1.9740181E-09
      1156.5000188    1.7242872E-09
      1170.1000190    1.5075566E-09
      1197.3000195    1.1554955E-09
      1210.9000197    1.0129166E-09
      1224.5000199    8.8865759E-10
      1227.2000200    8.6594715E-10
      1229.9000200    8.4384311E-10
      1232.7000200    8.2154272E-10
      1235.4000201    8.0062196E-10
      1238.1000201    7.8025747E-10
      1240.8000202    7.6043372E-10
      1243.5000202    7.4113571E-10
      1246.3000203    7.2166251E-10
      1249.0000203    7.0339046E-10
      1257.2000204    7.4844259E-10
      1259.9000205    7.2985462E-10
      1262.6000205    7.1140982E-10
      1270.8000207    6.5754541E-10
      1281.6000208    5.9259569E-10
      1289.8000210    5.8590349E-10
      1292.5000210    5.7105826E-10
      1295.2000211    5.5648480E-10
      1298.0000211    5.4171312E-10
      1300.7000212    5.2782018E-10
      1303.4000212    5.1427906E-10
      1306.1000212    5.0108873E-10
      1314.3000214    4.6311963E-10
      1330.6000216    3.9624304E-10
      1341.5000218    3.5718636E-10
      1355.1000220    3.1398403E-10
      1360.6000221    2.9808442E-10
      1371.4000223    2.6924160E-10
      1382.3000225    2.4304675E-10
      1390.5000226    2.2508521E-10
      1395.9000227    2.1400968E-10
      1404.1000228    1.9825433E-10
      1406.8000229    1.9333220E-10
      1409.5000229    1.8853581E-10
      1415.0000230    1.7914049E-10
      1417.7000231    1.7470585E-10
      1420.4000231    1.7038400E-10
      1423.1000231    1.6617197E-10
      1425.9000232    1.6191681E-10
      1428.6000232    1.5791958E-10
      1431.3000233    1.5402359E-10
      1436.7000234    1.4652476E-10
      1439.5000234    1.4278495E-10
      1442.2000235    1.3927134E-10
      1444.9000235    1.3584629E-10
      1447.6000235    1.3250746E-10
      1450.4000236    1.2913365E-10
      1453.1000236    1.2596356E-10
      1455.8000237    7.3835549E-10
      1458.5000237    7.2658812E-10
      1461.2000238    7.1273304E-10
      1466.7000239    6.8191519E-10
      1469.4000239    6.6651251E-10
      1472.1000239    6.5123013E-10
      1477.6000240    6.2083316E-10
      1480.3000241    6.0635302E-10
      1488.4000242    5.6480376E-10
      1491.2000242    5.5109994E-10
      1496.6000243    5.2559973E-10
      1551.0000252    3.2603478E-10
      1632.7000266    1.5851240E-10
      1823.1000296    2.7803447E-11
 
