       80.0000013    6.6030031E-01
        85.0000014    4.1392308E-01
        90.0000015    2.6347855E-01
        95.2390015    1.6671298E-01
       100.6800016    1.0528716E-01
       114.2900019    3.5483904E-02
       119.7300019    2.3476142E-02
       122.4500020    1.9173926E-02
       125.1700020    1.5700875E-02
       127.8900021    1.2889127E-02
       130.6100021    1.0606513E-02
       133.3300022    8.7485900E-03
       136.0600022    7.2275046E-03
       146.9400024    1.2346276E-02
       149.6600024    1.1025573E-02
       155.1000025    8.6737545E-03
       157.8200026    7.6812161E-03
       160.5500026    6.8014222E-03
       165.9900027    5.3501804E-03
       171.4300028    4.2257607E-03
       176.8700029    3.3519836E-03
       179.5900029    2.9900833E-03
       182.3100030    2.6699596E-03
       185.0400030    2.3854740E-03
       187.7600031    2.1342169E-03
       190.4800031    1.9111875E-03
       195.9200032    1.5366890E-03
       198.6400032    1.3796873E-03
       204.0800033    1.2105738E-03
       206.8000034    1.0987319E-03
       209.5300034    9.9821237E-04
       212.2500035    9.0844830E-04
       214.9700035    8.2785892E-04
       220.4100036    6.9011463E-04
       225.8500037    5.7801692E-04
       236.7400038    4.1051453E-04
       247.6200040    2.9591983E-04
       258.5100042    2.1587758E-04
       272.1100044    1.4770986E-04
       285.7200046    1.0240518E-04
       299.3200049    7.1824186E-05
       312.9300051    5.0856943E-05
       340.1400055    2.6148802E-05
       353.7400058    1.8957953E-05
       380.9500062    1.0154602E-05
       394.5600064    7.4964601E-06
       408.1700066    5.5642186E-06
       435.3800071    3.1133359E-06
       462.5900075    1.7753056E-06
       476.1900077    1.3496718E-06
       489.8000080    1.0302128E-06
       503.4000082    7.8973216E-07
       517.0100084    6.0765376E-07
       557.8300091    2.8309660E-07
       571.4300093    2.2103025E-07
       585.0400095    1.7310963E-07
       612.2500100    1.0720775E-07
       666.6700108    4.2556838E-08
       680.2800111    3.3996631E-08
       707.4900115    2.1850582E-08
       734.7000119    1.4163506E-08
       761.9100124    9.2497565E-09
       789.1200128    6.0799286E-09
       816.3300133    4.0180566E-09
       843.5400137    2.6668914E-09
       870.7500142    1.7756926E-09
       911.5700148    9.6783082E-10
       952.3900155    5.2748955E-10
       993.2000162    2.8606673E-10
      1020.4000166    1.8914501E-10
      1061.2000173    1.0019949E-10
      1088.4000177    6.4641952E-11
      1102.0000179    5.1601095E-11
      1115.7000181    4.0906598E-11
      1129.3000184    3.2277962E-11
      1142.9000186    2.5271786E-11
      1156.5000188    1.9593729E-11
      1170.1000190    1.5000749E-11
      1197.3000195    8.2971572E-12
      1210.9000197    5.8738652E-12
      1224.5000199    3.8888146E-12
      1227.2000200    3.5345043E-12
      1229.9000200    3.1901157E-12
      1232.7000200    2.8414254E-12
      1235.4000201    2.5108192E-12
      1238.1000201    2.1822997E-12
      1240.8000202    1.8506592E-12
      1243.5000202    1.5068271E-12
      1246.3000203    1.1163871E-12
      1249.0000203    6.3879219E-13
 
