       80.0000013    2.0636352E-02
        85.0000014    1.1272030E-02
        90.0000015    6.2903562E-03
        95.2390015    3.4920732E-03
       100.6800016    1.9424887E-03
       114.2900019    5.0242018E-04
       119.7300019    3.0715644E-04
       122.4500020    2.4276570E-04
       125.1700020    1.9326767E-04
       127.8900021    1.5497785E-04
       130.6100021    1.2516761E-04
       133.3300022    1.0180701E-04
       136.0600022    8.3318781E-05
       146.9400024    4.9083453E-04
       149.6600024    4.1437987E-04
       155.1000025    2.9569771E-04
       157.8200026    2.5025965E-04
       160.5500026    2.1197608E-04
       165.9900027    1.5290348E-04
       171.4300028    1.1087234E-04
       176.8700029    8.0787991E-05
       179.5900029    6.9081470E-05
       182.3100030    5.9137081E-05
       185.0400030    5.0650560E-05
       187.7600031    4.3452703E-05
       190.4800031    3.7316462E-05
       195.9200032    2.7604870E-05
       198.6400032    2.3777780E-05
       204.0800033    4.4082019E-05
       206.8000034    3.9130111E-05
       209.5300034    3.4713281E-05
       212.2500035    3.0818712E-05
       214.9700035    2.7375054E-05
       220.4100036    2.1636541E-05
       225.8500037    1.7140570E-05
       236.7400038    1.0822424E-05
       247.6200040    6.8888185E-06
       258.5100042    4.4124790E-06
       272.1100044    2.5497927E-06
       285.7200046    1.4830947E-06
       299.3200049    8.6716045E-07
       312.9300051    5.0809325E-07
       340.1400055    1.7393441E-07
       353.7400058    1.0096737E-07
       380.9500062    3.2719562E-08
       394.5600064    1.8000033E-08
       408.1700066    9.5112354E-09
       435.3800071    1.9805269E-09
 
