       80.0000013    1.7165422E-01
        85.0000014    1.0210590E-01
        90.0000015    6.1778389E-02
        95.2390015    3.7106335E-02
       100.6800016    2.2218604E-02
       114.2900019    6.5796892E-03
       119.7300019    4.1445922E-03
       122.4500020    3.3058089E-03
       125.1700020    2.6454562E-03
       127.8900021    2.1239731E-03
       130.6100021    1.7109091E-03
       133.3300022    1.3827481E-03
       136.0600022    1.1204139E-03
       146.9400024    3.5948085E-03
       149.6600024    3.1450333E-03
       155.1000025    2.3884873E-03
       157.8200026    2.0813493E-03
       160.5500026    1.8143412E-03
       165.9900027    1.3846692E-03
       171.4300028    1.0617616E-03
       176.8700029    8.1793423E-04
       179.5900029    7.1909319E-04
       182.3100030    6.3286826E-04
       185.0400030    5.5729772E-04
       187.7600031    4.9147138E-04
       190.4800031    4.3384024E-04
       195.9200032    3.3900983E-04
       198.6400032    3.0008284E-04
       204.0800033    3.3381741E-04
       206.8000034    3.0229095E-04
       209.5300034    2.7382918E-04
       212.2500035    2.4835320E-04
       214.9700035    2.2544907E-04
       220.4100036    1.8626040E-04
       225.8500037    1.5436961E-04
       236.7400038    1.0687916E-04
       247.6200040    7.4731244E-05
       258.5100042    5.2665735E-05
       272.1100044    3.4366290E-05
       285.7200046    2.2645638E-05
       299.3200049    1.5064887E-05
       312.9300051    1.0104840E-05
       340.1400055    4.6564842E-06
       353.7400058    3.1964128E-06
       380.9500062    1.5365620E-06
       394.5600064    1.0753405E-06
       408.1700066    7.5698370E-07
       435.3800071    3.8133487E-07
       462.5900075    1.9581418E-07
       476.1900077    1.4121029E-07
       489.8000080    1.0217594E-07
       503.4000082    7.4183959E-08
       517.0100084    5.3994558E-08
       557.8300091    2.1065079E-08
       571.4300093    1.5427041E-08
       585.0400095    1.1296808E-08
       612.2500100    6.0460108E-09
       666.6700108    1.6800360E-09
       680.2800111    1.2045657E-09
       707.4900115    6.0309102E-10
       734.7000119    2.8513333E-10
       761.9100124    1.1999535E-10
       789.1200128    3.3775555E-11
 
