       80.0000013    4.4182714E-04
        85.0000014    2.2934581E-04
        90.0000015    1.2635687E-04
        95.2390015    7.1711496E-05
       100.6800016    4.1967953E-05
       114.2900019    1.2822852E-05
       119.7300019    8.2677007E-06
       122.4500020    6.6642274E-06
       125.1700020    5.3808858E-06
       127.8900021    4.3497780E-06
       130.6100021    3.5187684E-06
       133.3300022    2.8474058E-06
       136.0600022    2.3022262E-06
       146.9400024    5.0942440E-06
       149.6600024    3.9073593E-06
       155.1000025    2.2871770E-06
       157.8200026    1.7448843E-06
       160.5500026    1.3265853E-06
       165.9900027    7.6104095E-07
       171.4300028    4.2904662E-07
       176.8700029    2.3577029E-07
       179.5900029    1.7244172E-07
       182.3100030    1.2460482E-07
       185.0400030    8.8516323E-08
       187.7600031    6.1623808E-08
       190.4800031    4.1596298E-08
       195.9200032    1.5605636E-08
       198.6400032    6.7366681E-09
 
