       80.0000013    3.3287096E+00
        85.0000014    2.2738221E+00
        90.0000015    1.5654109E+00
        95.2390015    1.0679446E+00
       100.6800016    7.2489709E-01
       114.2900019    2.8718087E-01
       119.7300019    2.0170653E-01
       122.4500020    1.6962665E-01
       125.1700020    1.4296609E-01
       127.8900021    1.2075713E-01
       130.6100021    1.0221351E-01
       133.3300022    8.6694986E-02
       136.0600022    7.3635228E-02
       146.9400024    6.3781694E-02
       149.6600024    5.6854237E-02
       155.1000025    4.5009196E-02
       157.8200026    4.0094890E-02
       160.5500026    3.5757471E-02
       165.9900027    2.8613465E-02
       171.4300028    2.3060191E-02
       176.8700029    1.8710634E-02
       179.5900029    1.6893869E-02
       182.3100030    1.5276155E-02
       185.0400030    1.3827878E-02
       187.7600031    1.2538366E-02
       190.4800031    1.1383671E-02
       195.9200032    9.4173076E-03
       198.6400032    8.5798530E-03
       204.0800033    7.9142405E-03
       206.8000034    7.2203986E-03
       209.5300034    6.5739206E-03
       212.2500035    5.9862309E-03
       214.9700035    5.4537025E-03
       220.4100036    4.5380839E-03
       225.8500037    3.7915597E-03
       236.7400038    2.6801033E-03
       247.6200040    1.9270452E-03
       258.5100042    1.4072023E-03
       272.1100044    9.6989342E-04
       285.7200046    6.8217161E-04
       299.3200049    4.8871996E-04
       312.9300051    3.5564916E-04
       340.1400055    1.9598374E-04
       353.7400058    1.4789509E-04
       380.9500062    8.6415086E-05
       394.5600064    6.6776127E-05
       408.1700066    5.1924213E-05
       435.3800071    3.1922336E-05
       462.5900075    2.0004030E-05
       476.1900077    1.5937816E-05
       489.8000080    1.2745897E-05
       503.4000082    1.0232907E-05
       517.0100084    8.2432825E-06
       557.8300091    4.3965156E-06
       571.4300093    3.5880330E-06
       585.0400095    2.9363825E-06
       612.2500100    1.9835625E-06
       666.6700108    9.3390656E-07
       680.2800111    7.7826257E-07
       707.4900115    5.4422765E-07
       734.7000119    3.8387165E-07
       761.9100124    2.7298293E-07
       789.1200128    1.9563278E-07
       816.3300133    1.4123005E-07
       843.5400137    1.0266649E-07
       870.7500142    7.5127183E-08
       911.5700148    4.7577512E-08
       952.3900155    3.0529907E-08
       993.2000162    1.9835039E-08
      1020.4000166    1.4975937E-08
      1061.2000173    9.9148583E-09
      1088.4000177    7.5750703E-09
      1102.0000179    6.6321859E-09
      1115.7000181    5.8072951E-09
      1129.3000184    5.0953068E-09
      1142.9000186    4.4752126E-09
      1156.5000188    3.9345434E-09
      1170.1000190    3.4626053E-09
      1197.3000195    2.6894749E-09
      1210.9000197    2.3735875E-09
      1224.5000199    2.0966930E-09
      1227.2000200    2.0459068E-09
      1229.9000200    1.9964197E-09
      1232.7000200    1.9464346E-09
      1235.4000201    1.8994866E-09
      1238.1000201    1.8537342E-09
      1240.8000202    1.8091453E-09
      1243.5000202    1.7656886E-09
      1246.3000203    1.7217859E-09
      1249.0000203    1.6805427E-09
      1257.2000204    1.8569206E-09
      1259.9000205    1.8135516E-09
      1262.6000205    1.7702437E-09
      1270.8000207    1.6430129E-09
      1281.6000208    1.4887716E-09
      1289.8000210    1.4985254E-09
      1292.5000210    1.4626562E-09
      1295.2000211    1.4273328E-09
      1298.0000211    1.3914502E-09
      1300.7000212    1.3576467E-09
      1303.4000212    1.3246537E-09
      1306.1000212    1.2924755E-09
      1314.3000214    1.1996342E-09
      1330.6000216    1.0352973E-09
      1341.5000218    9.3878028E-10
      1355.1000220    8.3147572E-10
      1360.6000221    7.9182394E-10
      1371.4000223    7.1964584E-10
      1382.3000225    6.5378825E-10
      1390.5000226    6.0844119E-10
      1395.9000227    5.8039562E-10
      1404.1000228    5.4037952E-10
      1406.8000229    5.2784732E-10
      1409.5000229    5.1562044E-10
      1415.0000230    4.9162585E-10
      1417.7000231    4.8027898E-10
      1420.4000231    4.6920712E-10
      1423.1000231    4.5840315E-10
      1425.9000232    4.4747475E-10
      1428.6000232    4.3719564E-10
      1431.3000233    4.2716430E-10
      1436.7000234    4.0781992E-10
      1439.5000234    3.9815376E-10
      1442.2000235    3.8906040E-10
      1444.9000235    3.8018480E-10
      1447.6000235    3.7152142E-10
      1450.4000236    3.6275569E-10
      1453.1000236    3.5450831E-10
      1455.8000237    1.9985700E-09
      1458.5000237    1.9702788E-09
      1461.2000238    1.9363378E-09
      1466.7000239    1.8599990E-09
      1469.4000239    1.8216354E-09
      1472.1000239    1.7834811E-09
      1477.6000240    1.7073742E-09
      1480.3000241    1.6710268E-09
      1488.4000242    1.5664047E-09
      1491.2000242    1.5317905E-09
      1496.6000243    1.4672296E-09
      1551.0000252    9.5349773E-10
      1632.7000266    5.0328364E-10
      1823.1000296    1.1668770E-10
      2340.2000381    1.4123390E-12
 
