       80.0000013    4.3249483E+00
        85.0000014    3.0127997E+00
        90.0000015    2.1124623E+00
        95.2390015    1.4670050E+00
       100.6800016    1.0128591E+00
       114.2900019    4.1633552E-01
       119.7300019    2.9620805E-01
       122.4500020    2.5062615E-01
       125.1700020    2.1249054E-01
       127.8900021    1.8051797E-01
       130.6100021    1.5365671E-01
       133.3300022    1.3104315E-01
       136.0600022    1.1190240E-01
       146.9400024    9.0220600E-02
       149.6600024    8.0185384E-02
       155.1000025    6.3172646E-02
       157.8200026    5.6163788E-02
       160.5500026    5.0001752E-02
       165.9900027    3.9903495E-02
       171.4300028    3.2100592E-02
       176.8700029    2.6019868E-02
       179.5900029    2.3488455E-02
       182.3100030    2.1238679E-02
       185.0400030    1.9227985E-02
       187.7600031    1.7440427E-02
       190.4800031    1.5841877E-02
       195.9200032    1.3123973E-02
       198.6400032    1.1967919E-02
       204.0800033    1.1444330E-02
       206.8000034    1.0481375E-02
       209.5300034    9.5668938E-03
       212.2500035    8.7269582E-03
       214.9700035    7.9610385E-03
       220.4100036    6.6364729E-03
       225.8500037    5.5509950E-03
       236.7400038    3.9273691E-03
       247.6200040    2.8228913E-03
       258.5100042    2.0589761E-03
       272.1100044    1.4162167E-03
       285.7200046    9.9401164E-04
       299.3200049    7.1098952E-04
       312.9300051    5.1701110E-04
       340.1400055    2.8539426E-04
       353.7400058    2.1590460E-04
       380.9500062    1.2713984E-04
       394.5600064    9.8739787E-05
       408.1700066    7.7207602E-05
       435.3800071    4.8054426E-05
       462.5900075    3.0513207E-05
       476.1900077    2.4475205E-05
       489.8000080    1.9706515E-05
       503.4000082    1.5928443E-05
       517.0100084    1.2917945E-05
       557.8300091    7.0270912E-06
       571.4300093    5.7717498E-06
       585.0400095    4.7534877E-06
       612.2500100    3.2510982E-06
       666.6700108    1.5677467E-06
       680.2800111    1.3141077E-06
       707.4900115    9.2958089E-07
       734.7000119    6.6317352E-07
       761.9100124    4.7693101E-07
       789.1200128    3.4561452E-07
       816.3300133    2.5227126E-07
       843.5400137    1.8540580E-07
       870.7500142    1.3715560E-07
       911.5700148    8.8274412E-08
       952.3900155    5.7556203E-08
       993.2000162    3.7987920E-08
      1020.4000166    2.8981539E-08
      1061.2000173    1.9485778E-08
      1088.4000177    1.5039912E-08
      1102.0000179    1.3234817E-08
      1115.7000181    1.1647891E-08
      1129.3000184    1.0271502E-08
      1142.9000186    9.0669747E-09
      1156.5000188    8.0116882E-09
      1170.1000190    7.0861521E-09
      1197.3000195    5.5593636E-09
      1210.9000197    4.9310285E-09
      1224.5000199    4.3776707E-09
      1227.2000200    4.2758885E-09
      1229.9000200    4.1766182E-09
      1232.7000200    4.0762544E-09
      1235.4000201    3.9819001E-09
      1238.1000201    3.8898644E-09
      1240.8000202    3.8000860E-09
      1243.5000202    3.7125067E-09
      1246.3000203    3.6239458E-09
      1249.0000203    3.5406713E-09
      1257.2000204    4.0611701E-09
      1259.9000205    3.9706465E-09
      1262.6000205    3.8797046E-09
      1270.8000207    3.6111338E-09
      1281.6000208    3.2841436E-09
      1289.8000210    3.3594845E-09
      1292.5000210    3.2822520E-09
      1295.2000211    3.2059873E-09
      1298.0000211    3.1283767E-09
      1300.7000212    3.0551668E-09
      1303.4000212    2.9836369E-09
      1306.1000212    2.9138072E-09
      1314.3000214    2.7119873E-09
      1330.6000216    2.3534410E-09
      1341.5000218    2.1419977E-09
      1355.1000220    1.9060626E-09
      1360.6000221    1.8186262E-09
      1371.4000223    1.6590811E-09
      1382.3000225    1.5130350E-09
      1390.5000226    1.4121853E-09
      1395.9000227    1.3496861E-09
      1404.1000228    1.2603306E-09
      1406.8000229    1.2323006E-09
      1409.5000229    1.2049313E-09
      1415.0000230    1.1511548E-09
      1417.7000231    1.1256931E-09
      1420.4000231    1.1008283E-09
      1423.1000231    1.0765456E-09
      1425.9000232    1.0519630E-09
      1428.6000232    1.0288218E-09
      1431.3000233    1.0062202E-09
      1436.7000234    9.6258246E-10
      1439.5000234    9.4075026E-10
      1442.2000235    9.2019475E-10
      1444.9000235    9.0011515E-10
      1447.6000235    8.8049978E-10
      1450.4000236    8.6063640E-10
      1453.1000236    8.4193186E-10
      1455.8000237    4.5558859E-09
      1458.5000237    4.4956496E-09
      1461.2000238    4.4226649E-09
      1466.7000239    4.2576298E-09
      1469.4000239    4.1744723E-09
      1472.1000239    4.0916692E-09
      1477.6000240    3.9262442E-09
      1480.3000241    3.8471248E-09
      1488.4000242    3.6189669E-09
      1491.2000242    3.5433381E-09
      1496.6000243    3.4020775E-09
      1551.0000252    2.2667190E-09
      1632.7000266    1.2471290E-09
      1823.1000296    3.2738670E-10
      2340.2000381    1.0096278E-11
 
