       80.0000013    3.5879290E-01
        85.0000014    2.1965362E-01
        90.0000015    1.3671134E-01
        95.2390015    8.4555082E-02
       100.6800016    5.2175760E-02
       114.2900019    1.6607491E-02
       119.7300019    1.0743926E-02
       122.4500020    8.6786402E-03
       125.1700020    7.0296470E-03
       127.8900021    5.7092723E-03
       130.6100021    4.6491190E-03
       133.3300022    3.7956426E-03
       136.0600022    3.1045135E-03
       146.9400024    7.0767505E-03
       149.6600024    6.2669138E-03
       155.1000025    4.8564984E-03
       157.8200026    4.2706239E-03
       160.5500026    3.7555546E-03
       165.9900027    2.9149374E-03
       171.4300028    2.2722234E-03
       176.8700029    1.7790404E-03
       179.5900029    1.5767027E-03
       182.3100030    1.3988198E-03
       185.0400030    1.2417112E-03
       187.7600031    1.1038048E-03
       190.4800031    9.8214170E-04
       195.9200032    7.7969057E-04
       198.6400032    6.9561176E-04
       204.0800033    6.6472858E-04
       206.8000034    6.0338690E-04
       209.5300034    5.4812350E-04
       212.2500035    4.9868121E-04
       214.9700035    4.5422264E-04
       220.4100036    3.7807081E-04
       225.8500037    3.1594312E-04
       236.7400038    2.2288362E-04
       247.6200040    1.5916301E-04
       258.5100042    1.1476179E-04
       272.1100044    7.7186036E-05
       285.7200046    5.2486121E-05
       299.3200049    3.6051752E-05
       312.9300051    2.4973857E-05
       340.1400055    1.2269611E-05
       353.7400058    8.6925720E-06
       380.9500062    4.4463891E-06
       394.5600064    3.2084308E-06
       408.1700066    2.3282757E-06
       435.3800071    1.2462103E-06
       462.5900075    6.8051844E-07
       476.1900077    5.0646980E-07
       489.8000080    3.7852010E-07
       503.4000082    2.8415033E-07
       517.0100084    2.1412339E-07
       557.8300091    9.3699455E-08
       571.4300093    7.1626140E-08
       585.0400095    5.4907311E-08
       612.2500100    3.2537592E-08
       666.6700108    1.1730966E-08
       680.2800111    9.1264774E-09
       707.4900115    5.5419904E-09
       734.7000119    3.3729881E-09
       761.9100124    2.0526170E-09
       789.1200128    1.2455924E-09
       816.3300133    7.5135848E-10
       843.5400137    4.4875592E-10
       870.7500142    2.6397270E-10
       911.5700148    1.1360891E-10
       952.3900155    4.3819705E-11
       993.2000162    1.1943581E-11
 
