       80.0000013    4.0981886E-03
        85.0000014    2.1331420E-03
        90.0000015    1.1467157E-03
        95.2390015    6.2053051E-04
       100.6800016    3.4167789E-04
       114.2900019    9.2520895E-05
       119.7300019    5.8845595E-05
       122.4500020    4.7543814E-05
       125.1700020    3.8714144E-05
       127.8900021    3.1750373E-05
       130.6100021    2.6208427E-05
       133.3300022    2.1760223E-05
       136.0600022    1.8149392E-05
       146.9400024    9.1624643E-05
       149.6600024    7.5142561E-05
       155.1000025    5.0721606E-05
       157.8200026    4.1769039E-05
       160.5500026    3.4425189E-05
       165.9900027    2.3519166E-05
       171.4300028    1.6154048E-05
       176.8700029    1.1149107E-05
       179.5900029    9.2778209E-06
       182.3100030    7.7286795E-06
       185.0400030    6.4402975E-06
       187.7600031    5.3753247E-06
       190.4800031    4.4904386E-06
       195.9200032    3.1413504E-06
       198.6400032    2.6303435E-06
       204.0800033    7.1674335E-06
       206.8000034    6.1944243E-06
       209.5300034    5.3437225E-06
       212.2500035    4.6095602E-06
       214.9700035    3.9749730E-06
       220.4100036    2.9538789E-06
       225.8500037    2.1929488E-06
       236.7400038    1.2022483E-06
       247.6200040    6.5246905E-07
       258.5100042    3.4775840E-07
       272.1100044    1.5223364E-07
       285.7200046    6.1488940E-08
       299.3200049    2.0680819E-08
 
