       80.0000013    1.6971784E+00
        85.0000014    1.1114879E+00
        90.0000015    7.3624307E-01
        95.2390015    4.8408225E-01
       100.6800016    3.1730708E-01
       114.2900019    1.1655247E-01
       119.7300019    7.9694122E-02
       122.4500020    6.6159062E-02
       125.1700020    5.5060148E-02
       127.8900021    4.5933530E-02
       130.6100021    3.8408503E-02
       133.3300022    3.2187872E-02
       136.0600022    2.7015407E-02
       146.9400024    3.0129138E-02
       149.6600024    2.7019691E-02
       155.1000025    2.1519303E-02
       157.8200026    1.9192524E-02
       160.5500026    1.7122313E-02
       165.9900027    1.3683858E-02
       171.4300028    1.0990520E-02
       176.8700029    8.8716149E-03
       179.5900029    7.9850024E-03
       182.3100030    7.1951989E-03
       185.0400030    6.4881765E-03
       187.7600031    5.8590071E-03
       190.4800031    5.2961772E-03
       195.9200032    4.3398906E-03
       198.6400032    3.9338954E-03
       204.0800033    3.3870067E-03
       206.8000034    3.0745969E-03
       209.5300034    2.7915989E-03
       212.2500035    2.5381299E-03
       214.9700035    2.3104309E-03
       220.4100036    1.9217456E-03
       225.8500037    1.6065340E-03
       236.7400038    1.1386626E-03
       247.6200040    8.2163030E-04
       258.5100042    6.0202274E-04
       272.1100044    4.1612901E-04
       285.7200046    2.9282313E-04
       299.3200049    2.0928223E-04
       312.9300051    1.5148564E-04
       340.1400055    8.1935425E-05
       353.7400058    6.1059873E-05
       380.9500062    3.4638022E-05
       394.5600064    2.6332498E-05
       408.1700066    2.0130938E-05
       435.3800071    1.1949296E-05
       462.5900075    7.2252610E-06
       476.1900077    5.6547101E-06
       489.8000080    4.4424301E-06
       503.4000082    3.5040196E-06
       517.0100084    2.7735102E-06
       557.8300091    1.4043276E-06
       571.4300093    1.1267040E-06
       585.0400095    9.0658966E-07
       612.2500100    5.9223373E-07
       666.6700108    2.6112119E-07
       680.2800111    2.1411695E-07
       707.4900115    1.4501670E-07
       734.7000119    9.9108611E-08
       761.9100124    6.8315664E-08
       789.1200128    4.7473122E-08
       816.3300133    3.3243591E-08
       843.5400137    2.3448971E-08
       870.7500142    1.6654262E-08
       911.5700148    1.0088833E-08
       952.3900155    6.1939311E-09
       993.2000162    3.8496593E-09
      1020.4000166    2.8211851E-09
      1061.2000173    1.7846833E-09
      1088.4000177    1.3217847E-09
      1102.0000179    1.1390803E-09
      1115.7000181    9.8139930E-10
      1129.3000184    8.4714752E-10
      1142.9000186    7.3181244E-10
      1156.5000188    6.3262612E-10
      1170.1000190    5.4724253E-10
      1197.3000195    4.1021925E-10
      1210.9000197    3.5544795E-10
      1224.5000199    3.0813038E-10
      1227.2000200    2.9952915E-10
      1229.9000200    2.9117259E-10
      1232.7000200    2.8275718E-10
      1235.4000201    2.7487690E-10
      1238.1000201    2.6722008E-10
      1240.8000202    2.5978011E-10
      1243.5000202    2.5255073E-10
      1246.3000203    2.4526942E-10
      1249.0000203    2.3845009E-10
      1257.2000204    2.4370517E-10
      1259.9000205    2.3700442E-10
      1262.6000205    2.3040325E-10
      1270.8000207    2.1127557E-10
      1281.6000208    1.8840265E-10
      1289.8000210    1.8216779E-10
      1292.5000210    1.7705382E-10
      1295.2000211    1.7205448E-10
      1298.0000211    1.6700333E-10
      1300.7000212    1.6226527E-10
      1303.4000212    1.5765793E-10
      1306.1000212    1.5317969E-10
      1314.3000214    1.4034232E-10
      1330.6000216    1.1793863E-10
      1341.5000218    1.0499383E-10
      1355.1000220    9.0815321E-11
      1360.6000221    8.5639051E-11
      1371.4000223    7.6313428E-11
      1382.3000225    6.7923993E-11
      1390.5000226    6.2220791E-11
      1395.9000227    5.8726114E-11
      1404.1000228    5.3786364E-11
      1406.8000229    5.2251217E-11
      1409.5000229    5.0759185E-11
      1415.0000230    4.7848177E-11
      1417.7000231    4.6479695E-11
      1420.4000231    4.5149658E-11
      1423.1000231    4.3856929E-11
      1425.9000232    4.2554606E-11
      1428.6000232    4.1334651E-11
      1431.3000233    4.0148905E-11
      1436.7000234    3.7876192E-11
      1439.5000234    3.6747605E-11
      1442.2000235    3.5690423E-11
      1444.9000235    3.4662863E-11
      1447.6000235    3.3664092E-11
      1450.4000236    3.2657876E-11
      1453.1000236    3.1715280E-11
      1455.8000237    1.9281050E-10
      1458.5000237    1.8890142E-10
      1461.2000238    1.8446507E-10
      1466.7000239    1.7483097E-10
      1469.4000239    1.7007570E-10
      1472.1000239    1.6538287E-10
      1477.6000240    1.5610985E-10
      1480.3000241    1.5171825E-10
      1488.4000242    1.3920520E-10
      1491.2000242    1.3510741E-10
      1496.6000243    1.2752231E-10
      1551.0000252    7.0360398E-11
      1632.7000266    2.7011473E-11
 
