       12.5000002    1.1003722E+03
        15.0000002    3.7938205E+02
        20.0000003    2.6990709E+01
        25.0000004    1.4062768E+01
        30.0000005    8.6936893E+00
        35.0000006    4.9397850E+00
        40.0000007    2.5641520E+00
        45.0000007    1.1263188E+00
        50.0000008    4.2406604E-01
        55.0000009    1.4785759E-01
        60.0000010    5.9627626E-02
        65.0000011    3.2177269E-02
        70.0000011    1.8601291E-02
        75.0000012    4.6719287E-02
        80.0000013    2.9259780E-04
 
