       12.5000002    1.6937810E+03
        15.0000002    7.4589093E+02
        20.0000003    5.3450153E+01
        25.0000004    1.8272221E+01
        30.0000005    1.1545294E+01
        35.0000006    6.7193227E+00
        40.0000007    4.0543137E+00
        45.0000007    2.2181003E+00
        50.0000008    1.0489045E+00
        55.0000009    4.2988181E-01
        60.0000010    1.6350557E-01
        65.0000011    6.8323195E-02
        70.0000011    3.6523905E-02
        75.0000012    1.0074946E-01
        80.0000013    7.6979399E-02
        85.0000014    5.2023396E-02
        90.0000015    2.9745935E-02
 
