       80.0000013    6.8414181E+18
        85.0000014    5.2928648E+18
        90.0000015    4.0741348E+18
        95.2390015    3.0813976E+18
       100.6800016    2.2925345E+18
       114.2900019    1.0602365E+18
       119.7300019    7.6614726E+17
       122.4500020    6.4828518E+17
       125.1700020    5.4662894E+17
       127.8900021    4.5911541E+17
       130.6100021    3.8393427E+17
       133.3300022    3.1949523E+17
       136.0600022    2.6421287E+17
       146.9400024    6.9329981E+17
       149.6600024    6.0451204E+17
       155.1000025    4.2541768E+17
       157.8200026    3.3536022E+17
       160.5500026    2.3960052E+17
 
