       80.0000013    8.9212372E+18
        85.0000014    7.3130475E+18
        90.0000015    5.9695504E+18
        95.2390015    4.8092913E+18
       100.6800016    3.8314833E+18
       114.2900019    2.1492610E+18
       119.7300019    1.6997129E+18
       122.4500020    1.5102317E+18
       125.1700020    1.3410144E+18
       127.8900021    1.1899254E+18
       130.6100021    1.0550539E+18
       133.3300022    9.3469085E+17
       136.0600022    8.2693699E+17
       146.9400024    1.4286199E+18
       149.6600024    1.3448048E+18
       155.1000025    1.1727787E+18
       157.8200026    1.0909099E+18
       160.5500026    1.0128153E+18
       165.9900027    8.6979747E+17
       171.4300028    7.4263180E+17
       176.8700029    6.2957033E+17
       179.5900029    5.7776415E+17
       182.3100030    5.2882427E+17
       185.0400030    4.8238568E+17
       187.7600031    4.3859746E+17
       190.4800031    3.9710062E+17
       195.9200032    3.2025348E+17
       198.6400032    2.8452622E+17
       204.0800033    2.5090404E+17
       206.8000034    2.1688408E+17
       209.5300034    1.8260552E+17
       212.2500035    1.4713438E+17
       214.9700035    1.0776842E+17
 
