       80.0000013    6.9127029E-01
        85.0000014    4.3462273E-01
        90.0000015    2.7735871E-01
        95.2390015    1.7590849E-01
       100.6800016    1.1134543E-01
       114.2900019    3.7742350E-02
       119.7300019    2.5036350E-02
       122.4500020    2.0477515E-02
       125.1700020    1.6793756E-02
       127.8900021    1.3808393E-02
       130.6100021    1.1382221E-02
       133.3300022    9.4051780E-03
       136.0600022    7.7845776E-03
       146.9400024    1.3111331E-02
       149.6600024    1.1732794E-02
       155.1000025    9.2708832E-03
       157.8200026    8.2289530E-03
       160.5500026    7.3036645E-03
       165.9900027    5.7731010E-03
       171.4300028    4.5824996E-03
       176.8700029    3.6534129E-03
       179.5900029    3.2673194E-03
       182.3100030    2.9250311E-03
       185.0400030    2.6201538E-03
       187.7600031    2.3502624E-03
       190.4800031    2.1101297E-03
       195.9200032    1.7054979E-03
       198.6400032    1.5352371E-03
       204.0800033    1.3418095E-03
       206.8000034    1.2197896E-03
       209.5300034    1.1099383E-03
       212.2500035    1.0116837E-03
       214.9700035    9.2333549E-04
       220.4100036    7.7199982E-04
       225.8500037    6.4849085E-04
       236.7400038    4.6321764E-04
       247.6200040    3.3582316E-04
       258.5100042    2.4641390E-04
       272.1100044    1.6987455E-04
       285.7200046    1.1870739E-04
       299.3200049    8.3959931E-05
       312.9300051    5.9984992E-05
       340.1400055    3.1457061E-05
       353.7400058    2.3054867E-05
       380.9500062    1.2644666E-05
       394.5600064    9.4551033E-06
       408.1700066    7.1130748E-06
       435.3800071    4.0958462E-06
       462.5900075    2.4088472E-06
       476.1900077    1.8611820E-06
       489.8000080    1.4444613E-06
       503.4000082    1.1262783E-06
       517.0100084    8.8179479E-07
       557.8300091    4.3360424E-07
       571.4300093    3.4487147E-07
       585.0400095    2.7522245E-07
       612.2500100    1.7709114E-07
       666.6700108    7.6102211E-08
       680.2800111    6.2055129E-08
       707.4900115    4.1597289E-08
       734.7000119    2.8166529E-08
       761.9100124    1.9254099E-08
       789.1200128    1.3279923E-08
       816.3300133    9.2369437E-09
       843.5400137    6.4760908E-09
       870.7500142    4.5745892E-09
       911.5700148    2.7515419E-09
       952.3900155    1.6791650E-09
       993.2000162    1.0384088E-09
      1020.4000166    7.5881784E-10
      1061.2000173    4.7829712E-10
      1088.4000177    3.5353331E-10
      1102.0000179    3.0439740E-10
      1115.7000181    2.6204747E-10
      1129.3000184    2.2603429E-10
      1142.9000186    1.9513120E-10
      1156.5000188    1.6858366E-10
      1170.1000190    1.4575337E-10
      1197.3000195    1.0916423E-10
      1210.9000197    9.4557105E-11
      1224.5000199    8.1946991E-11
      1227.2000200    7.9655726E-11
      1229.9000200    7.7429917E-11
      1232.7000200    7.5188737E-11
      1235.4000201    7.3090325E-11
      1238.1000201    7.1051665E-11
      1240.8000202    6.9070992E-11
      1243.5000202    6.7147066E-11
      1246.3000203    6.5209067E-11
      1249.0000203    6.3394248E-11
      1257.2000204    6.2712141E-11
      1259.9000205    6.0982726E-11
      1262.6000205    5.9285743E-11
      1270.8000207    5.4382630E-11
      1281.6000208    4.8525611E-11
      1289.8000210    4.6263157E-11
      1292.5000210    4.4970517E-11
      1295.2000211    4.3708672E-11
      1298.0000211    4.2434622E-11
      1300.7000212    4.1239907E-11
      1303.4000212    4.0078239E-11
      1306.1000212    3.8949070E-11
      1314.3000214    3.5711371E-11
      1330.6000216    3.0056461E-11
      1341.5000218    2.6785732E-11
      1355.1000220    2.3200364E-11
      1360.6000221    2.1890247E-11
      1371.4000223    1.9528377E-11
      1382.3000225    1.7401660E-11
      1390.5000226    1.5954703E-11
      1395.9000227    1.5067548E-11
      1404.1000228    1.3812763E-11
      1406.8000229    1.3422613E-11
      1409.5000229    1.3043325E-11
      1415.0000230    1.2303041E-11
      1417.7000231    1.1954908E-11
      1420.4000231    1.1616852E-11
      1423.1000231    1.1287812E-11
      1425.9000232    1.0956242E-11
      1428.6000232    1.0645562E-11
      1431.3000233    1.0343513E-11
      1436.7000234    9.7643508E-12
      1439.5000234    9.4766443E-12
      1442.2000235    9.2070561E-12
      1444.9000235    8.9449507E-12
      1447.6000235    8.6901207E-12
      1450.4000236    8.4333191E-12
      1453.1000236    8.1926870E-12
      1455.8000237    5.1569020E-11
      1458.5000237    5.0538691E-11
      1461.2000238    4.9364481E-11
      1466.7000239    4.6806579E-11
      1469.4000239    4.5542122E-11
      1472.1000239    4.4293604E-11
      1477.6000240    4.1825321E-11
      1480.3000241    4.0655979E-11
      1488.4000242    3.7325875E-11
      1491.2000242    3.6234234E-11
      1496.6000243    3.4213292E-11
      1551.0000252    1.8968594E-11
      1632.7000266    7.3672179E-12
 
