       80.0000013    7.4876562E-02
        85.0000014    4.3360218E-02
        90.0000015    2.5580024E-02
        95.2390015    1.4988023E-02
       100.6800016    8.7640900E-03
       114.2900019    2.4738531E-03
       119.7300019    1.5376015E-03
       122.4500020    1.2200737E-03
       125.1700020    9.7235525E-04
       127.8900021    7.7836786E-04
       130.6100021    6.2588311E-04
       133.3300022    5.0556759E-04
       136.0600022    4.0996107E-04
       146.9400024    1.8203903E-03
       149.6600024    1.5759884E-03
       155.1000025    1.1772006E-03
       157.8200026    1.0184398E-03
       160.5500026    8.8170875E-04
       165.9900027    6.6422526E-04
       171.4300028    5.0308026E-04
       176.8700029    3.8298892E-04
       179.5900029    3.3477735E-04
       182.3100030    2.9298014E-04
       185.0400030    2.5657148E-04
       187.7600031    2.2504838E-04
       190.4800031    1.9761400E-04
       195.9200032    1.5285544E-04
       198.6400032    1.3464307E-04
       204.0800033    1.7926512E-04
       206.8000034    1.6205554E-04
       209.5300034    1.4650432E-04
       212.2500035    1.3259028E-04
       214.9700035    1.2009378E-04
       220.4100036    9.8758777E-05
       225.8500037    8.1459111E-05
       236.7400038    5.5854856E-05
       247.6200040    3.8685655E-05
       258.5100042    2.7019008E-05
       272.1100044    1.7451064E-05
       285.7200046    1.1396553E-05
       299.3200049    7.5237917E-06
       312.9300051    5.0148374E-06
       340.1400055    2.2905581E-06
       353.7400058    1.5681748E-06
       380.9500062    7.5228695E-07
       394.5600064    5.2674267E-07
       408.1700066    3.7136024E-07
       435.3800071    1.8821410E-07
       462.5900075    9.7652361E-08
       476.1900077    7.0909799E-08
       489.8000080    5.1729856E-08
       503.4000082    3.7917783E-08
       517.0100084    2.7903855E-08
       557.8300091    1.1365888E-08
       571.4300093    8.4769729E-09
       585.0400095    6.3358816E-09
       612.2500100    3.5596239E-09
       666.6700108    1.1346282E-09
       680.2800111    8.5183671E-10
       707.4900115    4.7795529E-10
       734.7000119    2.6522298E-10
       761.9100124    1.4446119E-10
       789.1200128    7.6337985E-11
       816.3300133    3.8316815E-11
       843.5400137    1.7389650E-11
       870.7500142    5.8231193E-12
 
