       80.0000013    1.8218023E-01
        85.0000014    1.0888939E-01
        90.0000015    6.6256307E-02
        95.2390015    4.0068187E-02
       100.6800016    2.4183923E-02
       114.2900019    7.3274346E-03
       119.7300019    4.6612611E-03
       122.4500020    3.7364420E-03
       125.1700020    3.0049630E-03
       127.8900021    2.4245628E-03
       130.6100021    1.9626089E-03
       133.3300022    1.5938138E-03
       136.0600022    1.2975445E-03
       146.9400024    4.0697413E-03
       149.6600024    3.5742617E-03
       155.1000025    2.7339379E-03
       157.8200026    2.3905684E-03
       160.5500026    2.0909733E-03
       165.9900027    1.6064660E-03
       171.4300028    1.2400043E-03
       176.8700029    9.6157659E-04
       179.5900029    8.4818254E-04
       182.3100030    7.4896438E-04
       185.0400030    6.6174514E-04
       187.7600031    5.8554474E-04
       190.4800031    5.1863299E-04
       195.9200032    4.0804793E-04
       198.6400032    3.6244610E-04
       204.0800033    3.9146040E-04
       206.8000034    3.5535722E-04
       209.5300034    3.2272798E-04
       212.2500035    2.9348204E-04
       214.9700035    2.6714886E-04
       220.4100036    2.2198593E-04
       225.8500037    1.8510500E-04
       236.7400038    1.2986815E-04
       247.6200040    9.2136586E-05
       258.5100042    6.5965949E-05
       272.1100044    4.3972312E-05
       285.7200046    2.9646386E-05
       299.3200049    2.0205798E-05
       312.9300051    1.3902054E-05
       340.1400055    6.7596479E-06
       353.7400058    4.7719664E-06
       380.9500062    2.4309388E-06
       394.5600064    1.7529109E-06
       408.1700066    1.2722121E-06
       435.3800071    6.8264751E-07
       462.5900075    3.7467879E-07
       476.1900077    2.7981284E-07
       489.8000080    2.0996504E-07
       503.4000082    1.5834082E-07
       517.0100084    1.1993367E-07
       557.8300091    5.3484801E-08
       571.4300093    4.1195037E-08
       585.0400095    3.1840788E-08
       612.2500100    1.9225402E-08
       666.6700108    7.2738695E-09
       680.2800111    5.7429390E-09
       707.4900115    3.6053951E-09
       734.7000119    2.2817874E-09
       761.9100124    1.4537201E-09
       789.1200128    9.3095293E-10
       816.3300133    5.9833849E-10
       843.5400137    3.8533221E-10
       870.7500142    2.4822158E-10
       911.5700148    1.2784616E-10
       952.3900155    6.5095741E-11
       993.2000162    3.2425694E-11
      1020.4000166    1.9969569E-11
      1061.2000173    9.1626758E-12
      1088.4000177    5.1286662E-12
      1102.0000179    3.7126062E-12
      1115.7000181    2.5803728E-12
      1129.3000184    1.6788651E-12
      1142.9000186    9.2092198E-13
 
