       80.0000013    6.5747456E-04
        85.0000014    3.4902713E-04
        90.0000015    1.9583059E-04
        95.2390015    1.1300411E-04
       100.6800016    6.7321271E-05
       114.2900019    2.1950264E-05
       119.7300019    1.4702497E-05
       122.4500020    1.2114341E-05
       125.1700020    1.0018799E-05
       127.8900021    8.3123932E-06
       130.6100021    6.9159523E-06
       133.3300022    5.7682305E-06
       136.0600022    4.8182210E-06
       146.9400024    1.5468289E-05
       149.6600024    1.2486458E-05
       155.1000025    8.1749977E-06
       157.8200026    6.6325570E-06
       160.5500026    5.3865301E-06
       165.9900027    3.5759713E-06
       171.4300028    2.3885382E-06
       176.8700029    1.6041591E-06
       179.5900029    1.3170558E-06
       182.3100030    1.0825636E-06
       185.0400030    8.9010274E-07
       187.7600031    7.3308695E-07
       190.4800031    6.0429619E-07
       195.9200032    4.1155036E-07
       198.6400032    3.3995252E-07
       204.0800033    1.2894891E-06
       206.8000034    1.0971829E-06
       209.5300034    9.3104757E-07
       212.2500035    7.8955617E-07
       214.9700035    6.6897246E-07
       220.4100036    4.7914961E-07
       225.8500037    3.4207417E-07
       236.7400038    1.7191408E-07
       247.6200040    8.4092406E-08
       258.5100042    3.9220875E-08
       272.1100044    1.3245041E-08
       285.7200046    2.4731084E-09
 
