       80.0000013    5.1988587E-03
        85.0000014    2.7526598E-03
        90.0000015    1.5031879E-03
        95.2390015    8.2552357E-04
       100.6800016    4.6064635E-04
       114.2900019    1.2800618E-04
       119.7300019    8.2162762E-05
       122.4500020    6.6699868E-05
       125.1700020    5.4586591E-05
       127.8900021    4.5009940E-05
       130.6100021    3.7370944E-05
       133.3300022    3.1225169E-05
       136.0600022    2.6223981E-05
       146.9400024    1.4775504E-04
       149.6600024    1.2326121E-04
       155.1000025    8.6125554E-05
       157.8200026    7.2180919E-05
       160.5500026    6.0561531E-05
       165.9900027    4.2903033E-05
       171.4300028    3.0585241E-05
       176.8700029    2.1932712E-05
       179.5900029    1.8612158E-05
       182.3100030    1.5815778E-05
       185.0400030    1.3449427E-05
       187.7600031    1.1458815E-05
       190.4800031    9.7752554E-06
       195.9200032    7.1403438E-06
       198.6400032    6.1136830E-06
       204.0800033    1.5075247E-05
       206.8000034    1.3306532E-05
       209.5300034    1.1734915E-05
       212.2500035    1.0355976E-05
       214.9700035    9.1436868E-06
       220.4100036    7.1417230E-06
       225.8500037    5.5930591E-06
       236.7400038    3.4557991E-06
       247.6200040    2.1567557E-06
       258.5100042    1.3569397E-06
       272.1100044    7.6862813E-07
       285.7200046    4.3931371E-07
       299.3200049    2.5297311E-07
       312.9300051    1.4627049E-07
       340.1400055    4.9021242E-08
       353.7400058    2.8223674E-08
       380.9500062    9.0392591E-09
       394.5600064    4.9570232E-09
       408.1700066    2.6179989E-09
       435.3800071    5.5832433E-10
 
