       80.0000013    2.3958808E-02
        85.0000014    1.3293733E-02
        90.0000015    7.5310501E-03
        95.2390015    4.2432686E-03
       100.6800016    2.3938527E-03
       114.2900019    6.3669001E-04
       119.7300019    3.9232662E-04
       122.4500020    3.1109719E-04
       125.1700020    2.4837709E-04
       127.8900021    1.9966828E-04
       130.6100021    1.6161693E-04
       133.3300022    1.3171192E-04
       136.0600022    1.0798770E-04
       146.9400024    6.3270738E-04
       149.6600024    5.3887285E-04
       155.1000025    3.9138537E-04
       157.8200026    3.3424728E-04
       160.5500026    2.8574184E-04
       165.9900027    2.1005434E-04
       171.4300028    1.5533742E-04
       176.8700029    1.1551358E-04
       179.5900029    9.9808669E-05
       182.3100030    8.6348031E-05
       185.0400030    7.4755386E-05
       187.7600031    6.4831111E-05
       190.4800031    5.6290170E-05
       195.9200032    4.2580421E-05
       198.6400032    3.7095171E-05
       204.0800033    6.4991233E-05
       206.8000034    5.8243040E-05
       209.5300034    5.2175175E-05
       212.2500035    4.6780722E-05
       214.9700035    4.1970758E-05
       220.4100036    3.3853648E-05
       225.8500037    2.7381262E-05
       236.7400038    1.8044244E-05
       247.6200040    1.2009456E-05
       258.5100042    8.0607497E-06
       272.1100044    4.9563359E-06
       285.7200046    3.0833912E-06
       299.3200049    1.9407028E-06
       312.9300051    1.2340838E-06
       340.1400055    5.1388707E-07
       353.7400058    3.3604087E-07
       380.9500062    1.4692972E-07
       394.5600064    9.8092137E-08
       408.1700066    6.5842414E-08
       435.3800071    3.0052867E-08
       462.5900075    1.3863453E-08
       476.1900077    9.4305204E-09
       489.8000080    6.4094756E-09
       503.4000082    4.3493205E-09
       517.0100084    2.9407079E-09
       557.8300091    8.7419505E-10
       571.4300093    5.7054916E-10
       585.0400095    3.6522857E-10
       612.2500100    1.3552945E-10
 
