       80.0000013    2.4795446E+00
        85.0000014    1.6651455E+00
        90.0000015    1.1290582E+00
        95.2390015    7.5941384E-01
       100.6800016    5.0877368E-01
       114.2900019    1.9612747E-01
       119.7300019    1.3645318E-01
       122.4500020    1.1423014E-01
       125.1700020    9.5848240E-02
       127.8900021    8.0604859E-02
       130.6100021    6.7932807E-02
       133.3300022    5.7372980E-02
       136.0600022    4.8523113E-02
       146.9400024    4.6181407E-02
       149.6600024    4.1304946E-02
       155.1000025    3.2842614E-02
       157.8200026    2.9297963E-02
       160.5500026    2.6155630E-02
       165.9900027    2.0954205E-02
       171.4300028    1.6890571E-02
       176.8700029    1.3696555E-02
       179.5900029    1.2359901E-02
       182.3100030    1.1168629E-02
       185.0400030    1.0101420E-02
       187.7600031    9.1507779E-03
       190.4800031    8.2993181E-03
       195.9200032    6.8493416E-03
       198.6400032    6.2320246E-03
       204.0800033    5.5741197E-03
       206.8000034    5.0740284E-03
       209.5300034    4.6146186E-03
       212.2500035    4.2001200E-03
       214.9700035    3.8261944E-03
       220.4100036    3.1857025E-03
       225.8500037    2.6649896E-03
       236.7400038    1.8910007E-03
       247.6200040    1.3664556E-03
       258.5100042    1.0034433E-03
       272.1100044    6.9658313E-04
       285.7200046    4.9324037E-04
       299.3200049    3.5541537E-04
       312.9300051    2.5983551E-04
       340.1400055    1.4397502E-04
       353.7400058    1.0876441E-04
       380.9500062    6.3523068E-05
       394.5600064    4.9028182E-05
       408.1700066    3.8061135E-05
       435.3800071    2.3303222E-05
       462.5900075    1.4535195E-05
       476.1900077    1.1553585E-05
       489.8000080    9.2186747E-06
       503.4000082    7.3850169E-06
       517.0100084    5.9369581E-06
       557.8300091    3.1503341E-06
       571.4300093    2.5676852E-06
       585.0400095    2.0990951E-06
       612.2500100    1.4159170E-06
       666.6700108    6.6667707E-07
       680.2800111    5.5591897E-07
       707.4900115    3.8952697E-07
       734.7000119    2.7557135E-07
       761.9100124    1.9673466E-07
       789.1200128    1.4166541E-07
       816.3300133    1.0284498E-07
       843.5400137    7.5240209E-08
       870.7500142    5.5448155E-08
       911.5700148    3.5530594E-08
       952.3900155    2.3097451E-08
       993.2000162    1.5217770E-08
      1020.4000166    1.1603098E-08
      1061.2000173    7.8006366E-09
      1088.4000177    6.0232725E-09
      1102.0000179    5.3020961E-09
      1115.7000181    4.6682618E-09
      1129.3000184    4.1186206E-09
      1142.9000186    3.6376562E-09
      1156.5000188    3.2162870E-09
      1170.1000190    2.8466995E-09
      1197.3000195    2.2368620E-09
      1210.9000197    1.9857846E-09
      1224.5000199    1.7645875E-09
      1227.2000200    1.7238911E-09
      1229.9000200    1.6841958E-09
      1232.7000200    1.6440594E-09
      1235.4000201    1.6063229E-09
      1238.1000201    1.5695099E-09
      1240.8000202    1.5335965E-09
      1243.5000202    1.4985593E-09
      1246.3000203    1.4631255E-09
      1249.0000203    1.4298035E-09
      1257.2000204    1.5689148E-09
      1259.9000205    1.5341958E-09
      1262.6000205    1.4994871E-09
      1270.8000207    1.3972742E-09
      1281.6000208    1.2728492E-09
      1289.8000210    1.2813194E-09
      1292.5000210    1.2523438E-09
      1295.2000211    1.2237711E-09
      1298.0000211    1.1947078E-09
      1300.7000212    1.1672934E-09
      1303.4000212    1.1405032E-09
      1306.1000212    1.1143425E-09
      1314.3000214    1.0386796E-09
      1330.6000216    9.0402180E-10
      1341.5000218    8.2444784E-10
      1355.1000220    7.3549239E-10
      1360.6000221    7.0247697E-10
      1371.4000223    6.4215805E-10
      1382.3000225    5.8684840E-10
      1390.5000226    5.4859683E-10
      1395.9000227    5.2486526E-10
      1404.1000228    4.9089888E-10
      1406.8000229    4.8023430E-10
      1409.5000229    4.6981657E-10
      1415.0000230    4.4933357E-10
      1417.7000231    4.3962883E-10
      1420.4000231    4.3014733E-10
      1423.1000231    4.2088369E-10
      1425.9000232    4.1150133E-10
      1428.6000232    4.0266507E-10
      1431.3000233    3.9403095E-10
      1436.7000234    3.7734946E-10
      1439.5000234    3.6899780E-10
      1442.2000235    3.6113093E-10
      1444.9000235    3.5344269E-10
      1447.6000235    3.4592873E-10
      1450.4000236    3.3831615E-10
      1453.1000236    3.3114442E-10
      1455.8000237    1.8834398E-09
      1458.5000237    1.8596034E-09
      1461.2000238    1.8303399E-09
      1466.7000239    1.7636045E-09
      1469.4000239    1.7298469E-09
      1472.1000239    1.6961876E-09
      1477.6000240    1.6288559E-09
      1480.3000241    1.5966238E-09
      1488.4000242    1.5036028E-09
      1491.2000242    1.4727481E-09
      1496.6000243    1.4150924E-09
      1551.0000252    9.5039010E-10
      1632.7000266    5.3009108E-10
      1823.1000296    1.4508740E-10
      2340.2000381    5.7020521E-12
      2829.9000460    2.1966297E-13
      3047.6000496    9.1202036E-15
 
