       80.0000013    4.3456964E+00
        85.0000014    3.0297799E+00
        90.0000015    2.1269743E+00
        95.2390015    1.4795709E+00
       100.6800016    1.0237256E+00
       114.2900019    4.2365387E-01
       119.7300019    3.0234772E-01
       122.4500020    2.5622997E-01
       125.1700020    2.1759415E-01
       127.8900021    1.8515670E-01
       130.6100021    1.5786521E-01
       133.3300022    1.3485491E-01
       136.0600022    1.1534835E-01
       146.9400024    9.3122169E-02
       149.6600024    8.2835168E-02
       155.1000025    6.5359756E-02
       157.8200026    5.8147214E-02
       160.5500026    5.1799387E-02
       165.9900027    4.1382175E-02
       171.4300028    3.3319291E-02
       176.8700029    2.7027091E-02
       179.5900029    2.4405230E-02
       182.3100030    2.2073854E-02
       185.0400030    1.9989258E-02
       187.7600031    1.8135231E-02
       190.4800031    1.6476635E-02
       195.9200032    1.3655371E-02
       198.6400032    1.2454890E-02
       204.0800033    1.1980655E-02
       206.8000034    1.0979185E-02
       209.5300034    1.0025745E-02
       212.2500035    9.1487933E-03
       214.9700035    8.3483923E-03
       220.4100036    6.9629597E-03
       225.8500037    5.8266562E-03
       236.7400038    4.1256673E-03
       247.6200040    2.9677572E-03
       258.5100042    2.1665597E-03
       272.1100044    1.4922620E-03
       285.7200046    1.0492492E-03
       299.3200049    7.5218955E-04
       312.9300051    5.4847612E-04
       340.1400055    3.0485803E-04
       353.7400058    2.3156368E-04
       380.9500062    1.3758880E-04
       394.5600064    1.0736802E-04
       408.1700066    8.4368818E-05
       435.3800071    5.3042051E-05
       462.5900075    3.4022003E-05
       476.1900077    2.7426689E-05
       489.8000080    2.2192742E-05
       503.4000082    1.8026187E-05
       517.0100084    1.4690195E-05
       557.8300091    8.1049275E-06
       571.4300093    6.6876387E-06
       585.0400095    5.5328451E-06
       612.2500100    3.8181342E-06
       666.6700108    1.8739421E-06
       680.2800111    1.5777166E-06
       707.4900115    1.1260372E-06
       734.7000119    8.1065326E-07
       761.9100124    5.8845478E-07
       789.1200128    4.3055994E-07
       816.3300133    3.1742982E-07
       843.5400137    2.3573325E-07
       870.7500142    1.7628530E-07
       911.5700148    1.1541880E-07
       952.3900155    7.6636184E-08
       993.2000162    5.1563095E-08
      1020.4000166    3.9867853E-08
      1061.2000173    2.7369707E-08
      1088.4000177    2.1430955E-08
      1102.0000179    1.8997419E-08
      1115.7000181    1.6844773E-08
      1129.3000184    1.4965970E-08
      1142.9000186    1.3311297E-08
      1156.5000188    1.1852268E-08
      1170.1000190    1.0564243E-08
      1197.3000195    8.4186293E-09
      1210.9000197    7.5264310E-09
      1224.5000199    6.7352821E-09
      1227.2000200    6.5891461E-09
      1229.9000200    6.4464203E-09
      1232.7000200    6.3019185E-09
      1235.4000201    6.1658771E-09
      1238.1000201    6.0329932E-09
      1240.8000202    5.9031890E-09
      1243.5000202    5.7763874E-09
      1246.3000203    5.6479812E-09
      1249.0000203    5.5270681E-09
      1257.2000204    6.4891039E-09
      1259.9000205    6.3552790E-09
      1262.6000205    6.2200365E-09
      1270.8000207    5.8182441E-09
      1281.6000208    5.3259916E-09
      1289.8000210    5.5143383E-09
      1292.5000210    5.3966405E-09
      1295.2000211    5.2800448E-09
      1298.0000211    5.1611098E-09
      1300.7000212    5.0487006E-09
      1303.4000212    4.9386837E-09
      1306.1000212    4.8311111E-09
      1314.3000214    4.5192605E-09
      1330.6000216    3.9615355E-09
      1341.5000218    3.6301397E-09
      1355.1000220    3.2578473E-09
      1360.6000221    3.1191330E-09
      1371.4000223    2.8648741E-09
      1382.3000225    2.6307081E-09
      1390.5000226    2.4681344E-09
      1395.9000227    2.3669948E-09
      1404.1000228    2.2218405E-09
      1406.8000229    2.1761650E-09
      1409.5000229    2.1314981E-09
      1415.0000230    2.0435311E-09
      1417.7000231    2.0017836E-09
      1420.4000231    1.9609523E-09
      1423.1000231    1.9210156E-09
      1425.9000232    1.8805222E-09
      1428.6000232    1.8423437E-09
      1431.3000233    1.8049978E-09
      1436.7000234    1.7327269E-09
      1439.5000234    1.6964842E-09
      1442.2000235    1.6623073E-09
      1444.9000235    1.6288700E-09
      1447.6000235    1.5961554E-09
      1450.4000236    1.5629745E-09
      1453.1000236    1.5316804E-09
      1455.8000237    8.0786382E-09
      1458.5000237    7.9847258E-09
      1461.2000238    7.8681230E-09
      1466.7000239    7.6008035E-09
      1469.4000239    7.4652275E-09
      1472.1000239    7.3298696E-09
      1477.6000240    7.0585999E-09
      1480.3000241    6.9285027E-09
      1488.4000242    6.5521228E-09
      1491.2000242    6.4269599E-09
      1496.6000243    6.1926233E-09
      1551.0000252    4.2779398E-09
      1632.7000266    2.4900548E-09
      1823.1000296    7.5603090E-10
      2340.2000381    4.4160835E-11
      2829.9000460    4.1949933E-12
      3047.6000496    1.5391514E-12
      3700.7000602    6.0780184E-14
      4000.0000650    3.5359784E-15
 
