       80.0000013    3.3513122E+00
        85.0000014    2.2942886E+00
        90.0000015    1.5835819E+00
        95.2390015    1.0836326E+00
       100.6800016    7.3807663E-01
       114.2900019    2.9510763E-01
       119.7300019    2.0804511E-01
       122.4500020    1.7527765E-01
       125.1700020    1.4799573E-01
       127.8900021    1.2522733E-01
       130.6100021    1.0618167E-01
       133.3300022    9.0213865E-02
       136.0600022    7.6751620E-02
       146.9400024    6.6195294E-02
       149.6600024    5.9025887E-02
       155.1000025    4.6757936E-02
       157.8200026    4.1664004E-02
       160.5500026    3.7165850E-02
       165.9900027    2.9752614E-02
       171.4300028    2.3986356E-02
       176.8700029    1.9468054E-02
       179.5900029    1.7580410E-02
       182.3100030    1.5899437E-02
       185.0400030    1.4394443E-02
       187.7600031    1.3054392E-02
       190.4800031    1.1854434E-02
       195.9200032    9.8110242E-03
       198.6400032    8.9407889E-03
       204.0800033    8.3043631E-03
       206.8000034    7.5809932E-03
       209.5300034    6.9054300E-03
       212.2500035    6.2905424E-03
       214.9700035    5.7329624E-03
       220.4100036    4.7736550E-03
       225.8500037    3.9910865E-03
       236.7400038    2.8253703E-03
       247.6200040    2.0350912E-03
       258.5100042    1.4892159E-03
       272.1100044    1.0296106E-03
       285.7200046    7.2681124E-04
       299.3200049    5.2284938E-04
       312.9300051    3.8221502E-04
       340.1400055    2.1273599E-04
       353.7400058    1.6138869E-04
       380.9500062    9.5330579E-05
       394.5600064    7.4070726E-05
       408.1700066    5.7912512E-05
       435.3800071    3.5991336E-05
       462.5900075    2.2793862E-05
       476.1900077    1.8255210E-05
       489.8000080    1.4674456E-05
       503.4000082    1.1841318E-05
       517.0100084    9.5872419E-06
       557.8300091    5.1905972E-06
       571.4300093    4.2572956E-06
       585.0400095    3.5016353E-06
       612.2500100    2.3895529E-06
       666.6700108    1.1491441E-06
       680.2800111    9.6295707E-07
       707.4900115    6.8114690E-07
       734.7000119    4.8625196E-07
       761.9100124    3.5016896E-07
       789.1200128    2.5428216E-07
       816.3300133    1.8612461E-07
       843.5400137    1.3727013E-07
       870.7500142    1.0197044E-07
       911.5700148    6.6120194E-08
       952.3900155    4.3492737E-08
       993.2000162    2.8995080E-08
      1020.4000166    2.2282647E-08
      1061.2000173    1.5158792E-08
      1088.4000177    1.1797833E-08
      1102.0000179    1.0426453E-08
      1115.7000181    9.2167287E-09
      1129.3000184    8.1638278E-09
      1142.9000186    7.2390951E-09
      1156.5000188    6.4259580E-09
      1170.1000190    5.7101128E-09
      1197.3000195    4.5225126E-09
      1210.9000197    4.0307859E-09
      1224.5000199    3.5959715E-09
      1227.2000200    3.5157925E-09
      1229.9000200    3.4375285E-09
      1232.7000200    3.3583354E-09
      1235.4000201    3.2838217E-09
      1238.1000201    3.2110781E-09
      1240.8000202    3.1400598E-09
      1243.5000202    3.0707232E-09
      1246.3000203    3.0005496E-09
      1249.0000203    2.9345084E-09
      1257.2000204    3.3294900E-09
      1259.9000205    3.2586189E-09
      1262.6000205    3.1873764E-09
      1270.8000207    2.9765903E-09
      1281.6000208    2.7190705E-09
      1289.8000210    2.7768494E-09
      1292.5000210    2.7160560E-09
      1295.2000211    2.6559615E-09
      1298.0000211    2.5947398E-09
      1300.7000212    2.5369273E-09
      1303.4000212    2.4803823E-09
      1306.1000212    2.4251241E-09
      1314.3000214    2.2650886E-09
      1330.6000216    1.9794619E-09
      1341.5000218    1.8101377E-09
      1355.1000220    1.6203134E-09
      1360.6000221    1.5497028E-09
      1371.4000223    1.4204555E-09
      1382.3000225    1.3016438E-09
      1390.5000226    1.2192927E-09
      1395.9000227    1.1681210E-09
      1404.1000228    1.0947658E-09
      1406.8000229    1.0717052E-09
      1409.5000229    1.0491642E-09
      1415.0000230    1.0048034E-09
      1417.7000231    9.8376551E-10
      1420.4000231    9.6319897E-10
      1423.1000231    9.4309249E-10
      1425.9000232    9.2271540E-10
      1428.6000232    9.0351238E-10
      1431.3000233    8.8473695E-10
      1436.7000234    8.4842861E-10
      1439.5000234    8.3023355E-10
      1442.2000235    8.1308382E-10
      1444.9000235    7.9631318E-10
      1447.6000235    7.7991263E-10
      1450.4000236    7.6328627E-10
      1453.1000236    7.4761297E-10
      1455.8000237    4.0965871E-09
      1458.5000237    4.0471768E-09
      1461.2000238    3.9860968E-09
      1466.7000239    3.8463264E-09
      1469.4000239    3.7755044E-09
      1472.1000239    3.7048322E-09
      1477.6000240    3.5633050E-09
      1480.3000241    3.4954832E-09
      1488.4000242    3.2994807E-09
      1491.2000242    3.2343748E-09
      1496.6000243    3.1125853E-09
      1551.0000252    2.1235602E-09
      1632.7000266    1.2131891E-09
      1823.1000296    3.5258260E-10
      2340.2000381    1.7866868E-11
      2829.9000460    1.3218862E-12
      3047.6000496    3.9882201E-13
 
