       80.0000013    3.7790731E-01
        85.0000014    2.3189050E-01
        90.0000015    1.4467931E-01
        95.2390015    8.9739062E-02
       100.6800016    5.5565327E-02
       114.2900019    1.7885497E-02
       119.7300019    1.1634994E-02
       122.4500020    9.4264764E-03
       125.1700020    7.6591726E-03
       127.8900021    6.2406729E-03
       130.6100021    5.0988276E-03
       133.3300022    4.1771042E-03
       136.0600022    3.4285870E-03
       146.9400024    7.7236961E-03
       149.6600024    6.8616541E-03
       155.1000025    5.3506829E-03
       157.8200026    4.7196923E-03
       160.5500026    4.1632089E-03
       165.9900027    3.2509738E-03
       171.4300028    2.5493896E-03
       176.8700029    2.0079073E-03
       179.5900029    1.7847767E-03
       182.3100030    1.5880550E-03
       185.0400030    1.4138125E-03
       187.7600031    1.2604331E-03
       190.4800031    1.1247387E-03
       195.9200032    8.9801097E-04
       198.6400032    8.0345006E-04
       204.0800033    7.5531926E-04
       206.8000034    6.8665523E-04
       209.5300034    6.2473188E-04
       212.2500035    5.6926976E-04
       214.9700035    5.1933568E-04
       220.4100036    4.3366232E-04
       225.8500037    3.6360658E-04
       236.7400038    2.5832467E-04
       247.6200040    1.8589354E-04
       258.5100042    1.3516415E-04
       272.1100044    9.1961600E-05
       285.7200046    6.3333078E-05
       299.3200049    4.4109456E-05
       312.9300051    3.1017233E-05
       340.1400055    1.5751928E-05
       353.7400058    1.1362221E-05
       380.9500062    6.0398725E-06
       394.5600064    4.4477028E-06
       408.1700066    3.2958551E-06
       435.3800071    1.8424203E-06
       462.5900075    1.0525922E-06
       476.1900077    8.0173788E-07
       489.8000080    6.1346543E-07
       503.4000082    4.7164946E-07
       517.0100084    3.6414426E-07
       557.8300091    1.7181179E-07
       571.4300093    1.3481042E-07
       585.0400095    1.0614416E-07
       612.2500100    6.6502139E-08
       666.6700108    2.7125434E-08
       680.2800111    2.1836223E-08
       707.4900115    1.4268746E-08
       734.7000119    9.4197050E-09
       761.9100124    6.2779058E-09
       789.1200128    4.2209392E-09
       816.3300133    2.8609828E-09
       843.5400137    1.9535762E-09
       870.7500142    1.3429209E-09
       911.5700148    7.7379597E-10
       952.3900155    4.5080992E-10
       993.2000162    2.6492411E-10
      1020.4000166    1.8652851E-10
      1061.2000173    1.1055078E-10
      1088.4000177    7.8070737E-11
      1102.0000179    6.5602412E-11
      1115.7000181    5.5043147E-11
      1129.3000184    4.6227005E-11
      1142.9000186    3.8804553E-11
      1156.5000188    3.2553803E-11
      1170.1000190    2.7288864E-11
      1197.3000195    1.9118282E-11
      1210.9000197    1.5972054E-11
      1224.5000199    1.3322886E-11
      1227.2000200    1.2849078E-11
      1229.9000200    1.2391211E-11
      1232.7000200    1.1932660E-11
      1235.4000201    1.1505651E-11
      1238.1000201    1.1093030E-11
      1240.8000202    1.0694324E-11
      1243.5000202    1.0309069E-11
      1246.3000203    9.9232775E-12
      1249.0000203    9.5640622E-12
      1257.2000204    8.9612449E-12
      1259.9000205    8.6338671E-12
      1262.6000205    8.3160935E-12
      1270.8000207    7.4125307E-12
      1281.6000208    6.3580005E-12
      1289.8000210    5.7942045E-12
      1292.5000210    5.5719348E-12
      1295.2000211    5.3569102E-12
      1298.0000211    5.1415634E-12
      1300.7000212    4.9411534E-12
      1303.4000212    4.7476831E-12
      1306.1000212    4.5609532E-12
      1314.3000214    4.0330165E-12
      1330.6000216    3.1400642E-12
      1341.5000218    2.6428931E-12
      1355.1000220    2.1167751E-12
      1360.6000221    1.9300670E-12
      1371.4000223    1.6017435E-12
      1382.3000225    1.3160350E-12
      1390.5000226    1.1275076E-12
      1395.9000227    1.0144057E-12
      1404.1000228    8.5777501E-13
      1406.8000229    8.0987886E-13
      1409.5000229    7.6367943E-13
      1415.0000230    6.7451394E-13
      1417.7000231    6.3302033E-13
      1420.4000231    5.9292865E-13
      1423.1000231    5.5416408E-13
      1425.9000232    5.1528318E-13
      1428.6000232    4.7898008E-13
      1431.3000233    4.4375766E-13
      1436.7000234    3.7617039E-13
      1439.5000234    3.4238655E-13
      1442.2000235    3.1043454E-13
      1444.9000235    2.7891120E-13
      1447.6000235    2.4757201E-13
      1450.4000236    2.1489086E-13
      1453.1000236    1.8263028E-13
      1455.8000237    1.0043279E-12
      1458.5000237    7.5454345E-13
      1461.2000238    4.1668096E-13
 
