       80.0000013    1.7371416E+00
        85.0000014    1.1427222E+00
        90.0000015    7.6019496E-01
        95.2390015    5.0196713E-01
       100.6800016    3.3038276E-01
       114.2900019    1.2241080E-01
       119.7300019    8.3939575E-02
       122.4500020    6.9775522E-02
       125.1700020    5.8142800E-02
       127.8900021    4.8563220E-02
       130.6100021    4.0653810E-02
       133.3300022    3.4106899E-02
       136.0600022    2.8656408E-02
       146.9400024    3.1392302E-02
       149.6600024    2.8151631E-02
       155.1000025    2.2430459E-02
       157.8200026    2.0012572E-02
       160.5500026    1.7862007E-02
       165.9900027    1.4291042E-02
       171.4300028    1.1494260E-02
       176.8700029    9.2936698E-03
       179.5900029    8.3726309E-03
       182.3100030    7.5519462E-03
       185.0400030    6.8170386E-03
       187.7600031    6.1627985E-03
       190.4800031    5.5772732E-03
       195.9200032    4.5816265E-03
       198.6400032    4.1585127E-03
       204.0800033    3.6029101E-03
       206.8000034    3.2746876E-03
       209.5300034    2.9767964E-03
       212.2500035    2.7096448E-03
       214.9700035    2.4694093E-03
       220.4100036    2.0587828E-03
       225.8500037    1.7252056E-03
       236.7400038    1.2288021E-03
       247.6200040    8.9116296E-04
       258.5100042    6.5633096E-04
       272.1100044    4.5660362E-04
       285.7200046    3.2338203E-04
       299.3200049    2.3260695E-04
       312.9300051    1.6944198E-04
       340.1400055    9.2807648E-05
       353.7400058    6.9595262E-05
       380.9500062    3.9977043E-05
       394.5600064    3.0583989E-05
       408.1700066    2.3531125E-05
       435.3800071    1.4151969E-05
       462.5900075    8.6754362E-06
       476.1900077    6.8384074E-06
       489.8000080    5.4121824E-06
       503.4000082    4.3015798E-06
       517.0100084    3.4317504E-06
       557.8300091    1.7821468E-06
       571.4300093    1.4427654E-06
       585.0400095    1.1717443E-06
       612.2500100    7.8048424E-07
       666.6700108    3.5892583E-07
       680.2800111    2.9761594E-07
       707.4900115    2.0624712E-07
       734.7000119    1.4434002E-07
       761.9100124    1.0195292E-07
       789.1200128    7.2642656E-08
       816.3300133    5.2184998E-08
       843.5400137    3.7779916E-08
       870.7500142    2.7552009E-08
       911.5700148    1.7380282E-08
       952.3900155    1.1122818E-08
       993.2000162    7.2146591E-09
      1020.4000166    5.4441474E-09
      1061.2000173    3.6037160E-09
      1088.4000177    2.7541300E-09
      1102.0000179    2.4119713E-09
      1115.7000181    2.1127138E-09
      1129.3000184    1.8544669E-09
      1142.9000186    1.6295781E-09
      1156.5000188    1.4335036E-09
      1170.1000190    1.2623504E-09
      1197.3000195    9.8192032E-10
      1210.9000197    8.6730650E-10
      1224.5000199    7.6681200E-10
      1227.2000200    7.4837625E-10
      1229.9000200    7.3041084E-10
      1232.7000200    7.1226330E-10
      1235.4000201    6.9521711E-10
      1238.1000201    6.7860373E-10
      1240.8000202    6.6241151E-10
      1243.5000202    6.4662919E-10
      1246.3000203    6.3068351E-10
      1249.0000203    6.1570243E-10
      1257.2000204    6.5335520E-10
      1259.9000205    6.3819450E-10
      1262.6000205    6.2312550E-10
      1270.8000207    5.7898270E-10
      1281.6000208    5.2548732E-10
      1289.8000210    5.2086030E-10
      1292.5000210    5.0858756E-10
      1295.2000211    4.9651877E-10
      1298.0000211    4.8426596E-10
      1300.7000212    4.7272358E-10
      1303.4000212    4.6145643E-10
      1306.1000212    4.5046475E-10
      1314.3000214    4.1873036E-10
      1330.6000216    3.6246231E-10
      1341.5000218    3.2934941E-10
      1355.1000220    2.9246891E-10
      1360.6000221    2.7882080E-10
      1371.4000223    2.5394647E-10
      1382.3000225    2.3121222E-10
      1390.5000226    2.1553467E-10
      1395.9000227    2.0582812E-10
      1404.1000228    1.9196336E-10
      1406.8000229    1.8761741E-10
      1409.5000229    1.8337545E-10
      1415.0000230    1.7504528E-10
      1417.7000231    1.7110334E-10
      1420.4000231    1.6725521E-10
      1423.1000231    1.6349851E-10
      1425.9000232    1.5969681E-10
      1428.6000232    1.5611934E-10
      1431.3000233    1.5262651E-10
      1436.7000234    1.4588640E-10
      1439.5000234    1.4251608E-10
      1442.2000235    1.3934402E-10
      1444.9000235    1.3624649E-10
      1447.6000235    1.3322164E-10
      1450.4000236    1.3015959E-10
      1453.1000236    1.2727726E-10
      1455.8000237    7.5090484E-10
      1458.5000237    7.4073125E-10
      1461.2000238    7.2837675E-10
      1466.7000239    7.0036865E-10
      1469.4000239    6.8624201E-10
      1472.1000239    6.7217443E-10
      1477.6000240    6.4407868E-10
      1480.3000241    6.3064903E-10
      1488.4000242    5.9196242E-10
      1491.2000242    5.7915428E-10
      1496.6000243    5.5525406E-10
      1551.0000252    3.6448417E-10
      1632.7000266    1.9591137E-10
      1823.1000296    4.8253273E-11
      2340.2000381    1.0182406E-12
 
