       80.0000013    4.9376565E-05
        85.0000014    2.8367903E-05
        90.0000015    1.6792675E-05
        95.2390015    9.8853911E-06
       100.6800016    5.7687615E-06
       114.2900019    1.5186842E-06
       119.7300019    8.8518529E-07
       122.4500020    6.7354452E-07
       125.1700020    5.1099121E-07
       127.8900021    3.8628040E-07
       130.6100021    2.9074938E-07
       133.3300022    2.1771437E-07
       136.0600022    1.6183471E-07
       146.9400024    1.1698706E-07
       149.6600024    7.7631191E-08
       155.1000025    3.0742645E-08
       157.8200026    1.7392766E-08
       160.5500026    7.8594949E-09
 
