       80.0000013    1.1397048E+00
        85.0000014    7.3334974E-01
        90.0000015    4.7805646E-01
        95.2390015    3.0952719E-01
       100.6800016    1.9989952E-01
       114.2900019    7.0961654E-02
       119.7300019    4.7894567E-02
       122.4500020    3.9506204E-02
       125.1700020    3.2670170E-02
       127.8900021    2.7083436E-02
       130.6100021    2.2505268E-02
       133.3300022    1.8743772E-02
       136.0600022    1.5635163E-02
       146.9400024    2.0706141E-02
       149.6600024    1.8581253E-02
       155.1000025    1.4782687E-02
       157.8200026    1.3169618E-02
       160.5500026    1.1733375E-02
       165.9900027    9.3479902E-03
       171.4300028    7.4816616E-03
       176.8700029    6.0162344E-03
       179.5900029    5.4041999E-03
       182.3100030    4.8597441E-03
       185.0400030    4.3730754E-03
       187.7600031    3.9406768E-03
       190.4800031    3.5545090E-03
       195.9200032    2.9000700E-03
       198.6400032    2.6230025E-03
       204.0800033    2.2435512E-03
       206.8000034    2.0387010E-03
       209.5300034    1.8540071E-03
       212.2500035    1.6888233E-03
       214.9700035    1.5404144E-03
       220.4100036    1.2866626E-03
       225.8500037    1.0801646E-03
       236.7400038    7.7170588E-04
       247.6200040    5.6065503E-04
       258.5100042    4.1301578E-04
       272.1100044    2.8678251E-04
       285.7200046    2.0225435E-04
       299.3200049    1.4458489E-04
       312.9300051    1.0451085E-04
       340.1400055    5.6188415E-05
       353.7400058    4.1706964E-05
       380.9500062    2.3457149E-05
       394.5600064    1.7756860E-05
       408.1700066    1.3520063E-05
       435.3800071    7.9681204E-06
       462.5900075    4.7915764E-06
       476.1900077    3.7423411E-06
       489.8000080    2.9354264E-06
       503.4000082    2.3128380E-06
       517.0100084    1.8295698E-06
       557.8300091    9.2732762E-07
       571.4300093    7.4491976E-07
       585.0400095    6.0038013E-07
       612.2500100    3.9396051E-07
       666.6700108    1.7597557E-07
       680.2800111    1.4487335E-07
       707.4900115    9.8975448E-08
       734.7000119    6.8291882E-08
       761.9100124    4.7561141E-08
       789.1200128    3.3414867E-08
       816.3300133    2.3670937E-08
       843.5400137    1.6899824E-08
       870.7500142    1.2155117E-08
       911.5700148    7.5111695E-09
       952.3900155    4.7097308E-09
       993.2000162    2.9937051E-09
      1020.4000166    2.2289539E-09
      1061.2000173    1.4461727E-09
      1088.4000177    1.0905777E-09
      1102.0000179    9.4872732E-10
      1115.7000181    8.2542956E-10
      1129.3000184    7.1968437E-10
      1142.9000186    6.2816202E-10
      1156.5000188    5.4885302E-10
      1170.1000190    4.8004567E-10
      1197.3000195    3.6830883E-10
      1210.9000197    3.2306591E-10
      1224.5000199    2.8363642E-10
      1227.2000200    2.7642982E-10
      1229.9000200    2.6941560E-10
      1232.7000200    2.6233893E-10
      1235.4000201    2.5569993E-10
      1238.1000201    2.4923730E-10
      1240.8000202    2.4294614E-10
      1243.5000202    2.3682162E-10
      1246.3000203    2.3064133E-10
      1249.0000203    2.2484205E-10
      1257.2000204    2.3064707E-10
      1259.9000205    2.2494764E-10
      1262.6000205    2.1931627E-10
      1270.8000207    2.0291849E-10
      1281.6000208    1.8315756E-10
      1289.8000210    1.7845873E-10
      1292.5000210    1.7400084E-10
      1295.2000211    1.6963080E-10
      1298.0000211    1.6520380E-10
      1300.7000212    1.6104104E-10
      1303.4000212    1.5698325E-10
      1306.1000212    1.5302978E-10
      1314.3000214    1.4164284E-10
      1330.6000216    1.2155607E-10
      1341.5000218    1.0980337E-10
      1355.1000220    9.6781055E-11
      1360.6000221    9.1981874E-11
      1371.4000223    8.3265436E-11
      1382.3000225    7.5336501E-11
      1390.5000226    6.9891627E-11
      1395.9000227    6.6530656E-11
      1404.1000228    6.1744360E-11
      1406.8000229    6.0247744E-11
      1409.5000229    5.8788724E-11
      1415.0000230    5.5928821E-11
      1417.7000231    5.4578005E-11
      1420.4000231    5.3260958E-11
      1423.1000231    5.1976787E-11
      1425.9000232    5.0678871E-11
      1428.6000232    4.9458933E-11
      1431.3000233    4.8269465E-11
      1436.7000234    4.5978433E-11
      1439.5000234    4.4835028E-11
      1442.2000235    4.3760769E-11
      1444.9000235    4.2712594E-11
      1447.6000235    4.1690314E-11
      1450.4000236    4.0656815E-11
      1453.1000236    3.9685245E-11
      1455.8000237    2.4235453E-10
      1458.5000237    2.3865021E-10
      1461.2000238    2.3424299E-10
      1466.7000239    2.2437130E-10
      1469.4000239    2.1942126E-10
      1472.1000239    2.1450390E-10
      1477.6000240    2.0471158E-10
      1480.3000241    2.0004282E-10
      1488.4000242    1.8663468E-10
      1491.2000242    1.8220914E-10
      1496.6000243    1.7396971E-10
      1551.0000252    1.0925025E-10
      1632.7000266    5.4360225E-11
      1823.1000296    1.0401782E-11
 
