       12.5000002    1.8367972E+02
        15.0000002    4.1957500E+01
        20.0000003    2.1019991E+01
        25.0000004    8.8288956E+00
        30.0000005    6.6328754E+00
        35.0000006    3.3873463E+00
        40.0000007    1.5633972E+00
        45.0000007    6.9763917E-01
        50.0000008    3.1454068E-01
        55.0000009    1.5452778E-01
        60.0000010    9.0621822E-02
        65.0000011    6.2549993E-02
        70.0000011    4.6363626E-02
        75.0000012    1.6031598E-01
        80.0000013    1.4471050E-01
        85.0000014    1.2254641E-01
        90.0000015    1.0553147E-01
        95.2390015    8.9226246E-02
       100.6800016    7.0961632E-02
       114.2900019    3.6916856E-02
       119.7300019    2.8229946E-02
       122.4500020    2.4667345E-02
       125.1700020    2.1545541E-02
       127.8900021    1.8812563E-02
       130.6100021    1.6421996E-02
       133.3300022    1.4332577E-02
       136.0600022    1.2501313E-02
       146.9400024    7.2510676E-03
       149.6600024    6.3297921E-03
       155.1000025    4.8265709E-03
       157.8200026    4.2162556E-03
       160.5500026    3.6823384E-03
       165.9900027    3.5750987E-03
       171.4300028    2.8429229E-03
       176.8700029    2.5261289E-03
       179.5900029    2.2776953E-03
       182.3100030    2.0479520E-03
       185.0400030    1.8391300E-03
       187.7600031    1.6526066E-03
       190.4800031    1.4861602E-03
       195.9200032    1.2056584E-03
       198.6400032    1.0876193E-03
       204.0800033    8.8774023E-04
       206.8000034    8.0321613E-04
       209.5300034    7.2716124E-04
       212.2500035    6.5913965E-04
       214.9700035    5.9798814E-04
       220.4100036    4.9333833E-04
       225.8500037    4.0816085E-04
       236.7400038    3.0498870E-04
       247.6200040    2.0823198E-04
       258.5100042    1.4375146E-04
       272.1100044    9.2282135E-05
       285.7200046    6.0494425E-05
       299.3200049    4.0444633E-05
       312.9300051    2.7490614E-05
       340.1400055    1.3204469E-05
       353.7400058    9.2756291E-06
       380.9500062    4.6373093E-06
       394.5600064    3.2853152E-06
       408.1700066    2.3244279E-06
       435.3800071    1.1505171E-06
       462.5900075    5.5310659E-07
       476.1900077    3.7688525E-07
       489.8000080    2.5240311E-07
       503.4000082    1.6516084E-07
       517.0100084    1.0437978E-07
       557.8300091    1.1661884E-08
 
