       12.5000002    2.0733677E+03
        15.0000002    1.0417363E+03
        20.0000003    9.8208191E+01
        25.0000004    2.5896986E+01
        30.0000005    1.7592121E+01
        35.0000006    1.0784356E+01
        40.0000007    7.2260089E+00
        45.0000007    4.9857025E+00
        50.0000008    3.2844980E+00
        55.0000009    1.9897826E+00
        60.0000010    1.1086453E+00
        65.0000011    5.8417141E-01
        70.0000011    3.0274019E-01
        75.0000012    5.9802920E-01
        80.0000013    4.4998163E-01
        85.0000014    3.7979415E-01
        90.0000015    3.6263850E-01
        95.2390015    2.9662737E-01
       100.6800016    2.0662829E-01
       114.2900019    9.9394225E-02
       119.7300019    8.0824345E-02
       122.4500020    7.3561259E-02
       125.1700020    6.7217194E-02
       127.8900021    6.1590407E-02
       130.6100021    5.6538701E-02
       133.3300022    5.1960636E-02
       136.0600022    4.7768153E-02
       146.9400024    3.4158766E-02
       149.6600024    3.1384405E-02
       155.1000025    2.6452444E-02
       157.8200026    2.4265902E-02
       160.5500026    2.2241492E-02
       165.9900027    2.2604166E-02
       171.4300028    1.9473961E-02
       176.8700029    1.7660134E-02
       179.5900029    1.6486801E-02
       182.3100030    1.5249912E-02
       185.0400030    1.4000020E-02
       187.7600031    1.2800216E-02
       190.4800031    1.1686011E-02
       195.9200032    9.7321812E-03
       198.6400032    8.8718971E-03
       204.0800033    7.3702657E-03
       206.8000034    6.7233560E-03
       209.5300034    6.1362917E-03
       212.2500035    5.6072869E-03
       214.9700035    5.1284358E-03
       220.4100036    4.3013734E-03
       225.8500037    3.6205414E-03
       236.7400038    3.0214258E-03
       247.6200040    2.2536623E-03
       258.5100042    1.6764732E-03
       272.1100044    1.1645079E-03
       285.7200046    8.1569329E-04
       299.3200049    5.7625317E-04
       312.9300051    4.1036235E-04
       340.1400055    2.1357124E-04
       353.7400058    1.5618710E-04
       380.9500062    8.5913256E-05
       394.5600064    6.4635060E-05
       408.1700066    4.9090679E-05
       435.3800071    2.9107814E-05
       462.5900075    1.7844666E-05
       476.1900077    1.4128859E-05
       489.8000080    1.1258434E-05
       503.4000082    9.0259646E-06
       517.0100084    7.2735979E-06
       557.8300091    3.9088568E-06
       571.4300093    3.2011965E-06
       585.0400095    2.6288787E-06
       612.2500100    1.7862204E-06
       666.6700108    8.4278122E-07
       680.2800111    7.0072906E-07
       707.4900115    5.0332602E-07
       734.7000119    3.5304762E-07
       761.9100124    2.4355660E-07
       789.1200128    1.6844636E-07
       816.3300133    1.1661463E-07
       843.5400137    8.0699081E-08
       870.7500142    5.5745154E-08
       911.5700148    3.1792545E-08
       952.3900155    1.7896017E-08
       993.2000162    1.3707136E-08
      1020.4000166    8.8056904E-09
      1061.2000173    4.9727755E-09
      1088.4000177    2.9569047E-09
      1102.0000179    2.2337436E-09
      1115.7000181    1.6490577E-09
      1129.3000184    1.1827237E-09
      1142.9000186    8.0501339E-10
      1156.5000188    4.9036247E-10
      1170.1000190    1.8627129E-10
 
