       12.5000002    2.6437414E+01
        15.0000002    2.2857676E+01
        20.0000003    7.5609255E+00
        25.0000004    2.3018689E+00
        30.0000005    5.9818804E-01
        35.0000006    2.1741793E-01
        40.0000007    1.2896092E-01
        45.0000007    8.6230233E-02
        50.0000008    5.8322947E-02
        55.0000009    3.7368026E-02
        60.0000010    2.2260578E-02
        65.0000011    1.2646420E-02
        70.0000011    7.1342769E-03
        75.0000012    5.2512646E-02
        80.0000013    4.3022323E-02
        85.0000014    3.1231055E-02
        90.0000015    2.2134621E-02
        95.2390015    1.5017069E-02
       100.6800016    9.6984068E-03
       114.2900019    3.1600827E-03
       119.7300019    2.0226219E-03
       122.4500020    1.6193362E-03
       125.1700020    1.2971412E-03
       127.8900021    1.0396400E-03
       130.6100021    8.3376747E-04
       133.3300022    6.6910882E-04
       136.0600022    5.3692702E-04
       146.9400024    2.2530144E-04
       149.6600024    1.8179750E-04
       155.1000025    1.1880240E-04
       157.8200026    9.6230753E-05
       160.5500026    7.8000870E-05
       165.9900027    1.5086273E-04
       171.4300028    1.1035251E-04
       176.8700029    1.0750350E-04
       179.5900029    9.1740054E-05
       182.3100030    7.7814548E-05
       185.0400030    6.5738343E-05
       187.7600031    5.5446861E-05
       190.4800031    4.6683090E-05
       195.9200032    3.2919623E-05
       198.6400032    2.7563949E-05
       204.0800033    1.9192468E-05
       206.8000034    1.5951460E-05
       209.5300034    1.3207674E-05
       212.2500035    1.0905192E-05
       214.9700035    8.9685273E-06
       220.4100036    5.9798949E-06
       225.8500037    3.8902408E-06
       236.7400038    2.8684665E-06
       247.6200040    7.0030131E-07
 
