       12.5000002    8.4631036E+02
        15.0000002    2.6671378E+02
        20.0000003    2.6620432E+01
        25.0000004    1.5756053E+01
        30.0000005    1.0825727E+01
        35.0000006    6.8194213E+00
        40.0000007    4.1994786E+00
        45.0000007    2.3964214E+00
        50.0000008    1.2640157E+00
        55.0000009    6.2236279E-01
        60.0000010    2.9841080E-01
        65.0000011    1.5094629E-01
        70.0000011    8.7052621E-02
        75.0000012    2.3949301E-01
        80.0000013    2.1276921E-01
        85.0000014    1.8450327E-01
        90.0000015    1.6361296E-01
        95.2390015    1.3858357E-01
       100.6800016    1.1154965E-01
       114.2900019    6.5758355E-02
       119.7300019    5.3574827E-02
       122.4500020    4.8337352E-02
       125.1700020    4.3587796E-02
       127.8900021    3.9279118E-02
       130.6100021    3.5371430E-02
       133.3300022    3.1829812E-02
       136.0600022    2.8611846E-02
       146.9400024    1.8600117E-02
       149.6600024    1.6682437E-02
       155.1000025    1.3407714E-02
       157.8200026    1.2016055E-02
       160.5500026    1.0763033E-02
       165.9900027    1.0310824E-02
       171.4300028    8.4864870E-03
       176.8700029    7.4339462E-03
       179.5900029    6.7748926E-03
       182.3100030    6.1405138E-03
       185.0400030    5.5485824E-03
       187.7600031    5.0112740E-03
       190.4800031    4.5273886E-03
       195.9200032    3.7045730E-03
       198.6400032    3.3555110E-03
       204.0800033    2.7617787E-03
       206.8000034    2.5100259E-03
       209.5300034    2.2831983E-03
       212.2500035    2.0800726E-03
       214.9700035    1.8972273E-03
       220.4100036    1.5836698E-03
       225.8500037    1.3275889E-03
       236.7400038    1.1237748E-03
       247.6200040    8.0522656E-04
       258.5100042    5.7608582E-04
       272.1100044    3.8256921E-04
       285.7200046    2.5726241E-04
       299.3200049    1.7540342E-04
       312.9300051    1.2124940E-04
       340.1400055    6.0482187E-05
       353.7400058    4.3616295E-05
       380.9500062    2.3540655E-05
       394.5600064    1.7578390E-05
       408.1700066    1.3248145E-05
       435.3800071    7.6990154E-06
       462.5900075    4.5762085E-06
       476.1900077    3.5495448E-06
       489.8000080    2.7606166E-06
       503.4000082    2.1520518E-06
       517.0100084    1.6798820E-06
       557.8300091    8.0207087E-07
       571.4300093    6.2669790E-07
       585.0400095    4.8910306E-07
       612.2500100    2.9654905E-07
       666.6700108    1.0540958E-07
       680.2800111    8.0501572E-08
       707.4900115    4.6362501E-08
       734.7000119    2.5530097E-08
       761.9100124    1.3140883E-08
       789.1200128    5.9148224E-09
       816.3300133    1.4257804E-09
 
