       80.0000013    4.1113427E-01
        85.0000014    2.4534099E-01
        90.0000015    1.4827181E-01
        95.2390015    8.8578306E-02
       100.6800016    5.2514251E-02
       114.2900019    1.4867779E-02
       119.7300019    9.1181546E-03
       122.4500020    7.1614478E-03
       125.1700020    5.6350701E-03
       127.8900021    4.4420431E-03
       130.6100021    3.5078281E-03
       133.3300022    2.7749792E-03
       136.0600022    2.1972409E-03
       146.9400024    4.7502825E-03
       149.6600024    4.0985947E-03
       155.1000025    3.0097160E-03
       157.8200026    2.5735800E-03
       160.5500026    2.1986952E-03
       165.9900027    1.6067087E-03
       171.4300028    1.1745291E-03
       176.8700029    8.5862167E-04
       179.5900029    7.3399767E-04
       182.3100030    6.2731764E-04
       185.0400030    5.3566083E-04
       187.7600031    4.5747272E-04
       190.4800031    3.9050091E-04
       195.9200032    2.8399794E-04
       198.6400032    2.4191702E-04
       204.0800033    2.4075691E-04
       206.8000034    2.1001241E-04
       209.5300034    1.8297395E-04
       212.2500035    1.5939340E-04
       214.9700035    1.3874700E-04
       220.4100036    1.0482231E-04
       225.8500037    7.8779434E-05
       236.7400038    4.3449170E-05
       247.6200040    2.2830516E-05
       258.5100042    1.0960590E-05
       272.1100044    3.0194901E-06
 
