       80.0000013    3.7242448E+00
        85.0000014    2.5442727E+00
        90.0000015    1.7489276E+00
        95.2390015    1.1893529E+00
       100.6800016    8.0342889E-01
       114.2900019    3.1277394E-01
       119.7300019    2.1777065E-01
       122.4500020    1.8228011E-01
       125.1700020    1.5288293E-01
       127.8900021    1.2848066E-01
       130.6100021    1.0818148E-01
       133.3300022    9.1260016E-02
       136.0600022    7.7077597E-02
       146.9400024    6.3550316E-02
       149.6600024    5.6245476E-02
       155.1000025    4.3908875E-02
       157.8200026    3.8845327E-02
       160.5500026    3.4404483E-02
       165.9900027    2.7154246E-02
       171.4300028    2.1582758E-02
       176.8700029    1.7267246E-02
       179.5900029    1.5479811E-02
       182.3100030    1.3896921E-02
       185.0400030    1.2487601E-02
       187.7600031    1.1239698E-02
       190.4800031    1.0128457E-02
       195.9200032    8.2517052E-03
       198.6400032    7.4593597E-03
       204.0800033    6.7725470E-03
       206.8000034    6.1247363E-03
       209.5300034    5.5269389E-03
       212.2500035    4.9880533E-03
       214.9700035    4.5035901E-03
       220.4100036    3.6799908E-03
       225.8500037    3.0186980E-03
       236.7400038    2.0560701E-03
       247.6200040    1.4242368E-03
       258.5100042    1.0018888E-03
       272.1100044    6.5902795E-04
       285.7200046    4.4221021E-04
       299.3200049    3.0198181E-04
       312.9300051    2.0913608E-04
       340.1400055    1.0359356E-04
       353.7400058    7.3743235E-05
       380.9500062    3.7847120E-05
       394.5600064    2.7204967E-05
       408.1700066    1.9567806E-05
       435.3800071    1.0101291E-05
       462.5900075    5.1621782E-06
       476.1900077    3.6670463E-06
       489.8000080    2.5888767E-06
       503.4000082    1.8146316E-06
       517.0100084    1.2598199E-06
       557.8300091    3.8706628E-07
       571.4300093    2.4937543E-07
       585.0400095    1.5396628E-07
       612.2500100    4.2785409E-08
 
