       80.0000013    1.8807189E-01
        85.0000014    1.0710096E-01
        90.0000015    6.1742425E-02
        95.2390015    3.5078589E-02
       100.6800016    1.9720323E-02
       114.2900019    4.8704459E-03
       119.7300019    2.8267091E-03
       122.4500020    2.1600593E-03
       125.1700020    1.6540500E-03
       127.8900021    1.2692664E-03
       130.6100021    9.7613817E-04
       133.3300022    7.5243221E-04
       136.0600022    5.8084982E-04
       146.9400024    1.8102858E-03
       149.6600024    1.5118698E-03
       155.1000025    1.0416219E-03
       157.8200026    8.6200947E-04
       160.5500026    7.1185181E-04
       165.9900027    4.8402796E-04
       171.4300028    3.2688348E-04
       176.8700029    2.1884895E-04
       179.5900029    1.7835734E-04
       182.3100030    1.4490576E-04
       185.0400030    1.1722310E-04
       187.7600031    9.4525029E-05
       190.4800031    7.5878015E-05
       195.9200032    4.8102469E-05
       198.6400032    3.7920752E-05
       204.0800033    4.6721856E-05
       206.8000034    3.7493559E-05
       209.5300034    2.9639397E-05
       212.2500035    2.3020204E-05
       214.9700035    1.7413709E-05
       220.4100036    8.4715048E-06
 
