       80.0000013    6.6998310E-02
        85.0000014    3.5688505E-02
        90.0000015    1.9212682E-02
        95.2390015    1.0140112E-02
       100.6800016    5.2698567E-03
       114.2900019    1.0633001E-03
       119.7300019    5.6933751E-04
       122.4500020    4.1818630E-04
       125.1700020    3.0803378E-04
       127.8900021    2.2759942E-04
       130.6100021    1.6873653E-04
       133.3300022    1.2555352E-04
       136.0600022    9.3684481E-05
       146.9400024    3.6889038E-04
       149.6600024    2.8356331E-04
       155.1000025    1.6276627E-04
       157.8200026    1.2132338E-04
       160.5500026    8.9069465E-05
       165.9900027    4.5289846E-05
       171.4300028    1.9779927E-05
       176.8700029    4.0740229E-06
 
