       80.0000013    2.7566552E+00
        85.0000014    1.8412939E+00
        90.0000015    1.2394065E+00
        95.2390015    8.2583231E-01
       100.6800016    5.4703534E-01
       114.2900019    2.0391169E-01
       119.7300019    1.3975085E-01
       122.4500020    1.1607974E-01
       125.1700020    9.6623220E-02
       127.8900021    8.0593027E-02
       130.6100021    6.7355216E-02
       133.3300022    5.6398746E-02
       136.0600022    4.7280237E-02
       146.9400024    4.2796541E-02
       149.6600024    3.7955705E-02
       155.1000025    2.9676652E-02
       157.8200026    2.6250947E-02
       160.5500026    2.3235872E-02
       165.9900027    1.8295234E-02
       171.4300028    1.4486684E-02
       176.8700029    1.1532877E-02
       179.5900029    1.0309446E-02
       182.3100030    9.2265336E-03
       185.0400030    8.2631446E-03
       187.7600031    7.4110520E-03
       190.4800031    6.6533484E-03
       195.9200032    5.3770375E-03
       198.6400032    4.8399512E-03
       204.0800033    4.2020739E-03
       206.8000034    3.7798944E-03
       209.5300034    3.3974717E-03
       212.2500035    3.0564847E-03
       214.9700035    2.7521802E-03
       220.4100036    2.2387686E-03
       225.8500037    1.8296671E-03
       236.7400038    1.2388539E-03
       247.6200040    8.5402478E-04
       258.5100042    5.9796445E-04
       272.1100044    3.9060944E-04
       285.7200046    2.5962983E-04
       299.3200049    1.7501369E-04
       312.9300051    1.1914912E-04
       340.1400055    5.6273471E-05
       353.7400058    3.8845224E-05
       380.9500062    1.8477947E-05
       394.5600064    1.2688492E-05
       408.1700066    8.6685341E-06
       435.3800071    3.9549673E-06
       462.5900075    1.7200347E-06
       476.1900077    1.1031581E-06
       489.8000080    6.8751461E-07
       503.4000082    4.1085670E-07
       517.0100084    2.2839406E-07
 
