       80.0000013    1.2655841E+00
        85.0000014    8.0479234E-01
        90.0000015    5.1748240E-01
        95.2390015    3.2966158E-01
       100.6800016    2.0895192E-01
       114.2900019    7.0200510E-02
       119.7300019    4.6191443E-02
       122.4500020    3.7591115E-02
       125.1700020    3.0653957E-02
       127.8900021    2.5044974E-02
       130.6100021    2.0499600E-02
       133.3300022    1.6808238E-02
       136.0600022    1.3794392E-02
       146.9400024    1.7083080E-02
       149.6600024    1.5118432E-02
       155.1000025    1.1686044E-02
       157.8200026    1.0256901E-02
       160.5500026    8.9997714E-03
       165.9900027    6.9484985E-03
       171.4300028    5.3824200E-03
       176.8700029    4.1835350E-03
       179.5900029    3.6927729E-03
       182.3100030    3.2620465E-03
       185.0400030    2.8823123E-03
       187.7600031    2.5496471E-03
       190.4800031    2.2567904E-03
       195.9200032    1.7711592E-03
       198.6400032    1.5702854E-03
       204.0800033    1.3068974E-03
       206.8000034    1.1669891E-03
       209.5300034    1.0428956E-03
       212.2500035    9.3358307E-04
       214.9700035    8.3679112E-04
       220.4100036    6.7470653E-04
       225.8500037    5.4641633E-04
       236.7400038    3.6222461E-04
       247.6200040    2.4292032E-04
       258.5100042    1.6403632E-04
       272.1100044    1.0093925E-04
       285.7200046    6.2064835E-05
       299.3200049    3.7947440E-05
       312.9300051    2.2927474E-05
       340.1400055    7.8752037E-06
       353.7400058    4.3860468E-06
       380.9500062    1.0688954E-06
       394.5600064    3.3638304E-07
 
