       80.0000013    7.6148266E-01
        85.0000014    4.7055027E-01
        90.0000015    2.9436436E-01
        95.2390015    1.8234126E-01
       100.6800016    1.1229482E-01
       114.2900019    3.5070967E-02
       119.7300019    2.2392750E-02
       122.4500020    1.7947692E-02
       125.1700020    1.4412244E-02
       127.8900021    1.1594127E-02
       130.6100021    9.3431724E-03
       133.3300022    7.5417464E-03
       136.0600022    6.0926820E-03
       146.9400024    9.6270163E-03
       149.6600024    8.4480429E-03
       155.1000025    6.4104926E-03
       157.8200026    5.5722944E-03
       160.5500026    4.8408508E-03
       165.9900027    3.6613829E-03
       171.4300028    2.7756477E-03
       176.8700029    2.1091553E-03
       179.5900029    1.8400491E-03
       182.3100030    1.6060394E-03
       185.0400030    1.4016868E-03
       187.7600031    1.2244037E-03
       190.4800031    1.0698878E-03
       195.9200032    8.1751944E-04
       198.6400032    7.1482849E-04
       204.0800033    6.2514126E-04
       206.8000034    5.5509101E-04
       209.5300034    4.9309357E-04
       212.2500035    4.3857706E-04
       214.9700035    3.9038539E-04
       220.4100036    3.0989520E-04
       225.8500037    2.4646515E-04
       236.7400038    1.5623952E-04
       247.6200040    9.8960511E-05
       258.5100042    6.2234401E-05
       272.1100044    3.4245739E-05
       285.7200046    1.8227360E-05
       299.3200049    9.1974334E-06
       312.9300051    4.2063512E-06
 
