       80.0000013    1.9337096E+00
        85.0000014    1.2613981E+00
        90.0000015    8.3063608E-01
        95.2390015    5.4177147E-01
       100.6800016    3.5152531E-01
       114.2900019    1.2497276E-01
       119.7300019    8.4118031E-02
       122.4500020    6.9245704E-02
       125.1700020    5.7123940E-02
       127.8900021    4.7219712E-02
       130.6100021    3.9108165E-02
       133.3300022    3.2449722E-02
       136.0600022    2.6953947E-02
       146.9400024    2.7836047E-02
       149.6600024    2.4703411E-02
       155.1000025    1.9268103E-02
       157.8200026    1.7004263E-02
       160.5500026    1.5008350E-02
       165.9900027    1.1735900E-02
       171.4300028    9.2169745E-03
       176.8700029    7.2700307E-03
       179.5900029    6.4665461E-03
       182.3100030    5.7573486E-03
       185.0400030    5.1283985E-03
       187.7600031    4.5740060E-03
       190.4800031    4.0828362E-03
       195.9200032    3.2603503E-03
       198.6400032    2.9165167E-03
       204.0800033    2.4431853E-03
       206.8000034    2.1887119E-03
       209.5300034    1.9613397E-03
       212.2500035    1.7602228E-03
       214.9700035    1.5816875E-03
       220.4100036    1.2820397E-03
       225.8500037    1.0444300E-03
       236.7400038    7.0274365E-04
       247.6200040    4.8088343E-04
       258.5100042    3.3345513E-04
       272.1100044    2.1422215E-04
       285.7200046    1.3917481E-04
       299.3200049    9.1077971E-05
       312.9300051    5.9763886E-05
       340.1400055    2.5630734E-05
       353.7400058    1.6650683E-05
       380.9500062    6.8014674E-06
       394.5600064    4.2412175E-06
       408.1700066    2.5804547E-06
       435.3800071    8.4200190E-07
       462.5900075    1.5430824E-07
 
