       12.5000002    3.6754715E+00
        15.0000002    1.1286126E+00
        20.0000003    2.4902375E-01
        25.0000004    1.1917346E-01
        30.0000005    6.9429778E-02
        35.0000006    2.7790789E-02
        40.0000007    1.1719622E-02
        45.0000007    5.9133763E-03
        50.0000008    3.4424979E-03
        55.0000009    2.0971494E-03
        60.0000010    1.2715472E-03
        65.0000011    7.6085859E-04
        70.0000011    4.5266369E-04
        75.0000012    1.2969534E-03
        80.0000013    7.4453762E-04
        85.0000014    3.9983107E-04
        90.0000015    2.1554886E-04
        95.2390015    1.1547747E-04
       100.6800016    6.2417916E-05
       114.2900019    1.5714248E-05
       119.7300019    9.5735895E-06
       122.4500020    7.5410326E-06
       125.1700020    5.9697122E-06
       127.8900021    4.7454964E-06
       130.6100021    3.7850079E-06
       133.3300022    3.0266890E-06
       136.0600022    2.4227252E-06
       146.9400024    1.0018957E-06
       149.6600024    8.0150795E-07
       155.1000025    5.0894027E-07
       157.8200026    4.0329289E-07
       160.5500026    3.1768886E-07
       165.9900027    4.4758812E-07
       171.4300028    2.4261436E-07
       176.8700029    1.5608190E-07
       179.5900029    1.0429643E-07
       182.3100030    6.4926617E-08
       185.0400030    3.3995775E-08
 
