       12.5000002    2.0977957E+03
        15.0000002    1.0608567E+03
        20.0000003    1.0176447E+02
        25.0000004    2.6540400E+01
        30.0000005    1.7948986E+01
        35.0000006    1.1015628E+01
        40.0000007    7.3941116E+00
        45.0000007    5.1359506E+00
        50.0000008    3.4212315E+00
        55.0000009    2.1011534E+00
        60.0000010    1.1881220E+00
        65.0000011    6.3509166E-01
        70.0000011    3.3295065E-01
        75.0000012    6.5889710E-01
        80.0000013    4.9399346E-01
        85.0000014    4.1744810E-01
        90.0000015    4.0267897E-01
        95.2390015    3.3123121E-01
       100.6800016    2.2918689E-01
       114.2900019    1.0734929E-01
       119.7300019    8.6930580E-02
       122.4500020    7.9076193E-02
       125.1700020    7.2281606E-02
       127.8900021    6.6304550E-02
       130.6100021    6.0973901E-02
       133.3300022    5.6167204E-02
       136.0600022    5.1780488E-02
       146.9400024    3.7572179E-02
       149.6600024    3.4667686E-02
       155.1000025    2.9483635E-02
       157.8200026    2.7173681E-02
       160.5500026    2.5026834E-02
       165.9900027    2.5828255E-02
       171.4300028    2.2480981E-02
       176.8700029    2.0645505E-02
       179.5900029    1.9398561E-02
       182.3100030    1.8057290E-02
       185.0400030    1.6673513E-02
       187.7600031    1.5324626E-02
       190.4800031    1.4061272E-02
       195.9200032    1.1825643E-02
       198.6400032    1.0828868E-02
       204.0800033    9.0709701E-03
       206.8000034    8.3078463E-03
       209.5300034    7.6123974E-03
       212.2500035    6.9831694E-03
       214.9700035    6.4113024E-03
       220.4100036    5.4177432E-03
       225.8500037    4.5933924E-03
       236.7400038    3.8290487E-03
       247.6200040    2.9010111E-03
       258.5100042    2.1958500E-03
       272.1100044    1.5603502E-03
       285.7200046    1.1189937E-03
       299.3200049    8.0968440E-04
       312.9300051    5.9063378E-04
       340.1400055    3.2224646E-04
       353.7400058    2.4106890E-04
       380.9500062    1.3842394E-04
       394.5600064    1.0627053E-04
       408.1700066    8.2304468E-05
       435.3800071    5.0666986E-05
       462.5900075    3.2228032E-05
       476.1900077    2.5999816E-05
       489.8000080    2.1120088E-05
       503.4000082    1.7272208E-05
       517.0100084    1.4210206E-05
       557.8300091    8.1749249E-06
       571.4300093    6.8639338E-06
       585.0400095    5.7860607E-06
       612.2500100    4.1574854E-06
       666.6700108    2.2266117E-06
       680.2800111    1.9169590E-06
       707.4900115    1.5354645E-06
       734.7000119    1.1815184E-06
       761.9100124    8.8133305E-07
       789.1200128    6.6371473E-07
       816.3300133    5.0397824E-07
       843.5400137    3.8552258E-07
       870.7500142    2.9688596E-07
       911.5700148    2.0290085E-07
       952.3900155    1.4036854E-07
       993.2000162    1.6759343E-07
      1020.4000166    1.2957418E-07
      1061.2000173    1.0834120E-07
      1088.4000177    8.4398089E-08
      1102.0000179    7.4629597E-08
      1115.7000181    6.6012120E-08
      1129.3000184    5.8510746E-08
      1142.9000186    5.1921219E-08
      1156.5000188    4.6125248E-08
      1170.1000190    4.1021483E-08
      1197.3000195    9.8106270E-08
      1210.9000197    8.8636668E-08
      1224.5000199    8.0074962E-08
      1227.2000200    7.8480298E-08
      1229.9000200    7.6919072E-08
      1232.7000200    7.5334462E-08
      1235.4000201    7.3839345E-08
      1238.1000201    7.2375670E-08
      1240.8000202    7.0942775E-08
      1243.5000202    6.9540015E-08
      1246.3000203    6.8116428E-08
      1249.0000203    6.6773040E-08
      1257.2000204    6.2863393E-08
      1259.9000205    6.1629898E-08
      1262.6000205    6.0422366E-08
      1270.8000207    5.6907272E-08
      1281.6000208    5.2606985E-08
      1289.8000210    4.9573917E-08
      1292.5000210    4.8616542E-08
      1295.2000211    4.7678860E-08
      1298.0000211    4.6726829E-08
      1300.7000212    4.5827996E-08
      1303.4000212    4.4947598E-08
      1306.1000212    4.4085233E-08
      1314.3000214    4.1572786E-08
      1330.6000216    3.7021238E-08
      1341.5000218    3.4276400E-08
      1355.1000220    3.1152705E-08
      1360.6000221    2.9977056E-08
      1371.4000223    2.7804129E-08
      1382.3000225    2.5780738E-08
      1390.5000226    2.4362400E-08
      1395.9000227    2.3474033E-08
      1404.1000228    2.2190545E-08
      1406.8000229    2.1784501E-08
      1409.5000229    2.1386384E-08
      1415.0000230    2.0599233E-08
      1417.7000231    2.0224187E-08
      1420.4000231    1.9856424E-08
      1423.1000231    1.9495792E-08
      1425.9000232    1.9129180E-08
      1428.6000232    1.8782625E-08
      1431.3000233    1.8442767E-08
      1436.7000234    1.7782590E-08
      1439.5000234    1.7450249E-08
      1442.2000235    1.7136053E-08
      1444.9000235    1.6827890E-08
      1447.6000235    1.6525636E-08
      1450.4000236    1.6218301E-08
      1453.1000236    1.5927714E-08
      1455.8000237    1.5642682E-08
      1458.5000237    1.5363087E-08
      1461.2000238    1.5088821E-08
      1466.7000239    1.4546167E-08
      1469.4000239    1.4287432E-08
      1472.1000239    1.4033605E-08
      1477.6000240    1.3531317E-08
      1480.3000241    1.3291794E-08
      1488.4000242    1.2599987E-08
      1491.2000242    1.2369869E-08
      1496.6000243    1.1938639E-08
      1551.0000252    8.3892742E-09
      1632.7000266    5.0136517E-09
      1823.1000296    1.6082493E-09
      2340.2000381    1.0110601E-10
      2829.9000460    8.7556871E-12
      3047.6000496    2.7744209E-12
 
