       12.5000002    1.4802424E+03
        15.0000002    6.2194324E+02
        20.0000003    4.8622147E+01
        25.0000004    2.0494869E+01
        30.0000005    1.4206984E+01
        35.0000006    8.9543114E+00
        40.0000007    6.0105648E+00
        45.0000007    3.9296963E+00
        50.0000008    2.3917558E+00
        55.0000009    1.3364972E+00
        60.0000010    6.9540942E-01
        65.0000011    3.5112500E-01
        70.0000011    1.8198307E-01
        75.0000012    3.9399600E-01
        80.0000013    3.2087255E-01
        85.0000014    2.7834320E-01
        90.0000015    2.5961688E-01
        95.2390015    2.1534693E-01
       100.6800016    1.6068235E-01
       114.2900019    8.8659294E-02
       119.7300019    7.3453821E-02
       122.4500020    6.7135409E-02
       125.1700020    6.1452657E-02
       127.8900021    5.6299571E-02
       130.6100021    5.1599406E-02
       133.3300022    4.7295127E-02
       136.0600022    4.3329284E-02
       146.9400024    3.0446762E-02
       149.6600024    2.7843773E-02
       155.1000025    2.3255300E-02
       157.8200026    2.1240184E-02
       160.5500026    1.9386500E-02
       165.9900027    1.9364165E-02
       171.4300028    1.6559327E-02
       176.8700029    1.4896496E-02
       179.5900029    1.3842452E-02
       182.3100030    1.2756173E-02
       185.0400030    1.1683788E-02
       187.7600031    1.0670942E-02
       190.4800031    9.7373575E-03
       195.9200032    8.1104059E-03
       198.6400032    7.4004359E-03
       204.0800033    6.1677713E-03
       206.8000034    5.6375898E-03
       209.5300034    5.1564150E-03
       212.2500035    4.7226544E-03
       214.9700035    4.3297815E-03
       220.4100036    3.6503880E-03
       225.8500037    3.0898626E-03
       236.7400038    2.6512281E-03
       247.6200040    1.9910459E-03
       258.5100042    1.4907530E-03
       272.1100044    1.0448990E-03
       285.7200046    7.3946471E-04
       299.3200049    5.2853819E-04
       312.9300051    3.8137820E-04
       340.1400055    2.0465997E-04
       353.7400058    1.5226135E-04
       380.9500062    8.6918284E-05
       394.5600064    6.6680179E-05
       408.1700066    5.1663494E-05
       435.3800071    3.1902258E-05
       462.5900075    2.0379746E-05
       476.1900077    1.6474904E-05
       489.8000080    1.3406305E-05
       503.4000082    1.0978506E-05
       517.0100084    9.0399435E-06
       557.8300091    5.1968682E-06
       571.4300093    4.3577156E-06
       585.0400095    3.6667286E-06
       612.2500100    2.6215569E-06
       666.6700108    1.3842283E-06
       680.2800111    1.1867244E-06
       707.4900115    9.1952865E-07
       734.7000119    6.9513493E-07
       761.9100124    5.1604843E-07
       789.1200128    3.8630353E-07
       816.3300133    2.9132380E-07
       843.5400137    2.2117270E-07
       870.7500142    1.6894926E-07
       911.5700148    1.1398640E-07
       952.3900155    7.7799058E-08
       993.2000162    8.4717826E-08
      1020.4000166    6.5027621E-08
      1061.2000173    5.2726570E-08
      1088.4000177    4.0766473E-08
      1102.0000179    3.5911981E-08
      1115.7000181    3.1644621E-08
      1129.3000184    2.7943070E-08
      1142.9000186    2.4702853E-08
      1156.5000188    2.1863023E-08
      1170.1000190    1.9371003E-08
      1197.3000195    5.0026252E-08
      1210.9000197    4.4993723E-08
      1224.5000199    4.0459692E-08
      1227.2000200    3.9617326E-08
      1229.9000200    3.8793324E-08
      1232.7000200    3.7957811E-08
      1235.4000201    3.7170086E-08
      1238.1000201    3.6399598E-08
      1240.8000202    3.5645982E-08
      1243.5000202    3.4908862E-08
      1246.3000203    3.4161470E-08
      1249.0000203    3.3456825E-08
      1257.2000204    3.1409755E-08
      1259.9000205    3.0765172E-08
      1262.6000205    3.0134622E-08
      1270.8000207    2.8302390E-08
      1281.6000208    2.6067891E-08
      1289.8000210    2.4496876E-08
      1292.5000210    2.4001880E-08
      1295.2000211    2.3517504E-08
      1298.0000211    2.3026152E-08
      1300.7000212    2.2562677E-08
      1303.4000212    2.2109107E-08
      1306.1000212    2.1665224E-08
      1314.3000214    2.0374275E-08
      1330.6000216    1.8044821E-08
      1341.5000218    1.6646281E-08
      1355.1000220    1.5060989E-08
      1360.6000221    1.4466196E-08
      1371.4000223    1.3369708E-08
      1382.3000225    1.2352220E-08
      1390.5000226    1.1641164E-08
      1395.9000227    1.1196765E-08
      1404.1000228    1.0556086E-08
      1406.8000229    1.0353753E-08
      1409.5000229    1.0155537E-08
      1415.0000230    9.7641335E-09
      1417.7000231    9.5778869E-09
      1420.4000231    9.3954116E-09
      1423.1000231    9.2166257E-09
      1425.9000232    9.0350323E-09
      1428.6000232    8.8635215E-09
      1431.3000233    8.6954666E-09
      1436.7000234    8.3694287E-09
      1439.5000234    8.2055092E-09
      1442.2000235    8.0506704E-09
      1444.9000235    7.8989331E-09
      1447.6000235    7.7502289E-09
      1450.4000236    7.5991551E-09
      1453.1000236    7.4564355E-09
      1455.8000237    7.3165602E-09
      1458.5000237    7.1794686E-09
      1461.2000238    7.0451018E-09
      1466.7000239    6.7795827E-09
      1469.4000239    6.6531447E-09
      1472.1000239    6.5292078E-09
      1477.6000240    6.2842624E-09
      1480.3000241    6.1676042E-09
      1488.4000242    5.8312160E-09
      1491.2000242    5.7195093E-09
      1496.6000243    5.5104374E-09
      1551.0000252    3.8042254E-09
      1632.7000266    2.2132545E-09
      1823.1000296    6.6391248E-10
      2340.2000381    3.1374587E-11
      2829.9000460    1.2293547E-12
 
