       12.5000002    2.6958662E+01
        15.0000002    2.4025089E+01
        20.0000003    8.0673695E+00
        25.0000004    2.6297805E+00
        30.0000005    7.3705339E-01
        35.0000006    2.5841546E-01
        40.0000007    1.4742480E-01
        45.0000007    9.8661438E-02
        50.0000008    6.8838328E-02
        55.0000009    4.6596393E-02
        60.0000010    2.9632065E-02
        65.0000011    1.7936040E-02
        70.0000011    1.0639547E-02
        75.0000012    7.1138561E-02
        80.0000013    6.0824960E-02
        85.0000014    4.6582233E-02
        90.0000015    3.5131447E-02
        95.2390015    2.5515819E-02
       100.6800016    1.7646855E-02
       114.2900019    6.8749590E-03
       119.7300019    4.7528078E-03
       122.4500020    3.9593978E-03
       125.1700020    3.3027192E-03
       127.8900021    2.7585612E-03
       130.6100021    2.3071088E-03
       133.3300022    1.9321261E-03
       136.0600022    1.6192481E-03
       146.9400024    8.1218948E-04
       149.6600024    6.8600150E-04
       155.1000025    4.9163628E-04
       157.8200026    4.1717777E-04
       160.5500026    3.5435325E-04
       165.9900027    5.3555390E-04
       171.4300028    4.2943921E-04
       176.8700029    4.3690420E-04
       179.5900029    3.9405309E-04
       182.3100030    3.5351526E-04
       185.0400030    3.1631827E-04
       187.7600031    2.8297646E-04
       190.4800031    2.5319701E-04
       195.9200032    2.0306587E-04
       198.6400032    1.8203622E-04
       204.0800033    1.4659285E-04
       206.8000034    1.3169179E-04
       209.5300034    1.1834300E-04
       212.2500035    1.0646262E-04
       214.9700035    9.5839125E-05
       220.4100036    7.7816876E-05
       225.8500037    6.3339336E-05
       236.7400038    4.9057900E-05
       247.6200040    3.4725588E-05
       258.5100042    2.4903196E-05
       272.1100044    1.6703021E-05
       285.7200046    1.1361926E-05
       299.3200049    7.8219246E-06
       312.9300051    5.4360494E-06
       340.1400055    2.6893476E-06
       353.7400058    1.9107301E-06
       380.9500062    9.8035207E-07
       394.5600064    7.0725957E-07
       408.1700066    5.1242483E-07
       435.3800071    2.7207960E-07
       462.5900075    1.4624395E-07
       476.1900077    1.0761187E-07
       489.8000080    7.9307569E-08
       503.4000082    5.8537324E-08
       517.0100084    4.3232362E-08
       557.8300091    1.7409326E-08
       571.4300093    1.2829164E-08
       585.0400095    9.4300541E-09
       612.2500100    5.0427045E-09
       666.6700108    1.3290451E-09
       680.2800111    9.2250962E-10
       707.4900115    4.1010259E-10
       734.7000119    1.3653073E-10
 
