       12.5000002    2.6377277E+01
        15.0000002    2.3096327E+01
        20.0000003    7.8081021E+00
        25.0000004    2.5157835E+00
        30.0000005    6.9253474E-01
        35.0000006    2.4570081E-01
        40.0000007    1.4237094E-01
        45.0000007    9.5656715E-02
        50.0000008    6.6242829E-02
        55.0000009    4.4084493E-02
        60.0000010    2.7443521E-02
        65.0000011    1.6259126E-02
        70.0000011    9.4715897E-03
        75.0000012    6.4151242E-02
        80.0000013    5.4166280E-02
        85.0000014    4.0866800E-02
        90.0000015    3.0295502E-02
        95.2390015    2.1601005E-02
       100.6800016    1.4677709E-02
       114.2900019    5.4742284E-03
       119.7300019    3.7156688E-03
       122.4500020    3.0663861E-03
       125.1700020    2.5334223E-03
       127.8900021    2.0954788E-03
       130.6100021    1.7352422E-03
       133.3300022    1.4386203E-03
       136.0600022    1.1933150E-03
       146.9400024    5.7363190E-04
       149.6600024    4.7922760E-04
       155.1000025    3.3590064E-04
       157.8200026    2.8184577E-04
       160.5500026    2.3670544E-04
       165.9900027    3.8197677E-04
       171.4300028    3.0041719E-04
       176.8700029    3.0422240E-04
       179.5900029    2.7125748E-04
       182.3100030    2.4056401E-04
       185.0400030    2.1276514E-04
       187.7600031    1.8813203E-04
       190.4800031    1.6636289E-04
       195.9200032    1.3026370E-04
       198.6400032    1.1535792E-04
       204.0800033    9.0619564E-05
       206.8000034    8.0386068E-05
       209.5300034    7.1316848E-05
       212.2500035    6.3332867E-05
       214.9700035    5.6272016E-05
       220.4100036    4.4490356E-05
       225.8500037    3.5241279E-05
       236.7400038    2.8181197E-05
       247.6200040    1.9200148E-05
       258.5100042    1.3199980E-05
       272.1100044    8.3468522E-06
       285.7200046    5.3108924E-06
       299.3200049    3.3899510E-06
       312.9300051    2.1624278E-06
       340.1400055    8.6937109E-07
       353.7400058    5.4464044E-07
       380.9500062    2.0438674E-07
       394.5600064    1.2081526E-07
       408.1700066    6.8608443E-08
       435.3800071    1.6618046E-08
 
