       12.5000002    1.4385228E+03
        15.0000002    5.9991162E+02
        20.0000003    4.6671047E+01
        25.0000004    2.0530005E+01
        30.0000005    1.4076791E+01
        35.0000006    8.8103495E+00
        40.0000007    5.8939915E+00
        45.0000007    3.8440206E+00
        50.0000008    2.3320363E+00
        55.0000009    1.2975647E+00
        60.0000010    6.7176330E-01
        65.0000011    3.3740577E-01
        70.0000011    1.7408469E-01
        75.0000012    3.8096172E-01
        80.0000013    3.1214228E-01
        85.0000014    2.7136150E-01
        90.0000015    2.5275797E-01
        95.2390015    2.0951840E-01
       100.6800016    1.5662843E-01
       114.2900019    8.6717211E-02
       119.7300019    7.1808293E-02
       122.4500020    6.5594345E-02
       125.1700020    5.9998162E-02
       127.8900021    5.4918997E-02
       130.6100021    5.0283980E-02
       133.3300022    4.6038818E-02
       136.0600022    4.2128112E-02
       146.9400024    2.9443132E-02
       149.6600024    2.6886215E-02
       155.1000025    2.2386760E-02
       157.8200026    2.0414520E-02
       160.5500026    1.8602690E-02
       165.9900027    1.8467139E-02
       171.4300028    1.5727017E-02
       176.8700029    1.4084225E-02
       179.5900029    1.3054652E-02
       182.3100030    1.2002383E-02
       185.0400030    1.0971092E-02
       187.7600031    1.0002027E-02
       190.4800031    9.1112917E-03
       195.9200032    7.5634900E-03
       198.6400032    6.8906038E-03
       204.0800033    5.7257861E-03
       206.8000034    5.2258633E-03
       209.5300034    4.7726920E-03
       212.2500035    4.3646558E-03
       214.9700035    3.9955205E-03
       220.4100036    3.3583126E-03
       225.8500037    2.8338884E-03
       236.7400038    2.4276965E-03
       247.6200040    1.8089840E-03
       258.5100042    1.3431166E-03
       272.1100044    9.3143538E-04
       285.7200046    6.5220939E-04
       299.3200049    4.6139187E-04
       312.9300051    3.2967687E-04
       340.1400055    1.7383831E-04
       353.7400058    1.2835227E-04
       380.9500062    7.2328956E-05
       394.5600064    5.5183049E-05
       408.1700066    4.2540192E-05
       435.3800071    2.6023801E-05
       462.5900075    1.6468552E-05
       476.1900077    1.3245856E-05
       489.8000080    1.0720220E-05
       503.4000082    8.7273720E-06
       517.0100084    7.1406380E-06
       557.8300091    4.0143955E-06
       571.4300093    3.3376339E-06
       585.0400095    2.7831059E-06
       612.2500100    1.9512374E-06
       666.6700108    9.8547946E-07
       680.2800111    8.3472645E-07
       707.4900115    6.2467694E-07
       734.7000119    4.5828597E-07
       761.9100124    3.3162419E-07
       789.1200128    2.4167889E-07
       816.3300133    1.7724875E-07
       843.5400137    1.3074786E-07
       870.7500142    9.6959596E-08
       911.5700148    6.2480858E-08
       952.3900155    4.0661707E-08
       993.2000162    3.9555257E-08
      1020.4000166    2.9332012E-08
      1061.2000173    2.2112742E-08
      1088.4000177    1.6467311E-08
      1102.0000179    1.4231085E-08
      1115.7000181    1.2296617E-08
      1129.3000184    1.0645576E-08
      1142.9000186    9.2237569E-09
      1156.5000188    7.9979845E-09
      1170.1000190    6.9401236E-09
      1197.3000195    1.8743854E-08
      1210.9000197    1.6493768E-08
      1224.5000199    1.4501471E-08
      1227.2000200    1.4135213E-08
      1229.9000200    1.3778180E-08
      1232.7000200    1.3417440E-08
      1235.4000201    1.3078536E-08
      1238.1000201    1.2748209E-08
      1240.8000202    1.2426246E-08
      1243.5000202    1.2112438E-08
      1246.3000203    1.1795405E-08
      1249.0000203    1.1497582E-08
      1257.2000204    1.0638543E-08
      1259.9000205    1.0370021E-08
      1262.6000205    1.0108295E-08
      1270.8000207    9.3533110E-09
      1281.6000208    8.4443856E-09
      1289.8000210    7.8137194E-09
      1292.5000210    7.6165305E-09
      1295.2000211    7.4243047E-09
      1298.0000211    7.2300677E-09
      1300.7000212    7.0475648E-09
      1303.4000212    6.8696506E-09
      1306.1000212    6.6962076E-09
      1314.3000214    6.1957048E-09
      1330.6000216    5.3084559E-09
      1341.5000218    4.7865800E-09
      1355.1000220    4.2059649E-09
      1360.6000221    3.9913766E-09
      1371.4000223    3.6008334E-09
      1382.3000225    3.2447178E-09
      1390.5000226    2.9997458E-09
      1395.9000227    2.8483782E-09
      1404.1000228    2.6326454E-09
      1406.8000229    2.5651528E-09
      1409.5000229    2.4993416E-09
      1415.0000230    2.3703091E-09
      1417.7000231    2.3093516E-09
      1420.4000231    2.2499125E-09
      1423.1000231    2.1919540E-09
      1425.9000232    2.1333737E-09
      1428.6000232    2.0783186E-09
      1431.3000233    2.0246353E-09
      1436.7000234    1.9212483E-09
      1439.5000234    1.8696600E-09
      1442.2000235    1.8211765E-09
      1444.9000235    1.7739018E-09
      1447.6000235    1.7278057E-09
      1450.4000236    1.6812161E-09
      1453.1000236    1.6374312E-09
      1455.8000237    1.5947387E-09
      1458.5000237    1.5531112E-09
      1461.2000238    1.5125226E-09
      1466.7000239    1.4329488E-09
      1469.4000239    1.3953598E-09
      1472.1000239    1.3587099E-09
      1477.6000240    1.2868608E-09
      1480.3000241    1.2529224E-09
      1488.4000242    1.1561159E-09
      1491.2000242    1.1243275E-09
      1496.6000243    1.0653330E-09
      1551.0000252    6.1209282E-10
      1632.7000266    2.5103269E-10
 
