       12.5000002    1.8761621E+02
        15.0000002    4.1239532E+01
        20.0000003    2.1293219E+01
        25.0000004    9.2905188E+00
        30.0000005    6.9806132E+00
        35.0000006    3.6174800E+00
        40.0000007    1.7008531E+00
        45.0000007    7.7158129E-01
        50.0000008    3.5089636E-01
        55.0000009    1.7107806E-01
        60.0000010    9.8192677E-02
        65.0000011    6.6686630E-02
        70.0000011    4.9349546E-02
        75.0000012    1.7141761E-01
        80.0000013    1.5560493E-01
        85.0000014    1.3270830E-01
        90.0000015    1.1519217E-01
        95.2390015    9.8299101E-02
       100.6800016    7.9049498E-02
       114.2900019    4.2477597E-02
       119.7300019    3.2940749E-02
       122.4500020    2.8990434E-02
       125.1700020    2.5505589E-02
       127.8900021    2.2433950E-02
       130.6100021    1.9728577E-02
       133.3300022    1.7347539E-02
       136.0600022    1.5246075E-02
       146.9400024    9.1215931E-03
       149.6600024    8.0265002E-03
       155.1000025    6.2208907E-03
       157.8200026    5.4796799E-03
       160.5500026    4.8265173E-03
       165.9900027    4.6786009E-03
       171.4300028    3.7660734E-03
       176.8700029    3.3520102E-03
       179.5900029    3.0376171E-03
       182.3100030    2.7450651E-03
       185.0400030    2.4779465E-03
       187.7600031    2.2384592E-03
       190.4800031    2.0240180E-03
       195.9200032    1.6608277E-03
       198.6400032    1.5071903E-03
       204.0800033    1.2456705E-03
       206.8000034    1.1344557E-03
       209.5300034    1.0339941E-03
       212.2500035    9.4377866E-04
       214.9700035    8.6233200E-04
       220.4100036    7.2203134E-04
       225.8500037    6.0673821E-04
       236.7400038    4.8079001E-04
       247.6200040    3.3978975E-04
       258.5100042    2.4220193E-04
       272.1100044    1.6151895E-04
       285.7200046    1.0985898E-04
       299.3200049    7.6183482E-05
       312.9300051    5.3764150E-05
       340.1400055    2.8065713E-05
       353.7400058    2.0686773E-05
       380.9500062    1.1595181E-05
       394.5600064    8.7925500E-06
       408.1700066    6.7141727E-06
       435.3800071    3.9843030E-06
       462.5900075    2.4083829E-06
       476.1900077    1.8831776E-06
       489.8000080    1.4769954E-06
       503.4000082    1.1619990E-06
       517.0100084    9.1643301E-07
       557.8300091    4.5578113E-07
       571.4300093    3.6255366E-07
       585.0400095    2.8882033E-07
       612.2500100    1.8409980E-07
       666.6700108    7.5718134E-08
       680.2800111    6.0723330E-08
       707.4900115    3.9281787E-08
       734.7000119    2.5284329E-08
       761.9100124    1.6194242E-08
       789.1200128    1.0325222E-08
       816.3300133    6.5355179E-09
       843.5400137    4.0924855E-09
       870.7500142    2.5230227E-09
       911.5700148    1.1657342E-09
       952.3900155    4.8416487E-10
       993.2000162    1.5958412E-10
 
