       12.5000002    1.0754245E+01
        15.0000002    7.7156138E+00
        20.0000003    7.8409809E-01
        25.0000004    1.8019761E-01
        30.0000005    1.5517884E-01
        35.0000006    8.5985243E-02
        40.0000007    4.3483585E-02
        45.0000007    2.0672997E-02
        50.0000008    9.8640714E-03
        55.0000009    5.1714978E-03
        60.0000010    3.0845201E-03
        65.0000011    2.0081743E-03
        70.0000011    1.3510252E-03
        75.0000012    7.5917128E-03
        80.0000013    5.1767835E-03
        85.0000014    3.0981521E-03
        90.0000015    1.8034192E-03
        95.2390015    1.0145807E-03
       100.6800016    5.5808423E-04
       114.2900019    1.3190393E-04
       119.7300019    7.6411226E-05
       122.4500020    5.8599915E-05
       125.1700020    4.5176232E-05
       127.8900021    3.5012279E-05
       130.6100021    2.7278489E-05
       133.3300022    2.1363287E-05
       136.0600022    1.6799981E-05
       146.9400024    6.7366768E-06
       149.6600024    5.4083107E-06
       155.1000025    3.5096045E-06
       157.8200026    2.8332863E-06
       160.5500026    2.2867068E-06
       165.9900027    5.2739547E-06
       171.4300028    3.2164060E-06
       176.8700029    2.6071154E-06
       179.5900029    1.9749737E-06
       182.3100030    1.4762210E-06
       185.0400030    1.0847085E-06
       187.7600031    7.8127624E-07
       190.4800031    5.4598092E-07
       195.9200032    2.2035003E-07
       198.6400032    9.8953095E-08
 
