       12.5000002    3.8137605E+18
        15.0000002    5.2812842E+18
        20.0000003    3.6440429E+18
        25.0000004    2.0625776E+18
        30.0000005    2.1627806E+18
        35.0000006    2.1013788E+18
        40.0000007    1.9456936E+18
        45.0000007    1.7154002E+18
        50.0000008    1.4393623E+18
        55.0000009    1.1651029E+18
        60.0000010    9.4037505E+17
        65.0000011    7.7931707E+17
        70.0000011    6.6933183E+17
        75.0000012    5.3313780E+18
        80.0000013    5.1672681E+18
        85.0000014    4.3743716E+18
        90.0000015    3.5732806E+18
        95.2390015    2.8237427E+18
       100.6800016    2.1653752E+18
       114.2900019    1.0920042E+18
       119.7300019    8.3213528E+17
       122.4500020    7.2733574E+17
       125.1700020    6.3644207E+17
       127.8900021    5.5763213E+17
       130.6100021    4.8930669E+17
       133.3300022    4.3006559E+17
       136.0600022    3.7851035E+17
       146.9400024    2.3236448E+17
       149.6600024    2.0686741E+17
       155.1000025    1.6516214E+17
       157.8200026    1.4811951E+17
       160.5500026    1.3310427E+17
       165.9900027    4.0069409E+17
       171.4300028    3.3381939E+17
       176.8700029    3.8058891E+17
       179.5900029    3.4560348E+17
       182.3100030    3.1265452E+17
       185.0400030    2.8212903E+17
       187.7600031    2.5427852E+17
       190.4800031    2.2885127E+17
       195.9200032    1.8452848E+17
       198.6400032    1.6526758E+17
       204.0800033    1.3172805E+17
       206.8000034    1.1716197E+17
       209.5300034    1.0384591E+17
       212.2500035    9.1760576E+16
       214.9700035    8.0746467E+16
       220.4100036    6.1535242E+16
       225.8500037    4.5468615E+16
       236.7400038    5.7525233E+16
 
