       12.5000002    2.3577444E+18
        15.0000002    3.8372087E+18
        20.0000003    3.3077906E+18
        25.0000004    2.7076296E+18
        30.0000005    2.4860574E+18
        35.0000006    1.8466525E+18
        40.0000007    1.5405833E+18
        45.0000007    1.3837017E+18
        50.0000008    1.2878224E+18
        55.0000009    1.2059079E+18
        60.0000010    1.1012557E+18
        65.0000011    9.7087578E+17
        70.0000011    8.3225890E+17
        75.0000012    6.0693768E+18
        80.0000013    6.5453256E+18
        85.0000014    6.2884440E+18
        90.0000015    5.9234584E+18
        95.2390015    5.4096401E+18
       100.6800016    4.7085629E+18
       114.2900019    3.1261361E+18
       119.7300019    2.6343691E+18
       122.4500020    2.4158744E+18
       125.1700020    2.2142137E+18
       127.8900021    2.0283370E+18
       130.6100021    1.8572221E+18
       133.3300022    1.6998799E+18
       136.0600022    1.5548499E+18
       146.9400024    1.0875519E+18
       149.6600024    9.9437385E+17
       155.1000025    8.3141943E+17
       157.8200026    7.6039950E+17
       160.5500026    6.9536496E+17
       165.9900027    1.1733970E+18
       171.4300028    1.0650777E+18
       176.8700029    1.2170480E+18
       179.5900029    1.1647998E+18
       182.3100030    1.1087642E+18
       185.0400030    1.0524145E+18
       187.7600031    9.9788198E+17
       190.4800031    9.4569854E+17
       195.9200032    8.4903910E+17
       198.6400032    8.0441473E+17
       204.0800033    7.2207059E+17
       206.8000034    6.8414541E+17
       209.5300034    6.4810555E+17
       212.2500035    6.1410240E+17
       214.9700035    5.8189337E+17
       220.4100036    5.2246260E+17
       225.8500037    4.6908612E+17
       236.7400038    4.7777982E+17
       247.6200040    4.0385461E+17
       258.5100042    3.4290311E+17
       272.1100044    2.8096872E+17
       285.7200046    2.3093986E+17
       299.3200049    1.9003602E+17
       312.9300051    1.5622184E+17
       340.1400055    1.0469814E+17
       353.7400058    8.5130564E+16
       380.9500062    5.5097554E+16
       394.5600064    4.3669424E+16
       408.1700066    3.4114300E+16
       435.3800071    1.9342578E+16
       462.5900075    8.2202453E+15
       476.1900077    1.2775690E+15
 
