       12.5000002    4.7372711E+18
        15.0000002    4.2268949E+18
        20.0000003    2.0773233E+18
        25.0000004    2.0216867E+18
        30.0000005    2.6345750E+18
        35.0000006    2.6510696E+18
        40.0000007    2.6070702E+18
        45.0000007    2.4313025E+18
        50.0000008    2.1098825E+18
        55.0000009    1.7046350E+18
        60.0000010    1.3155360E+18
        65.0000011    1.0125206E+18
        70.0000011    8.0713589E+17
        75.0000012    3.6415154E+18
        80.0000013    3.9882123E+18
        85.0000014    4.1268641E+18
        90.0000015    4.3384379E+18
        95.2390015    4.3545083E+18
       100.6800016    4.1012526E+18
       114.2900019    3.4939898E+18
       119.7300019    3.3020770E+18
       122.4500020    3.2102966E+18
       125.1700020    3.1200402E+18
       127.8900021    3.0307403E+18
       130.6100021    2.9420457E+18
       133.3300022    2.8537758E+18
       136.0600022    2.7655329E+18
       146.9400024    2.4187046E+18
       149.6600024    2.3338822E+18
       155.1000025    2.1676481E+18
       157.8200026    2.0865585E+18
       160.5500026    2.0067280E+18
       165.9900027    2.3839009E+18
       171.4300028    2.2615526E+18
       176.8700029    2.3386829E+18
       179.5900029    2.2834472E+18
       182.3100030    2.2140455E+18
       185.0400030    2.1371919E+18
       187.7600031    2.0584030E+18
       190.4800031    1.9807717E+18
       195.9200032    1.8329983E+18
       198.6400032    1.7626462E+18
       204.0800033    1.6301054E+18
       206.8000034    1.5682953E+18
       209.5300034    1.5091957E+18
       212.2500035    1.4531070E+18
       214.9700035    1.3996622E+18
       220.4100036    1.3001383E+18
       225.8500037    1.2095627E+18
       236.7400038    1.2398051E+18
       247.6200040    1.0937312E+18
       258.5100042    9.5905665E+17
       272.1100044    8.1423062E+17
       285.7200046    6.9347848E+17
       299.3200049    5.9297363E+17
       312.9300051    5.0918992E+17
       340.1400055    3.8108369E+17
       353.7400058    3.3230059E+17
       380.9500062    2.5668824E+17
       394.5600064    2.2731327E+17
       408.1700066    2.0224358E+17
       435.3800071    1.6211888E+17
       462.5900075    1.3177133E+17
       476.1900077    1.1930393E+17
       489.8000080    1.0825798E+17
       503.4000082    9.8436682E+16
       517.0100084    8.9651902E+16
       557.8300091    6.8262651E+16
       571.4300093    6.2459210E+16
       585.0400095    5.7187932E+16
       612.2500100    4.8031023E+16
       666.6700108    3.4050421E+16
       680.2800111    3.1266140E+16
       707.4900115    2.6964391E+16
       734.7000119    2.2904240E+16
       761.9100124    1.9246010E+16
       789.1200128    1.6195202E+16
       816.3300133    1.3642031E+16
       843.5400137    1.1499614E+16
       870.7500142    9.6979750E+15
       911.5700148    7.5125657E+15
       952.3900155    5.8172964E+15
       993.2000162    6.0502651E+15
      1020.4000166    4.9904728E+15
      1061.2000173    4.2391257E+15
      1088.4000177    3.4677362E+15
      1102.0000179    3.1346255E+15
      1115.7000181    2.8300063E+15
      1129.3000184    2.5553555E+15
      1142.9000186    2.3056799E+15
      1156.5000188    2.0785799E+15
      1170.1000190    1.8718902E+15
      1197.3000195    6.0589066E+15
      1210.9000197    5.4962208E+15
      1224.5000199    4.9677095E+15
      1227.2000200    4.8671708E+15
      1229.9000200    4.7680735E+15
      1232.7000200    4.6668127E+15
      1235.4000201    4.5706038E+15
      1238.1000201    4.4757868E+15
      1240.8000202    4.3823412E+15
      1243.5000202    4.2902461E+15
      1246.3000203    4.1961439E+15
      1249.0000203    4.1067334E+15
      1257.2000204    3.8429690E+15
      1259.9000205    3.7586035E+15
      1262.6000205    3.6754301E+15
      1270.8000207    3.4299010E+15
      1281.6000208    3.1218861E+15
      1289.8000210    2.8988573E+15
      1292.5000210    2.8273410E+15
      1295.2000211    2.7567360E+15
      1298.0000211    2.6844528E+15
      1300.7000212    2.6156294E+15
      1303.4000212    2.5476431E+15
      1306.1000212    2.4804687E+15
      1314.3000214    2.2811669E+15
      1330.6000216    1.9034372E+15
      1341.5000218    1.6616243E+15
      1355.1000220    1.3670046E+15
      1360.6000221    1.2483928E+15
      1371.4000223    1.0117691E+15
      1382.3000225    7.5667170E+14
      1390.5000226    5.3349064E+14
      1395.9000227    3.4164143E+14
 
