       12.5000002    4.0072908E+18
        15.0000002    3.2959389E+18
        20.0000003    2.1350599E+18
        25.0000004    2.1730907E+18
        30.0000005    2.7895308E+18
        35.0000006    2.7484542E+18
        40.0000007    2.5666087E+18
        45.0000007    2.2324847E+18
        50.0000008    1.8174599E+18
        55.0000009    1.4146751E+18
        60.0000010    1.0976727E+18
        65.0000011    8.8661264E+17
        70.0000011    7.5848023E+17
        75.0000012    3.9097779E+18
        80.0000013    4.3549619E+18
        85.0000014    4.4718196E+18
        90.0000015    4.5993311E+18
        95.2390015    4.6099334E+18
       100.6800016    4.4050182E+18
       114.2900019    3.7620343E+18
       119.7300019    3.5178275E+18
       122.4500020    3.3973837E+18
       125.1700020    3.2778690E+18
       127.8900021    3.1593224E+18
       130.6100021    3.0418825E+18
       133.3300022    2.9257336E+18
       136.0600022    2.8106937E+18
       146.9400024    2.3723618E+18
       149.6600024    2.2689152E+18
       155.1000025    2.0706063E+18
       157.8200026    1.9759796E+18
       160.5500026    1.8841531E+18
       165.9900027    2.2449107E+18
       171.4300028    2.0987354E+18
       176.8700029    2.1708316E+18
       179.5900029    2.1051674E+18
       182.3100030    2.0299951E+18
       185.0400030    1.9513625E+18
       187.7600031    1.8734614E+18
       190.4800031    1.7979903E+18
       195.9200032    1.6565415E+18
       198.6400032    1.5904296E+18
       204.0800033    1.4673777E+18
       206.8000034    1.4103540E+18
       209.5300034    1.3559638E+18
       212.2500035    1.3044436E+18
       214.9700035    1.2554291E+18
       220.4100036    1.1643166E+18
       225.8500037    1.0815160E+18
       236.7400038    1.1044664E+18
       247.6200040    9.6138940E+17
       258.5100042    8.3372222E+17
       272.1100044    6.9986052E+17
       285.7200046    5.9070060E+17
       299.3200049    5.0169489E+17
       312.9300051    4.2882809E+17
       340.1400055    3.1963160E+17
       353.7400058    2.7862241E+17
       380.9500062    2.1534153E+17
       394.5600064    1.9071981E+17
       408.1700066    1.6961965E+17
       435.3800071    1.3555540E+17
       462.5900075    1.0945101E+17
       476.1900077    9.8629199E+16
       489.8000080    8.8996730E+16
       503.4000082    8.0403033E+16
       517.0100084    7.2700379E+16
       557.8300091    5.3950351E+16
       571.4300093    4.8886804E+16
       585.0400095    4.4306384E+16
       612.2500100    3.6412329E+16
       666.6700108    2.4603301E+16
       680.2800111    2.2302376E+16
       707.4900115    1.8528072E+16
       734.7000119    1.5249669E+16
       761.9100124    1.2468857E+16
       789.1200128    1.0187277E+16
       816.3300133    8.3123884E+15
       843.5400137    6.7698928E+15
       870.7500142    5.4995795E+15
       911.5700148    3.9995825E+15
       952.3900155    2.8743043E+15
       993.2000162    2.4734596E+15
      1020.4000166    1.8932393E+15
      1061.2000173    1.3292027E+15
      1088.4000177    9.3091121E+14
      1102.0000179    7.5435114E+14
      1115.7000181    5.8566288E+14
      1129.3000184    4.1915938E+14
      1142.9000186    2.2957068E+14
 
