       80.0000013    4.7395037E+18
        85.0000014    3.5743204E+18
        90.0000015    2.7117997E+18
        95.2390015    2.0434325E+18
       100.6800016    1.5334755E+18
       114.2900019    7.7072817E+17
       119.7300019    5.9276081E+17
       122.4500020    5.2130303E+17
       125.1700020    4.5935228E+17
       127.8900021    4.0557565E+17
       130.6100021    3.5883552E+17
       133.3300022    3.1815943E+17
       136.0600022    2.8259345E+17
       146.9400024    1.4110721E+18
       149.6600024    1.3262779E+18
       155.1000025    1.1614523E+18
       157.8200026    1.0856495E+18
       160.5500026    1.0145353E+18
       165.9900027    8.8700847E+17
       171.4300028    7.7648906E+17
       176.8700029    6.8064608E+17
       179.5900029    6.3756632E+17
       182.3100030    5.9740033E+17
       185.0400030    5.5980274E+17
       187.7600031    5.2485315E+17
       190.4800031    4.9222940E+17
       195.9200032    4.3331059E+17
       198.6400032    4.0672117E+17
       204.0800033    5.7728174E+17
       206.8000034    5.5267735E+17
       209.5300034    5.2896955E+17
       212.2500035    5.0645309E+17
       214.9700035    4.8502914E+17
       220.4100036    4.4525916E+17
       225.8500037    4.0920706E+17
       236.7400038    3.4654813E+17
       247.6200040    2.9442939E+17
       258.5100042    2.5074007E+17
       272.1100044    2.0579039E+17
       285.7200046    1.6939037E+17
       299.3200049    1.3984927E+17
       312.9300051    1.1576612E+17
       340.1400055    7.9995681E+16
       353.7400058    6.6775879E+16
       380.9500062    4.6904960E+16
       394.5600064    3.9468864E+16
       408.1700066    3.3300694E+16
       435.3800071    2.3897220E+16
       462.5900075    1.7326611E+16
       476.1900077    1.4809817E+16
       489.8000080    1.2687967E+16
       503.4000082    1.0897216E+16
       517.0100084    9.3798972E+15
       557.8300091    6.0628918E+15
       571.4300093    5.2646684E+15
       585.0400095    4.5802288E+15
       612.2500100    3.4870364E+15
       666.6700108    2.0640758E+15
       680.2800111    1.8176655E+15
       707.4900115    1.4156775E+15
       734.7000119    1.1083921E+15
       761.9100124    8.7189252E+14
       789.1200128    6.8877203E+14
       816.3300133    5.4605557E+14
       843.5400137    4.3425877E+14
       870.7500142    3.4630214E+14
       911.5700148    2.4748565E+14
       952.3900155    1.7743720E+14
       993.2000162    1.2736157E+14
      1020.4000166    1.0205467E+14
      1061.2000173    7.3014603E+13
      1088.4000177    5.8223403E+13
      1102.0000179    5.1919385E+13
      1115.7000181    4.6202603E+13
      1129.3000184    4.1090539E+13
      1142.9000186    3.6480609E+13
      1156.5000188    3.2320241E+13
      1170.1000190    2.8562204E+13
      1197.3000195    2.2086796E+13
      1210.9000197    1.9295701E+13
      1224.5000199    1.6758243E+13
      1227.2000200    1.6281987E+13
      1229.9000200    1.5814300E+13
      1232.7000200    1.5338097E+13
      1235.4000201    1.4887157E+13
      1238.1000201    1.4444096E+13
      1240.8000202    1.4008686E+13
      1243.5000202    1.3580702E+13
      1246.3000203    1.3144467E+13
      1249.0000203    1.2730907E+13
      1257.2000204    1.1836761E+13
      1259.9000205    1.1437965E+13
      1262.6000205    1.1043939E+13
      1270.8000207    9.8787614E+12
      1281.6000208    8.4109463E+12
      1289.8000210    7.4469888E+12
      1292.5000210    7.0926661E+12
      1295.2000211    6.7395823E+12
      1298.0000211    6.3741960E+12
      1300.7000212    6.0218703E+12
      1303.4000212    5.6686197E+12
      1306.1000212    5.3132761E+12
      1314.3000214    4.2035600E+12
      1330.6000216    1.2756145E+12
 
