       80.0000013    1.1503981E+19
        85.0000014    9.8478617E+18
        90.0000015    8.4157126E+18
        95.2390015    7.1315418E+18
       100.6800016    6.0039443E+18
       114.2900019    3.9168606E+18
       119.7300019    3.3102059E+18
       122.4500020    3.0450669E+18
       125.1700020    2.8024512E+18
       127.8900021    2.5803809E+18
       130.6100021    2.3770452E+18
       133.3300022    2.1907898E+18
       136.0600022    2.0195053E+18
       146.9400024    2.7761476E+18
       149.6600024    2.6605911E+18
       155.1000025    2.4218698E+18
       157.8200026    2.3083227E+18
       160.5500026    2.2002026E+18
       165.9900027    2.0027731E+18
       171.4300028    1.8278005E+18
       176.8700029    1.6725243E+18
       179.5900029    1.6014023E+18
       182.3100030    1.5342003E+18
       185.0400030    1.4704030E+18
       187.7600031    1.4102133E+18
       190.4800031    1.3531493E+18
       195.9200032    1.2475383E+18
       198.6400032    1.1986070E+18
       204.0800033    1.2819757E+18
       206.8000034    1.2356885E+18
       209.5300034    1.1881747E+18
       212.2500035    1.1416898E+18
       214.9700035    1.0968199E+18
       220.4100036    1.0128526E+18
       225.8500037    9.3666324E+17
       236.7400038    8.0518130E+17
       247.6200040    6.9725083E+17
       258.5100042    6.0789620E+17
       272.1100044    5.1686739E+17
       285.7200046    4.4345689E+17
       299.3200049    3.8361229E+17
       312.9300051    3.3415904E+17
       340.1400055    2.5798925E+17
       353.7400058    2.2826090E+17
       380.9500062    1.8051069E+17
       394.5600064    1.6116901E+17
       408.1700066    1.4421076E+17
       435.3800071    1.1608180E+17
       462.5900075    9.3974494E+16
       476.1900077    8.4709322E+16
       489.8000080    7.6434698E+16
       503.4000082    6.9044443E+16
       517.0100084    6.2425374E+16
       557.8300091    4.6402028E+16
       571.4300093    4.2112403E+16
       585.0400095    3.8251052E+16
       612.2500100    3.1645212E+16
       666.6700108    2.1891693E+16
       680.2800111    2.0008773E+16
       707.4900115    1.6760094E+16
       734.7000119    1.4087869E+16
       761.9100124    1.1882453E+16
       789.1200128    1.0056142E+16
       816.3300133    8.5387606E+15
       843.5400137    7.2738224E+15
       870.7500142    6.2158227E+15
       911.5700148    4.9382874E+15
       952.3900155    3.9492893E+15
       993.2000162    3.1784554E+15
      1020.4000166    2.7593968E+15
      1061.2000173    2.2428076E+15
      1088.4000177    1.9593419E+15
      1102.0000179    1.8329714E+15
      1115.7000181    1.7149156E+15
      1129.3000184    1.6061613E+15
      1142.9000186    1.5051465E+15
      1156.5000188    1.4112614E+15
      1170.1000190    1.3239489E+15
      1197.3000195    1.1670462E+15
      1210.9000197    1.0965628E+15
      1224.5000199    1.0308576E+15
      1227.2000200    1.0183499E+15
      1229.9000200    1.0060135E+15
      1232.7000200    9.9339862E+14
      1235.4000201    9.8140338E+14
      1238.1000201    9.6957182E+14
      1240.8000202    9.5790132E+14
      1243.5000202    9.4638953E+14
      1246.3000203    9.3461642E+14
      1249.0000203    9.2342045E+14
      1257.2000204    1.0943328E+15
      1259.9000205    1.0820020E+15
      1262.6000205    1.0691296E+15
      1270.8000207    1.0294835E+15
      1281.6000208    9.7889116E+14
      1289.8000210    1.0354607E+15
      1292.5000210    1.0229285E+15
      1295.2000211    1.0102810E+15
      1298.0000211    9.9719175E+14
      1300.7000212    9.8466883E+14
      1303.4000212    9.7227926E+14
      1306.1000212    9.6004102E+14
      1314.3000214    9.2386659E+14
      1330.6000216    8.5639044E+14
      1341.5000218    8.1437761E+14
      1355.1000220    7.6518822E+14
      1360.6000221    7.4625661E+14
      1371.4000223    7.1060355E+14
      1382.3000225    6.7656318E+14
      1390.5000226    6.5217126E+14
      1395.9000227    6.3665314E+14
      1404.1000228    6.1388310E+14
      1406.8000229    6.0658904E+14
      1409.5000229    5.9939329E+14
      1415.0000230    5.8503320E+14
      1417.7000231    5.7812703E+14
      1420.4000231    5.7131333E+14
      1423.1000231    5.6459083E+14
      1425.9000232    5.5771415E+14
      1428.6000232    5.5117312E+14
      1431.3000233    5.4471919E+14
      1436.7000234    5.3206753E+14
      1439.5000234    5.2563924E+14
      1442.2000235    5.1952408E+14
      1444.9000235    5.1348978E+14
      1447.6000235    5.0753511E+14
      1450.4000236    5.0144277E+14
      1453.1000236    4.9564671E+14
      1455.8000237    2.6926777E+15
      1458.5000237    2.6843288E+15
      1461.2000238    2.6678275E+15
      1466.7000239    2.6221685E+15
      1469.4000239    2.5972717E+15
      1472.1000239    2.5717926E+15
      1477.6000240    2.5194404E+15
      1480.3000241    2.4938542E+15
      1488.4000242    2.4183538E+15
      1491.2000242    2.3927792E+15
      1496.6000243    2.3442640E+15
      1551.0000252    1.9106986E+15
      1632.7000266    1.4146903E+15
      1823.1000296    7.2929565E+14
      2340.2000381    1.5248949E+14
      2829.9000460    4.2698367E+13
      3047.6000496    2.5104625E+13
      3700.7000602    5.1123742E+12
      4000.0000650    2.2746300E+12
      4680.3000761    0.0000000E+00
 
