       80.0000013    8.8826400E+18
        85.0000014    7.1275017E+18
        90.0000015    5.7328283E+18
        95.2390015    4.5779750E+18
       100.6800016    3.6381479E+18
       114.2900019    2.0841952E+18
       119.7300019    1.6796119E+18
       122.4500020    1.5099111E+18
       125.1700020    1.3585897E+18
       127.8900021    1.2235253E+18
       130.6100021    1.1028570E+18
       133.3300022    9.9495192E+17
       136.0600022    8.9803980E+17
       146.9400024    2.1234948E+18
       149.6600024    2.0361672E+18
       155.1000025    1.8466022E+18
       157.8200026    1.7543134E+18
       160.5500026    1.6655880E+18
       165.9900027    1.5018589E+18
       171.4300028    1.3552606E+18
       176.8700029    1.2242854E+18
       179.5900029    1.1641033E+18
       182.3100030    1.1071727E+18
       185.0400030    1.0531012E+18
       187.7600031    1.0020969E+18
       190.4800031    9.5378188E+17
       195.9200032    8.6458310E+17
       198.6400032    8.2340914E+17
       204.0800033    8.7428114E+17
       206.8000034    8.3852083E+17
       209.5300034    8.0435515E+17
       212.2500035    7.7209301E+17
       214.9700035    7.4154603E+17
       220.4100036    6.8520561E+17
       225.8500037    6.3452651E+17
       236.7400038    5.4723515E+17
       247.6200040    4.7514014E+17
       258.5100042    4.1472283E+17
       272.1100044    3.5208359E+17
       285.7200046    3.0048443E+17
       299.3200049    2.5757123E+17
       312.9300051    2.2152149E+17
       340.1400055    1.6521052E+17
       353.7400058    1.4316627E+17
       380.9500062    1.0812242E+17
       394.5600064    9.4210632E+16
       408.1700066    8.2229692E+16
       435.3800071    6.2966931E+16
       462.5900075    4.8534518E+16
       476.1900077    4.2716654E+16
       489.8000080    3.7653029E+16
       503.4000082    3.3245506E+16
       517.0100084    2.9397404E+16
       557.8300091    2.0516288E+16
       571.4300093    1.8254088E+16
       585.0400095    1.6263827E+16
       612.2500100    1.2967464E+16
       666.6700108    8.3807230E+15
       680.2800111    7.5387086E+15
       707.4900115    6.1234288E+15
       734.7000119    4.9980132E+15
       761.9100124    4.0984674E+15
       789.1200128    3.3758778E+15
       816.3300133    2.7926489E+15
       843.5400137    2.3197277E+15
       870.7500142    1.9345433E+15
       911.5700148    1.4837355E+15
       952.3900155    1.1472000E+15
       993.2000162    8.9381256E+14
      1020.4000166    7.5986373E+14
      1061.2000173    5.9900218E+14
      1088.4000177    5.1299854E+14
      1102.0000179    4.7523421E+14
      1115.7000181    4.4029924E+14
      1129.3000184    4.0842700E+14
      1142.9000186    3.7910337E+14
      1156.5000188    3.5210420E+14
      1170.1000190    3.2722671E+14
      1197.3000195    2.8312018E+14
      1210.9000197    2.6364063E+14
      1224.5000199    2.4557974E+14
      1227.2000200    2.4215972E+14
      1229.9000200    2.3879236E+14
      1232.7000200    2.3535498E+14
      1235.4000201    2.3209215E+14
      1238.1000201    2.2887931E+14
      1240.8000202    2.2571556E+14
      1243.5000202    2.2260019E+14
      1246.3000203    2.1941958E+14
      1249.0000203    2.1640010E+14
      1257.2000204    2.2867483E+14
      1259.9000205    2.2561988E+14
      1262.6000205    2.2253365E+14
      1270.8000207    2.1325930E+14
      1281.6000208    2.0158285E+14
      1289.8000210    2.0291706E+14
      1292.5000210    2.0013338E+14
      1295.2000211    1.9735964E+14
      1298.0000211    1.9450951E+14
      1300.7000212    1.9179442E+14
      1303.4000212    1.8911577E+14
      1306.1000212    1.8647533E+14
      1314.3000214    1.7869470E+14
      1330.6000216    1.6426272E+14
      1341.5000218    1.5532992E+14
      1355.1000220    1.4492641E+14
      1360.6000221    1.4093880E+14
      1371.4000223    1.3345473E+14
      1382.3000225    1.2634139E+14
      1390.5000226    1.2126427E+14
      1395.9000227    1.1804314E+14
      1404.1000228    1.1332962E+14
      1406.8000229    1.1182302E+14
      1409.5000229    1.1033831E+14
      1415.0000230    1.0738019E+14
      1417.7000231    1.0595985E+14
      1420.4000231    1.0456003E+14
      1423.1000231    1.0318040E+14
      1425.9000232    1.0177064E+14
      1428.6000232    1.0043114E+14
      1431.3000233    9.9110867E+13
      1436.7000234    9.6526588E+13
      1439.5000234    9.5215709E+13
      1442.2000235    9.3970026E+13
      1444.9000235    9.2742084E+13
      1447.6000235    9.1531608E+13
      1450.4000236    9.0294456E+13
      1453.1000236    8.9118709E+13
      1455.8000237    5.5221153E+14
      1458.5000237    5.4980306E+14
      1461.2000238    5.4563167E+14
      1466.7000239    5.3449677E+14
      1469.4000239    5.2849106E+14
      1472.1000239    5.2236496E+14
      1477.6000240    5.0981775E+14
      1480.3000241    5.0370078E+14
      1488.4000242    4.8570185E+14
      1491.2000242    4.7962229E+14
      1496.6000243    4.6811422E+14
      1551.0000252    3.6689587E+14
      1632.7000266    2.5527319E+14
      1823.1000296    1.1149763E+14
      2340.2000381    9.6931414E+12
 
