       80.0000013    1.3849811E+17
        85.0000014    1.0702218E+17
        90.0000015    8.3942963E+16
        95.2390015    6.5655116E+16
       100.6800016    5.1096891E+16
       114.2900019    2.7356678E+16
       119.7300019    2.1252026E+16
       122.4500020    1.8712030E+16
       125.1700020    1.6462358E+16
       127.8900021    1.4470223E+16
       130.6100021    1.2706595E+16
       133.3300022    1.1145735E+16
       136.0600022    9.7600136E+15
       146.9400024    1.5705725E+16
       149.6600024    1.3137274E+16
       155.1000025    9.1228090E+15
       157.8200026    7.5701553E+15
       160.5500026    6.2548232E+15
       165.9900027    4.2133417E+15
       171.4300028    2.7516927E+15
       176.8700029    1.6935138E+15
       179.5900029    1.2711168E+15
       182.3100030    8.9578744E+14
       185.0400030    5.3593038E+14
 
