       80.0000013    3.6682938E+17
        85.0000014    2.6228781E+17
        90.0000015    1.9490678E+17
        95.2390015    1.4810916E+17
       100.6800016    1.1506704E+17
       114.2900019    6.7571376E+16
       119.7300019    5.5974011E+16
       122.4500020    5.1106537E+16
       125.1700020    4.6739187E+16
       127.8900021    4.2803455E+16
       130.6100021    3.9243589E+16
       133.3300022    3.6013707E+16
       136.0600022    3.3065332E+16
       146.9400024    1.3749708E+17
       149.6600024    1.2186037E+17
       155.1000025    9.5915897E+16
       157.8200026    8.5219564E+16
       160.5500026    7.5760251E+16
       165.9900027    6.0103356E+16
       171.4300028    4.7860268E+16
       176.8700029    3.8243390E+16
       179.5900029    3.4228117E+16
       182.3100030    3.0658353E+16
       185.0400030    2.7470564E+16
       187.7600031    2.4641838E+16
       190.4800031    2.2119895E+16
       195.9200032    1.7859205E+16
       198.6400032    1.6062315E+16
       204.0800033    7.3792649E+16
       206.8000034    6.8211013E+16
       209.5300034    6.2917298E+16
       212.2500035    5.7999466E+16
       214.9700035    5.3442244E+16
       220.4100036    4.5347910E+16
       225.8500037    3.8466732E+16
       236.7400038    2.7644450E+16
       247.6200040    1.9825101E+16
       258.5100042    1.4148984E+16
       272.1100044    9.1840886E+15
       285.7200046    5.8362405E+15
       299.3200049    3.5687259E+15
       312.9300051    2.0049149E+15
 
