       80.0000013    1.0688564E+19
        85.0000014    8.8796746E+18
        90.0000015    7.3766208E+18
        95.2390015    6.0793312E+18
       100.6800016    4.9814061E+18
       114.2900019    3.0584667E+18
       119.7300019    2.5285202E+18
       122.4500020    2.3014197E+18
       125.1700020    2.0961453E+18
       127.8900021    1.9104673E+18
       130.6100021    1.7423936E+18
       133.3300022    1.5901442E+18
       136.0600022    1.4516460E+18
       146.9400024    2.4541718E+18
       149.6600024    2.3567760E+18
       155.1000025    2.1492326E+18
       157.8200026    2.0488686E+18
       160.5500026    1.9525764E+18
       165.9900027    1.7751558E+18
       171.4300028    1.6163655E+18
       176.8700029    1.4743361E+18
       179.5900029    1.4089587E+18
       182.3100030    1.3470129E+18
       185.0400030    1.2880623E+18
       187.7600031    1.2323285E+18
       190.4800031    1.1793964E+18
       195.9200032    1.0812386E+18
       198.6400032    1.0356984E+18
       204.0800033    1.0783966E+18
       206.8000034    1.0354096E+18
       209.5300034    9.9340779E+17
       212.2500035    9.5332736E+17
       214.9700035    9.1518709E+17
       220.4100036    8.4466559E+17
       225.8500037    7.8126472E+17
       236.7400038    6.7259655E+17
       247.6200040    5.8372550E+17
       258.5100042    5.1010210E+17
       272.1100044    4.3474528E+17
       285.7200046    3.7344249E+17
       299.3200049    3.2292677E+17
       312.9300051    2.8070865E+17
       340.1400055    2.1474153E+17
       353.7400058    1.8871480E+17
       380.9500062    1.4675015E+17
       394.5600064    1.2977488E+17
       408.1700066    1.1495044E+17
       435.3800071    9.0592654E+16
       462.5900075    7.1777167E+16
       476.1900077    6.4013228E+16
       489.8000080    5.7154569E+16
       503.4000082    5.1097020E+16
       517.0100084    4.5732838E+16
       557.8300091    3.3027684E+16
       571.4300093    2.9704015E+16
       585.0400095    2.6744087E+16
       612.2500100    2.1757611E+16
       666.6700108    1.4599357E+16
       680.2800111    1.3249792E+16
       707.4900115    1.0949586E+16
       734.7000119    9.0869138E+15
       761.9100124    7.5719678E+15
       789.1200128    6.3345023E+15
       816.3300133    5.3194528E+15
       843.5400137    4.4834450E+15
       870.7500142    3.7921727E+15
       911.5700148    2.9684924E+15
       952.3900155    2.3405424E+15
       993.2000162    1.8581504E+15
      1020.4000166    1.5989559E+15
      1061.2000173    1.2829285E+15
      1088.4000177    1.1114087E+15
      1102.0000179    1.0354349E+15
      1115.7000181    9.6475683E+14
      1129.3000184    8.9991732E+14
      1142.9000186    8.3993843E+14
      1156.5000188    7.8441887E+14
      1170.1000190    7.3299335E+14
      1197.3000195    6.4112346E+14
      1210.9000197    6.0009947E+14
      1224.5000199    5.6200479E+14
      1227.2000200    5.5476995E+14
      1229.9000200    5.4763967E+14
      1232.7000200    5.4035403E+14
      1235.4000201    5.3343168E+14
      1238.1000201    5.2660893E+14
      1240.8000202    5.1988418E+14
      1243.5000202    5.1325587E+14
      1246.3000203    5.0648231E+14
      1249.0000203    5.0004576E+14
      1257.2000204    5.5890134E+14
      1259.9000205    5.5212130E+14
      1262.6000205    5.4515993E+14
      1270.8000207    5.2397078E+14
      1281.6000208    4.9709391E+14
      1289.8000210    5.1337197E+14
      1292.5000210    5.0683644E+14
      1295.2000211    5.0028098E+14
      1298.0000211    4.9351879E+14
      1300.7000212    4.8706161E+14
      1303.4000212    4.8068103E+14
      1306.1000212    4.7438397E+14
      1314.3000214    4.5579535E+14
      1330.6000216    4.2120536E+14
      1341.5000218    3.9972415E+14
      1355.1000220    3.7463144E+14
      1360.6000221    3.6499132E+14
      1371.4000223    3.4686371E+14
      1382.3000225    3.2959029E+14
      1390.5000226    3.1723417E+14
      1395.9000227    3.0938273E+14
      1404.1000228    2.9787595E+14
      1406.8000229    2.9419342E+14
      1409.5000229    2.9056226E+14
      1415.0000230    2.8332084E+14
      1417.7000231    2.7984069E+14
      1420.4000231    2.7640876E+14
      1423.1000231    2.7302429E+14
      1425.9000232    2.6956382E+14
      1428.6000232    2.6627381E+14
      1431.3000233    2.6302908E+14
      1436.7000234    2.5667277E+14
      1439.5000234    2.5344535E+14
      1442.2000235    2.5037656E+14
      1444.9000235    2.4734970E+14
      1447.6000235    2.4436413E+14
      1450.4000236    2.4131091E+14
      1453.1000236    2.3840753E+14
      1455.8000237    1.3863294E+15
      1458.5000237    1.3815542E+15
      1461.2000238    1.3724593E+15
      1466.7000239    1.3474919E+15
      1469.4000239    1.3339058E+15
      1472.1000239    1.3200111E+15
      1477.6000240    1.2914835E+15
      1480.3000241    1.2775517E+15
      1488.4000242    1.2364850E+15
      1491.2000242    1.2225902E+15
      1496.6000243    1.1962560E+15
      1551.0000252    9.6253083E+14
      1632.7000266    6.9923571E+14
      1823.1000296    3.4473048E+14
      2340.2000381    6.1895260E+13
      2829.9000460    1.3102974E+13
      3047.6000496    6.1255839E+12
 
