       80.0000013    6.2232122E+18
        85.0000014    4.8017097E+18
        90.0000015    3.7232770E+18
        95.2390015    2.8676264E+18
       100.6800016    2.1991067E+18
       114.2900019    1.1602067E+18
       119.7300019    9.0706576E+17
       122.4500020    8.0364418E+17
       125.1700020    7.1297852E+17
       127.8900021    6.3340831E+17
       130.6100021    5.6350153E+17
       133.3300022    5.0202096E+17
       136.0600022    4.4770949E+17
       146.9400024    1.6967328E+18
       149.6600024    1.6096218E+18
       155.1000025    1.4314800E+18
       157.8200026    1.3473645E+18
       160.5500026    1.2675556E+18
       165.9900027    1.1225385E+18
       171.4300028    9.9496855E+17
       176.8700029    8.8283809E+17
       179.5900029    8.3193956E+17
       182.3100030    7.8417980E+17
       185.0400030    7.3918937E+17
       187.7600031    6.9710254E+17
       190.4800031    6.5756877E+17
       195.9200032    5.8550465E+17
       198.6400032    5.5267574E+17
       204.0800033    6.7850306E+17
       206.8000034    6.5056859E+17
       209.5300034    6.2378648E+17
       212.2500035    5.9841511E+17
       214.9700035    5.7431323E+17
       220.4100036    5.2963211E+17
       225.8500037    4.8916077E+17
       236.7400038    4.1878226E+17
       247.6200040    3.6004137E+17
       258.5100042    3.1049154E+17
       272.1100044    2.5901345E+17
       285.7200046    2.1676721E+17
       299.3200049    1.8196112E+17
       312.9300051    1.5312519E+17
       340.1400055    1.0924704E+17
       353.7400058    9.2606247E+16
       380.9500062    6.6992131E+16
       394.5600064    5.7169270E+16
       408.1700066    4.8895862E+16
       435.3800071    3.6009923E+16
       462.5900075    2.6751131E+16
       476.1900077    2.3131758E+16
       489.8000080    2.0041657E+16
       503.4000082    1.7401746E+16
       517.0100084    1.5138420E+16
       557.8300091    1.0084849E+16
       571.4300093    8.8416224E+15
       585.0400095    7.7650400E+15
       612.2500100    6.0216145E+15
       666.6700108    3.6948039E+15
       680.2800111    3.2829074E+15
       707.4900115    2.6035743E+15
       734.7000119    2.0765858E+15
       761.9100124    1.6651712E+15
       789.1200128    1.3420169E+15
       816.3300133    1.0866987E+15
       843.5400137    8.8384380E+14
       870.7500142    7.2187193E+14
       911.5700148    5.3650638E+14
       952.3900155    4.0175211E+14
       993.2000162    3.0283808E+14
      1020.4000166    2.5163323E+14
      1061.2000173    1.9141943E+14
      1088.4000177    1.5985799E+14
      1102.0000179    1.4617213E+14
      1115.7000181    1.3361693E+14
      1129.3000184    1.2225875E+14
      1142.9000186    1.1189734E+14
      1156.5000188    1.0243906E+14
      1170.1000190    9.3799921E+13
      1197.3000195    7.8735567E+13
      1210.9000197    7.2130050E+13
      1224.5000199    6.6083118E+13
      1227.2000200    6.4944628E+13
      1229.9000200    6.3825798E+13
      1232.7000200    6.2685912E+13
      1235.4000201    6.1606021E+13
      1238.1000201    6.0544720E+13
      1240.8000202    5.9501663E+13
      1243.5000202    5.8476521E+13
      1246.3000203    5.7431984E+13
      1249.0000203    5.6442329E+13
      1257.2000204    5.6320485E+13
      1259.9000205    5.5356764E+13
      1262.6000205    5.4399104E+13
      1270.8000207    5.1565025E+13
      1281.6000208    4.8084902E+13
      1289.8000210    4.6817853E+13
      1292.5000210    4.5998160E+13
      1295.2000211    4.5188328E+13
      1298.0000211    4.4360792E+13
      1300.7000212    4.3575551E+13
      1303.4000212    4.2803174E+13
      1306.1000212    4.2043749E+13
      1314.3000214    3.9815785E+13
      1330.6000216    3.5720450E+13
      1341.5000218    3.3211097E+13
      1355.1000220    3.0356678E+13
      1360.6000221    2.9255128E+13
      1371.4000223    2.7200628E+13
      1382.3000225    2.5264390E+13
      1390.5000226    2.3892821E+13
      1395.9000227    2.3027356E+13
      1404.1000228    2.1767769E+13
      1406.8000229    2.1366934E+13
      1409.5000229    2.0972785E+13
      1415.0000230    2.0227776E+13
      1417.7000231    1.9853377E+13
      1420.4000231    1.9485197E+13
      1423.1000231    1.9123126E+13
      1425.9000232    1.8753983E+13
      1428.6000232    1.8404025E+13
      1431.3000233    1.8059851E+13
      1436.7000234    1.7388455E+13
      1439.5000234    1.7049009E+13
      1442.2000235    1.6727170E+13
      1444.9000235    1.6410618E+13
      1447.6000235    1.6099259E+13
      1450.4000236    1.5781755E+13
      1453.1000236    1.5480692E+13
      1455.8000237    1.0115537E+14
      1458.5000237    1.0033149E+14
      1461.2000238    9.8946450E+13
      1466.7000239    9.5656539E+13
      1469.4000239    9.3955924E+13
      1472.1000239    9.2243684E+13
      1477.6000240    8.8777058E+13
      1480.3000241    8.7099739E+13
      1488.4000242    8.2196799E+13
      1491.2000242    8.0549897E+13
      1496.6000243    7.7555860E+13
      1551.0000252    5.0877398E+13
      1632.7000266    2.2082864E+13
 
