       80.0000013    7.6362221E+18
        85.0000014    6.0129262E+18
        90.0000015    4.7523454E+18
        95.2390015    3.7303029E+18
       100.6800016    2.9149538E+18
       114.2900019    1.6062677E+18
       119.7300019    1.2759100E+18
       122.4500020    1.1390109E+18
       125.1700020    1.0178881E+18
       127.8900021    9.1061203E+17
       130.6100021    8.1550482E+17
       133.3300022    7.3110514E+17
       136.0600022    6.5587868E+17
       146.9400024    1.9308385E+18
       149.6600024    1.8440877E+18
       155.1000025    1.6594199E+18
       157.8200026    1.5704425E+18
       160.5500026    1.4852937E+18
       165.9900027    1.3290310E+18
       171.4300028    1.1900233E+18
       176.8700029    1.0665959E+18
       179.5900029    1.0101503E+18
       182.3100030    9.5692572E+17
       185.0400030    9.0654047E+17
       187.7600031    8.5917364E+17
       190.4800031    8.1445925E+17
       195.9200032    7.3234449E+17
       198.6400032    6.9465069E+17
       204.0800033    7.7627019E+17
       206.8000034    7.4455560E+17
       209.5300034    7.1427278E+17
       212.2500035    6.8566260E+17
       214.9700035    6.5854369E+17
       220.4100036    6.0841414E+17
       225.8500037    5.6316618E+17
       236.7400038    4.8480996E+17
       247.6200040    4.1965435E+17
       258.5100042    3.6475594E+17
       272.1100044    3.0762195E+17
       285.7200046    2.6049327E+17
       299.3200049    2.2136042E+17
       312.9300051    1.8862167E+17
       340.1400055    1.3797083E+17
       353.7400058    1.1839404E+17
       380.9500062    8.7701909E+16
       394.5600064    7.5702054E+16
       408.1700066    6.5470506E+16
       435.3800071    4.9255905E+16
       462.5900075    3.7336834E+16
       476.1900077    3.2598828E+16
       489.8000080    2.8511217E+16
       503.4000082    2.4983385E+16
       517.0100084    2.1928593E+16
       557.8300091    1.4983745E+16
       571.4300093    1.3242443E+16
       585.0400095    1.1721408E+16
       612.2500100    9.2277984E+15
       666.6700108    5.8234984E+15
       680.2800111    5.2089068E+15
       707.4900115    4.1849380E+15
       734.7000119    3.3800582E+15
       761.9100124    2.7438181E+15
       789.1200128    2.2382179E+15
       816.3300133    1.8342065E+15
       843.5400137    1.5097818E+15
       870.7500142    1.2479924E+15
       911.5700148    9.4490690E+14
       952.3900155    7.2145076E+14
       993.2000162    5.5515234E+14
      1020.4000166    4.6805597E+14
      1061.2000173    3.6435301E+14
      1088.4000177    3.0937790E+14
      1102.0000179    2.8535753E+14
      1115.7000181    2.6320813E+14
      1129.3000184    2.4306480E+14
      1142.9000186    2.2465206E+14
      1156.5000188    2.0769584E+14
      1170.1000190    1.9212080E+14
      1197.3000195    1.6463383E+14
      1210.9000197    1.5251051E+14
      1224.5000199    1.4134299E+14
      1227.2000200    1.3923232E+14
      1229.9000200    1.3715545E+14
      1232.7000200    1.3503672E+14
      1235.4000201    1.3302689E+14
      1238.1000201    1.3104909E+14
      1240.8000202    1.2910276E+14
      1243.5000202    1.2718735E+14
      1246.3000203    1.2523310E+14
      1249.0000203    1.2337898E+14
      1257.2000204    1.2687994E+14
      1259.9000205    1.2503924E+14
      1262.6000205    1.2319404E+14
      1270.8000207    1.1768695E+14
      1281.6000208    1.1078492E+14
      1289.8000210    1.0994114E+14
      1292.5000210    1.0831295E+14
      1295.2000211    1.0669677E+14
      1298.0000211    1.0503988E+14
      1300.7000212    1.0346387E+14
      1303.4000212    1.0191067E+14
      1306.1000212    1.0038092E+14
      1314.3000214    9.5879332E+13
      1330.6000216    8.7551600E+13
      1341.5000218    8.2412009E+13
      1355.1000220    7.6441971E+13
      1360.6000221    7.4158533E+13
      1371.4000223    6.9880670E+13
      1382.3000225    6.5824778E+13
      1390.5000226    6.2936324E+13
      1395.9000227    6.1106710E+13
      1404.1000228    5.8433722E+13
      1406.8000229    5.7633420E+13
      1409.5000229    5.6793217E+13
      1415.0000230    5.5120864E+13
      1417.7000231    5.4318703E+13
      1420.4000231    5.3528656E+13
      1423.1000231    5.2750528E+13
      1425.9000232    5.1955964E+13
      1428.6000232    5.1201513E+13
      1431.3000233    5.0458408E+13
      1436.7000234    4.9005476E+13
      1439.5000234    4.8269200E+13
      1442.2000235    4.7570030E+13
      1444.9000235    4.6881309E+13
      1447.6000235    4.6202863E+13
      1450.4000236    4.5509968E+13
      1453.1000236    4.4851953E+13
      1455.8000237    2.8581091E+14
      1458.5000237    2.8415564E+14
      1461.2000238    2.8158124E+14
      1466.7000239    2.7497097E+14
      1469.4000239    2.7145301E+14
      1472.1000239    2.6787906E+14
      1477.6000240    2.6058577E+14
      1480.3000241    2.5703893E+14
      1488.4000242    2.4662653E+14
      1491.2000242    2.4311667E+14
      1496.6000243    2.3648229E+14
      1551.0000252    1.7872384E+14
      1632.7000266    1.1694985E+14
      1823.1000296    4.1289064E+13
 
