       80.0000013    1.1209067E+19
        85.0000014    9.4580111E+18
        90.0000015    7.9727105E+18
        95.2390015    6.6654347E+18
       100.6800016    5.5381296E+18
       114.2900019    3.5079264E+18
       119.7300019    2.9331584E+18
       122.4500020    2.6843889E+18
       125.1700020    2.4581267E+18
       127.8900021    2.2522297E+18
       130.6100021    2.0647618E+18
       133.3300022    1.8939747E+18
       136.0600022    1.7377450E+18
       146.9400024    2.6130444E+18
       149.6600024    2.5069921E+18
       155.1000025    2.2851121E+18
       157.8200026    2.1787880E+18
       160.5500026    2.0771739E+18
       165.9900027    1.8907705E+18
       171.4300028    1.7246968E+18
       176.8700029    1.5766582E+18
       179.5900029    1.5086509E+18
       182.3100030    1.4442810E+18
       185.0400030    1.3830762E+18
       187.7600031    1.3252502E+18
       190.4800031    1.2703581E+18
       195.9200032    1.1686066E+18
       198.6400032    1.1214024E+18
       204.0800033    1.1810444E+18
       206.8000034    1.1358145E+18
       209.5300034    1.0906481E+18
       212.2500035    1.0470694E+18
       214.9700035    1.0053415E+18
       220.4100036    9.2779361E+17
       225.8500037    8.5782193E+17
       236.7400038    7.3763424E+17
       247.6200040    6.3932382E+17
       258.5100042    5.5803881E+17
       272.1100044    4.7516924E+17
       285.7200046    4.0814195E+17
       299.3200049    3.5325209E+17
       312.9300051    3.0764792E+17
       340.1400055    2.3685358E+17
       353.7400058    2.0903154E+17
       380.9500062    1.6417274E+17
       394.5600064    1.4597668E+17
       408.1700066    1.3003422E+17
       435.3800071    1.0366947E+17
       462.5900075    8.3087663E+16
       476.1900077    7.4518928E+16
       489.8000080    6.6903109E+16
       503.4000082    6.0135559E+16
       517.0100084    5.4105919E+16
       557.8300091    3.9659238E+16
       571.4300093    3.5834291E+16
       585.0400095    3.2409188E+16
       612.2500100    2.6593372E+16
       666.6700108    1.8125213E+16
       680.2800111    1.6509506E+16
       707.4900115    1.3738775E+16
       734.7000119    1.1477323E+16
       761.9100124    9.6244623E+15
       789.1200128    8.1004925E+15
       816.3300133    6.8422673E+15
       843.5400137    5.7995647E+15
       870.7500142    4.9322771E+15
       911.5700148    3.8916844E+15
       952.3900155    3.0919515E+15
       993.2000162    2.4728489E+15
      1020.4000166    2.1381017E+15
      1061.2000173    1.7275271E+15
      1088.4000177    1.5033626E+15
      1102.0000179    1.4037217E+15
      1115.7000181    1.3108145E+15
      1129.3000184    1.2253891E+15
      1142.9000186    1.1461908E+15
      1156.5000188    1.0727184E+15
      1170.1000190    1.0045145E+15
      1197.3000195    8.8227950E+14
      1210.9000197    8.2751866E+14
      1224.5000199    7.7656082E+14
      1227.2000200    7.6687077E+14
      1229.9000200    7.5731682E+14
      1232.7000200    7.4755060E+14
      1235.4000201    7.3826743E+14
      1238.1000201    7.2911412E+14
      1240.8000202    7.2008858E+14
      1243.5000202    7.1118880E+14
      1246.3000203    7.0209025E+14
      1249.0000203    6.9344072E+14
      1257.2000204    7.9773367E+14
      1259.9000205    7.8842513E+14
      1262.6000205    7.7878830E+14
      1270.8000207    7.4927671E+14
      1281.6000208    7.1172225E+14
      1289.8000210    7.4398806E+14
      1292.5000210    7.3477066E+14
      1295.2000211    7.2549568E+14
      1298.0000211    7.1591166E+14
      1300.7000212    7.0675049E+14
      1303.4000212    6.9769194E+14
      1306.1000212    6.8874753E+14
      1314.3000214    6.6232469E+14
      1330.6000216    6.1309041E+14
      1341.5000218    5.8247085E+14
      1355.1000220    5.4665793E+14
      1360.6000221    5.3288569E+14
      1371.4000223    5.0696660E+14
      1382.3000225    4.8224208E+14
      1390.5000226    4.6453930E+14
      1395.9000227    4.5328300E+14
      1404.1000228    4.3677542E+14
      1406.8000229    4.3148976E+14
      1409.5000229    4.2627644E+14
      1415.0000230    4.1587591E+14
      1417.7000231    4.1087560E+14
      1420.4000231    4.0594333E+14
      1423.1000231    4.0107780E+14
      1425.9000232    3.9610202E+14
      1428.6000232    3.9137014E+14
      1431.3000233    3.8670225E+14
      1436.7000234    3.7755460E+14
      1439.5000234    3.7290819E+14
      1442.2000235    3.6848903E+14
      1444.9000235    3.6412921E+14
      1447.6000235    3.5982780E+14
      1450.4000236    3.5542787E+14
      1453.1000236    3.5124283E+14
      1455.8000237    1.9749783E+15
      1458.5000237    1.9685624E+15
      1461.2000238    1.9560776E+15
      1466.7000239    1.9216343E+15
      1469.4000239    1.9028661E+15
      1472.1000239    1.8836631E+15
      1477.6000240    1.8442184E+15
      1480.3000241    1.8249468E+15
      1488.4000242    1.7681066E+15
      1491.2000242    1.7488633E+15
      1496.6000243    1.7123746E+15
      1551.0000252    1.3873679E+15
      1632.7000266    1.0188435E+15
      1823.1000296    5.1532326E+14
      2340.2000381    1.0173497E+14
      2829.9000460    2.6019327E+13
      3047.6000496    1.4358909E+13
      3700.7000602    1.6707678E+12
      4000.0000650    0.0000000E+00
 
