       80.0000013    1.9703327E+18
        85.0000014    1.3995655E+18
        90.0000015    1.0053066E+18
        95.2390015    7.2011868E+17
       100.6800016    5.1716244E+17
       114.2900019    2.4421205E+17
       119.7300019    1.8717280E+17
       122.4500020    1.6510189E+17
       125.1700020    1.4636436E+17
       127.8900021    1.3039655E+17
       130.6100021    1.1673499E+17
       133.3300022    1.0499809E+17
       136.0600022    9.4836589E+16
       146.9400024    7.2635628E+17
       149.6600024    6.6663761E+17
       155.1000025    5.6075691E+17
       157.8200026    5.1460632E+17
       160.5500026    4.7238706E+17
       165.9900027    3.9903064E+17
       171.4300028    3.3784141E+17
       176.8700029    2.8664713E+17
       179.5900029    2.6423829E+17
       182.3100030    2.4370115E+17
       185.0400030    2.2480252E+17
       187.7600031    2.0752966E+17
       190.4800031    1.9167401E+17
       195.9200032    1.6373161E+17
       198.6400032    1.5143170E+17
       204.0800033    3.3652220E+17
       206.8000034    3.1913273E+17
       209.5300034    3.0236250E+17
       212.2500035    2.8648404E+17
       214.9700035    2.7145666E+17
       220.4100036    2.4384910E+17
       225.8500037    2.1923001E+17
       236.7400038    1.7760679E+17
       247.6200040    1.4437333E+17
       258.5100042    1.1769618E+17
       272.1100044    9.1578641E+16
       285.7200046    7.1577047E+16
       299.3200049    5.6213481E+16
       312.9300051    4.4341457E+16
       340.1400055    2.7961100E+16
       353.7400058    2.2345285E+16
       380.9500062    1.4433718E+16
       394.5600064    1.1660936E+16
       408.1700066    9.4507910E+15
       435.3800071    6.2612737E+15
       462.5900075    4.1870656E+15
       476.1900077    3.4337477E+15
       489.8000080    2.8196428E+15
       503.4000082    2.3183570E+15
       517.0100084    1.9075036E+15
       557.8300091    1.0643022E+15
       571.4300093    8.7559492E+14
       585.0400095    7.1940226E+14
       612.2500100    4.8278657E+14
       666.6700108    2.0598740E+14
       680.2800111    1.6263169E+14
       707.4900115    9.4883688E+13
       734.7000119    4.2622295E+13
 
