       80.0000013    3.2903336E+18
        85.0000014    2.4144783E+18
        90.0000015    1.7848452E+18
        95.2390015    1.3110295E+18
       100.6800016    9.6025690E+17
       114.2900019    4.6045712E+17
       119.7300019    3.4998125E+17
       122.4500020    3.0651924E+17
       125.1700020    2.6931020E+17
       127.8900021    2.3739454E+17
       130.6100021    2.0996570E+17
       133.3300022    1.8634490E+17
       136.0600022    1.6589060E+17
       146.9400024    1.0806772E+18
       149.6600024    1.0045170E+18
       155.1000025    8.6366824E+17
       157.8200026    8.0065743E+17
       160.5500026    7.4227095E+17
       165.9900027    6.3912419E+17
       171.4300028    5.5128980E+17
       176.8700029    4.7633891E+17
       179.5900029    4.4304701E+17
       182.3100030    4.1224391E+17
       185.0400030    3.8362902E+17
       187.7600031    3.5722930E+17
       190.4800031    3.3276974E+17
       195.9200032    2.8907621E+17
       198.6400032    2.6957606E+17
       204.0800033    4.6595502E+17
       206.8000034    4.4455073E+17
       209.5300034    4.2387424E+17
       212.2500035    4.0423122E+17
       214.9700035    3.8555798E+17
       220.4100036    3.5098023E+17
       225.8500037    3.1977753E+17
       236.7400038    2.6601467E+17
       247.6200040    2.2192182E+17
       258.5100042    1.8554994E+17
       272.1100044    1.4885149E+17
       285.7200046    1.1980438E+17
       299.3200049    9.6772975E+16
       312.9300051    7.8427477E+16
       340.1400055    5.2058135E+16
       353.7400058    4.2637326E+16
       380.9500062    2.8892917E+16
       394.5600064    2.3902685E+16
       408.1700066    1.9838989E+16
       435.3800071    1.3798342E+16
       462.5900075    9.7119894E+15
       476.1900077    8.1826847E+15
       489.8000080    6.9115424E+15
       503.4000082    5.8532271E+15
       517.0100084    4.9681744E+15
       557.8300091    3.0781290E+15
       571.4300093    2.6345184E+15
       585.0400095    2.2584559E+15
       612.2500100    1.6675766E+15
       666.6700108    9.2265065E+14
       680.2800111    7.9753677E+14
       707.4900115    5.9705495E+14
       734.7000119    4.4763535E+14
       761.9100124    3.3569931E+14
       789.1200128    2.5146708E+14
       816.3300133    1.8782964E+14
       843.5400137    1.3957452E+14
       870.7500142    1.0284733E+14
       911.5700148    6.3272980E+13
       952.3900155    3.6351630E+13
       993.2000162    1.6914590E+13
      1020.4000166    2.5936942E+12
 
