       80.0000013    9.5141635E+17
        85.0000014    6.5950700E+17
        90.0000015    4.6747596E+17
        95.2390015    3.3447645E+17
       100.6800016    2.4324728E+17
       114.2900019    1.2459503E+17
       119.7300019    9.9798461E+16
       122.4500020    9.0046944E+16
       125.1700020    8.1640173E+16
       127.8900021    7.4341666E+16
       130.6100021    6.7961278E+16
       133.3300022    6.2346140E+16
       136.0600022    5.7355449E+16
       146.9400024    3.9156784E+17
       149.6600024    3.5394214E+17
       155.1000025    2.8946781E+17
       157.8200026    2.6207555E+17
       160.5500026    2.3738351E+17
       165.9900027    1.9536099E+17
       171.4300028    1.6125479E+17
       176.8700029    1.3347613E+17
       179.5900029    1.2155973E+17
       182.3100030    1.1078057E+17
       185.0400030    1.0098925E+17
       187.7600031    9.2154356E+16
       190.4800031    8.4146398E+16
       195.9200032    7.0291516E+16
       198.6400032    6.4305285E+16
       204.0800033    1.9677520E+17
       206.8000034    1.8497438E+17
       209.5300034    1.7365523E+17
       212.2500035    1.6301012E+17
       214.9700035    1.5301482E+17
       220.4100036    1.3488942E+17
       225.8500037    1.1902347E+17
       236.7400038    9.2939141E+16
       247.6200040    7.2880664E+16
       258.5100042    5.7352781E+16
       272.1100044    4.2726455E+16
       285.7200046    3.1977507E+16
       299.3200049    2.4039295E+16
       312.9300051    1.8132882E+16
       340.1400055    1.0402079E+16
       353.7400058    7.8991256E+15
       380.9500062    4.5578472E+15
       394.5600064    3.4562375E+15
       408.1700066    2.6136071E+15
       435.3800071    1.4712263E+15
       462.5900075    7.9255998E+14
       476.1900077    5.6217632E+14
       489.8000080    3.8021701E+14
       503.4000082    2.3133647E+14
       517.0100084    8.7520084E+13
 
