       80.0000013    2.7930119E+17
        85.0000014    1.9881988E+17
        90.0000015    1.4751088E+17
        95.2390015    1.1190402E+17
       100.6800016    8.6520579E+16
       114.2900019    4.8951804E+16
       119.7300019    3.9494750E+16
       122.4500020    3.5500967E+16
       125.1700020    3.1912455E+16
       127.8900021    2.8680441E+16
       130.6100021    2.5764465E+16
       133.3300022    2.3130445E+16
       136.0600022    2.0740930E+16
       146.9400024    6.0726422E+16
       149.6600024    5.1771742E+16
       155.1000025    3.7459721E+16
       157.8200026    3.1793766E+16
       160.5500026    2.6921555E+16
       165.9900027    1.9200484E+16
       171.4300028    1.3532805E+16
       176.8700029    9.3714211E+15
       179.5900029    7.7244675E+15
       182.3100030    6.3105713E+15
       185.0400030    5.0900490E+15
       187.7600031    4.0399845E+15
       190.4800031    3.1259430E+15
       195.9200032    1.5743931E+15
       198.6400032    7.9909202E+14
 
