       80.0000013    8.6881562E+18
        85.0000014    6.9628047E+18
        90.0000015    5.5937709E+18
        95.2390015    4.4615048E+18
       100.6800016    3.5409868E+18
       114.2900019    2.0209121E+18
       119.7300019    1.6256528E+18
       122.4500020    1.4599567E+18
       125.1700020    1.3122673E+18
       127.8900021    1.1805040E+18
       130.6100021    1.0628437E+18
       133.3300022    9.5768672E+17
       136.0600022    8.6330031E+17
       146.9400024    2.0570630E+18
       149.6600024    1.9707273E+18
       155.1000025    1.7833936E+18
       157.8200026    1.6922597E+18
       160.5500026    1.6046998E+18
       165.9900027    1.4432951E+18
       171.4300028    1.2990129E+18
       176.8700029    1.1703433E+18
       179.5900029    1.1113082E+18
       182.3100030    1.0555205E+18
       185.0400030    1.0025909E+18
       187.7600031    9.5271858E+17
       190.4800031    9.0552898E+17
       195.9200032    8.1855796E+17
       198.6400032    7.7848447E+17
       204.0800033    8.3497511E+17
       206.8000034    8.0028181E+17
       209.5300034    7.6717640E+17
       212.2500035    7.3594574E+17
       214.9700035    7.0639829E+17
       220.4100036    6.5195157E+17
       225.8500037    6.0302475E+17
       236.7400038    5.1884287E+17
       247.6200040    4.4938418E+17
       258.5100042    3.9120892E+17
       272.1100044    3.3092149E+17
       285.7200046    2.8128284E+17
       299.3200049    2.4002796E+17
       312.9300051    2.0541008E+17
       340.1400055    1.5147472E+17
       353.7400058    1.3044087E+17
       380.9500062    9.7167803E+16
       394.5600064    8.4040957E+16
       408.1700066    7.2788881E+16
       435.3800071    5.4835449E+16
       462.5900075    4.1541323E+16
       476.1900077    3.6235123E+16
       489.8000080    3.1648414E+16
       503.4000082    2.7684434E+16
       517.0100084    2.4249149E+16
       557.8300091    1.6437209E+16
       571.4300093    1.4480683E+16
       585.0400095    1.2773625E+16
       612.2500100    9.9811776E+15
       666.6700108    6.1908743E+15
       680.2800111    5.5110250E+15
       707.4900115    4.3829382E+15
       734.7000119    3.5014479E+15
       761.9100124    2.8090334E+15
       789.1200128    2.2623789E+15
       816.3300133    1.8286952E+15
       843.5400137    1.4830338E+15
       870.7500142    1.2063107E+15
       911.5700148    8.8928788E+14
       952.3900155    6.5884369E+14
       993.2000162    4.9006087E+14
      1020.4000166    4.0299034E+14
      1061.2000173    3.0100513E+14
      1088.4000177    2.4794172E+14
      1102.0000179    2.2503716E+14
      1115.7000181    2.0409460E+14
      1129.3000184    1.8521553E+14
      1142.9000186    1.6805741E+14
      1156.5000188    1.5245649E+14
      1170.1000190    1.3826537E+14
      1197.3000195    1.1359474E+14
      1210.9000197    1.0288754E+14
      1224.5000199    9.3132423E+13
      1227.2000200    9.1301173E+13
      1229.9000200    8.9503293E+13
      1232.7000200    8.7673394E+13
      1235.4000201    8.5941541E+13
      1238.1000201    8.4241153E+13
      1240.8000202    8.2571669E+13
      1243.5000202    8.0932468E+13
      1246.3000203    7.9263949E+13
      1249.0000203    7.7684692E+13
      1257.2000204    7.8137996E+13
      1259.9000205    7.6576817E+13
      1262.6000205    7.5025210E+13
      1270.8000207    7.0439687E+13
      1281.6000208    6.4756283E+13
      1289.8000210    6.2850882E+13
      1292.5000210    6.1526468E+13
      1295.2000211    6.0219263E+13
      1298.0000211    5.8885008E+13
      1300.7000212    5.7620476E+13
      1303.4000212    5.6378190E+13
      1306.1000212    5.5158252E+13
      1314.3000214    5.1588144E+13
      1330.6000216    4.5061266E+13
      1341.5000218    4.1085074E+13
      1355.1000220    3.6517746E+13
      1360.6000221    3.4785605E+13
      1371.4000223    3.1562494E+13
      1382.3000225    2.8532296E+13
      1390.5000226    2.6388610E+13
      1395.9000227    2.5036363E+13
      1404.1000228    2.3067594E+13
      1406.8000229    2.2440588E+13
      1409.5000229    2.1823654E+13
      1415.0000230    2.0596998E+13
      1417.7000231    2.0009032E+13
      1420.4000231    1.9430061E+13
      1423.1000231    1.8859814E+13
      1425.9000232    1.8277370E+13
      1428.6000232    1.7724044E+13
      1431.3000233    1.7178600E+13
      1436.7000234    1.6110194E+13
      1439.5000234    1.5567372E+13
      1442.2000235    1.5050732E+13
      1444.9000235    1.4540436E+13
      1447.6000235    1.4036138E+13
      1450.4000236    1.3519117E+13
      1453.1000236    1.3025911E+13
      1455.8000237    8.2644700E+13
      1458.5000237    8.0169264E+13
      1461.2000238    7.7411341E+13
      1466.7000239    7.1377692E+13
      1469.4000239    6.8327251E+13
      1472.1000239    6.5250104E+13
      1477.6000240    5.8923252E+13
      1480.3000241    5.5785929E+13
      1488.4000242    4.6157267E+13
      1491.2000242    4.2703832E+13
      1496.6000243    3.5714343E+13
 
