       80.0000013    9.7156553E+18
        85.0000014    7.9237966E+18
        90.0000015    6.4704280E+18
        95.2390015    5.2439668E+18
       100.6800016    4.2278699E+18
       114.2900019    2.5027611E+18
       119.7300019    2.0414217E+18
       122.4500020    1.8459067E+18
       125.1700020    1.6704109E+18
       127.8900021    1.5127440E+18
       130.6100021    1.3709707E+18
       133.3300022    1.2433807E+18
       136.0600022    1.1280598E+18
       146.9400024    2.2406887E+18
       149.6600024    2.1512921E+18
       155.1000025    1.9568377E+18
       157.8200026    1.8619977E+18
       160.5500026    1.7707331E+18
       165.9900027    1.6021139E+18
       171.4300028    1.4508977E+18
       176.8700029    1.3155643E+18
       179.5900029    1.2532879E+18
       182.3100030    1.1943125E+18
       185.0400030    1.1382331E+18
       187.7600031    1.0852683E+18
       190.4800031    1.0350288E+18
       195.9200032    9.4207647E+17
       198.6400032    8.9906853E+17
       204.0800033    9.3910690E+17
       206.8000034    9.0017429E+17
       209.5300034    8.6278767E+17
       212.2500035    8.2742504E+17
       214.9700035    7.9393982E+17
       220.4100036    7.3226464E+17
       225.8500037    6.7695502E+17
       236.7400038    5.8222920E+17
       247.6200040    5.0464763E+17
       258.5100042    4.4016299E+17
       272.1100044    3.7383794E+17
       285.7200046    3.1957828E+17
       299.3200049    2.7464744E+17
       312.9300051    2.3697257E+17
       340.1400055    1.7804478E+17
       353.7400058    1.5486970E+17
       380.9500062    1.1778120E+17
       394.5600064    1.0293954E+17
       408.1700066    9.0088700E+16
       435.3800071    6.9267381E+16
       462.5900075    5.3517556E+16
       476.1900077    4.7128109E+16
       489.8000080    4.1547233E+16
       503.4000082    3.6674563E+16
       517.0100084    3.2409265E+16
       557.8300091    2.2530030E+16
       571.4300093    2.0007712E+16
       585.0400095    1.7787627E+16
       612.2500100    1.4110779E+16
       666.6700108    9.0061620E+15
       680.2800111    8.0726369E+15
       707.4900115    6.5080630E+15
       734.7000119    5.2695507E+15
       761.9100124    4.2846135E+15
       789.1200128    3.4978120E+15
       816.3300133    2.8665014E+15
       843.5400137    2.3577583E+15
       870.7500142    1.9460799E+15
       911.5700148    1.4681672E+15
       952.3900155    1.1150750E+15
       993.2000162    8.5208836E+14
      1020.4000166    7.1437855E+14
      1061.2000173    5.5059977E+14
      1088.4000177    4.6395512E+14
      1102.0000179    4.2616139E+14
      1115.7000181    3.9135772E+14
      1129.3000184    3.5975334E+14
      1142.9000186    3.3081523E+14
      1156.5000188    3.0430229E+14
      1170.1000190    2.7999699E+14
      1197.3000195    2.3724223E+14
      1210.9000197    2.1845445E+14
      1224.5000199    2.0119395E+14
      1227.2000200    1.9793721E+14
      1229.9000200    1.9473447E+14
      1232.7000200    1.9146911E+14
      1235.4000201    1.8837339E+14
      1238.1000201    1.8532883E+14
      1240.8000202    1.8233452E+14
      1243.5000202    1.7938956E+14
      1246.3000203    1.7638676E+14
      1249.0000203    1.7353970E+14
      1257.2000204    1.8176114E+14
      1259.9000205    1.7887574E+14
      1262.6000205    1.7597699E+14
      1270.8000207    1.6731995E+14
      1281.6000208    1.5649198E+14
      1289.8000210    1.5607542E+14
      1292.5000210    1.5350708E+14
      1295.2000211    1.5095738E+14
      1298.0000211    1.4834471E+14
      1300.7000212    1.4586132E+14
      1303.4000212    1.4341594E+14
      1306.1000212    1.4100972E+14
      1314.3000214    1.3394300E+14
      1330.6000216    1.2093079E+14
      1341.5000218    1.1294389E+14
      1355.1000220    1.0371256E+14
      1360.6000221    1.0019595E+14
      1371.4000223    9.3630530E+13
      1382.3000225    8.7435065E+13
      1390.5000226    8.3041515E+13
      1395.9000227    8.0266983E+13
      1404.1000228    7.6226081E+13
      1406.8000229    7.4939411E+13
      1409.5000229    7.3673856E+13
      1415.0000230    7.1159647E+13
      1417.7000231    6.9955937E+13
      1420.4000231    6.8771964E+13
      1423.1000231    6.7607332E+13
      1425.9000232    6.6419639E+13
      1428.6000232    6.5293385E+13
      1431.3000233    6.4185484E+13
      1436.7000234    6.2023489E+13
      1439.5000234    6.0930000E+13
      1442.2000235    5.9893051E+13
      1444.9000235    5.8872933E+13
      1447.6000235    5.7869349E+13
      1450.4000236    5.6845763E+13
      1453.1000236    5.5875004E+13
      1455.8000237    3.4801680E+14
      1458.5000237    3.4509982E+14
      1461.2000238    3.4108372E+14
      1466.7000239    3.3130888E+14
      1469.4000239    3.2620988E+14
      1472.1000239    3.2106209E+14
      1477.6000240    3.1061603E+14
      1480.3000241    3.0555474E+14
      1488.4000242    2.9074489E+14
      1491.2000242    2.8576649E+14
      1496.6000243    2.7637363E+14
      1551.0000252    1.9561127E+14
      1632.7000266    1.1106806E+14
 
