       80.0000013    1.1087299E+19
        85.0000014    9.3346811E+18
        90.0000015    7.8517676E+18
        95.2390015    6.5499310E+18
       100.6800016    5.4302933E+18
       114.2900019    3.4226909E+18
       119.7300019    2.8568935E+18
       122.4500020    2.6124322E+18
       125.1700020    2.3903303E+18
       127.8900021    2.1884307E+18
       130.6100021    2.0047868E+18
       133.3300022    1.8376444E+18
       136.0600022    1.6848896E+18
       146.9400024    2.5727316E+18
       149.6600024    2.4689033E+18
       155.1000025    2.2504060E+18
       157.8200026    2.1454410E+18
       160.5500026    2.0450331E+18
       165.9900027    1.8606609E+18
       171.4300028    1.6962259E+18
       176.8700029    1.5495202E+18
       179.5900029    1.4820870E+18
       182.3100030    1.4182386E+18
       185.0400030    1.3575107E+18
       187.7600031    1.3001190E+18
       190.4800031    1.2456259E+18
       195.9200032    1.1445828E+18
       198.6400032    1.0976962E+18
       204.0800033    1.1507290E+18
       206.8000034    1.1058503E+18
       209.5300034    1.0612309E+18
       212.2500035    1.0182726E+18
       214.9700035    9.7718766E+17
       220.4100036    9.0091323E+17
       225.8500037    8.3215184E+17
       236.7400038    7.1415864E+17
       247.6200040    6.1776260E+17
       258.5100042    5.3816023E+17
       272.1100044    4.5711949E+17
       285.7200046    3.9167686E+17
       299.3200049    3.3816727E+17
       312.9300051    2.9377820E+17
       340.1400055    2.2502337E+17
       353.7400058    1.9806757E+17
       380.9500062    1.5470842E+17
       394.5600064    1.3716776E+17
       408.1700066    1.2182726E+17
       435.3800071    9.6530713E+16
       462.5900075    7.6864307E+16
       476.1900077    6.8703714E+16
       489.8000080    6.1467128E+16
       503.4000082    5.5051538E+16
       517.0100084    4.9349140E+16
       557.8300091    3.5751986E+16
       571.4300093    3.2171437E+16
       585.0400095    2.8973899E+16
       612.2500100    2.3567314E+16
       666.6700108    1.5763585E+16
       680.2800111    1.4287397E+16
       707.4900115    1.1768899E+16
       734.7000119    9.7283962E+15
       761.9100124    8.0694726E+15
       789.1200128    6.7161171E+15
       816.3300133    5.6082851E+15
       843.5400137    4.6983694E+15
       870.7500142    3.9485283E+15
       911.5700148    3.0594671E+15
       952.3900155    2.3863550E+15
       993.2000162    1.8732595E+15
      1020.4000166    1.5994959E+15
      1061.2000173    1.2680864E+15
      1088.4000177    1.0896029E+15
      1102.0000179    1.0108998E+15
      1115.7000181    9.3790885E+14
      1129.3000184    8.7115567E+14
      1142.9000186    8.0959885E+14
      1156.5000188    7.5279670E+14
      1170.1000190    7.0034837E+14
      1197.3000195    6.0708846E+14
      1210.9000197    5.6564377E+14
      1224.5000199    5.2728075E+14
      1227.2000200    5.2000897E+14
      1229.9000200    5.1284688E+14
      1232.7000200    5.0553339E+14
      1235.4000201    4.9858910E+14
      1238.1000201    4.9174906E+14
      1240.8000202    4.8501156E+14
      1243.5000202    4.7837490E+14
      1246.3000203    4.7159721E+14
      1249.0000203    4.6516086E+14
      1257.2000204    5.2016671E+14
      1259.9000205    5.1333275E+14
      1262.6000205    5.0633732E+14
      1270.8000207    4.8511545E+14
      1281.6000208    4.5829160E+14
      1289.8000210    4.7227920E+14
      1292.5000210    4.6575739E+14
      1295.2000211    4.5922831E+14
      1298.0000211    4.5250306E+14
      1300.7000212    4.4608859E+14
      1303.4000212    4.3975650E+14
      1306.1000212    4.3351299E+14
      1314.3000214    4.1511362E+14
      1330.6000216    3.8102229E+14
      1341.5000218    3.5992172E+14
      1355.1000220    3.3536199E+14
      1360.6000221    3.2595326E+14
      1371.4000223    3.0830292E+14
      1382.3000225    2.9153788E+14
      1390.5000226    2.7957918E+14
      1395.9000227    2.7199553E+14
      1404.1000228    2.6090339E+14
      1406.8000229    2.5735926E+14
      1409.5000229    2.5386736E+14
      1415.0000230    2.4691218E+14
      1417.7000231    2.4357365E+14
      1420.4000231    2.4028403E+14
      1423.1000231    2.3704247E+14
      1425.9000232    2.3373083E+14
      1428.6000232    2.3058488E+14
      1431.3000233    2.2748474E+14
      1436.7000234    2.2141894E+14
      1439.5000234    2.1834280E+14
      1442.2000235    2.1542026E+14
      1444.9000235    2.1253996E+14
      1447.6000235    2.0970126E+14
      1450.4000236    2.0680061E+14
      1453.1000236    2.0404458E+14
      1455.8000237    1.1865150E+15
      1458.5000237    1.1809517E+15
      1461.2000238    1.1717049E+15
      1466.7000239    1.1474278E+15
      1469.4000239    1.1344120E+15
      1472.1000239    1.1211589E+15
      1477.6000240    1.0940527E+15
      1480.3000241    1.0808476E+15
      1488.4000242    1.0420056E+15
      1491.2000242    1.0288872E+15
      1496.6000243    1.0040544E+15
      1551.0000252    7.8566555E+14
      1632.7000266    5.4454575E+14
      1823.1000296    2.3415571E+14
      2340.2000381    1.6967225E+13
 
