       80.0000013    3.0648683E+18
        85.0000014    2.2280182E+18
        90.0000015    1.6317320E+18
        95.2390015    1.1872180E+18
       100.6800016    8.6143527E+17
       114.2900019    4.0486331E+17
       119.7300019    3.0583026E+17
       122.4500020    2.6714793E+17
       125.1700020    2.3417674E+17
       127.8900021    2.0601475E+17
       130.6100021    1.8190788E+17
       133.3300022    1.6122484E+17
       136.0600022    1.4337592E+17
       146.9400024    9.7301185E+17
       149.6600024    9.0043550E+17
       155.1000025    7.6766596E+17
       157.8200026    7.0866720E+17
       160.5500026    6.5418427E+17
       165.9900027    5.5837691E+17
       171.4300028    4.7729322E+17
       176.8700029    4.0854289E+17
       179.5900029    3.7815981E+17
       182.3100030    3.5014525E+17
       185.0400030    3.2421406E+17
       187.7600031    3.0037847E+17
       190.4800031    2.7837817E+17
       195.9200032    2.3930534E+17
       198.6400032    2.2197413E+17
       204.0800033    4.0183260E+17
       206.8000034    3.8192110E+17
       209.5300034    3.6273170E+17
       212.2500035    3.4454372E+17
       214.9700035    3.2729582E+17
       220.4100036    2.9548172E+17
       225.8500037    2.6693509E+17
       236.7400038    2.1819650E+17
       247.6200040    1.7875656E+17
       258.5100042    1.4668590E+17
       272.1100044    1.1486439E+17
       285.7200046    9.0162032E+16
       299.3200049    7.0960616E+16
       312.9300051    5.5970974E+16
       340.1400055    3.5054585E+16
       353.7400058    2.7822079E+16
       380.9500062    1.7597001E+16
       394.5600064    1.4013907E+16
       408.1700066    1.1165731E+16
       435.3800071    7.0874074E+15
       462.5900075    4.4812371E+15
       476.1900077    3.5524281E+15
       489.8000080    2.8063002E+15
       503.4000082    2.2070960E+15
       517.0100084    1.7245459E+15
       557.8300091    7.6645067E+14
       571.4300093    5.5778096E+14
       585.0400095    3.8349545E+14
       612.2500100    3.9544456E+13
 
