       80.0000013    8.0059166E+17
        85.0000014    5.4868431E+17
        90.0000015    3.8523366E+17
        95.2390015    2.7352989E+17
       100.6800016    1.9786062E+17
       114.2900019    1.0082888E+17
       119.7300019    8.0672792E+16
       122.4500020    7.2729344E+16
       125.1700020    6.5863890E+16
       127.8900021    5.9883488E+16
       130.6100021    5.4634952E+16
       133.3300022    4.9996056E+16
       136.0600022    4.5854600E+16
       146.9400024    2.7652793E+17
       149.6600024    2.4684953E+17
       155.1000025    1.9683909E+17
       157.8200026    1.7592810E+17
       160.5500026    1.5727198E+17
       165.9900027    1.2600755E+17
       171.4300028    1.0116765E+17
       176.8700029    8.1371703E+16
       179.5900029    7.3022106E+16
       182.3100030    6.5553656E+16
       185.0400030    5.8846279E+16
       187.7600031    5.2863097E+16
       190.4800031    4.7502557E+16
       195.9200032    3.8387670E+16
       198.6400032    3.4520871E+16
       204.0800033    1.2023053E+17
       206.8000034    1.1127512E+17
       209.5300034    1.0277561E+17
       212.2500035    9.4860580E+16
       214.9700035    8.7501266E+16
       220.4100036    7.4354242E+16
       225.8500037    6.3087744E+16
       236.7400038    4.5176622E+16
       247.6200040    3.2075172E+16
       258.5100042    2.2473872E+16
       272.1100044    1.4002842E+16
       285.7200046    8.2202388E+15
       299.3200049    4.1566342E+15
 
