       80.0000013    4.5526318E+18
        85.0000014    3.4122277E+18
        90.0000015    2.5717220E+18
        95.2390015    1.9237692E+18
       100.6800016    1.4323959E+18
       114.2900019    7.0588159E+17
       119.7300019    5.3884948E+17
       122.4500020    4.7220540E+17
       125.1700020    4.1466768E+17
       127.8900021    3.6492949E+17
       130.6100021    3.2187859E+17
       133.3300022    2.8456732E+17
       136.0600022    2.5207632E+17
       146.9400024    1.3110902E+18
       149.6600024    1.2288520E+18
       155.1000025    1.0706866E+18
       157.8200026    9.9835889E+17
       160.5500026    9.3067420E+17
       165.9900027    8.0966408E+17
       171.4300028    7.0516979E+17
       176.8700029    6.1486346E+17
       179.5900029    5.7437982E+17
       182.3100030    5.3670138E+17
       185.0400030    5.0149646E+17
       187.7600031    4.6883196E+17
       190.4800031    4.3839858E+17
       195.9200032    3.8359751E+17
       198.6400032    3.5894385E+17
       204.0800033    5.2560233E+17
       206.8000034    5.0210411E+17
       209.5300034    4.7946812E+17
       212.2500035    4.5797951E+17
       214.9700035    4.3754694E+17
       220.4100036    3.9966021E+17
       225.8500037    3.6537922E+17
       236.7400038    3.0601123E+17
       247.6200040    2.5693034E+17
       258.5100042    2.1609415E+17
       272.1100044    1.7448746E+17
       285.7200046    1.4120471E+17
       299.3200049    1.1455440E+17
       312.9300051    9.3136142E+16
       340.1400055    6.2010343E+16
       353.7400058    5.0781469E+16
       380.9500062    3.4288416E+16
       394.5600064    2.8268017E+16
       408.1700066    2.3354007E+16
       435.3800071    1.6036027E+16
       462.5900075    1.1086779E+16
       476.1900077    9.2390545E+15
       489.8000080    7.7075239E+15
       503.4000082    6.4372664E+15
       517.0100084    5.3800586E+15
       557.8300091    3.1500681E+15
       571.4300093    2.6359621E+15
       585.0400095    2.2046872E+15
       612.2500100    1.5388826E+15
       666.6700108    7.3360967E+14
       680.2800111    6.0438625E+14
       707.4900115    4.0265547E+14
       734.7000119    2.5707560E+14
       761.9100124    1.4933930E+14
       789.1200128    6.0046516E+13
 
