       80.0000013    1.7540832E+18
        85.0000014    1.2329370E+18
        90.0000015    8.7703947E+17
        95.2390015    6.2250150E+17
       100.6800016    4.4340246E+17
       114.2900019    2.0653680E+17
       119.7300019    1.5786661E+17
       122.4500020    1.3913139E+17
       125.1700020    1.2326913E+17
       127.8900021    1.0978155E+17
       130.6100021    9.8261396E+16
       133.3300022    8.8375360E+16
       136.0600022    7.9821100E+16
       146.9400024    6.0582836E+17
       149.6600024    5.5182870E+17
       155.1000025    4.5729651E+17
       157.8200026    4.1651280E+17
       160.5500026    3.7943572E+17
       165.9900027    3.1560241E+17
       171.4300028    2.6302929E+17
       176.8700029    2.1961884E+17
       179.5900029    2.0081195E+17
       182.3100030    1.8369451E+17
       185.0400030    1.6805278E+17
       187.7600031    1.5385769E+17
       190.4800031    1.4092024E+17
       195.9200032    1.1836372E+17
       198.6400032    1.0854460E+17
       204.0800033    2.6228510E+17
       206.8000034    2.4719098E+17
       209.5300034    2.3269745E+17
       212.2500035    2.1903175E+17
       214.9700035    2.0615403E+17
       220.4100036    1.8265378E+17
       225.8500037    1.6189429E+17
       236.7400038    1.2730898E+17
       247.6200040    1.0026346E+17
       258.5100042    7.9020887E+16
       272.1100044    5.8745532E+16
       285.7200046    4.3677464E+16
       299.3200049    3.2468443E+16
       312.9300051    2.4100447E+16
       340.1400055    1.3172289E+16
       353.7400058    9.6688980E+15
       380.9500062    5.0659263E+15
       394.5600064    3.5794475E+15
       408.1700066    2.4551520E+15
       435.3800071    9.0705193E+14
 
