       80.0000013    6.0608814E+18
        85.0000014    4.6623697E+18
        90.0000015    3.6027513E+18
        95.2390015    2.7634548E+18
       100.6800016    2.1092028E+18
       114.2900019    1.0977231E+18
       119.7300019    8.5314550E+17
       122.4500020    7.5359613E+17
       125.1700020    6.6655302E+17
       127.8900021    5.9037026E+17
       130.6100021    5.2362908E+17
       133.3300022    4.6510417E+17
       136.0600022    4.1355955E+17
       146.9400024    1.6030833E+18
       149.6600024    1.5177022E+18
       155.1000025    1.3447009E+18
       157.8200026    1.2634127E+18
       160.5500026    1.1864581E+18
       165.9900027    1.0470069E+18
       171.4300028    9.2472536E+17
       176.8700029    8.1756036E+17
       179.5900029    7.6902159E+17
       182.3100030    7.2354002E+17
       185.0400030    6.8075733E+17
       187.7600031    6.4079270E+17
       190.4800031    6.0330588E+17
       195.9200032    5.3511846E+17
       198.6400032    5.0412368E+17
       204.0800033    6.3428936E+17
       206.8000034    6.0752367E+17
       209.5300034    5.8184767E+17
       212.2500035    5.5751641E+17
       214.9700035    5.3440000E+17
       220.4100036    4.9153781E+17
       225.8500037    4.5270828E+17
       236.7400038    3.8519115E+17
       247.6200040    3.2888850E+17
       258.5100042    2.8148628E+17
       272.1100044    2.3240508E+17
       285.7200046    1.9233747E+17
       299.3200049    1.5954561E+17
       312.9300051    1.3259214E+17
       340.1400055    9.2123819E+16
       353.7400058    7.7018840E+16
       380.9500062    5.4148061E+16
       394.5600064    4.5537228E+16
       408.1700066    3.8373841E+16
       435.3800071    2.7419973E+16
       462.5900075    1.9748889E+16
       476.1900077    1.6809290E+16
       489.8000080    1.4331749E+16
       503.4000082    1.2242318E+16
       517.0100084    1.0473906E+16
       557.8300091    6.6207232E+15
       571.4300093    5.6982153E+15
       585.0400095    4.9096958E+15
       612.2500100    3.6571649E+15
       666.6700108    2.0495588E+15
       680.2800111    1.7757664E+15
       707.4900115    1.3343289E+15
       734.7000119    1.0029194E+15
       761.9100124    7.5314808E+14
       789.1200128    5.6426871E+14
       816.3300133    4.2100638E+14
       843.5400137    3.1203353E+14
       870.7500142    2.2888756E+14
       911.5700148    1.3905586E+14
       952.3900155    7.7609807E+13
       993.2000162    3.1880064E+13
 
