       12.5000002    4.4595551E+18
        15.0000002    3.9030714E+18
        20.0000003    2.0404425E+18
        25.0000004    2.0214059E+18
        30.0000005    2.5058475E+18
        35.0000006    2.4657807E+18
        40.0000007    2.3361225E+18
        45.0000007    2.0545318E+18
        50.0000008    1.6619111E+18
        55.0000009    1.2589390E+18
        60.0000010    9.3723017E+17
        65.0000011    7.2681017E+17
        70.0000011    6.0457382E+17
        75.0000012    3.1906962E+18
        80.0000013    3.5232861E+18
        85.0000014    3.5748356E+18
        90.0000015    3.6195343E+18
        95.2390015    3.5762919E+18
       100.6800016    3.3647810E+18
       114.2900019    2.6687706E+18
       119.7300019    2.3828404E+18
       122.4500020    2.2402023E+18
       125.1700020    2.0985455E+18
       127.8900021    1.9585253E+18
       130.6100021    1.8208029E+18
       133.3300022    1.6860142E+18
       136.0600022    1.5542684E+18
       146.9400024    1.0734790E+18
       149.6600024    9.6584867E+17
       155.1000025    7.6658294E+17
       157.8200026    6.7488175E+17
       160.5500026    5.8798089E+17
       165.9900027    6.2133086E+17
       171.4300028    4.4528606E+17
       176.8700029    2.8987078E+17
       179.5900029    1.0176244E+17
 
