       12.5000002    1.9117258E+18
        15.0000002    2.9801707E+18
        20.0000003    2.8092475E+18
        25.0000004    2.2992807E+18
        30.0000005    2.1542636E+18
        35.0000006    1.4676523E+18
        40.0000007    1.1294129E+18
        45.0000007    9.7076198E+17
        50.0000008    8.7020367E+17
        55.0000009    7.5703135E+17
        60.0000010    6.0061153E+17
        65.0000011    4.2673751E+17
        70.0000011    2.7470872E+17
        75.0000012    2.0879779E+18
 
