       12.5000002    2.2309686E+18
        15.0000002    2.5122521E+18
        20.0000003    2.6572142E+18
        25.0000004    2.2526444E+18
        30.0000005    2.5865857E+18
        35.0000006    1.9764498E+18
        40.0000007    1.4451736E+18
        45.0000007    1.1062995E+18
        50.0000008    9.1451866E+17
        55.0000009    8.0943277E+17
        60.0000010    7.2669706E+17
        65.0000011    6.2828575E+17
        70.0000011    5.1258115E+17
        75.0000012    3.5323699E+18
        80.0000013    3.6033767E+18
        85.0000014    3.1602900E+18
        90.0000015    2.5445627E+18
        95.2390015    1.7091574E+18
       100.6800016    4.5235348E+17
 
