       12.5000002    4.8004041E+02
        15.0000002    1.1886922E+02
        20.0000003    2.3856321E+01
        25.0000004    1.2931046E+01
        30.0000005    9.1582165E+00
        35.0000006    5.5460081E+00
        40.0000007    3.1297705E+00
        45.0000007    1.6383290E+00
        50.0000008    8.0780953E-01
        55.0000009    3.8433629E-01
        60.0000010    1.8883066E-01
        65.0000011    1.0502408E-01
        70.0000011    6.8557933E-02
        75.0000012    2.1555658E-01
        80.0000013    1.9597869E-01
        85.0000014    1.6986714E-01
        90.0000015    1.4983176E-01
        95.2390015    1.2891999E-01
       100.6800016    1.0576261E-01
       114.2900019    6.2621459E-02
       119.7300019    5.0768059E-02
       122.4500020    4.5685843E-02
       125.1700020    4.1093633E-02
       127.8900021    3.6945697E-02
       130.6100021    3.3201370E-02
       133.3300022    2.9824071E-02
       136.0600022    2.6769845E-02
       146.9400024    1.7361289E-02
       149.6600024    1.5575326E-02
       155.1000025    1.2536451E-02
       157.8200026    1.1248701E-02
       160.5500026    1.0090766E-02
       165.9900027    9.7276960E-03
       171.4300028    8.0405660E-03
       176.8700029    7.1147322E-03
       179.5900029    6.5045375E-03
       182.3100030    5.9192413E-03
       185.0400030    5.3738081E-03
       187.7600031    4.8782378E-03
       190.4800031    4.4307178E-03
       195.9200032    3.6657464E-03
       198.6400032    3.3393682E-03
       204.0800033    2.7806405E-03
       206.8000034    2.5420075E-03
       209.5300034    2.3259416E-03
       212.2500035    2.1314956E-03
       214.9700035    1.9555853E-03
       220.4100036    1.6516886E-03
       225.8500037    1.4010017E-03
       236.7400038    1.2124184E-03
       247.6200040    8.8941073E-04
       258.5100042    6.5271056E-04
       272.1100044    4.4839352E-04
       285.7200046    3.1250727E-04
       299.3200049    2.2112597E-04
       312.9300051    1.5878254E-04
       340.1400055    8.5575732E-05
       353.7400058    6.4164808E-05
       380.9500062    3.7468806E-05
       394.5600064    2.9126128E-05
       408.1700066    2.2871805E-05
       435.3800071    1.4486006E-05
       462.5900075    9.4509314E-06
       476.1900077    7.7053846E-06
       489.8000080    6.3150433E-06
       503.4000082    5.2014657E-06
       517.0100084    4.3025320E-06
       557.8300091    2.4917915E-06
       571.4300093    2.0911395E-06
       585.0400095    1.7598971E-06
       612.2500100    1.2569849E-06
       666.6700108    6.6031794E-07
       680.2800111    5.6524334E-07
       707.4900115    4.2661972E-07
       734.7000119    3.1933075E-07
       761.9100124    2.3784773E-07
       789.1200128    1.7856831E-07
       816.3300133    1.3505820E-07
       843.5400137    1.0286337E-07
       870.7500142    7.8861120E-08
       911.5700148    5.3555986E-08
       952.3900155    3.6852111E-08
       993.2000162    3.6822986E-08
      1020.4000166    2.8608911E-08
      1061.2000173    2.3040615E-08
      1088.4000177    1.8068329E-08
      1102.0000179    1.6033709E-08
      1115.7000181    1.4235295E-08
      1129.3000184    1.2666499E-08
      1142.9000186    1.1285358E-08
      1156.5000188    1.0067726E-08
      1170.1000190    8.9927550E-09
      1197.3000195    2.5831680E-08
      1210.9000197    2.3388466E-08
      1224.5000199    2.1172710E-08
      1227.2000200    2.0759689E-08
      1229.9000200    2.0355259E-08
      1232.7000200    1.9944757E-08
      1235.4000201    1.9557337E-08
      1238.1000201    1.9178017E-08
      1240.8000202    1.8806633E-08
      1243.5000202    1.8443014E-08
      1246.3000203    1.8073957E-08
      1249.0000203    1.7725652E-08
      1257.2000204    1.6711756E-08
      1259.9000205    1.6391843E-08
      1262.6000205    1.6078577E-08
      1270.8000207    1.5166430E-08
      1281.6000208    1.4049965E-08
      1289.8000210    1.3262071E-08
      1292.5000210    1.3013279E-08
      1295.2000211    1.2769562E-08
      1298.0000211    1.2522060E-08
      1300.7000212    1.2288339E-08
      1303.4000212    1.2059363E-08
      1306.1000212    1.1835027E-08
      1314.3000214    1.1181130E-08
      1330.6000216    9.9951718E-09
      1341.5000218    9.2789492E-09
      1355.1000220    8.4627088E-09
      1360.6000221    8.1551326E-09
      1371.4000223    7.5860269E-09
      1382.3000225    7.0552675E-09
      1390.5000226    6.6826829E-09
      1395.9000227    6.4490657E-09
      1404.1000228    6.1111667E-09
      1406.8000229    6.0041709E-09
      1409.5000229    5.8992149E-09
      1415.0000230    5.6915490E-09
      1417.7000231    5.5925322E-09
      1420.4000231    5.4953904E-09
      1423.1000231    5.4000857E-09
      1425.9000232    5.3031513E-09
      1428.6000232    5.2114730E-09
      1431.3000233    5.1215197E-09
      1436.7000234    4.9466498E-09
      1439.5000234    4.8585478E-09
      1442.2000235    4.7752104E-09
      1444.9000235    4.6934292E-09
      1447.6000235    4.6131725E-09
      1450.4000236    4.5315205E-09
      1453.1000236    4.4542752E-09
      1455.8000237    4.3784629E-09
      1458.5000237    4.3040549E-09
      1461.2000238    4.2310235E-09
      1466.7000239    4.0863988E-09
      1469.4000239    4.0173807E-09
      1472.1000239    3.9496313E-09
      1477.6000240    3.8154435E-09
      1480.3000241    3.7513948E-09
      1488.4000242    3.5661769E-09
      1491.2000242    3.5044887E-09
      1496.6000243    3.3887766E-09
      1551.0000252    2.4296372E-09
      1632.7000266    1.5005657E-09
      1823.1000296    5.2503379E-10
      2340.2000381    4.4701506E-11
      2829.9000460    6.1354671E-12
      3047.6000496    2.6778003E-12
      3700.7000602    1.1647562E-13
      4000.0000650    0.0000000E+00
      4680.3000761    0.0000000E+00
      5006.8000814    0.0000000E+00
      5387.8000876    0.0000000E+00
 
