       12.5000002    2.5082808E+01
        15.0000002    3.1870937E+01
        20.0000003    1.1813033E+01
        25.0000004    5.0109820E+00
        30.0000005    2.3721235E+00
        35.0000006    7.9358131E-01
        40.0000007    3.1978723E-01
        45.0000007    1.6453198E-01
        50.0000008    1.0312482E-01
        55.0000009    7.3224999E-02
        60.0000010    5.3025872E-02
        65.0000011    3.7087437E-02
        70.0000011    2.4909187E-02
        75.0000012    1.1403900E-01
        80.0000013    1.0206228E-01
        85.0000014    8.3604783E-02
        90.0000015    6.8431862E-02
        95.2390015    5.4129981E-02
       100.6800016    4.0273838E-02
       114.2900019    1.8279670E-02
       119.7300019    1.3370248E-02
       122.4500020    1.1448358E-02
       125.1700020    9.8108584E-03
       127.8900021    8.4147351E-03
       130.6100021    7.2235847E-03
       133.3300022    6.2065870E-03
       136.0600022    5.3346911E-03
       146.9400024    2.9458264E-03
       149.6600024    2.5455928E-03
       155.1000025    1.9065897E-03
       157.8200026    1.6525430E-03
       160.5500026    1.4330753E-03
       165.9900027    1.6234588E-03
       171.4300028    1.3170876E-03
       176.8700029    1.2639874E-03
       179.5900029    1.1526598E-03
       182.3100030    1.0467106E-03
       185.0400030    9.4852585E-04
       187.7600031    8.5955736E-04
       190.4800031    7.7924418E-04
       195.9200032    6.4192741E-04
       198.6400032    5.8334414E-04
       204.0800033    4.8293936E-04
       206.8000034    4.3998295E-04
       209.5300034    4.0105067E-04
       212.2500035    3.6598762E-04
       214.9700035    3.3425397E-04
       220.4100036    2.7943208E-04
       225.8500037    2.3426379E-04
       236.7400038    1.7329807E-04
       247.6200040    1.2450475E-04
       258.5100042    9.0891721E-05
       272.1100044    6.2685940E-05
       285.7200046    4.4141711E-05
       299.3200049    3.1660453E-05
       312.9300051    2.3058034E-05
       340.1400055    1.2705870E-05
       353.7400058    9.5807209E-06
       380.9500062    5.5836986E-06
       394.5600064    4.3081827E-06
       408.1700066    3.3449339E-06
       435.3800071    2.0511147E-06
       462.5900075    1.2833370E-06
       476.1900077    1.0222094E-06
       489.8000080    8.1759060E-07
       503.4000082    6.5673913E-07
       517.0100084    5.2954329E-07
       557.8300091    2.8392941E-07
       571.4300093    2.3231544E-07
       585.0400095    1.9068925E-07
       612.2500100    1.2972792E-07
       666.6700108    6.2209672E-08
       680.2800111    5.2121344E-08
       707.4900115    3.7014534E-08
       734.7000119    2.6465388E-08
       761.9100124    1.9063082E-08
       789.1200128    1.3851515E-08
       816.3300133    1.0147528E-08
       843.5400137    7.4915532E-09
       870.7500142    5.5710903E-09
       911.5700148    3.6183421E-09
       952.3900155    2.3837705E-09
       993.2000162    1.8669870E-09
      1020.4000166    1.4226983E-09
      1061.2000173    1.0372619E-09
      1088.4000177    7.9857670E-10
      1102.0000179    7.0209266E-10
      1115.7000181    6.1749322E-10
      1129.3000184    5.4429167E-10
      1142.9000186    4.8036475E-10
      1156.5000188    4.2446141E-10
      1170.1000190    3.7550937E-10
      1197.3000195    1.3029039E-09
      1210.9000197    1.1643999E-09
      1224.5000199    1.0401084E-09
      1227.2000200    1.0171035E-09
      1229.9000200    9.9463049E-10
      1232.7000200    9.7187547E-10
      1235.4000201    9.5045249E-10
      1238.1000201    9.2952801E-10
      1240.8000202    9.0909075E-10
      1243.5000202    8.8912960E-10
      1246.3000203    8.6892005E-10
      1249.0000203    8.4989432E-10
      1257.2000204    7.9478252E-10
      1259.9000205    7.7747980E-10
      1262.6000205    7.6057816E-10
      1270.8000207    7.1160700E-10
      1281.6000208    6.5218148E-10
      1289.8000210    6.1060779E-10
      1292.5000210    5.9754568E-10
      1295.2000211    5.8478145E-10
      1298.0000211    5.7185146E-10
      1300.7000212    5.5967203E-10
      1303.4000212    5.4776911E-10
      1306.1000212    5.3613614E-10
      1314.3000214    5.0239474E-10
      1330.6000216    4.4187023E-10
      1341.5000218    4.0577092E-10
      1355.1000220    3.6508432E-10
      1360.6000221    3.4988654E-10
      1371.4000223    3.2197198E-10
      1382.3000225    2.9619324E-10
      1390.5000226    2.7825345E-10
      1395.9000227    2.6707428E-10
      1404.1000228    2.5100386E-10
      1406.8000229    2.4594038E-10
      1409.5000229    2.4098554E-10
      1415.0000230    2.3121814E-10
      1417.7000231    2.2657828E-10
      1420.4000231    2.2203740E-10
      1423.1000231    2.1759325E-10
      1425.9000232    2.1308434E-10
      1428.6000232    2.0883052E-10
      1431.3000233    2.0466694E-10
      1436.7000234    1.9660237E-10
      1439.5000234    1.9255443E-10
      1442.2000235    1.8873490E-10
      1444.9000235    1.8499585E-10
      1447.6000235    1.8133543E-10
      1450.4000236    1.7762065E-10
      1453.1000236    1.7411507E-10
      1455.8000237    1.7068291E-10
      1458.5000237    1.6732256E-10
      1461.2000238    1.6403241E-10
      1466.7000239    1.5754094E-10
      1469.4000239    1.5445457E-10
      1472.1000239    1.5143233E-10
      1477.6000240    1.4546839E-10
      1480.3000241    1.4263234E-10
      1488.4000242    1.3447067E-10
      1491.2000242    1.3176582E-10
      1496.6000243    1.2671091E-10
      1551.0000252    8.5865329E-11
      1632.7000266    4.8059116E-11
      1823.1000296    1.3217974E-11
      2340.2000381    9.5662566E-14
 
