       12.5000002    3.9810250E+00
        15.0000002    1.2748134E+00
        20.0000003    2.5979179E-01
        25.0000004    1.3077404E-01
        30.0000005    8.1005938E-02
        35.0000006    3.4235623E-02
        40.0000007    1.4810577E-02
        45.0000007    7.4125514E-03
        50.0000008    4.3293880E-03
        55.0000009    2.7308958E-03
        60.0000010    1.7520664E-03
        65.0000011    1.1199819E-03
        70.0000011    7.1314577E-04
        75.0000012    2.5184203E-03
        80.0000013    1.6031169E-03
        85.0000014    9.4051915E-04
        90.0000015    5.5010221E-04
        95.2390015    3.1857469E-04
       100.6800016    1.8504843E-04
       114.2900019    5.4269964E-05
       119.7300019    3.5062993E-05
       122.4500020    2.8487722E-05
       125.1700020    2.3302749E-05
       127.8900021    1.9184641E-05
       130.6100021    1.5890751E-05
       133.3300022    1.3237973E-05
       136.0600022    1.1080160E-05
       146.9400024    5.7114935E-06
       149.6600024    4.8878469E-06
       155.1000025    3.6152228E-06
       157.8200026    3.1229470E-06
       160.5500026    2.7034391E-06
       165.9900027    6.9326425E-06
       171.4300028    5.0895728E-06
       176.8700029    5.1316210E-06
       179.5900029    4.4091789E-06
       182.3100030    3.7887351E-06
       185.0400030    3.2569715E-06
       187.7600031    2.8050099E-06
       190.4800031    2.4191049E-06
       195.9200032    1.8067533E-06
       198.6400032    1.5645880E-06
       204.0800033    1.1778566E-06
       206.8000034    1.0239002E-06
       209.5300034    8.9070062E-07
       212.2500035    7.7615141E-07
       214.9700035    6.7712523E-07
       220.4100036    5.1712607E-07
       225.8500037    3.9667745E-07
       236.7400038    7.9550443E-07
       247.6200040    5.2048352E-07
       258.5100042    3.4173135E-07
       272.1100044    2.0420130E-07
       285.7200046    1.2339902E-07
       299.3200049    7.5373542E-08
       312.9300051    4.6427974E-08
       340.1400055    1.7965862E-08
       353.7400058    1.1243711E-08
       380.9500062    4.4075783E-09
       394.5600064    2.7471123E-09
       408.1700066    1.7002623E-09
       435.3800071    6.2641953E-10
       462.5900075    2.0620612E-10
       476.1900077    1.0686489E-10
       489.8000080    4.4747095E-11
 
