       12.5000002    1.9092067E+02
        15.0000002    4.3395962E+01
        20.0000003    2.1490778E+01
        25.0000004    9.1723356E+00
        30.0000005    6.9262366E+00
        35.0000006    3.6304550E+00
        40.0000007    1.7263721E+00
        45.0000007    7.9053020E-01
        50.0000008    3.6188078E-01
        55.0000009    1.7671858E-01
        60.0000010    1.0110398E-01
        65.0000011    6.8491198E-02
        70.0000011    5.0774228E-02
        75.0000012    1.7485920E-01
        80.0000013    1.5892589E-01
        85.0000014    1.3579448E-01
        90.0000015    1.1811832E-01
        95.2390015    1.0115280E-01
       100.6800016    8.1818156E-02
       114.2900019    4.4790685E-02
       119.7300019    3.5019167E-02
       122.4500020    3.0948712E-02
       125.1700020    2.7344026E-02
       127.8900021    2.4154207E-02
       130.6100021    2.1333540E-02
       133.3300022    1.8840913E-02
       136.0600022    1.6631894E-02
       146.9400024    1.0130453E-02
       149.6600024    8.9547485E-03
       155.1000025    7.0039141E-03
       157.8200026    6.1977487E-03
       160.5500026    5.4842262E-03
       165.9900027    5.3170817E-03
       171.4300028    4.3095308E-03
       176.8700029    3.8405624E-03
       179.5900029    3.4895255E-03
       182.3100030    3.1613586E-03
       185.0400030    2.8606348E-03
       187.7600031    2.5902111E-03
       190.4800031    2.3474398E-03
       195.9200032    1.9348334E-03
       198.6400032    1.7596983E-03
       204.0800033    1.4606942E-03
       206.8000034    1.3331677E-03
       209.5300034    1.2177607E-03
       212.2500035    1.1139396E-03
       214.9700035    1.0200464E-03
       220.4100036    8.5790036E-04
       225.8500037    7.2421174E-04
       236.7400038    5.8887730E-04
       247.6200040    4.2084273E-04
       258.5100042    3.0291048E-04
       272.1100044    2.0428111E-04
       285.7200046    1.4044002E-04
       299.3200049    9.8428318E-05
       312.9300051    7.0226175E-05
       340.1400055    3.7558515E-05
       353.7400058    2.8068342E-05
       380.9500062    1.6236578E-05
       394.5600064    1.2532549E-05
       408.1700066    9.7536704E-06
       435.3800071    6.0328275E-06
       462.5900075    3.8162852E-06
       476.1900077    3.0567073E-06
       489.8000080    2.4578294E-06
       503.4000082    1.9839094E-06
       517.0100084    1.6065836E-06
       557.8300091    8.6898683E-07
       571.4300093    7.1199315E-07
       585.0400095    5.8474933E-07
       612.2500100    3.9730571E-07
       666.6700108    1.8830555E-07
       680.2800111    1.5702939E-07
       707.4900115    1.1087976E-07
       734.7000119    7.8321783E-08
       761.9100124    5.5454070E-08
       789.1200128    3.9540396E-08
       816.3300133    2.8380226E-08
       843.5400137    2.0496680E-08
       870.7500142    1.4889390E-08
       911.5700148    9.3115018E-09
       952.3900155    5.8875309E-09
       993.2000162    4.6859689E-09
      1020.4000166    3.4416376E-09
      1061.2000173    2.4187190E-09
      1088.4000177    1.7850393E-09
      1102.0000179    1.5354564E-09
      1115.7000181    1.3203670E-09
      1129.3000184    1.1374958E-09
      1142.9000186    9.8060959E-10
      1156.5000188    8.4587487E-10
      1170.1000190    7.3004847E-10
      1197.3000195    2.3014901E-09
      1210.9000197    2.0063289E-09
      1224.5000199    1.7467771E-09
      1227.2000200    1.6992897E-09
      1229.9000200    1.6530732E-09
      1232.7000200    1.6064544E-09
      1235.4000201    1.5627314E-09
      1238.1000201    1.5201854E-09
      1240.8000202    1.4787861E-09
      1243.5000202    1.4385033E-09
      1246.3000203    1.3978763E-09
      1249.0000203    1.3597772E-09
      1257.2000204    1.2502598E-09
      1259.9000205    1.2161461E-09
      1262.6000205    1.1829533E-09
      1270.8000207    1.0875371E-09
      1281.6000208    9.7342956E-10
      1289.8000210    8.9470875E-10
      1292.5000210    8.7018459E-10
      1295.2000211    8.4632068E-10
      1298.0000211    8.2225121E-10
      1300.7000212    7.9967738E-10
      1303.4000212    7.7771101E-10
      1306.1000212    7.5633549E-10
      1314.3000214    6.9487766E-10
      1330.6000216    5.8682798E-10
      1341.5000218    5.2387650E-10
      1355.1000220    4.5449566E-10
      1360.6000221    4.2901180E-10
      1371.4000223    3.8290451E-10
      1382.3000225    3.4119760E-10
      1390.5000226    3.1271341E-10
      1395.9000227    2.9520439E-10
      1404.1000228    2.7038000E-10
      1406.8000229    2.6264679E-10
      1409.5000229    2.5512217E-10
      1415.0000230    2.4046581E-10
      1417.7000231    2.3354169E-10
      1420.4000231    2.2680463E-10
      1423.1000231    2.2024967E-10
      1425.9000232    2.1363908E-10
      1428.6000232    2.0744018E-10
      1431.3000233    2.0140906E-10
      1436.7000234    1.8983236E-10
      1439.5000234    1.8407544E-10
      1442.2000235    1.7867742E-10
      1444.9000235    1.7342587E-10
      1447.6000235    1.6831689E-10
      1450.4000236    1.6316522E-10
      1453.1000236    1.5833504E-10
      1455.8000237    1.5363621E-10
      1458.5000237    1.4910986E-10
      1461.2000238    1.4466382E-10
      1466.7000239    1.3597844E-10
      1469.4000239    1.3189050E-10
      1472.1000239    1.2791419E-10
      1477.6000240    1.2014734E-10
      1480.3000241    1.1649218E-10
      1488.4000242    1.0611675E-10
      1491.2000242    1.0272691E-10
      1496.6000243    9.6480282E-11
      1551.0000252    4.9593864E-11
      1632.7000266    1.4521614E-11
 
