       12.5000002    3.6127567E-01
        15.0000002    3.1852186E-01
        20.0000003    9.2012644E-02
        25.0000004    2.4613235E-02
        30.0000005    9.5915394E-03
        35.0000006    4.4617075E-03
        40.0000007    1.9932080E-03
        45.0000007    8.3563052E-04
        50.0000008    3.4807232E-04
        55.0000009    1.5033288E-04
        60.0000010    6.7975372E-05
        65.0000011    3.1486681E-05
        70.0000011    1.4321832E-05
        75.0000012    7.3928964E-06
        80.0000013    2.1391782E-06
 
