       12.5000002    1.1302613E+01
        15.0000002    8.2940722E+00
        20.0000003    8.9918292E-01
        25.0000004    1.9178471E-01
        30.0000005    1.6721456E-01
        35.0000006    9.5976070E-02
        40.0000007    5.0492987E-02
        45.0000007    2.4960129E-02
        50.0000008    1.2172559E-02
        55.0000009    6.3526486E-03
        60.0000010    3.7375609E-03
        65.0000011    2.4360761E-03
        70.0000011    1.6748360E-03
        75.0000012    1.0724046E-02
        80.0000013    7.7667260E-03
        85.0000014    4.9417433E-03
        90.0000015    3.0668143E-03
        95.2390015    1.8473674E-03
       100.6800016    1.0902474E-03
       114.2900019    3.0588597E-04
       119.7300019    1.8900435E-04
       122.4500020    1.4951963E-04
       125.1700020    1.1880980E-04
       127.8900021    9.4839073E-05
       130.6100021    7.6058714E-05
       133.3300022    6.1287799E-05
       136.0600022    4.9585604E-05
       146.9400024    2.2369262E-05
       149.6600024    1.8552118E-05
       155.1000025    1.2935625E-05
       157.8200026    1.0872064E-05
       160.5500026    9.1696811E-06
       165.9900027    2.6233061E-05
       171.4300028    1.9094796E-05
       176.8700029    1.9301040E-05
       179.5900029    1.6490152E-05
       182.3100030    1.4069742E-05
       185.0400030    1.1998858E-05
       187.7600031    1.0245276E-05
       190.4800031    8.7550288E-06
       195.9200032    6.4089736E-06
       198.6400032    5.4897100E-06
       204.0800033    4.0359769E-06
       206.8000034    3.4637067E-06
       209.5300034    2.9725043E-06
       212.2500035    2.5536272E-06
       214.9700035    2.1947287E-06
       220.4100036    1.6229575E-06
       225.8500037    1.2015184E-06
       236.7400038    1.7486850E-06
       247.6200040    1.0597943E-06
       258.5100042    6.3426108E-07
       272.1100044    3.2756910E-07
       285.7200046    1.6362215E-07
       299.3200049    7.7398617E-08
       312.9300051    3.2880365E-08
 
