       12.5000002    5.5191402E+01
        15.0000002    3.0668221E+01
        20.0000003    1.6608927E+01
        25.0000004    6.6868863E+00
        30.0000005    4.5482521E+00
        35.0000006    1.9059846E+00
        40.0000007    7.7413285E-01
        45.0000007    3.3823568E-01
        50.0000008    1.6746424E-01
        55.0000009    9.9877954E-02
        60.0000010    6.9743291E-02
        65.0000011    5.1463876E-02
        70.0000011    3.7614249E-02
        75.0000012    1.4188051E-01
        80.0000013    1.2852018E-01
        85.0000014    1.0820401E-01
        90.0000015    9.2084706E-02
        95.2390015    7.6350719E-02
       100.6800016    5.9352197E-02
       114.2900019    2.9428417E-02
       119.7300019    2.2178974E-02
       122.4500020    1.9258976E-02
       125.1700020    1.6727390E-02
       127.8900021    1.4532752E-02
       130.6100021    1.2630331E-02
       133.3300022    1.0981206E-02
       136.0600022    9.5466217E-03
       146.9400024    5.4921228E-03
       149.6600024    4.7899224E-03
       155.1000025    3.6501859E-03
       157.8200026    3.1895407E-03
       160.5500026    2.7875064E-03
       165.9900027    2.8372232E-03
       171.4300028    2.2847077E-03
       176.8700029    2.0945487E-03
       179.5900029    1.9029980E-03
       182.3100030    1.7236938E-03
       185.0400030    1.5591264E-03
       187.7600031    1.4109107E-03
       190.4800031    1.2776749E-03
       195.9200032    1.0509014E-03
       198.6400032    9.5451466E-04
       204.0800033    7.8977062E-04
       206.8000034    7.1944972E-04
       209.5300034    6.5579440E-04
       212.2500035    5.9852441E-04
       214.9700035    5.4673647E-04
       220.4100036    4.5735147E-04
       225.8500037    3.8375944E-04
       236.7400038    2.9088161E-04
       247.6200040    2.0596251E-04
       258.5100042    1.4784737E-04
       272.1100044    9.9833211E-05
       285.7200046    6.8917288E-05
       299.3200049    4.8558868E-05
       312.9300051    3.4821878E-05
       340.1400055    1.8723498E-05
       353.7400058    1.3981012E-05
       380.9500062    8.0132213E-06
       394.5600064    6.1352421E-06
       408.1700066    4.7269536E-06
       435.3800071    2.8517543E-06
       462.5900075    1.7516380E-06
       476.1900077    1.3809423E-06
       489.8000080    1.0923532E-06
       503.4000082    8.6709588E-07
       517.0100084    6.9034360E-07
       557.8300091    3.5460354E-07
       571.4300093    2.8557596E-07
       585.0400095    2.3054088E-07
       612.2500100    1.5138086E-07
       666.6700108    6.7076186E-08
       680.2800111    5.5009718E-08
       707.4900115    3.7384510E-08
       734.7000119    2.5499562E-08
       761.9100124    1.7471979E-08
       789.1200128    1.2044809E-08
       816.3300133    8.3480458E-09
       843.5400137    5.8125815E-09
       870.7500142    4.0627173E-09
       911.5700148    2.3867555E-09
       952.3900155    1.4077166E-09
       993.2000162    9.6140540E-10
      1020.4000166    6.6820127E-10
      1061.2000173    4.1464238E-10
      1088.4000177    2.8490513E-10
      1102.0000179    2.3570471E-10
      1115.7000181    1.9440534E-10
      1129.3000184    1.6025133E-10
      1142.9000186    1.3178882E-10
      1156.5000188    1.0808049E-10
      1170.1000190    8.8344144E-11
      1197.3000195    2.6857880E-10
      1210.9000197    2.1817377E-10
      1224.5000199    1.7567667E-10
      1227.2000200    1.6809761E-10
      1229.9000200    1.6078273E-10
      1232.7000200    1.5346693E-10
      1235.4000201    1.4666414E-10
      1238.1000201    1.4010021E-10
      1240.8000202    1.3376715E-10
      1243.5000202    1.2765711E-10
      1246.3000203    1.2154817E-10
      1249.0000203    1.1586902E-10
      1257.2000204    9.9820499E-11
      1259.9000205    9.4907755E-11
      1262.6000205    9.0167922E-11
      1270.8000207    7.6767682E-11
      1281.6000208    6.1173761E-11
      1289.8000210    5.0683915E-11
      1292.5000210    4.7453309E-11
      1295.2000211    4.4323160E-11
      1298.0000211    4.1176274E-11
      1300.7000212    3.8230346E-11
      1303.4000212    3.5363799E-11
      1306.1000212    3.2568281E-11
      1314.3000214    2.4403880E-11
      1330.6000216    6.6166968E-12
 
