       12.5000002    8.6271783E+02
        15.0000002    2.7565106E+02
        20.0000003    2.7305645E+01
        25.0000004    1.6163645E+01
        30.0000005    1.1089771E+01
        35.0000006    7.0281458E+00
        40.0000007    4.3906140E+00
        45.0000007    2.5531213E+00
        50.0000008    1.3744670E+00
        55.0000009    6.9003189E-01
        60.0000010    3.3530879E-01
        65.0000011    1.6963756E-01
        70.0000011    9.6428081E-02
        75.0000012    2.5872427E-01
        80.0000013    2.2921275E-01
        85.0000014    2.0001180E-01
        90.0000015    1.7919689E-01
        95.2390015    1.5191947E-01
       100.6800016    1.2183244E-01
       114.2900019    7.2640404E-02
       119.7300019    5.9803341E-02
       122.4500020    5.4276504E-02
       125.1700020    4.9250063E-02
       127.8900021    4.4672310E-02
       130.6100021    4.0500835E-02
       133.3300022    3.6699757E-02
       136.0600022    3.3225633E-02
       146.9400024    2.2247568E-02
       149.6600024    2.0105980E-02
       155.1000025    1.6409513E-02
       157.8200026    1.4820890E-02
       160.5500026    1.3379852E-02
       165.9900027    1.2999893E-02
       171.4300028    1.0874782E-02
       176.8700029    9.6345572E-03
       179.5900029    8.8508315E-03
       182.3100030    8.0800029E-03
       185.0400030    7.3485784E-03
       187.7600031    6.6764271E-03
       190.4800031    6.0659652E-03
       195.9200032    5.0173867E-03
       198.6400032    4.5677382E-03
       204.0800033    3.7962080E-03
       206.8000034    3.4666096E-03
       209.5300034    3.1683263E-03
       212.2500035    2.9000712E-03
       214.9700035    2.6575988E-03
       220.4100036    2.2393321E-03
       225.8500037    1.8951056E-03
       236.7400038    1.6475776E-03
       247.6200040    1.2173046E-03
       258.5100042    8.9734676E-04
       272.1100044    6.1810983E-04
       285.7200046    4.3079187E-04
       299.3200049    3.0402443E-04
       312.9300051    2.1721385E-04
       340.1400055    1.1523638E-04
       353.7400058    8.5559659E-05
       380.9500062    4.8908947E-05
       394.5600064    3.7612870E-05
       408.1700066    2.9229670E-05
       435.3800071    1.8158826E-05
       462.5900075    1.1649116E-05
       476.1900077    9.4262659E-06
       489.8000080    7.6714223E-06
       503.4000082    6.2773925E-06
       517.0100084    5.1605507E-06
       557.8300091    2.9386013E-06
       571.4300093    2.4530227E-06
       585.0400095    2.0536597E-06
       612.2500100    1.4515347E-06
       666.6700108    7.4614081E-07
       680.2800111    6.3505485E-07
       707.4900115    4.7556608E-07
       734.7000119    3.5181850E-07
       761.9100124    2.5823726E-07
       789.1200128    1.9095056E-07
       816.3300133    1.4214991E-07
       843.5400137    1.0648358E-07
       870.7500142    8.0233072E-08
       911.5700148    5.3011551E-08
       952.3900155    3.5427423E-08
       993.2000162    3.4581600E-08
      1020.4000166    2.6246765E-08
      1061.2000173    2.0407100E-08
      1088.4000177    1.5601472E-08
      1102.0000179    1.3666738E-08
      1115.7000181    1.1974997E-08
      1129.3000184    1.0515356E-08
      1142.9000186    9.2443804E-09
      1156.5000188    8.1363503E-09
      1170.1000190    7.1691235E-09
      1197.3000195    2.0146636E-08
      1210.9000197    1.8002693E-08
      1224.5000199    1.6081536E-08
      1227.2000200    1.5725893E-08
      1229.9000200    1.5378426E-08
      1232.7000200    1.5026538E-08
      1235.4000201    1.4695191E-08
      1238.1000201    1.4371492E-08
      1240.8000202    1.4055268E-08
      1243.5000202    1.3746347E-08
      1246.3000203    1.3433517E-08
      1249.0000203    1.3138949E-08
      1257.2000204    1.2285314E-08
      1259.9000205    1.2017197E-08
      1262.6000205    1.1755241E-08
      1270.8000207    1.0995945E-08
      1281.6000208    1.0073951E-08
      1289.8000210    9.4285388E-09
      1292.5000210    9.2256904E-09
      1295.2000211    9.0274384E-09
      1298.0000211    8.8265821E-09
      1300.7000212    8.6373584E-09
      1303.4000212    8.4524068E-09
      1306.1000212    8.2716252E-09
      1314.3000214    7.7471460E-09
      1330.6000216    6.8059194E-09
      1341.5000218    6.2443100E-09
      1355.1000220    5.6111871E-09
      1360.6000221    5.3746678E-09
      1371.4000223    4.9402242E-09
      1382.3000225    4.5390283E-09
      1390.5000226    4.2598547E-09
      1395.9000227    4.0859041E-09
      1404.1000228    3.8358783E-09
      1406.8000229    3.7571102E-09
      1409.5000229    3.6800378E-09
      1415.0000230    3.5281236E-09
      1417.7000231    3.4559682E-09
      1420.4000231    3.3853587E-09
      1423.1000231    3.3162602E-09
      1425.9000232    3.2461618E-09
      1428.6000232    3.1800365E-09
      1431.3000233    3.1153211E-09
      1436.7000234    2.9899945E-09
      1439.5000234    2.9270999E-09
      1442.2000235    2.8677622E-09
      1444.9000235    2.8096827E-09
      1447.6000235    2.7528329E-09
      1450.4000236    2.6951472E-09
      1453.1000236    2.6407185E-09
      1455.8000237    2.5874385E-09
      1458.5000237    2.5352815E-09
      1461.2000238    2.4842226E-09
      1466.7000239    2.3835101E-09
      1469.4000239    2.3356395E-09
      1472.1000239    2.2887723E-09
      1477.6000240    2.1963142E-09
      1480.3000241    2.1523610E-09
      1488.4000242    2.0259234E-09
      1491.2000242    1.9840396E-09
      1496.6000243    1.9057931E-09
      1551.0000252    1.2752829E-09
      1632.7000266    7.0505002E-10
      1823.1000296    1.8234603E-10
      2340.2000381    3.1424923E-12
 
