       12.5000002    1.9275251E+01
        15.0000002    1.5196600E+01
        20.0000003    4.3417768E+00
        25.0000004    7.3158205E-01
        30.0000005    2.3578252E-01
        35.0000006    1.5049869E-01
        40.0000007    1.0001168E-01
        45.0000007    6.3673563E-02
        50.0000008    3.8167786E-02
        55.0000009    2.1434393E-02
        60.0000010    1.1676362E-02
        65.0000011    6.5152925E-03
        70.0000011    3.8966632E-03
        75.0000012    3.4927424E-02
        80.0000013    2.8106390E-02
        85.0000014    1.9887693E-02
        90.0000015    1.3736032E-02
        95.2390015    9.1606835E-03
       100.6800016    5.9036785E-03
       114.2900019    1.9855706E-03
       119.7300019    1.3017044E-03
       122.4500020    1.0572734E-03
       125.1700020    8.6058566E-04
       127.8900021    7.0202572E-04
       130.6100021    5.7396566E-04
       133.3300022    4.7034433E-04
       136.0600022    3.8605995E-04
       146.9400024    1.8012806E-04
       149.6600024    1.4983473E-04
       155.1000025    1.0451917E-04
       157.8200026    8.7657536E-05
       160.5500026    7.3677285E-05
       165.9900027    1.6414384E-04
       171.4300028    1.2747983E-04
       176.8700029    1.3334157E-04
       179.5900029    1.1784684E-04
       182.3100030    1.0375604E-04
       185.0400030    9.1198359E-05
       187.7600031    8.0199723E-05
       190.4800031    7.0566181E-05
       195.9200032    5.4758377E-05
       198.6400032    4.8294707E-05
       204.0800033    3.7655602E-05
       206.8000034    3.3289023E-05
       209.5300034    2.9437730E-05
       212.2500035    2.6062764E-05
       214.9700035    2.3091236E-05
       220.4100036    1.8163424E-05
       225.8500037    1.4325179E-05
       236.7400038    1.3988213E-05
       247.6200040    9.6104986E-06
       258.5100042    6.6500397E-06
       272.1100044    4.2390102E-06
       285.7200046    2.7246749E-06
       299.3200049    1.7639020E-06
       312.9300051    1.1476475E-06
       340.1400055    4.9111986E-07
       353.7400058    3.2215976E-07
       380.9500062    1.3831057E-07
       394.5600064    9.0225861E-08
       408.1700066    5.8538312E-08
       435.3800071    2.3988999E-08
       462.5900075    9.2070396E-09
       476.1900077    5.4493743E-09
       489.8000080    3.0427314E-09
       503.4000082    1.5076711E-09
       517.0100084    4.5566081E-10
 
