       12.5000002    2.5215656E+01
        15.0000002    3.1705641E+01
        20.0000003    1.1477559E+01
        25.0000004    4.8407593E+00
        30.0000005    2.2585583E+00
        35.0000006    7.4690843E-01
        40.0000007    3.0140451E-01
        45.0000007    1.5641482E-01
        50.0000008    9.8867379E-02
        55.0000009    7.0313446E-02
        60.0000010    5.0598081E-02
        65.0000011    3.5009351E-02
        70.0000011    2.3220044E-02
        75.0000012    1.0817764E-01
        80.0000013    9.6375667E-02
        85.0000014    7.8391686E-02
        90.0000015    6.3582383E-02
        95.2390015    4.9767774E-02
       100.6800016    3.6648523E-02
       114.2900019    1.6218781E-02
       119.7300019    1.1739041E-02
       122.4500020    9.9980244E-03
       125.1700020    8.5216947E-03
       127.8900021    7.2690444E-03
       130.6100021    6.2055080E-03
       133.3300022    5.3019412E-03
       136.0600022    4.5311591E-03
       146.9400024    2.4441467E-03
       149.6600024    2.0994078E-03
       155.1000025    1.5533506E-03
       157.8200026    1.3380909E-03
       160.5500026    1.1531718E-03
       165.9900027    1.3355206E-03
       171.4300028    1.0764647E-03
       176.8700029    1.0362361E-03
       179.5900029    9.4157300E-04
       182.3100030    8.5166545E-04
       185.0400030    7.6857262E-04
       187.7600031    6.9350738E-04
       190.4800031    6.2595727E-04
       195.9200032    5.1101384E-04
       198.6400032    4.6223175E-04
       204.0800033    3.7906726E-04
       206.8000034    3.4368638E-04
       209.5300034    3.1174117E-04
       212.2500035    2.8308184E-04
       214.9700035    2.5724582E-04
       220.4100036    2.1287792E-04
       225.8500037    1.7662632E-04
       236.7400038    1.2853691E-04
       247.6200040    9.1144670E-05
       258.5100042    6.5699147E-05
       272.1100044    4.4587006E-05
       285.7200046    3.0867570E-05
       299.3200049    2.1738586E-05
       312.9300051    1.5521171E-05
       340.1400055    8.1800245E-06
       353.7400058    6.0176853E-06
       380.9500062    3.3235799E-06
       394.5600064    2.4913775E-06
       408.1700066    1.8770415E-06
       435.3800071    1.0803137E-06
       462.5900075    6.3193733E-07
       476.1900077    4.8604403E-07
       489.8000080    3.7504668E-07
       503.4000082    2.9039899E-07
       517.0100084    2.2551318E-07
       557.8300091    1.0744746E-07
       571.4300093    8.4365503E-08
       585.0400095    6.6384111E-08
       612.2500100    4.1367496E-08
       666.6700108    1.6389546E-08
       680.2800111    1.3041743E-08
       707.4900115    8.2917762E-09
       734.7000119    5.2716733E-09
       761.9100124    3.3477661E-09
       789.1200128    2.1204443E-09
       816.3300133    1.3360580E-09
       843.5400137    8.3471258E-10
       870.7500142    5.1484056E-10
       911.5700148    2.3984684E-10
       952.3900155    1.0238487E-10
       993.2000162    3.6732957E-11
      1020.4000166    4.3689908E-12
 
