       12.5000002    4.8154691E+02
        15.0000002    1.1958878E+02
        20.0000003    2.3789206E+01
        25.0000004    1.2756216E+01
        30.0000005    9.1100349E+00
        35.0000006    5.4977016E+00
        40.0000007    3.0791647E+00
        45.0000007    1.5981793E+00
        50.0000008    7.8199255E-01
        55.0000009    3.7029728E-01
        60.0000010    1.8215905E-01
        65.0000011    1.0209007E-01
        70.0000011    6.7210667E-02
        75.0000012    2.1083248E-01
        80.0000013    1.9132358E-01
        85.0000014    1.6534911E-01
        90.0000015    1.4542900E-01
        95.2390015    1.2500706E-01
       100.6800016    1.0242958E-01
       114.2900019    6.0126245E-02
       119.7300019    4.8519634E-02
       122.4500020    4.3556027E-02
       125.1700020    3.9080098E-02
       127.8900021    3.5046119E-02
       130.6100021    3.1413175E-02
       133.3300022    2.8144343E-02
       136.0600022    2.5195666E-02
       146.9400024    1.6168162E-02
       149.6600024    1.4466472E-02
       155.1000025    1.1582326E-02
       157.8200026    1.0365096E-02
       160.5500026    9.2734704E-03
       165.9900027    8.9168865E-03
       171.4300028    7.3355455E-03
       176.8700029    6.4771404E-03
       179.5900029    5.9094196E-03
       182.3100030    5.3677810E-03
       185.0400030    4.8650731E-03
       187.7600031    4.4096806E-03
       190.4800031    3.9993310E-03
       195.9200032    3.2997460E-03
       198.6400032    3.0020585E-03
       204.0800033    2.4935275E-03
       206.8000034    2.2767351E-03
       209.5300034    2.0806589E-03
       212.2500035    1.9043824E-03
       214.9700035    1.7450707E-03
       220.4100036    1.4702317E-03
       225.8500037    1.2439188E-03
       236.7400038    1.0643537E-03
       247.6200040    7.7389862E-04
       258.5100042    5.6326255E-04
       272.1100044    3.8314488E-04
       285.7200046    2.6451063E-04
       299.3200049    1.8548073E-04
       312.9300051    1.3204811E-04
       340.1400055    7.0035967E-05
       353.7400058    5.2113694E-05
       380.9500062    2.9974652E-05
       394.5600064    2.3121353E-05
       408.1700066    1.8012674E-05
       435.3800071    1.1218131E-05
       462.5900075    7.1863801E-06
       476.1900077    5.8025216E-06
       489.8000080    4.7078242E-06
       503.4000082    3.8374183E-06
       517.0100084    3.1401671E-06
       557.8300091    1.7573959E-06
       571.4300093    1.4572473E-06
       585.0400095    1.2114754E-06
       612.2500100    8.4369867E-07
       666.6700108    4.2022799E-07
       680.2800111    3.5477828E-07
       707.4900115    2.5873493E-07
       734.7000119    1.8769272E-07
       761.9100124    1.3585360E-07
       789.1200128    9.9028362E-08
       816.3300133    7.2661699E-08
       843.5400137    5.3646293E-08
       870.7500142    3.9839659E-08
       911.5700148    2.5759674E-08
       952.3900155    1.6850006E-08
       993.2000162    1.5021991E-08
      1020.4000166    1.1268027E-08
      1061.2000173    8.4189953E-09
      1088.4000177    6.3608083E-09
      1102.0000179    5.5389267E-09
      1115.7000181    4.8240887E-09
      1129.3000184    4.2105941E-09
      1142.9000186    3.6792356E-09
      1156.5000188    3.2183993E-09
      1170.1000190    2.8182372E-09
      1197.3000195    8.4269658E-09
      1210.9000197    7.4747621E-09
      1224.5000199    6.6265136E-09
      1227.2000200    6.4700751E-09
      1229.9000200    6.3174226E-09
      1232.7000200    6.1630261E-09
      1235.4000201    6.0178262E-09
      1238.1000201    5.8761569E-09
      1240.8000202    5.7379341E-09
      1243.5000202    5.6030744E-09
      1246.3000203    5.4666844E-09
      1249.0000203    5.3384226E-09
      1257.2000204    4.9676800E-09
      1259.9000205    4.8515365E-09
      1262.6000205    4.7382080E-09
      1270.8000207    4.4105639E-09
      1281.6000208    4.0145123E-09
      1289.8000210    3.7385401E-09
      1292.5000210    3.6520342E-09
      1295.2000211    3.5675993E-09
      1298.0000211    3.4821694E-09
      1300.7000212    3.4017946E-09
      1303.4000212    3.3233380E-09
      1306.1000212    3.2467515E-09
      1314.3000214    3.0251486E-09
      1330.6000216    2.6298315E-09
      1341.5000218    2.3955606E-09
      1355.1000220    2.1330802E-09
      1360.6000221    2.0355055E-09
      1371.4000223    1.8570234E-09
      1382.3000225    1.6931282E-09
      1390.5000226    1.5796552E-09
      1395.9000227    1.5092074E-09
      1404.1000228    1.4083177E-09
      1406.8000229    1.3766965E-09
      1409.5000229    1.3457343E-09
      1415.0000230    1.2848423E-09
      1417.7000231    1.2559856E-09
      1420.4000231    1.2277892E-09
      1423.1000231    1.2002374E-09
      1425.9000232    1.1723297E-09
      1428.6000232    1.1460441E-09
      1431.3000233    1.1203581E-09
      1436.7000234    1.0707282E-09
      1439.5000234    1.0458797E-09
      1442.2000235    1.0224733E-09
      1444.9000235    9.9959863E-10
      1447.6000235    9.7724306E-10
      1450.4000236    9.5459485E-10
      1453.1000236    9.3325947E-10
      1455.8000237    9.1240721E-10
      1458.5000237    8.9202673E-10
      1461.2000238    8.7210705E-10
      1466.7000239    8.3291080E-10
      1469.4000239    8.1432577E-10
      1472.1000239    7.9615969E-10
      1477.6000240    7.6041046E-10
      1480.3000241    7.4345813E-10
      1488.4000242    6.9485268E-10
      1491.2000242    6.7880607E-10
      1496.6000243    6.4890449E-10
      1551.0000252    4.1228562E-10
      1632.7000266    2.0806949E-10
      1823.1000296    3.9451074E-11
 
