       12.5000002    3.5579779E+00
        15.0000002    1.0801014E+00
        20.0000003    2.4492706E-01
        25.0000004    1.1611041E-01
        30.0000005    6.6326961E-02
        35.0000006    2.6192900E-02
        40.0000007    1.1000773E-02
        45.0000007    5.5651343E-03
        50.0000008    3.2264434E-03
        55.0000009    1.9391906E-03
        60.0000010    1.1537732E-03
        65.0000011    6.7613478E-04
        70.0000011    3.9402320E-04
        75.0000012    1.0586117E-03
        80.0000013    5.8781338E-04
        85.0000014    3.0678403E-04
        90.0000015    1.6114212E-04
        95.2390015    8.4200699E-05
       100.6800016    4.4416898E-05
       114.2900019    1.0441833E-05
       119.7300019    6.1261571E-06
       122.4500020    4.7182166E-06
       125.1700020    3.6413842E-06
       127.8900021    2.8126694E-06
       130.6100021    2.1716010E-06
       133.3300022    1.6736381E-06
       136.0600022    1.2844117E-06
       146.9400024    4.1593989E-07
       149.6600024    3.0320024E-07
       155.1000025    1.4655691E-07
       157.8200026    9.2261565E-08
       160.5500026    4.6734943E-08
 
