       12.5000002    5.4030891E+01
        15.0000002    3.0269115E+01
        20.0000003    1.6686357E+01
        25.0000004    6.7458844E+00
        30.0000005    4.5482378E+00
        35.0000006    1.8993572E+00
        40.0000007    7.6962435E-01
        45.0000007    3.3573121E-01
        50.0000008    1.6604447E-01
        55.0000009    9.8977029E-02
        60.0000010    6.9065019E-02
        65.0000011    5.0893351E-02
        70.0000011    3.7126336E-02
        75.0000012    1.4128880E-01
        80.0000013    1.2790930E-01
        85.0000014    1.0758491E-01
        90.0000015    9.1436647E-02
        95.2390015    7.5672485E-02
       100.6800016    5.8693364E-02
       114.2900019    2.8923985E-02
       119.7300019    2.1741938E-02
       122.4500020    1.8854294E-02
       125.1700020    1.6353713E-02
       127.8900021    1.4188645E-02
       130.6100021    1.2314180E-02
       133.3300022    1.0691341E-02
       136.0600022    9.2814527E-03
       146.9400024    5.3089410E-03
       149.6600024    4.6234303E-03
       155.1000025    3.5130370E-03
       157.8200026    3.0652124E-03
       160.5500026    2.6749207E-03
       165.9900027    2.7271968E-03
       171.4300028    2.1922728E-03
       176.8700029    2.0105042E-03
       179.5900029    1.8254225E-03
       182.3100030    1.6523061E-03
       185.0400030    1.4935326E-03
       187.7600031    1.3506333E-03
       190.4800031    1.2222612E-03
       195.9200032    1.0039700E-03
       198.6400032    9.1127574E-04
       204.0800033    7.5298158E-04
       206.8000034    6.8547338E-04
       209.5300034    6.2439858E-04
       212.2500035    5.6948100E-04
       214.9700035    5.1984761E-04
       220.4100036    4.3425066E-04
       225.8500037    3.6385428E-04
       236.7400038    2.7400674E-04
       247.6200040    1.9357828E-04
       258.5100042    1.3868371E-04
       272.1100044    9.3419912E-05
       285.7200046    6.4323998E-05
       299.3200049    4.5190904E-05
       312.9300051    3.2298038E-05
       340.1400055    1.7223327E-05
       353.7400058    1.2797734E-05
       380.9500062    7.2531511E-06
       394.5600064    5.5189298E-06
       408.1700066    4.2243933E-06
       435.3800071    2.5134455E-06
       462.5900075    1.5212860E-06
       476.1900077    1.1902509E-06
       489.8000080    9.3423608E-07
       503.4000082    7.3575683E-07
       517.0100084    5.8109276E-07
       557.8300091    2.9113872E-07
       571.4300093    2.3245353E-07
       585.0400095    1.8601040E-07
       612.2500100    1.1993113E-07
       666.6700108    5.1061736E-08
       680.2800111    4.1421941E-08
       707.4900115    2.7484930E-08
       734.7000119    1.8272688E-08
       761.9100124    1.2176117E-08
       789.1200128    8.1379499E-09
       816.3300133    5.4485367E-09
       843.5400137    3.6494334E-09
       870.7500142    2.4418938E-09
       911.5700148    1.3290451E-09
       952.3900155    7.1415973E-10
       993.2000162    4.2364195E-10
      1020.4000166    2.6723504E-10
      1061.2000173    1.3515422E-10
      1088.4000177    7.7377854E-11
      1102.0000179    5.6706580E-11
      1115.7000181    3.9938681E-11
      1129.3000184    2.6356606E-11
      1142.9000186    1.4682767E-11
 
