       12.5000002    2.4955633E+01
        15.0000002    3.1657072E+01
        20.0000003    1.1587580E+01
        25.0000004    4.8851509E+00
        30.0000005    2.2583916E+00
        35.0000006    7.4331391E-01
        40.0000007    2.9937935E-01
        45.0000007    1.5550968E-01
        50.0000008    9.8418854E-02
        55.0000009    6.9942988E-02
        60.0000010    5.0204594E-02
        65.0000011    3.4622509E-02
        70.0000011    2.2882178E-02
        75.0000012    1.0719463E-01
        80.0000013    9.5266350E-02
        85.0000014    7.7288769E-02
        90.0000015    6.2506951E-02
        95.2390015    4.8762552E-02
       100.6800016    3.5780139E-02
       114.2900019    1.5692946E-02
       119.7300019    1.1317680E-02
       122.4500020    9.6218819E-03
       125.1700020    8.1864372E-03
       127.8900021    6.9706305E-03
       130.6100021    5.9402008E-03
       133.3300022    5.0663063E-03
       136.0600022    4.3221521E-03
       146.9400024    2.3153485E-03
       149.6600024    1.9854091E-03
       155.1000025    1.4641002E-03
       157.8200026    1.2591316E-03
       160.5500026    1.0833505E-03
       165.9900027    1.2664812E-03
       171.4300028    1.0195079E-03
       176.8700029    9.8352344E-04
       179.5900029    8.9301023E-04
       182.3100030    8.0707046E-04
       185.0400030    7.2768726E-04
       187.7600031    6.5601699E-04
       190.4800031    5.9156178E-04
       195.9200032    4.8198461E-04
       198.6400032    4.3552625E-04
       204.0800033    3.5640283E-04
       206.8000034    3.2277699E-04
       209.5300034    2.9243832E-04
       212.2500035    2.6524052E-04
       214.9700035    2.4074105E-04
       220.4100036    1.9871836E-04
       225.8500037    1.6444175E-04
       236.7400038    1.1907361E-04
       247.6200040    8.4120511E-05
       258.5100042    6.0391783E-05
       272.1100044    4.0755542E-05
       285.7200046    2.8038017E-05
       299.3200049    1.9609264E-05
       312.9300051    1.3895616E-05
       340.1400055    7.2028661E-06
       353.7400058    5.2518058E-06
       380.9500062    2.8463728E-06
       394.5600064    2.1126250E-06
       408.1700066    1.5755146E-06
       435.3800071    8.8759737E-07
       462.5900075    5.0747644E-07
       476.1900077    3.8562740E-07
       489.8000080    2.9382915E-07
       503.4000082    2.2452616E-07
       517.0100084    1.7195160E-07
       557.8300091    7.8190027E-08
       571.4300093    6.0323792E-08
       585.0400095    4.6582930E-08
       612.2500100    2.7843372E-08
       666.6700108    9.9404645E-09
       680.2800111    7.6649638E-09
       707.4900115    4.5362429E-09
       734.7000119    2.6487668E-09
       761.9100124    1.5167699E-09
       789.1200128    8.4300522E-10
       816.3300133    4.4569104E-10
       843.5400137    2.1369288E-10
       870.7500142    7.6023604E-11
 
