       12.5000002    8.5323657E+02
        15.0000002    2.7181015E+02
        20.0000003    2.7303679E+01
        25.0000004    1.6210970E+01
        30.0000005    1.1004791E+01
        35.0000006    6.9598408E+00
        40.0000007    4.3462958E+00
        45.0000007    2.5264010E+00
        50.0000008    1.3589609E+00
        55.0000009    6.8138951E-01
        60.0000010    3.3064860E-01
        65.0000011    1.6711153E-01
        70.0000011    9.4980523E-02
        75.0000012    2.5684708E-01
        80.0000013    2.2777955E-01
        85.0000014    1.9875669E-01
        90.0000015    1.7795737E-01
        95.2390015    1.5080199E-01
       100.6800016    1.2093143E-01
       114.2900019    7.2073527E-02
       119.7300019    5.9313554E-02
       122.4500020    5.3819720E-02
       125.1700020    4.8823610E-02
       127.8900021    4.4273924E-02
       130.6100021    4.0128659E-02
       133.3300022    3.6352135E-02
       136.0600022    3.2901157E-02
       146.9400024    2.2002427E-02
       149.6600024    1.9877778E-02
       155.1000025    1.6212020E-02
       157.8200026    1.4637268E-02
       160.5500026    1.3209220E-02
       165.9900027    1.2816011E-02
       171.4300028    1.0708770E-02
       176.8700029    9.4784945E-03
       179.5900029    8.7020155E-03
       182.3100030    7.9399720E-03
       185.0400030    7.2179982E-03
       187.7600031    6.5551931E-03
       190.4800031    5.9535531E-03
       195.9200032    4.9207048E-03
       198.6400032    4.4780844E-03
       204.0800033    3.7189852E-03
       206.8000034    3.3948161E-03
       209.5300034    3.1015140E-03
       212.2500035    2.8377902E-03
       214.9700035    2.5994671E-03
       220.4100036    2.1885012E-03
       225.8500037    1.8504558E-03
       236.7400038    1.6072759E-03
       247.6200040    1.1844991E-03
       258.5100042    8.7088457E-04
       272.1100044    5.9795100E-04
       285.7200046    4.1544670E-04
       299.3200049    2.9234018E-04
       312.9300051    2.0830854E-04
       340.1400055    1.1001721E-04
       353.7400058    8.1535982E-05
       380.9500062    4.6471181E-05
       394.5600064    3.5693851E-05
       408.1700066    2.7706337E-05
       435.3800071    1.7173375E-05
       462.5900075    1.0989229E-05
       476.1900077    8.8796014E-06
       489.8000080    7.2151529E-06
       503.4000082    5.8938435E-06
       517.0100084    4.8360876E-06
       557.8300091    2.7355263E-06
       571.4300093    2.2777081E-06
       585.0400095    1.9017311E-06
       612.2500100    1.3363235E-06
       666.6700108    6.7789830E-07
       680.2800111    5.7490934E-07
       707.4900115    4.2661441E-07
       734.7000119    3.1297108E-07
       761.9100124    2.2795869E-07
       789.1200128    1.6721917E-07
       816.3300133    1.2346409E-07
       843.5400137    9.1711854E-08
       870.7500142    6.8513955E-08
       911.5700148    4.4680412E-08
       952.3900155    2.9464543E-08
       993.2000162    2.7936705E-08
      1020.4000166    2.1006946E-08
      1061.2000173    1.6019133E-08
      1088.4000177    1.2127517E-08
      1102.0000179    1.0571091E-08
      1115.7000181    9.2160590E-09
      1129.3000184    8.0520266E-09
      1142.9000186    7.0428476E-09
      1156.5000188    6.1668204E-09
      1170.1000190    5.4054401E-09
      1197.3000195    1.5358069E-08
      1210.9000197    1.3649698E-08
      1224.5000199    1.2125680E-08
      1227.2000200    1.1844311E-08
      1229.9000200    1.1569651E-08
      1232.7000200    1.1291747E-08
      1235.4000201    1.1030297E-08
      1238.1000201    1.0775107E-08
      1240.8000202    1.0526031E-08
      1243.5000202    1.0282920E-08
      1246.3000203    1.0036956E-08
      1249.0000203    9.8055590E-09
      1257.2000204    9.1361851E-09
      1259.9000205    8.9263246E-09
      1262.6000205    8.7214707E-09
      1270.8000207    8.1287563E-09
      1281.6000208    7.4113218E-09
      1289.8000210    6.9107253E-09
      1292.5000210    6.7536861E-09
      1295.2000211    6.6003474E-09
      1298.0000211    6.4451413E-09
      1300.7000212    6.2990622E-09
      1303.4000212    6.1564140E-09
      1306.1000212    6.0171135E-09
      1314.3000214    5.6137375E-09
      1330.6000216    4.8929225E-09
      1341.5000218    4.4649289E-09
      1355.1000220    3.9846264E-09
      1360.6000221    3.8058143E-09
      1371.4000223    3.4783607E-09
      1382.3000225    3.1772067E-09
      1390.5000226    2.9684182E-09
      1395.9000227    2.8386695E-09
      1404.1000228    2.6526739E-09
      1406.8000229    2.5942055E-09
      1409.5000229    2.5370577E-09
      1415.0000230    2.4246014E-09
      1417.7000231    2.3712767E-09
      1420.4000231    2.3191518E-09
      1423.1000231    2.2681987E-09
      1425.9000232    2.2165669E-09
      1428.6000232    2.1679172E-09
      1431.3000233    2.1203579E-09
      1436.7000234    2.0284112E-09
      1439.5000234    1.9823483E-09
      1442.2000235    1.9389410E-09
      1444.9000235    1.8965030E-09
      1447.6000235    1.8550115E-09
      1450.4000236    1.8129599E-09
      1453.1000236    1.7733297E-09
      1455.8000237    1.7345815E-09
      1458.5000237    1.6966948E-09
      1461.2000238    1.6596499E-09
      1466.7000239    1.5867115E-09
      1469.4000239    1.5521062E-09
      1472.1000239    1.5182673E-09
      1477.6000240    1.4516343E-09
      1480.3000241    1.4200171E-09
      1488.4000242    1.3292910E-09
      1491.2000242    1.2993135E-09
      1496.6000243    1.2434178E-09
      1551.0000252    7.9920387E-10
      1632.7000266    4.1143999E-10
      1823.1000296    8.3796144E-11
 
