       12.5000002    1.8932446E+01
        15.0000002    1.4995200E+01
        20.0000003    4.2907171E+00
        25.0000004    7.1906990E-01
        30.0000005    2.3471725E-01
        35.0000006    1.4988150E-01
        40.0000007    9.9252738E-02
        45.0000007    6.2874489E-02
        50.0000008    3.7435494E-02
        55.0000009    2.0872826E-02
        60.0000010    1.1304634E-02
        65.0000011    6.2898295E-03
        70.0000011    3.7631977E-03
        75.0000012    3.3511925E-02
        80.0000013    2.6842225E-02
        85.0000014    1.8895064E-02
        90.0000015    1.2976317E-02
        95.2390015    8.6021572E-03
       100.6800016    5.5111973E-03
       114.2900019    1.8255828E-03
       119.7300019    1.1889990E-03
       122.4500020    9.6247368E-04
       125.1700020    7.8072975E-04
       127.8900021    6.3465751E-04
       130.6100021    5.1704614E-04
       133.3300022    4.2217874E-04
       136.0600022    3.4526290E-04
       146.9400024    1.5873504E-04
       149.6600024    1.3155400E-04
       155.1000025    9.1100868E-05
       157.8200026    7.6130782E-05
       160.5500026    6.3762811E-05
       165.9900027    1.4460714E-04
       171.4300028    1.1131972E-04
       176.8700029    1.1577841E-04
       179.5900029    1.0184184E-04
       182.3100030    8.9251676E-05
       185.0400030    7.8090765E-05
       187.7600031    6.8360889E-05
       190.4800031    5.9875430E-05
       195.9200032    4.6036643E-05
       198.6400032    4.0414139E-05
       204.0800033    3.1216106E-05
       206.8000034    2.7465227E-05
       209.5300034    2.4170969E-05
       212.2500035    2.1296502E-05
       214.9700035    1.8776418E-05
       220.4100036    1.4623752E-05
       225.8500037    1.1417451E-05
       236.7400038    1.1430712E-05
       247.6200040    7.7218110E-06
       258.5100042    5.2426503E-06
       272.1100044    3.2533944E-06
       285.7200046    2.0277000E-06
       299.3200049    1.2670258E-06
       312.9300051    7.9136993E-07
       340.1400055    3.0582331E-07
       353.7400058    1.8818773E-07
       380.9500062    6.8443761E-08
       394.5600064    3.9940147E-08
       408.1700066    2.2451538E-08
       435.3800071    5.4596594E-09
 
