       12.5000002    1.8747003E+02
        15.0000002    4.2140327E+01
        20.0000003    2.1477518E+01
        25.0000004    9.1964674E+00
        30.0000005    6.9008555E+00
        35.0000006    3.6099713E+00
        40.0000007    1.7146928E+00
        45.0000007    7.8450876E-01
        50.0000008    3.5864052E-01
        55.0000009    1.7482708E-01
        60.0000010    9.9888310E-02
        65.0000011    6.7619808E-02
        70.0000011    5.0095007E-02
        75.0000012    1.7408791E-01
        80.0000013    1.5828669E-01
        85.0000014    1.3523802E-01
        90.0000015    1.1759621E-01
        95.2390015    1.0063890E-01
       100.6800016    8.1319883E-02
       114.2900019    4.4371903E-02
       119.7300019    3.4639385E-02
       122.4500020    3.0588884E-02
       125.1700020    2.7004156E-02
       127.8900021    2.3834109E-02
       130.6100021    2.1032803E-02
       133.3300022    1.8559050E-02
       136.0600022    1.6368326E-02
       146.9400024    9.9321790E-03
       149.6600024    8.7707313E-03
       155.1000025    6.8459297E-03
       157.8200026    6.0515730E-03
       160.5500026    5.3491355E-03
       165.9900027    5.1798327E-03
       171.4300028    4.1899150E-03
       176.8700029    3.7298265E-03
       179.5900029    3.3859890E-03
       182.3100030    3.0650820E-03
       185.0400030    2.7713678E-03
       187.7600031    2.5075038E-03
       190.4800031    2.2708164E-03
       195.9200032    1.8689972E-03
       198.6400032    1.6986312E-03
       204.0800033    1.4080656E-03
       206.8000034    1.2842640E-03
       209.5300034    1.1723014E-03
       212.2500035    1.0716444E-03
       214.9700035    9.8066998E-04
       220.4100036    8.2370930E-04
       225.8500037    6.9445517E-04
       236.7400038    5.6169595E-04
       247.6200040    4.0030418E-04
       258.5100042    2.8746005E-04
       272.1100044    1.9338995E-04
       285.7200046    1.3268105E-04
       299.3200049    9.2825845E-05
       312.9300051    6.6120301E-05
       340.1400055    3.5241133E-05
       353.7400058    2.6283225E-05
       380.9500062    1.5127844E-05
       394.5600064    1.1641103E-05
       408.1700066    9.0289068E-06
       435.3800071    5.5405840E-06
       462.5900075    3.4730126E-06
       476.1900077    2.7680032E-06
       489.8000080    2.2141812E-06
       503.4000082    1.7776630E-06
       517.0100084    1.4315931E-06
       557.8300091    7.6091817E-07
       571.4300093    6.1969195E-07
       585.0400095    5.0582997E-07
       612.2500100    3.3941413E-07
       666.6700108    1.5676618E-07
       680.2800111    1.2986510E-07
       707.4900115    9.0378251E-08
       734.7000119    6.2937623E-08
       761.9100124    4.3937106E-08
       789.1200128    3.0871675E-08
       816.3300133    2.1820027E-08
       843.5400137    1.5505272E-08
       870.7500142    1.1071209E-08
       911.5700148    6.7318746E-09
       952.3900155    4.1247854E-09
       993.2000162    3.1067593E-09
      1020.4000166    2.2230315E-09
      1061.2000173    1.4830924E-09
      1088.4000177    1.0589473E-09
      1102.0000179    8.9484259E-10
      1115.7000181    7.5515261E-10
      1129.3000184    6.3791433E-10
      1142.9000186    5.3868626E-10
      1156.5000188    4.5466927E-10
      1170.1000190    3.8351050E-10
      1197.3000195    1.1829363E-09
      1210.9000197    1.0039249E-09
      1224.5000199    8.4948282E-10
      1227.2000200    8.2155094E-10
      1229.9000200    7.9446960E-10
      1232.7000200    7.6725870E-10
      1235.4000201    7.4183792E-10
      1238.1000201    7.1719730E-10
      1240.8000202    6.9331446E-10
      1243.5000202    6.7016720E-10
      1246.3000203    6.4691652E-10
      1249.0000203    6.2520145E-10
      1257.2000204    5.6328670E-10
      1259.9000205    5.4416266E-10
      1262.6000205    5.2563282E-10
      1270.8000207    4.7281823E-10
      1281.6000208    4.1058262E-10
      1289.8000210    3.6834641E-10
      1292.5000210    3.5531145E-10
      1295.2000211    3.4268663E-10
      1298.0000211    3.3001407E-10
      1300.7000212    3.1818656E-10
      1303.4000212    3.0673242E-10
      1306.1000212    2.9564032E-10
      1314.3000214    2.6406055E-10
      1330.6000216    2.0978032E-10
      1341.5000218    1.7898642E-10
      1355.1000220    1.4584163E-10
      1360.6000221    1.3391556E-10
      1371.4000223    1.1269581E-10
      1382.3000225    9.3927394E-11
      1390.5000226    8.1356283E-11
      1395.9000227    7.3730771E-11
      1404.1000228    6.3049857E-11
      1406.8000229    5.9752286E-11
      1409.5000229    5.6556097E-11
      1415.0000230    5.0340839E-11
      1417.7000231    4.7425758E-11
      1420.4000231    4.4594162E-11
      1423.1000231    4.1841308E-11
      1425.9000232    3.9064328E-11
      1428.6000232    3.6456078E-11
      1431.3000233    3.3910211E-11
      1436.7000234    2.8978648E-11
      1439.5000234    2.6488324E-11
      1442.2000235    2.4115895E-11
      1444.9000235    2.1757677E-11
      1447.6000235    1.9394566E-11
      1450.4000236    1.6908978E-11
      1453.1000236    1.4432658E-11
      1455.8000237    1.1796851E-11
      1458.5000237    8.8218348E-12
      1461.2000238    4.8658148E-12
 
