       80.0000013    2.7907914E+18
        85.0000014    2.0112584E+18
        90.0000015    1.4599061E+18
        95.2390015    1.0520793E+18
       100.6800016    7.5571970E+17
       114.2900019    3.4658249E+17
       119.7300019    2.5951653E+17
       122.4500020    2.2578088E+17
       125.1700020    1.9717578E+17
       127.8900021    1.7286931E+17
       130.6100021    1.5216856E+17
       133.3300022    1.3449581E+17
       136.0600022    1.1931758E+17
       146.9400024    8.2554741E+17
       149.6600024    7.5855644E+17
       155.1000025    6.3783879E+17
       157.8200026    5.8477636E+17
       160.5500026    5.3607741E+17
       165.9900027    4.5118570E+17
       171.4300028    3.8017559E+17
       176.8700029    3.2067817E+17
       179.5900029    2.9462483E+17
       182.3100030    2.7074993E+17
       185.0400030    2.4878734E+17
       187.7600031    2.2872598E+17
       190.4800031    2.1032596E+17
       195.9200032    1.7795517E+17
       198.6400032    1.6373740E+17
       204.0800033    3.2257211E+17
       206.8000034    3.0476126E+17
       209.5300034    2.8764167E+17
       212.2500035    2.7145994E+17
       214.9700035    2.5615963E+17
       220.4100036    2.2807316E+17
       225.8500037    2.0304954E+17
       236.7400038    1.6082436E+17
       247.6200040    1.2725965E+17
       258.5100042    1.0050999E+17
       272.1100044    7.4628424E+16
       285.7200046    5.5163044E+16
       299.3200049    4.0561933E+16
       312.9300051    2.9607656E+16
       340.1400055    1.5276164E+16
       353.7400058    1.0689460E+16
       380.9500062    4.6376380E+15
       394.5600064    2.5795861E+15
       408.1700066    3.3740146E+14
 
