       80.0000013    1.5293678E+18
        85.0000014    1.0590425E+18
        90.0000015    7.4208479E+17
        95.2390015    5.1871962E+17
       100.6800016    3.6411822E+17
       114.2900019    1.6518030E+17
       119.7300019    1.2553993E+17
       122.4500020    1.1043316E+17
       125.1700020    9.7711073E+16
       127.8900021    8.6940317E+16
       130.6100021    7.7770313E+16
       133.3300022    6.9917146E+16
       136.0600022    6.3127550E+16
       146.9400024    4.5662175E+17
       149.6600024    4.1127263E+17
       155.1000025    3.3319408E+17
       157.8200026    2.9997618E+17
       160.5500026    2.7003696E+17
       165.9900027    2.1914535E+17
       171.4300028    1.7796625E+17
       176.8700029    1.4458449E+17
       179.5900029    1.3033149E+17
       182.3100030    1.1748593E+17
       185.0400030    1.0586564E+17
       187.7600031    9.5428513E+16
       190.4800031    8.6016049E+16
       195.9200032    6.9867659E+16
       198.6400032    6.2957976E+16
       204.0800033    1.7127543E+17
       206.8000034    1.5891723E+17
       209.5300034    1.4716360E+17
       212.2500035    1.3617874E+17
       214.9700035    1.2591950E+17
       220.4100036    1.0745543E+17
       225.8500037    9.1467634E+16
       236.7400038    6.5671210E+16
       247.6200040    4.6441743E+16
       258.5100042    3.2096387E+16
       272.1100044    1.9165130E+16
       285.7200046    9.9625643E+15
       299.3200049    1.5688599E+15
 
