       80.0000013    5.7820964E+18
        85.0000014    4.4192808E+18
        90.0000015    3.3929873E+18
        95.2390015    2.5851951E+18
       100.6800016    1.9596498E+18
       114.2900019    1.0030939E+18
       119.7300019    7.7467466E+17
       122.4500020    6.8217227E+17
       125.1700020    6.0155573E+17
       127.8900021    5.3122732E+17
       130.6100021    4.6981410E+17
       133.3300022    4.1613406E+17
       136.0600022    3.6900713E+17
       146.9400024    1.5053515E+18
       149.6600024    1.4208976E+18
       155.1000025    1.2518128E+18
       157.8200026    1.1728412E+18
       160.5500026    1.0982712E+18
       165.9900027    9.6355592E+17
       171.4300028    8.4587113E+17
       176.8700029    7.4311957E+17
       179.5900029    6.9671778E+17
       182.3100030    6.5332823E+17
       185.0400030    6.1260039E+17
       187.7600031    5.7463996E+17
       190.4800031    5.3911539E+17
       195.9200032    4.7472937E+17
       198.6400032    4.4557540E+17
       204.0800033    5.7375300E+17
       206.8000034    5.4840524E+17
       209.5300034    5.2409026E+17
       212.2500035    5.0105748E+17
       214.9700035    4.7918510E+17
       220.4100036    4.3867030E+17
       225.8500037    4.0202966E+17
       236.7400038    3.3852327E+17
       247.6200040    2.8584935E+17
       258.5100042    2.4178893E+17
       272.1100044    1.9655289E+17
       285.7200046    1.6001402E+17
       299.3200049    1.3045574E+17
       312.9300051    1.0645941E+17
       340.1400055    7.1114097E+16
       353.7400058    5.8201312E+16
       380.9500062    3.9061284E+16
       394.5600064    3.2024290E+16
       408.1700066    2.6264339E+16
       435.3800071    1.7674654E+16
       462.5900075    1.1881700E+16
       476.1900077    9.7321146E+15
       489.8000080    7.9609560E+15
       503.4000082    6.5028081E+15
       517.0100084    5.2998952E+15
       557.8300091    2.8138347E+15
       571.4300093    2.2557332E+15
       585.0400095    1.7937378E+15
       612.2500100    1.0928506E+15
       666.6700108    2.1243031E+14
 
