       80.0000013    1.1101061E+00
        85.0000014    6.9524169E-01
        90.0000015    4.3974334E-01
        95.2390015    2.7497950E-01
       100.6800016    1.7070985E-01
       114.2900019    5.4099958E-02
       119.7300019    3.4690447E-02
       122.4500020    2.7855439E-02
       125.1700020    2.2405026E-02
       127.8900021    1.8049875E-02
       130.6100021    1.4563216E-02
       133.3300022    1.1766819E-02
       136.0600022    9.5128398E-03
       146.9400024    1.2546265E-02
       149.6600024    1.0998789E-02
       155.1000025    8.3305053E-03
       157.8200026    7.2336392E-03
       160.5500026    6.2766979E-03
       165.9900027    4.7340854E-03
       171.4300028    3.5762184E-03
       176.8700029    2.7055547E-03
       179.5900029    2.3542622E-03
       182.3100030    2.0489683E-03
       185.0400030    1.7825596E-03
       187.7600031    1.5516427E-03
       190.4800031    1.3505904E-03
       195.9200032    1.0228420E-03
       198.6400032    8.8980683E-04
       204.0800033    7.3852512E-04
       206.8000034    6.4982130E-04
       209.5300034    5.7186029E-04
       212.2500035    5.0377927E-04
       214.9700035    4.4401764E-04
       220.4100036    3.4524678E-04
       225.8500037    2.6854643E-04
       236.7400038    1.6184343E-04
       247.6200040    9.6312688E-05
       258.5100042    5.5828059E-05
       272.1100044    2.6417900E-05
       285.7200046    1.0597398E-05
       299.3200049    1.2305784E-06
 
