       80.0000013    6.3953406E-01
        85.0000014    3.8635606E-01
        90.0000015    2.3592046E-01
        95.2390015    1.4225326E-01
       100.6800016    8.5045390E-02
       114.2900019    2.4480971E-02
       119.7300019    1.5085713E-02
       122.4500020    1.1870816E-02
       125.1700020    9.3547478E-03
       127.8900021    7.3821186E-03
       130.6100021    5.8330125E-03
       133.3300022    4.6146470E-03
       136.0600022    3.6519286E-03
       146.9400024    6.3881124E-03
       149.6600024    5.5121370E-03
       155.1000025    4.0377211E-03
       157.8200026    3.4449026E-03
       160.5500026    2.9347874E-03
       165.9900027    2.1289771E-03
       171.4300028    1.5413753E-03
       176.8700029    1.1131209E-03
       179.5900029    9.4475551E-04
       182.3100030    8.0104731E-04
       185.0400030    6.7799789E-04
       187.7600031    5.7344622E-04
       190.4800031    4.8430034E-04
       195.9200032    3.4365209E-04
       198.6400032    2.8862141E-04
       204.0800033    2.6264912E-04
       206.8000034    2.2516731E-04
       209.5300034    1.9255698E-04
       212.2500035    1.6441374E-04
       214.9700035    1.4003055E-04
       220.4100036    1.0059610E-04
       225.8500037    7.0997005E-05
       236.7400038    3.2149492E-05
       247.6200040    9.8713099E-06
 
