       80.0000013    3.4536543E+00
        85.0000014    2.3415358E+00
        90.0000015    1.5974070E+00
        95.2390015    1.0777036E+00
       100.6800016    7.2196555E-01
       114.2900019    2.7500722E-01
       119.7300019    1.8969375E-01
       122.4500020    1.5800838E-01
       125.1700020    1.3186358E-01
       127.8900021    1.1024570E-01
       130.6100021    9.2334427E-02
       133.3300022    7.7464543E-02
       136.0600022    6.5054111E-02
       146.9400024    5.3942770E-02
       149.6600024    4.7586076E-02
       155.1000025    3.6882259E-02
       157.8200026    3.2502279E-02
       160.5500026    2.8669238E-02
       165.9900027    2.2433147E-02
       171.4300028    1.7666405E-02
       176.8700029    1.3996288E-02
       179.5900029    1.2483734E-02
       182.3100030    1.1148896E-02
       185.0400030    9.9647148E-03
       187.7600031    8.9200931E-03
       190.4800031    7.9934755E-03
       195.9200032    6.4378385E-03
       198.6400032    5.7852915E-03
       204.0800033    5.1078163E-03
       206.8000034    4.5863590E-03
       209.5300034    4.1116094E-03
       212.2500035    3.6877440E-03
       214.9700035    3.3096496E-03
       220.4100036    2.6732024E-03
       225.8500037    2.1683276E-03
       236.7400038    1.4450160E-03
       247.6200040    9.7976450E-04
       258.5100042    6.7437766E-04
       272.1100044    4.3091839E-04
       285.7200046    2.7984698E-04
       299.3200049    1.8396563E-04
       312.9300051    1.2178729E-04
       340.1400055    5.3675369E-05
       353.7400058    3.5461395E-05
       380.9500062    1.5029206E-05
       394.5600064    9.5521973E-06
       408.1700066    5.9229187E-06
       435.3800071    2.0018983E-06
       462.5900075    3.6329303E-07
 
