       80.0000013    1.3070463E-01
        85.0000014    7.1019240E-02
        90.0000015    3.8934533E-02
        95.2390015    2.0895425E-02
       100.6800016    1.1010499E-02
       114.2900019    2.2402562E-03
       119.7300019    1.1846764E-03
       122.4500020    8.6082960E-04
       125.1700020    6.2513241E-04
       127.8900021    4.5368861E-04
       130.6100021    3.2906933E-04
       133.3300022    2.3855527E-04
       136.0600022    1.7265744E-04
       146.9400024    5.3844723E-04
       149.6600024    4.0464042E-04
       155.1000025    2.1618778E-04
       157.8200026    1.5225913E-04
       160.5500026    1.0290372E-04
       165.9900027    3.5316421E-05
 
