       80.0000013    3.2108507E-01
        85.0000014    1.8546124E-01
        90.0000015    1.0829979E-01
        95.2390015    6.2291738E-02
       100.6800016    3.5424788E-02
       114.2900019    8.9348368E-03
       119.7300019    5.2046385E-03
       122.4500020    3.9788191E-03
       125.1700020    3.0446365E-03
       127.8900021    2.3318534E-03
       130.6100021    1.7874198E-03
       133.3300022    1.3711811E-03
       136.0600022    1.0516633E-03
       146.9400024    2.5604665E-03
       149.6600024    2.1327795E-03
       155.1000025    1.4535533E-03
       157.8200026    1.1937256E-03
       160.5500026    9.7683363E-04
       165.9900027    6.4925582E-04
       171.4300028    4.2551305E-04
       176.8700029    2.7386006E-04
       179.5900029    2.1781861E-04
       182.3100030    1.7202631E-04
       185.0400030    1.3460410E-04
       187.7600031    1.0435320E-04
       190.4800031    7.9894860E-05
       195.9200032    4.4411641E-05
       198.6400032    3.1793301E-05
       204.0800033    2.7804881E-05
       206.8000034    1.4347384E-05
 
