       80.0000013    1.7400149E+00
        85.0000014    1.1228940E+00
        90.0000015    7.3103100E-01
        95.2390015    4.7074723E-01
       100.6800016    3.0111262E-01
       114.2900019    1.0278276E-01
       119.7300019    6.7923285E-02
       122.4500020    5.5378016E-02
       125.1700020    4.5232177E-02
       127.8900021    3.7009135E-02
       130.6100021    3.0330742E-02
       133.3300022    2.4896190E-02
       136.0600022    2.0450873E-02
       146.9400024    2.1801151E-02
       149.6600024    1.9228298E-02
       155.1000025    1.4792827E-02
       157.8200026    1.2959556E-02
       160.5500026    1.1351936E-02
       165.9900027    8.7377857E-03
       171.4300028    6.7491089E-03
       176.8700029    5.2308729E-03
       179.5900029    4.6104621E-03
       182.3100030    4.0664840E-03
       185.0400030    3.5873419E-03
       187.7600031    3.1679473E-03
       190.4800031    2.7990369E-03
       195.9200032    2.1879904E-03
       198.6400032    1.9355433E-03
       204.0800033    1.5831447E-03
       206.8000034    1.4055294E-03
       209.5300034    1.2484479E-03
       212.2500035    1.1106151E-03
       214.9700035    9.8910485E-04
       220.4100036    7.8704080E-04
       225.8500037    6.2869932E-04
       236.7400038    4.0477805E-04
       247.6200040    2.6288108E-04
       258.5100042    1.7119473E-04
       272.1100044    9.9846191E-05
       285.7200046    5.7399739E-05
       299.3200049    3.2134467E-05
       312.9300051    1.7173768E-05
       340.1400055    3.4241421E-06
 
