       80.0000013    8.4006641E+18
        85.0000014    6.6929675E+18
        90.0000015    5.3440179E+18
        95.2390015    4.2338493E+18
       100.6800016    3.3362415E+18
       114.2900019    1.8687617E+18
       119.7300019    1.4917807E+18
       122.4500020    1.3345783E+18
       125.1700020    1.1949523E+18
       127.8900021    1.0708278E+18
       130.6100021    9.6038980E+17
       133.3300022    8.6204907E+17
       136.0600022    7.7410821E+17
       146.9400024    1.9367647E+18
       149.6600024    1.8517270E+18
       155.1000025    1.6692222E+18
       157.8200026    1.5808730E+18
       160.5500026    1.4961477E+18
       165.9900027    1.3402794E+18
       171.4300028    1.2012413E+18
       176.8700029    1.0774808E+18
       179.5900029    1.0207794E+18
       182.3100030    9.6724966E+17
       185.0400030    9.1651475E+17
       187.7600031    8.6876214E+17
       190.4800031    8.2362973E+17
       195.9200032    7.4060107E+17
       198.6400032    7.0242005E+17
       204.0800033    7.5723256E+17
       206.8000034    7.2476769E+17
       209.5300034    6.9382702E+17
       212.2500035    6.6465430E+17
       214.9700035    6.3705882E+17
       220.4100036    5.8620772E+17
       225.8500037    5.4050016E+17
       236.7400038    4.6182309E+17
       247.6200040    3.9688590E+17
       258.5100042    3.4252247E+17
       272.1100044    2.8628154E+17
       285.7200046    2.4014655E+17
       299.3200049    2.0202002E+17
       312.9300051    1.7026534E+17
       340.1400055    1.2147555E+17
       353.7400058    1.0277701E+17
       380.9500062    7.3751581E+16
       394.5600064    6.2543713E+16
       408.1700066    5.3076755E+16
       435.3800071    3.8304954E+16
       462.5900075    2.7708833E+16
       476.1900077    2.3585478E+16
       489.8000080    2.0081163E+16
       503.4000082    1.7104825E+16
       517.0100084    1.4571068E+16
       557.8300091    9.0104420E+15
       571.4300093    7.6743480E+15
       585.0400095    6.5328058E+15
       612.2500100    4.7249397E+15
       666.6700108    2.4353541E+15
       680.2800111    2.0529309E+15
       707.4900115    1.4446850E+15
       734.7000119    9.9709880E+14
       761.9100124    6.6595958E+14
       789.1200128    4.1739482E+14
       816.3300133    2.2104388E+14
 
