       80.0000013    9.5004666E+18
        85.0000014    7.7175232E+18
        90.0000015    6.2750355E+18
        95.2390015    5.0612422E+18
       100.6800016    4.0589629E+18
       114.2900019    2.3681573E+18
       119.7300019    1.9196534E+18
       122.4500020    1.7302850E+18
       125.1700020    1.5607399E+18
       127.8900021    1.4088201E+18
       130.6100021    1.2725851E+18
       133.3300022    1.1503213E+18
       136.0600022    1.0401315E+18
       146.9400024    2.1292070E+18
       149.6600024    2.0413305E+18
       155.1000025    1.8517404E+18
       157.8200026    1.7596100E+18
       160.5500026    1.6710772E+18
       165.9900027    1.5077463E+18
       171.4300028    1.3615006E+18
       176.8700029    1.2307856E+18
       179.5900029    1.1706924E+18
       182.3100030    1.1138209E+18
       185.0400030    1.0597775E+18
       187.7600031    1.0087701E+18
       190.4800031    9.6042107E+17
       195.9200032    8.7106472E+17
       198.6400032    8.2976968E+17
       204.0800033    8.6578315E+17
       206.8000034    8.2900717E+17
       209.5300034    7.9380431E+17
       212.2500035    7.6056291E+17
       214.9700035    7.2911592E+17
       220.4100036    6.7123591E+17
       225.8500037    6.1934830E+17
       236.7400038    5.3046873E+17
       247.6200040    4.5761715E+17
       258.5100042    3.9700025E+17
       272.1100044    3.3459565E+17
       285.7200046    2.8352847E+17
       299.3200049    2.4128398E+17
       312.9300051    2.0595088E+17
       340.1400055    1.5105445E+17
       353.7400058    1.2968080E+17
       380.9500062    9.5900435E+16
       394.5600064    8.2586749E+16
       408.1700066    7.1184638E+16
       435.3800071    5.3025662E+16
       462.5900075    3.9628023E+16
       476.1900077    3.4300564E+16
       489.8000080    2.9709073E+16
       503.4000082    2.5754067E+16
       517.0100084    2.2339433E+16
       557.8300091    1.4638903E+16
       571.4300093    1.2730774E+16
       585.0400095    1.1075668E+16
       612.2500100    8.3940653E+15
       666.6700108    4.8349134E+15
       680.2800111    4.2122121E+15
       707.4900115    3.1955464E+15
       734.7000119    2.4204707E+15
       761.9100124    1.8284278E+15
       789.1200128    1.3754328E+15
       816.3300133    1.0282899E+15
       843.5400137    7.6182130E+14
       870.7500142    5.5681781E+14
       911.5700148    3.3307659E+14
       952.3900155    1.7715348E+14
       993.2000162    4.8486108E+13
 
