       80.0000013    4.0919892E+18
        85.0000014    3.0341900E+18
        90.0000015    2.2619636E+18
        95.2390015    1.6724086E+18
       100.6800016    1.2299020E+18
       114.2900019    5.8716759E+17
       119.7300019    4.4262026E+17
       122.4500020    3.8549218E+17
       125.1700020    3.3648052E+17
       127.8900021    2.9438290E+17
       130.6100021    2.5818036E+17
       133.3300022    2.2700837E+17
       136.0600022    2.0004101E+17
       146.9400024    1.1081321E+18
       149.6600024    1.0304776E+18
       155.1000025    8.8436551E+17
       157.8200026    8.1845020E+17
       160.5500026    7.5719359E+17
       165.9900027    6.4869722E+17
       171.4300028    5.5614655E+17
       176.8700029    4.7714458E+17
       179.5900029    4.4206645E+17
       182.3100030    4.0963137E+17
       185.0400030    3.7952540E+17
       187.7600031    3.5177961E+17
       190.4800031    3.2610591E+17
       195.9200032    2.8035090E+17
       198.6400032    2.5998865E+17
       204.0800033    4.1518384E+17
       206.8000034    3.9435850E+17
       209.5300034    3.7432513E+17
       212.2500035    3.5534151E+17
       214.9700035    3.3733154E+17
       220.4100036    3.0406420E+17
       225.8500037    2.7413874E+17
       236.7400038    2.2283306E+17
       247.6200040    1.8108384E+17
       258.5100042    1.4697749E+17
       272.1100044    1.1302453E+17
       285.7200046    8.6647469E+16
       299.3200049    6.6206006E+16
       312.9300051    5.0362688E+16
       340.1400055    2.8661262E+16
       353.7400058    2.1374439E+16
       380.9500062    1.1440373E+16
       394.5600064    8.1091930E+15
       408.1700066    5.5268198E+15
       435.3800071    1.7464541E+15
 
