       80.0000013    5.2927222E+17
        85.0000014    3.5136945E+17
        90.0000015    2.4081677E+17
        95.2390015    1.6811988E+17
       100.6800016    1.2034165E+17
       114.2900019    5.9967691E+16
       119.7300019    4.7064535E+16
       122.4500020    4.1857166E+16
       125.1700020    3.7280213E+16
       127.8900021    3.3226245E+16
       130.6100021    2.9611738E+16
       133.3300022    2.6371164E+16
       136.0600022    2.3442340E+16
       146.9400024    8.4143993E+16
       149.6600024    6.9469030E+16
       155.1000025    4.6222159E+16
       157.8200026    3.7097544E+16
       160.5500026    2.9277604E+16
       165.9900027    1.6802976E+16
       171.4300028    6.6991262E+15
 
