       12.5000002    2.5650804E+18
        15.0000002    2.6854299E+18
        20.0000003    2.7497796E+18
        25.0000004    2.3866398E+18
        30.0000005    2.9358830E+18
        35.0000006    2.5470654E+18
        40.0000007    2.0538388E+18
        45.0000007    1.6175041E+18
        50.0000008    1.2885879E+18
        55.0000009    1.0744770E+18
        60.0000010    9.5002313E+17
        65.0000011    8.7230635E+17
        70.0000011    8.0792568E+17
        75.0000012    4.8797118E+18
        80.0000013    5.4166918E+18
        85.0000014    5.4476749E+18
        90.0000015    5.4526244E+18
        95.2390015    5.3570680E+18
       100.6800016    5.0113063E+18
       114.2900019    3.9240740E+18
       119.7300019    3.5195683E+18
       122.4500020    3.3272687E+18
       125.1700020    3.1419628E+18
       127.8900021    2.9638353E+18
       130.6100021    2.7930295E+18
       133.3300022    2.6296286E+18
       136.0600022    2.4731021E+18
       146.9400024    1.9223986E+18
       149.6600024    1.8023098E+18
       155.1000025    1.5818473E+18
       157.8200026    1.4809978E+18
       160.5500026    1.3857265E+18
       165.9900027    1.7618576E+18
       171.4300028    1.6123369E+18
       176.8700029    1.7143357E+18
       179.5900029    1.6507051E+18
       182.3100030    1.5827881E+18
       185.0400030    1.5144754E+18
       187.7600031    1.4482542E+18
       190.4800031    1.3847732E+18
       195.9200032    1.2668633E+18
       198.6400032    1.2121960E+18
       204.0800033    1.1107667E+18
       206.8000034    1.0637640E+18
       209.5300034    1.0188921E+18
       212.2500035    9.7633925E+17
       214.9700035    9.3580383E+17
       220.4100036    8.6029879E+17
       225.8500037    7.9149698E+17
       236.7400038    7.6841019E+17
       247.6200040    6.5277799E+17
       258.5100042    5.5704087E+17
       272.1100044    4.6119806E+17
       285.7200046    3.8565010E+17
       299.3200049    3.2543225E+17
       312.9300051    2.7670057E+17
       340.1400055    2.0357516E+17
       353.7400058    1.7568347E+17
       380.9500062    1.3168026E+17
       394.5600064    1.1416830E+17
       408.1700066    9.8992571E+16
       435.3800071    7.4294387E+16
       462.5900075    5.5466707E+16
       476.1900077    4.7791153E+16
       489.8000080    4.1074946E+16
       503.4000082    3.5208304E+16
       517.0100084    3.0078158E+16
       557.8300091    1.8271469E+16
       571.4300093    1.5290081E+16
       585.0400095    1.2681639E+16
       612.2500100    8.3868438E+15
       666.6700108    1.9097214E+15
 
