       12.5000002    3.8140151E+18
        15.0000002    3.9426684E+18
        20.0000003    3.4542708E+18
        25.0000004    2.8931947E+18
        30.0000005    2.8689021E+18
        35.0000006    2.1434358E+18
        40.0000007    1.6650332E+18
        45.0000007    1.3383372E+18
        50.0000008    1.0450379E+18
        55.0000009    7.6868411E+17
        60.0000010    5.3182319E+17
        65.0000011    3.4553737E+17
        70.0000011    1.9852796E+17
        75.0000012    4.9809061E+14
 
