       12.5000002    3.3324378E+18
        15.0000002    2.8260742E+18
        20.0000003    2.3939735E+18
        25.0000004    2.2645356E+18
        30.0000005    2.8509770E+18
        35.0000006    2.6998799E+18
        40.0000007    2.3643230E+18
        45.0000007    1.9374545E+18
        50.0000008    1.5234094E+18
        55.0000009    1.1925080E+18
        60.0000010    9.7103424E+17
        65.0000011    8.3942792E+17
        70.0000011    7.6009191E+17
        75.0000012    4.3057892E+18
        80.0000013    4.8045816E+18
        85.0000014    4.8869086E+18
        90.0000015    4.9581894E+18
        95.2390015    4.9424702E+18
       100.6800016    4.7083106E+18
       114.2900019    3.9055131E+18
       119.7300019    3.5908780E+18
       122.4500020    3.4370761E+18
       125.1700020    3.2859746E+18
       127.8900021    3.1378734E+18
       130.6100021    2.9930790E+18
       133.3300022    2.8518902E+18
       136.0600022    2.7140738E+18
       146.9400024    2.2077120E+18
       149.6600024    2.0924995E+18
       155.1000025    1.8760931E+18
       157.8200026    1.7748669E+18
       160.5500026    1.6778747E+18
       165.9900027    2.0292385E+18
       171.4300028    1.8736996E+18
       176.8700029    1.9513929E+18
       179.5900029    1.8835875E+18
       182.3100030    1.8098319E+18
       185.0400030    1.7349146E+18
       187.7600031    1.6619362E+18
       190.4800031    1.5918375E+18
       195.9200032    1.4614758E+18
       198.6400032    1.4010025E+18
       204.0800033    1.2888897E+18
       206.8000034    1.2370111E+18
       209.5300034    1.1875376E+18
       212.2500035    1.1406715E+18
       214.9700035    1.0960741E+18
       220.4100036    1.0131141E+18
       225.8500037    9.3762675E+17
       236.7400038    9.3899420E+17
       247.6200040    8.0550318E+17
       258.5100042    6.9097633E+17
       272.1100044    5.7406742E+17
       285.7200046    4.8082932E+17
       299.3200049    4.0617306E+17
       312.9300051    3.4587069E+17
       340.1400055    2.5641754E+17
       353.7400058    2.2287530E+17
       380.9500062    1.7076831E+17
       394.5600064    1.5027323E+17
       408.1700066    1.3257284E+17
       435.3800071    1.0371397E+17
       462.5900075    8.1419291E+16
       476.1900077    7.2169237E+16
       489.8000080    6.3956422E+16
       503.4000082    5.6663680E+16
       517.0100084    5.0171214E+16
       557.8300091    3.4662443E+16
       571.4300093    3.0581103E+16
       585.0400095    2.6943406E+16
       612.2500100    2.0823045E+16
       666.6700108    1.2139797E+16
       680.2800111    1.0533474E+16
       707.4900115    7.8659631E+15
       734.7000119    5.7178454E+15
       761.9100124    3.9912718E+15
       789.1200128    2.5793230E+15
       816.3300133    1.3193283E+15
 
