       12.5000002    2.1303945E+18
        15.0000002    3.1042806E+18
        20.0000003    3.0523410E+18
        25.0000004    2.5536548E+18
        30.0000005    2.8358884E+18
        35.0000006    2.2013138E+18
        40.0000007    1.7083217E+18
        45.0000007    1.3923813E+18
        50.0000008    1.1996887E+18
        55.0000009    1.0893034E+18
        60.0000010    1.0128489E+18
        65.0000011    9.3429351E+17
        70.0000011    8.4283703E+17
        75.0000012    5.4982310E+18
        80.0000013    6.0420632E+18
        85.0000014    5.9725125E+18
        90.0000015    5.8399884E+18
        95.2390015    5.5673958E+18
       100.6800016    5.0413801E+18
       114.2900019    3.6458286E+18
       119.7300019    3.1708228E+18
       122.4500020    2.9526618E+18
       125.1700020    2.7470416E+18
       127.8900021    2.5536191E+18
       130.6100021    2.3719998E+18
       133.3300022    2.2017583E+18
       136.0600022    2.0418706E+18
       146.9400024    1.5041616E+18
       149.6600024    1.3920896E+18
       155.1000025    1.1913273E+18
       157.8200026    1.1016957E+18
       160.5500026    1.0183374E+18
       165.9900027    1.4422605E+18
       171.4300028    1.3136462E+18
       176.8700029    1.4456559E+18
       179.5900029    1.3892949E+18
       182.3100030    1.3287646E+18
       185.0400030    1.2676876E+18
       187.7600031    1.2083669E+18
       190.4800031    1.1514229E+18
       195.9200032    1.0454860E+18
       198.6400032    9.9632198E+17
       204.0800033    9.0507667E+17
       206.8000034    8.6279839E+17
       209.5300034    8.2245311E+17
       212.2500035    7.8421918E+17
       214.9700035    7.4783373E+17
       220.4100036    6.8019981E+17
       225.8500037    6.1880700E+17
       236.7400038    5.9439970E+17
       247.6200040    5.0256072E+17
       258.5100042    4.2770130E+17
       272.1100044    3.5282136E+17
       285.7200046    2.9333472E+17
       299.3200049    2.4530360E+17
       312.9300051    2.0585627E+17
       340.1400055    1.4557118E+17
       353.7400058    1.2232551E+17
       380.9500062    8.5754425E+16
       394.5600064    7.1400357E+16
       408.1700066    5.9148902E+16
       435.3800071    3.9770500E+16
       462.5900075    2.5634729E+16
       476.1900077    2.0046384E+16
       489.8000080    1.5209320E+16
       503.4000082    1.0948773E+16
       517.0100084    6.9945738E+15
 
