       12.5000002    4.7176855E+18
        15.0000002    4.2091952E+18
        20.0000003    2.0504687E+18
        25.0000004    1.9776631E+18
        30.0000005    2.5747632E+18
        35.0000006    2.5994739E+18
        40.0000007    2.5647211E+18
        45.0000007    2.3949620E+18
        50.0000008    2.0784012E+18
        55.0000009    1.6787339E+18
        60.0000010    1.2958903E+18
        65.0000011    9.9882653E+17
        70.0000011    7.9835058E+17
        75.0000012    3.6200546E+18
        80.0000013    3.9684998E+18
        85.0000014    4.1029535E+18
        90.0000015    4.3038019E+18
        95.2390015    4.3150862E+18
       100.6800016    4.0669423E+18
       114.2900019    3.4703800E+18
       119.7300019    3.2799652E+18
       122.4500020    3.1885939E+18
       125.1700020    3.0985739E+18
       127.8900021    3.0093771E+18
       130.6100021    2.9206833E+18
       133.3300022    2.8323315E+18
       136.0600022    2.7439585E+18
       146.9400024    2.3963633E+18
       149.6600024    2.3113496E+18
       155.1000025    2.1447889E+18
       157.8200026    2.0635730E+18
       160.5500026    1.9836447E+18
       165.9900027    2.3516088E+18
       171.4300028    2.2285516E+18
       176.8700029    2.3021629E+18
       179.5900029    2.2464838E+18
       182.3100030    2.1770972E+18
       185.0400030    2.1006065E+18
       187.7600031    2.0223917E+18
       190.4800031    1.9454077E+18
       195.9200032    1.7990146E+18
       198.6400032    1.7294161E+18
       204.0800033    1.5984230E+18
       206.8000034    1.5373649E+18
       209.5300034    1.4789957E+18
       212.2500035    1.4236093E+18
       214.9700035    1.3708415E+18
       220.4100036    1.2725991E+18
       225.8500037    1.1832088E+18
       236.7400038    1.2154301E+18
       247.6200040    1.0697797E+18
       258.5100042    9.3587784E+17
       272.1100044    7.9224774E+17
       285.7200046    6.7279996E+17
       299.3200049    5.7366287E+17
       312.9300051    4.9126870E+17
       340.1400055    3.6584710E+17
       353.7400058    3.1830157E+17
       380.9500062    2.4487816E+17
       394.5600064    2.1644453E+17
       408.1700066    1.9221585E+17
       435.3800071    1.5349662E+17
       462.5900075    1.2424375E+17
       476.1900077    1.1222833E+17
       489.8000080    1.0158263E+17
       503.4000082    9.2116792E+16
       517.0100084    8.3649487E+16
       557.8300091    6.3041766E+16
       571.4300093    5.7456084E+16
       585.0400095    5.2386335E+16
       612.2500100    4.3594674E+16
       666.6700108    3.0238172E+16
       680.2800111    2.7594003E+16
       707.4900115    2.3403352E+16
       734.7000119    1.9566076E+16
       761.9100124    1.6189932E+16
       789.1200128    1.3393671E+16
       816.3300133    1.1072458E+16
       843.5400137    9.1425884E+15
       870.7500142    7.5362406E+15
       911.5700148    5.6146014E+15
       952.3900155    4.1509063E+15
       993.2000162    3.9173522E+15
      1020.4000166    3.0841763E+15
      1061.2000173    2.3591469E+15
      1088.4000177    1.7828452E+15
      1102.0000179    1.5348529E+15
      1115.7000181    1.3075911E+15
      1129.3000184    1.1011079E+15
      1142.9000186    9.1026678E+14
      1156.5000188    7.3108202E+14
      1170.1000190    5.5785340E+14
      1197.3000195    6.0823797E+14
 
