       12.5000002    5.1185120E+18
        15.0000002    5.0121914E+18
        20.0000003    2.2474484E+18
        25.0000004    1.8760388E+18
        30.0000005    2.4656089E+18
        35.0000006    2.5052326E+18
        40.0000007    2.5163302E+18
        45.0000007    2.4528911E+18
        50.0000008    2.2499951E+18
        55.0000009    1.9115023E+18
        60.0000010    1.5205204E+18
        65.0000011    1.1707817E+18
        70.0000011    9.0575122E+17
        75.0000012    3.6088267E+18
        80.0000013    3.8434240E+18
        85.0000014    3.9794553E+18
        90.0000015    4.2800401E+18
        95.2390015    4.3011751E+18
       100.6800016    3.9537998E+18
       114.2900019    3.2490821E+18
       119.7300019    3.0699307E+18
       122.4500020    2.9899707E+18
       125.1700020    2.9139862E+18
       127.8900021    2.8407172E+18
       130.6100021    2.7692566E+18
       133.3300022    2.6989588E+18
       136.0600022    2.6291192E+18
       146.9400024    2.3537058E+18
       149.6600024    2.2852962E+18
       155.1000025    2.1493348E+18
       157.8200026    2.0819882E+18
       160.5500026    2.0149744E+18
       165.9900027    2.4086572E+18
       171.4300028    2.3117515E+18
       176.8700029    2.4036124E+18
       179.5900029    2.3621894E+18
       182.3100030    2.3034951E+18
       185.0400030    2.2335955E+18
       187.7600031    2.1588101E+18
       190.4800031    2.0836893E+18
       195.9200032    1.9382812E+18
       198.6400032    1.8674213E+18
       204.0800033    1.7316981E+18
       206.8000034    1.6678387E+18
       209.5300034    1.6065528E+18
       212.2500035    1.5482017E+18
       214.9700035    1.4924364E+18
       220.4100036    1.3881740E+18
       225.8500037    1.2928411E+18
       236.7400038    1.3154857E+18
       247.6200040    1.1694731E+18
       258.5100042    1.0331163E+18
       272.1100044    8.8432167E+17
       285.7200046    7.5848064E+17
       299.3200049    6.5220542E+17
       312.9300051    5.6236051E+17
       340.1400055    4.2251562E+17
       353.7400058    3.6846009E+17
       380.9500062    2.8394987E+17
       394.5600064    2.5097377E+17
       408.1700066    2.2283153E+17
       435.3800071    1.7794012E+17
       462.5900075    1.4427503E+17
       476.1900077    1.3055536E+17
       489.8000080    1.1846472E+17
       503.4000082    1.0776874E+17
       517.0100084    9.8244860E+16
       557.8300091    7.5206226E+16
       571.4300093    6.8982037E+16
       585.0400095    6.3332145E+16
       612.2500100    5.3513626E+16
       666.6700108    3.8451635E+16
       680.2800111    3.5431060E+16
       707.4900115    3.1069336E+16
       734.7000119    2.6652948E+16
       761.9100124    2.2495634E+16
       789.1200128    1.9019101E+16
       816.3300133    1.6098244E+16
       843.5400137    1.3636093E+16
       870.7500142    1.1555299E+16
       911.5700148    9.0150827E+15
       952.3900155    7.0289830E+15
       993.2000162    7.7263359E+15
      1020.4000166    6.3845210E+15
      1061.2000173    5.5214908E+15
      1088.4000177    4.5237747E+15
      1102.0000179    4.0925058E+15
      1115.7000181    3.6978922E+15
      1129.3000184    3.3419090E+15
      1142.9000186    3.0181481E+15
      1156.5000188    2.7235421E+15
      1170.1000190    2.4553190E+15
      1197.3000195    7.6184044E+15
      1210.9000197    6.9287824E+15
      1224.5000199    6.2803605E+15
      1227.2000200    6.1569210E+15
      1229.9000200    6.0352209E+15
      1232.7000200    5.9108344E+15
      1235.4000201    5.7926256E+15
      1238.1000201    5.6761005E+15
      1240.8000202    5.5612348E+15
      1243.5000202    5.4480055E+15
      1246.3000203    5.3322846E+15
      1249.0000203    5.2223114E+15
      1257.2000204    4.8977686E+15
      1259.9000205    4.7939298E+15
      1262.6000205    4.6915442E+15
      1270.8000207    4.3892324E+15
      1281.6000208    4.0098980E+15
      1289.8000210    3.7352362E+15
      1292.5000210    3.6471778E+15
      1295.2000211    3.5602533E+15
      1298.0000211    3.4712779E+15
      1300.7000212    3.3865796E+15
      1303.4000212    3.3029324E+15
      1306.1000212    3.2203093E+15
      1314.3000214    2.9753641E+15
      1330.6000216    2.5124453E+15
      1341.5000218    2.2177231E+15
      1355.1000220    1.8619082E+15
      1360.6000221    1.7202932E+15
      1371.4000223    1.4424666E+15
      1382.3000225    1.1550874E+15
      1390.5000226    9.2425200E+14
      1395.9000227    7.5666640E+14
      1404.1000228    4.3867749E+14
      1406.8000229    2.8127152E+14
 
