       12.5000002    2.8735769E+18
        15.0000002    2.4584132E+18
        20.0000003    2.2914105E+18
        25.0000004    2.0550851E+18
        30.0000005    2.5116903E+18
        35.0000006    2.1291911E+18
        40.0000007    1.6220159E+18
        45.0000007    1.1891604E+18
        50.0000008    8.9718438E+17
        55.0000009    7.3379399E+17
        60.0000010    6.4403392E+17
        65.0000011    5.6975260E+17
        70.0000011    4.8254294E+17
        75.0000012    3.0893008E+18
        80.0000013    3.1706466E+18
        85.0000014    2.7854929E+18
        90.0000015    2.1776621E+18
        95.2390015    1.1123248E+18
 
