       12.5000002    2.1767125E+18
        15.0000002    2.4943601E+18
        20.0000003    2.5396962E+18
        25.0000004    2.0995983E+18
        30.0000005    2.3191564E+18
        35.0000006    1.6816677E+18
        40.0000007    1.1906899E+18
        45.0000007    9.1304737E+17
        50.0000008    7.6814446E+17
        55.0000009    6.7651246E+17
        60.0000010    5.6946264E+17
        65.0000011    4.2701565E+17
        70.0000011    2.7232431E+17
        75.0000012    1.8115893E+18
 
