       12.5000002    4.8905815E+18
        15.0000002    4.6274822E+18
        20.0000003    2.0599890E+18
        25.0000004    1.8203476E+18
        30.0000005    2.3515824E+18
        35.0000006    2.3452795E+18
        40.0000007    2.2918330E+18
        45.0000007    2.1185773E+18
        50.0000008    1.8006632E+18
        55.0000009    1.4053922E+18
        60.0000010    1.0406443E+18
        65.0000011    7.7358463E+17
        70.0000011    6.0641275E+17
        75.0000012    2.8643584E+18
        80.0000013    3.1324715E+18
        85.0000014    3.1865403E+18
        90.0000015    3.2454807E+18
        95.2390015    3.1990384E+18
       100.6800016    3.0008707E+18
       114.2900019    2.4040808E+18
       119.7300019    2.1552239E+18
       122.4500020    2.0280588E+18
       125.1700020    1.8995181E+18
       127.8900021    1.7701263E+18
       130.6100021    1.6405005E+18
       133.3300022    1.5112834E+18
       136.0600022    1.3826319E+18
       146.9400024    8.8988383E+17
       149.6600024    7.7282576E+17
       155.1000025    5.4381945E+17
       157.8200026    4.2851658E+17
       160.5500026    3.0561465E+17
 
