       12.5000002    3.5979077E+18
        15.0000002    2.8700739E+18
        20.0000003    2.0483536E+18
        25.0000004    2.0056020E+18
        30.0000005    2.5088129E+18
        35.0000006    2.3321774E+18
        40.0000007    1.9677087E+18
        45.0000007    1.5228327E+18
        50.0000008    1.1259439E+18
        55.0000009    8.4612574E+17
        60.0000010    6.8463813E+17
        65.0000011    5.9610284E+17
        70.0000011    5.3303654E+17
        75.0000012    3.1548097E+18
        80.0000013    3.4118489E+18
        85.0000014    3.3104321E+18
        90.0000015    3.1453622E+18
        95.2390015    2.8357928E+18
       100.6800016    2.3023507E+18
       114.2900019    4.0879069E+17
 
