       12.5000002    6.1935492E+02
        15.0000002    1.5876672E+02
        20.0000003    2.1168507E+01
        25.0000004    1.0795275E+01
        30.0000005    7.0891614E+00
        35.0000006    3.7206843E+00
        40.0000007    1.6501524E+00
        45.0000007    6.3290405E-01
        50.0000008    2.2572052E-01
        55.0000009    8.8280417E-02
        60.0000010    4.5789376E-02
        65.0000011    2.7996976E-02
        70.0000011    1.5838966E-02
        75.0000012    4.6584673E-02
        80.0000013    2.2450095E-02
 
