       12.5000002    1.1851194E+03
        15.0000002    4.2835190E+02
        20.0000003    2.9969036E+01
        25.0000004    1.5234282E+01
        30.0000005    9.7981567E+00
        35.0000006    5.7874451E+00
        40.0000007    3.2732773E+00
        45.0000007    1.6272825E+00
        50.0000008    7.0899999E-01
        55.0000009    2.7999404E-01
        60.0000010    1.1272255E-01
        65.0000011    5.5381391E-02
        70.0000011    3.4109946E-02
        75.0000012    1.0133508E-01
        80.0000013    8.0522649E-02
        85.0000014    5.8155175E-02
        90.0000015    3.9921619E-02
        95.2390015    2.1890577E-02
 
