       80.0000013    2.0261490E+18
        85.0000014    1.3997902E+18
        90.0000015    9.7277010E+17
        95.2390015    6.6943078E+17
       100.6800016    4.5868103E+17
       114.2900019    1.8928991E+17
       119.7300019    1.3705582E+17
       122.4500020    1.1751981E+17
       125.1700020    1.0130484E+17
       127.8900021    8.7796948E+16
       130.6100021    7.6497474E+16
       133.3300022    6.7001464E+16
       136.0600022    5.8952932E+16
       146.9400024    4.0459063E+17
       149.6600024    3.5697744E+17
       155.1000025    2.7574889E+17
       157.8200026    2.4160187E+17
       160.5500026    2.1111657E+17
       165.9900027    1.6014009E+17
       171.4300028    1.1996491E+17
       176.8700029    8.8392643E+16
       179.5900029    7.5262267E+16
       182.3100030    6.3641077E+16
       185.0400030    5.3318918E+16
       187.7600031    4.4209529E+16
       190.4800031    3.6120297E+16
       195.9200032    2.2390030E+16
       198.6400032    1.6379559E+16
       204.0800033    9.7607674E+15
 
