       80.0000013    9.9429573E+18
        85.0000014    8.1757695E+18
        90.0000015    6.7214817E+18
        95.2390015    5.4787191E+18
       100.6800016    4.4378145E+18
       114.2900019    2.6460432E+18
       119.7300019    2.1614828E+18
       122.4500020    1.9554248E+18
       125.1700020    1.7701056E+18
       127.8900021    1.6033200E+18
       130.6100021    1.4531078E+18
       133.3300022    1.3177273E+18
       136.0600022    1.1952039E+18
       146.9400024    2.1626521E+18
       149.6600024    2.0725618E+18
       155.1000025    1.8796335E+18
       157.8200026    1.7861527E+18
       160.5500026    1.6964113E+18
       165.9900027    1.5310064E+18
       171.4300028    1.3830037E+18
       176.8700029    1.2507485E+18
       179.5900029    1.1899423E+18
       182.3100030    1.1323868E+18
       185.0400030    1.0776803E+18
       187.7600031    1.0260313E+18
       190.4800031    9.7705620E+17
       195.9200032    8.8648359E+17
       198.6400032    8.4459474E+17
       204.0800033    8.7361793E+17
       206.8000034    8.3528593E+17
       209.5300034    7.9843483E+17
       212.2500035    7.6358897E+17
       214.9700035    7.3062555E+17
       220.4100036    6.7003964E+17
       225.8500037    6.1589061E+17
       236.7400038    5.2366746E+17
       247.6200040    4.4872825E+17
       258.5100042    3.8692185E+17
       272.1100044    3.2387455E+17
       285.7200046    2.7272776E+17
       299.3200049    2.3069903E+17
       312.9300051    1.9571219E+17
       340.1400055    1.4157015E+17
       353.7400058    1.2053899E+17
       380.9500062    8.7352290E+16
       394.5600064    7.4301818E+16
       408.1700066    6.3151202E+16
       435.3800071    4.5486010E+16
       462.5900075    3.2597415E+16
       476.1900077    2.7534108E+16
       489.8000080    2.3213227E+16
       503.4000082    1.9533863E+16
       517.0100084    1.6398303E+16
       557.8300091    9.5346084E+15
       571.4300093    7.8978645E+15
       585.0400095    6.5070462E+15
       612.2500100    4.3240861E+15
       666.6700108    1.5802373E+15
       680.2800111    1.0971113E+15
 
