       80.0000013    1.1061982E+19
        85.0000014    9.3976721E+18
        90.0000015    7.9679101E+18
        95.2390015    6.6949989E+18
       100.6800016    5.5859198E+18
       114.2900019    3.5611337E+18
       119.7300019    2.9815548E+18
       122.4500020    2.7298735E+18
       125.1700020    2.5005426E+18
       127.8900021    2.2915158E+18
       130.6100021    2.1009277E+18
       133.3300022    1.9270823E+18
       136.0600022    1.7678819E+18
       146.9400024    2.5269422E+18
       149.6600024    2.4193297E+18
       155.1000025    2.1967066E+18
       157.8200026    2.0907282E+18
       160.5500026    1.9897663E+18
       165.9900027    1.8052714E+18
       171.4300028    1.6415935E+18
       176.8700029    1.4961864E+18
       179.5900029    1.4295343E+18
       182.3100030    1.3665268E+18
       185.0400030    1.3066864E+18
       187.7600031    1.2502089E+18
       190.4800031    1.1966480E+18
       195.9200032    1.0974888E+18
       198.6400032    1.0515397E+18
       204.0800033    1.1036807E+18
       206.8000034    1.0597022E+18
       209.5300034    1.0156379E+18
       212.2500035    9.7306470E+17
       214.9700035    9.3228196E+17
       220.4100036    8.5651159E+17
       225.8500037    7.8822415E+17
       236.7400038    6.7125425E+17
       247.6200040    5.7604012E+17
       258.5100042    4.9776987E+17
       272.1100044    4.1854384E+17
       285.7200046    3.5500069E+17
       299.3200049    3.0339969E+17
       312.9300051    2.6087463E+17
       340.1400055    1.9558671E+17
       353.7400058    1.7021021E+17
       380.9500062    1.2971214E+17
       394.5600064    1.1346917E+17
       408.1700066    9.9349758E+16
       435.3800071    7.6298170E+16
       462.5900075    5.8658567E+16
       476.1900077    5.1441283E+16
       489.8000080    4.5106434E+16
       503.4000082    3.9552057E+16
       517.0100084    3.4673393E+16
       557.8300091    2.3331875E+16
       571.4300093    2.0434767E+16
       585.0400095    1.7888725E+16
       612.2500100    1.3691018E+16
       666.6700108    7.9578818E+15
       680.2800111    6.9329749E+15
       707.4900115    5.2440445E+15
       734.7000119    3.9427899E+15
       761.9100124    2.9404919E+15
       789.1200128    2.1684191E+15
       816.3300133    1.5731366E+15
       843.5400137    1.1127466E+15
       870.7500142    7.5355939E+14
       911.5700148    3.3796695E+14
 
