       80.0000013    7.8754945E+18
        85.0000014    6.2319335E+18
        90.0000015    4.9415873E+18
        95.2390015    3.8860144E+18
       100.6800016    3.0377008E+18
       114.2900019    1.6645982E+18
       119.7300019    1.3159806E+18
       122.4500020    1.1713600E+18
       125.1700020    1.0433672E+18
       127.8900021    9.3000631E+17
       130.6100021    8.2953493E+17
       133.3300022    7.4042955E+17
       136.0600022    6.6108281E+17
       146.9400024    1.7413733E+18
       149.6600024    1.6584088E+18
       155.1000025    1.4825813E+18
       157.8200026    1.3980516E+18
       160.5500026    1.3172647E+18
       165.9900027    1.1693125E+18
       171.4300028    1.0381065E+18
       176.8700029    9.2201678E+17
       179.5900029    8.6908230E+17
       182.3100030    8.1927209E+17
       185.0400030    7.7222179E+17
       187.7600031    7.2809158E+17
       190.4800031    6.8653231E+17
       195.9200032    6.1050005E+17
       198.6400032    5.7574095E+17
       204.0800033    6.4012543E+17
       206.8000034    6.1096143E+17
       209.5300034    5.8321065E+17
       212.2500035    5.5707361E+17
       214.9700035    5.3236927E+17
       220.4100036    4.8688244E+17
       225.8500037    4.4602510E+17
       236.7400038    3.7573102E+17
       247.6200040    3.1774804E+17
       258.5100042    2.6926578E+17
       272.1100044    2.1926427E+17
       285.7200046    1.7850422E+17
       299.3200049    1.4514816E+17
       312.9300051    1.1773961E+17
       340.1400055    7.6742149E+16
       353.7400058    6.1587477E+16
       380.9500062    3.9041240E+16
       394.5600064    3.0776376E+16
       408.1700066    2.4054104E+16
       435.3800071    1.4168652E+16
       462.5900075    7.6350270E+15
       476.1900077    5.2023575E+15
       489.8000080    3.0844364E+15
       503.4000082    5.1701981E+14
 
