       80.0000013    9.0234116E+18
        85.0000014    7.2849952E+18
        90.0000015    5.8871778E+18
        95.2390015    4.7181528E+18
       100.6800016    3.7587542E+18
       114.2900019    2.1559885E+18
       119.7300019    1.7352539E+18
       122.4500020    1.5583593E+18
       125.1700020    1.4004214E+18
       127.8900021    1.2592983E+18
       130.6100021    1.1331045E+18
       133.3300022    1.0201791E+18
       136.0600022    9.1870608E+17
       146.9400024    1.9648924E+18
       149.6600024    1.8797697E+18
       155.1000025    1.6963814E+18
       157.8200026    1.6073799E+18
       160.5500026    1.5219305E+18
       165.9900027    1.3645233E+18
       171.4300028    1.2239094E+18
       176.8700029    1.0985801E+18
       179.5900029    1.0411024E+18
       182.3100030    9.8680255E+17
       185.0400030    9.3530122E+17
       187.7600031    8.8679179E+17
       190.4800031    8.4090959E+17
       195.9200032    7.5640394E+17
       198.6400032    7.1749690E+17
       204.0800033    7.5620603E+17
       206.8000034    7.2233908E+17
       209.5300034    6.9007865E+17
       212.2500035    6.5970650E+17
       214.9700035    6.3103384E+17
       220.4100036    5.7837851E+17
       225.8500037    5.3128227E+17
       236.7400038    4.5080179E+17
       247.6200040    3.8497867E+17
       258.5100042    3.3029405E+17
       272.1100044    2.7408251E+17
       285.7200046    2.2818924E+17
       299.3200049    1.9036537E+17
       312.9300051    1.5890565E+17
       340.1400055    1.1062824E+17
       353.7400058    9.2163813E+16
       380.9500062    6.3630958E+16
       394.5600064    5.2700984E+16
       408.1700066    4.3539136E+16
       435.3800071    2.9458468E+16
       462.5900075    1.9635313E+16
       476.1900077    1.5914686E+16
       489.8000080    1.2815889E+16
       503.4000082    1.0240755E+16
       517.0100084    8.0979681E+15
       557.8300091    3.5768877E+15
       571.4300093    2.5071260E+15
       585.0400095    1.5428587E+15
 
