       80.0000013    8.7900526E+17
        85.0000014    5.7010018E+17
        90.0000015    3.7488612E+17
        95.2390015    2.4629511E+17
       100.6800016    1.6331300E+17
       114.2900019    6.6500263E+16
       119.7300019    4.8580538E+16
       122.4500020    4.1758936E+16
       125.1700020    3.5953332E+16
       127.8900021    3.0941683E+16
       130.6100021    2.6551020E+16
       133.3300022    2.2644805E+16
       136.0600022    1.9099526E+16
       146.9400024    4.3228391E+16
       149.6600024    1.2376269E+16
 
