       80.0000013    5.0414703E+18
        85.0000014    3.7912557E+18
        90.0000015    2.8607811E+18
        95.2390015    2.1377488E+18
       100.6800016    1.5859420E+18
       114.2900019    7.6522566E+17
       119.7300019    5.7635589E+17
       122.4500020    5.0115249E+17
       125.1700020    4.3636383E+17
       127.8900021    3.8051194E+17
       130.6100021    3.3233289E+17
       133.3300022    2.9074482E+17
       136.0600022    2.5469836E+17
       146.9400024    1.1686331E+18
       149.6600024    1.0900670E+18
       155.1000025    9.3870544E+17
       157.8200026    8.6953695E+17
       160.5500026    8.0490024E+17
       165.9900027    6.8968550E+17
       171.4300028    5.9071565E+17
       176.8700029    5.0573968E+17
       179.5900029    4.6786192E+17
       182.3100030    4.3275517E+17
       185.0400030    4.0009947E+17
       187.7600031    3.6994433E+17
       190.4800031    3.4199289E+17
       195.9200032    2.9207011E+17
       198.6400032    2.6981371E+17
       204.0800033    3.9217154E+17
       206.8000034    3.7085514E+17
       209.5300034    3.5041604E+17
       212.2500035    3.3108072E+17
       214.9700035    3.1275368E+17
       220.4100036    2.7893225E+17
       225.8500037    2.4854048E+17
       236.7400038    1.9653483E+17
       247.6200040    1.5438475E+17
       258.5100042    1.2016496E+17
       272.1100044    8.6435409E+16
       285.7200046    6.0596813E+16
       299.3200049    4.0856843E+16
       312.9300051    2.5630864E+16
 
