       80.0000013    1.0167073E+19
        85.0000014    8.5172497E+18
        90.0000015    7.1150211E+18
        95.2390015    5.8813003E+18
       100.6800016    4.8203552E+18
       114.2900019    2.9288568E+18
       119.7300019    2.4020882E+18
       122.4500020    2.1760369E+18
       125.1700020    1.9716892E+18
       127.8900021    1.7869304E+18
       130.6100021    1.6198471E+18
       133.3300022    1.4687103E+18
       136.0600022    1.3314825E+18
       146.9400024    2.0464811E+18
       149.6600024    1.9515318E+18
       155.1000025    1.7558191E+18
       157.8200026    1.6626830E+18
       160.5500026    1.5739139E+18
       165.9900027    1.4115467E+18
       171.4300028    1.2673245E+18
       176.8700029    1.1391018E+18
       179.5900029    1.0803161E+18
       182.3100030    1.0247531E+18
       185.0400030    9.7200264E+17
       187.7600031    9.2224719E+17
       190.4800031    8.7510254E+17
       195.9200032    7.8798274E+17
       198.6400032    7.4771223E+17
       204.0800033    7.5861093E+17
       206.8000034    7.2098544E+17
       209.5300034    6.8470966E+17
       212.2500035    6.5040635E+17
       214.9700035    6.1799803E+17
       220.4100036    5.5861984E+17
       225.8500037    5.0582861E+17
       236.7400038    4.1670250E+17
       247.6200040    3.4516615E+17
       258.5100042    2.8685444E+17
       272.1100044    2.2803875E+17
       285.7200046    1.8079203E+17
       299.3200049    1.4222678E+17
       312.9300051    1.1022885E+17
       340.1400055    6.0395920E+16
       353.7400058    4.0182834E+16
 
