       80.0000013    4.4264480E+18
        85.0000014    3.2339446E+18
        90.0000015    2.3582460E+18
        95.2390015    1.6896283E+18
       100.6800016    1.1908476E+18
       114.2900019    4.8568710E+17
       119.7300019    3.3586620E+17
       122.4500020    2.7864203E+17
       125.1700020    2.3080751E+17
       127.8900021    1.9089266E+17
       130.6100021    1.5764506E+17
       133.3300022    1.2999775E+17
       136.0600022    1.0696536E+17
       146.9400024    4.9822349E+17
       149.6600024    4.2690370E+17
       155.1000025    2.9669892E+17
       157.8200026    2.3757098E+17
       160.5500026    1.8062674E+17
       165.9900027    5.1850314E+16
 
