       80.0000013    5.9892273E+18
        85.0000014    4.5539413E+18
        90.0000015    3.4615842E+18
        95.2390015    2.5968422E+18
       100.6800016    1.9262768E+18
       114.2900019    9.0906865E+17
       119.7300019    6.7147519E+17
       122.4500020    5.7663640E+17
       125.1700020    4.9491365E+17
       127.8900021    4.2452979E+17
       130.6100021    3.6394910E+17
       133.3300022    3.1184314E+17
       136.0600022    2.6690920E+17
       146.9400024    9.4572651E+17
       149.6600024    8.6804306E+17
       155.1000025    7.1820718E+17
       157.8200026    6.4972733E+17
       160.5500026    5.8579080E+17
       165.9900027    4.7211215E+17
       171.4300028    3.7494807E+17
       176.8700029    2.9200545E+17
       179.5900029    2.5517179E+17
       182.3100030    2.2106807E+17
       185.0400030    1.8930506E+17
       187.7600031    1.5981572E+17
       190.4800031    1.3213018E+17
       195.9200032    7.9994694E+16
       198.6400032    5.2990817E+16
 
