       12.5000002    2.5408474E+18
        15.0000002    2.6823441E+18
        20.0000003    2.7990210E+18
        25.0000004    2.4378069E+18
        30.0000005    2.9847370E+18
        35.0000006    2.6223215E+18
        40.0000007    2.1443363E+18
        45.0000007    1.7009283E+18
        50.0000008    1.3510486E+18
        55.0000009    1.1134364E+18
        60.0000010    9.7203370E+17
        65.0000011    8.8696875E+17
        70.0000011    8.2289917E+17
        75.0000012    5.0126884E+18
        80.0000013    5.5822497E+18
        85.0000014    5.6384919E+18
        90.0000015    5.6743887E+18
        95.2390015    5.6136226E+18
       100.6800016    5.2969698E+18
       114.2900019    4.2623646E+18
       119.7300019    3.8713530E+18
       122.4500020    3.6839060E+18
       125.1700020    3.5021699E+18
       127.8900021    3.3263520E+18
       130.6100021    3.1566385E+18
       133.3300022    2.9931763E+18
       136.0600022    2.8354945E+18
       146.9400024    2.2710798E+18
       149.6600024    2.1457235E+18
       155.1000025    1.9131064E+18
       157.8200026    1.8055196E+18
       160.5500026    1.7031362E+18
       165.9900027    2.1148976E+18
       171.4300028    1.9528635E+18
       176.8700029    2.0619694E+18
       179.5900029    1.9924722E+18
       182.3100030    1.9173161E+18
       185.0400030    1.8412188E+18
       187.7600031    1.7671837E+18
       190.4800031    1.6960687E+18
       195.9200032    1.5637131E+18
       198.6400032    1.5022446E+18
       204.0800033    1.3880679E+18
       206.8000034    1.3351117E+18
       209.5300034    1.2845291E+18
       212.2500035    1.2365336E+18
       214.9700035    1.1907855E+18
       220.4100036    1.1054802E+18
       225.8500037    1.0276088E+18
       236.7400038    1.0320925E+18
       247.6200040    8.9427163E+17
       258.5100042    7.7622085E+17
       272.1100044    6.5527663E+17
       285.7200046    5.5810853E+17
       299.3200049    4.7955688E+17
       312.9300051    4.1540501E+17
       340.1400055    3.1860779E+17
       353.7400058    2.8166736E+17
       380.9500062    2.2343638E+17
       394.5600064    2.0022048E+17
       408.1700066    1.8001453E+17
       435.3800071    1.4671570E+17
       462.5900075    1.2060272E+17
       476.1900077    1.0962915E+17
       489.8000080    9.9792534E+16
       503.4000082    9.0965346E+16
       517.0100084    8.3013738E+16
       557.8300091    6.3507796E+16
       571.4300093    5.8201484E+16
       585.0400095    5.3384764E+16
       612.2500100    4.5038247E+16
       666.6700108    3.2388868E+16
       680.2800111    2.9887821E+16
       707.4900115    2.5790553E+16
       734.7000119    2.2159340E+16
       761.9100124    1.8995408E+16
       789.1200128    1.6340747E+16
       816.3300133    1.4104533E+16
       843.5400137    1.2213822E+16
       870.7500142    1.0609587E+16
       911.5700148    8.6375443E+15
       952.3900155    7.0772680E+15
       993.2000162    7.5341575E+15
      1020.4000166    6.5582481E+15
      1061.2000173    6.0254381E+15
      1088.4000177    5.2634953E+15
      1102.0000179    4.9252033E+15
      1115.7000181    4.6100010E+15
      1129.3000184    4.3203363E+15
      1142.9000186    4.0518735E+15
      1156.5000188    3.8028483E+15
      1170.1000190    3.5716594E+15
      1197.3000195    1.2573369E+16
      1210.9000197    1.1929854E+16
      1224.5000199    1.1310163E+16
      1227.2000200    1.1190983E+16
      1229.9000200    1.1073132E+16
      1232.7000200    1.0952328E+16
      1235.4000201    1.0837198E+16
      1238.1000201    1.0723401E+16
      1240.8000202    1.0610927E+16
      1243.5000202    1.0499769E+16
      1246.3000203    1.0385874E+16
      1249.0000203    1.0277363E+16
      1257.2000204    9.9556010E+15
      1259.9000205    9.8521718E+15
      1262.6000205    9.7499666E+15
      1270.8000207    9.4469073E+15
      1281.6000208    9.0640603E+15
      1289.8000210    8.7852386E+15
      1292.5000210    8.6955945E+15
      1295.2000211    8.6069990E+15
      1298.0000211    8.5162152E+15
      1300.7000212    8.4297135E+15
      1303.4000212    8.3442200E+15
      1306.1000212    8.2597214E+15
      1314.3000214    8.0090628E+15
      1330.6000216    7.5363303E+15
      1341.5000218    7.2381173E+15
      1355.1000220    6.8848932E+15
      1360.6000221    6.7477136E+15
      1371.4000223    6.4874021E+15
      1382.3000225    6.2363435E+15
      1390.5000226    6.0548430E+15
      1395.9000227    5.9386427E+15
      1404.1000228    5.7670716E+15
      1406.8000229    5.7118346E+15
      1409.5000229    5.6572064E+15
      1415.0000230    5.5477797E+15
      1417.7000231    5.4949554E+15
      1420.4000231    5.4427103E+15
      1423.1000231    5.3910376E+15
      1425.9000232    5.3380468E+15
      1428.6000232    5.2875171E+15
      1431.3000233    5.2375376E+15
      1436.7000234    5.1392049E+15
      1439.5000234    5.0890563E+15
      1442.2000235    5.0412324E+15
      1444.9000235    4.9939260E+15
      1447.6000235    4.9471307E+15
      1450.4000236    4.8991355E+15
      1453.1000236    4.8533619E+15
      1455.8000237    4.8080811E+15
      1458.5000237    4.7632862E+15
      1461.2000238    4.7189724E+15
      1466.7000239    4.6301648E+15
      1469.4000239    4.5872747E+15
      1472.1000239    4.5448415E+15
      1477.6000240    4.4597961E+15
      1480.3000241    4.4187187E+15
      1488.4000242    4.2980787E+15
      1491.2000242    4.2572623E+15
      1496.6000243    4.1797996E+15
      1551.0000252    3.4836493E+15
      1632.7000266    2.6739535E+15
      1823.1000296    1.4984989E+15
      2340.2000381    3.7234196E+14
      2829.9000460    1.0552194E+14
      3047.6000496    5.6660375E+13
      3700.7000602    0.0000000E+00
      4000.0000650    0.0000000E+00
      4680.3000761    0.0000000E+00
      5006.8000814    0.0000000E+00
      5387.8000876    0.0000000E+00
 
