       12.5000002    4.7654648E+18
        15.0000002    4.3027681E+18
        20.0000003    2.1073200E+18
        25.0000004    1.9953871E+18
        30.0000005    2.5379285E+18
        35.0000006    2.5705262E+18
        40.0000007    2.5542254E+18
        45.0000007    2.4068557E+18
        50.0000008    2.1083795E+18
        55.0000009    1.7170215E+18
        60.0000010    1.3324557E+18
        65.0000011    1.0277909E+18
        70.0000011    8.1851027E+17
        75.0000012    3.7185533E+18
        80.0000013    4.0700825E+18
        85.0000014    4.2149622E+18
        90.0000015    4.4420281E+18
        95.2390015    4.4574188E+18
       100.6800016    4.1871426E+18
       114.2900019    3.5641472E+18
       119.7300019    3.3757643E+18
       122.4500020    3.2868207E+18
       125.1700020    3.1998757E+18
       127.8900021    3.1142218E+18
       130.6100021    3.0293874E+18
       133.3300022    2.9450853E+18
       136.0600022    2.8608501E+18
       146.9400024    2.5289012E+18
       149.6600024    2.4472919E+18
       155.1000025    2.2866684E+18
       157.8200026    2.2079484E+18
       160.5500026    2.1301927E+18
       165.9900027    2.5292596E+18
       171.4300028    2.4135413E+18
       176.8700029    2.5017809E+18
       179.5900029    2.4507306E+18
       182.3100030    2.3836871E+18
       185.0400030    2.3074126E+18
       187.7600031    2.2279285E+18
       190.4800031    2.1489889E+18
       195.9200032    1.9976258E+18
       198.6400032    1.9248475E+18
       204.0800033    1.7867003E+18
       206.8000034    1.7219728E+18
       209.5300034    1.6599422E+18
       212.2500035    1.6009478E+18
       214.9700035    1.5446210E+18
       220.4100036    1.4394310E+18
       225.8500037    1.3433542E+18
       236.7400038    1.3883631E+18
       247.6200040    1.2360805E+18
       258.5100042    1.0938487E+18
       272.1100044    9.3915995E+17
       285.7200046    8.0874447E+17
       299.3200049    6.9889927E+17
       312.9300051    6.0620598E+17
       340.1400055    4.6200523E+17
       353.7400058    4.0616083E+17
       380.9500062    3.1845932E+17
       394.5600064    2.8401098E+17
       408.1700066    2.5445925E+17
       435.3800071    2.0692518E+17
       462.5900075    1.7085687E+17
       476.1900077    1.5602812E+17
       489.8000080    1.4288874E+17
       503.4000082    1.3120439E+17
       517.0100084    1.2074875E+17
       557.8300091    9.5227362E+16
       571.4300093    8.8267617E+16
       585.0400095    8.1921313E+16
       612.2500100    7.0815283E+16
       666.6700108    5.3517642E+16
       680.2800111    4.9994429E+16
       707.4900115    4.5562250E+16
       734.7000119    4.0498814E+16
       761.9100124    3.5277459E+16
       789.1200128    3.0844054E+16
       816.3300133    2.7055133E+16
       843.5400137    2.3800838E+16
       870.7500142    2.0993974E+16
       911.5700148    1.7471834E+16
       952.3900155    1.4615091E+16
       993.2000162    1.9205371E+16
      1020.4000166    1.6811548E+16
      1061.2000173    1.6503297E+16
      1088.4000177    1.4476799E+16
      1102.0000179    1.3573102E+16
      1115.7000181    1.2728750E+16
      1129.3000184    1.1950644E+16
      1142.9000186    1.1227566E+16
      1156.5000188    1.0555165E+16
      1170.1000190    9.9294340E+15
      1197.3000195    2.8630566E+16
      1210.9000197    2.7275918E+16
      1224.5000199    2.5970546E+16
      1227.2000200    2.5718992E+16
      1229.9000200    2.5470045E+16
      1232.7000200    2.5214641E+16
      1235.4000201    2.4971017E+16
      1238.1000201    2.4729999E+16
      1240.8000202    2.4491518E+16
      1243.5000202    2.4255662E+16
      1246.3000203    2.4013768E+16
      1249.0000203    2.3783089E+16
      1257.2000204    2.3097759E+16
      1259.9000205    2.2877038E+16
      1262.6000205    2.2658718E+16
      1270.8000207    2.2010114E+16
      1281.6000208    2.1187973E+16
      1289.8000210    2.0587245E+16
      1292.5000210    2.0393737E+16
      1295.2000211    2.0202319E+16
      1298.0000211    2.0005986E+16
      1300.7000212    1.9818742E+16
      1303.4000212    1.9633509E+16
      1306.1000212    1.9450268E+16
      1314.3000214    1.8905709E+16
      1330.6000216    1.7874550E+16
      1341.5000218    1.7221184E+16
      1355.1000220    1.6444287E+16
      1360.6000221    1.6141665E+16
      1371.4000223    1.5565978E+16
      1382.3000225    1.5008932E+16
      1390.5000226    1.4605072E+16
      1395.9000227    1.4345996E+16
      1404.1000228    1.3962712E+16
      1406.8000229    1.3839120E+16
      1409.5000229    1.3716796E+16
      1415.0000230    1.3471482E+16
      1417.7000231    1.3352922E+16
      1420.4000231    1.3235573E+16
      1423.1000231    1.3119421E+16
      1425.9000232    1.3000216E+16
      1428.6000232    1.2886460E+16
      1431.3000233    1.2773859E+16
      1436.7000234    1.2552072E+16
      1439.5000234    1.2438836E+16
      1442.2000235    1.2330770E+16
      1444.9000235    1.2223793E+16
      1447.6000235    1.2117895E+16
      1450.4000236    1.2009201E+16
      1453.1000236    1.1905463E+16
      1455.8000237    1.1802766E+16
      1458.5000237    1.1701099E+16
      1461.2000238    1.1600451E+16
      1466.7000239    1.1398530E+16
      1469.4000239    1.1300905E+16
      1472.1000239    1.1204253E+16
      1477.6000240    1.1010332E+16
      1480.3000241    1.0916569E+16
      1488.4000242    1.0640813E+16
      1491.2000242    1.0547384E+16
      1496.6000243    1.0369889E+16
      1551.0000252    8.7632618E+15
      1632.7000266    6.8648610E+15
      1823.1000296    4.0317526E+15
      2340.2000381    1.1590195E+15
      2829.9000460    4.3224846E+14
      3047.6000496    2.9059480E+14
      3700.7000602    9.0900936E+13
      4000.0000650    5.6478526E+13
      4680.3000761    1.5563900E+13
      5006.8000814    2.1240265E+12
      5387.8000876    0.0000000E+00
 
