       12.5000002    2.1538425E+18
        15.0000002    3.1698788E+18
        20.0000003    3.1774377E+18
        25.0000004    2.6518151E+18
        30.0000005    2.9564306E+18
        35.0000006    2.3259061E+18
        40.0000007    1.8151975E+18
        45.0000007    1.4717918E+18
        50.0000008    1.2522961E+18
        55.0000009    1.1233479E+18
        60.0000010    1.0405309E+18
        65.0000011    9.6521982E+17
        70.0000011    8.8116078E+17
        75.0000012    5.7017023E+18
        80.0000013    6.2945864E+18
        85.0000014    6.2713884E+18
        90.0000015    6.2009333E+18
        95.2390015    5.9974918E+18
       100.6800016    5.5170426E+18
       114.2900019    4.1625146E+18
       119.7300019    3.6873651E+18
       122.4500020    3.4663308E+18
       125.1700020    3.2561809E+18
       127.8900021    3.0567289E+18
       130.6100021    2.8677550E+18
       133.3300022    2.6889975E+18
       136.0600022    2.5195507E+18
       146.9400024    1.9365701E+18
       149.6600024    1.8120128E+18
       155.1000025    1.5856004E+18
       157.8200026    1.4829695E+18
       160.5500026    1.3865413E+18
       165.9900027    1.8552706E+18
       171.4300028    1.7066105E+18
       176.8700029    1.8534889E+18
       179.5900029    1.7898896E+18
       182.3100030    1.7211394E+18
       185.0400030    1.6515208E+18
       187.7600031    1.5837429E+18
       190.4800031    1.5185697E+18
       195.9200032    1.3970705E+18
       198.6400032    1.3405442E+18
       204.0800033    1.2353316E+18
       206.8000034    1.1864290E+18
       209.5300034    1.1396558E+18
       212.2500035    1.0952197E+18
       214.9700035    1.0528163E+18
       220.4100036    9.7363569E+17
       225.8500037    9.0125532E+17
       236.7400038    8.8350714E+17
       247.6200040    7.6303111E+17
       258.5100042    6.6251217E+17
       272.1100044    5.6067829E+17
       285.7200046    4.7921702E+17
       299.3200049    4.1331188E+17
       312.9300051    3.5922072E+17
       340.1400055    2.7659060E+17
       353.7400058    2.4456508E+17
       380.9500062    1.9337972E+17
       394.5600064    1.7273223E+17
       408.1700066    1.5466775E+17
       435.3800071    1.2477834E+17
       462.5900075    1.0134559E+17
       476.1900077    9.1536748E+16
       489.8000080    8.2780366E+16
       503.4000082    7.4961138E+16
       517.0100084    6.7957309E+16
       557.8300091    5.0986639E+16
       571.4300093    4.6434932E+16
       585.0400095    4.2332310E+16
       612.2500100    3.5297042E+16
       666.6700108    2.4846167E+16
       680.2800111    2.2815029E+16
       707.4900115    1.9412773E+16
       734.7000119    1.6508755E+16
       761.9100124    1.4050260E+16
       789.1200128    1.2004092E+16
       816.3300133    1.0293807E+16
       843.5400137    8.8584264E+15
       870.7500142    7.6490243E+15
       911.5700148    6.1743585E+15
       952.3900155    5.0182226E+15
       993.2000162    5.0008790E+15
      1020.4000166    4.3428688E+15
      1061.2000173    3.8925450E+15
      1088.4000177    3.3937825E+15
      1102.0000179    3.1725358E+15
      1115.7000181    2.9665108E+15
      1129.3000184    2.7772883E+15
      1142.9000186    2.6020176E+15
      1156.5000188    2.4395318E+15
      1170.1000190    2.2887717E+15
      1197.3000195    8.5368719E+15
      1210.9000197    8.0827886E+15
      1224.5000199    7.6460436E+15
      1227.2000200    7.5621317E+15
      1229.9000200    7.4791863E+15
      1232.7000200    7.3941931E+15
      1235.4000201    7.3132234E+15
      1238.1000201    7.2332194E+15
      1240.8000202    7.1541775E+15
      1243.5000202    7.0760902E+15
      1246.3000203    6.9961109E+15
      1249.0000203    6.9199423E+15
      1257.2000204    6.6942617E+15
      1259.9000205    6.6217755E+15
      1262.6000205    6.5501746E+15
      1270.8000207    6.3380328E+15
      1281.6000208    6.0704118E+15
      1289.8000210    5.8757778E+15
      1292.5000210    5.8132511E+15
      1295.2000211    5.7514804E+15
      1298.0000211    5.6882091E+15
      1300.7000212    5.6279469E+15
      1303.4000212    5.5684101E+15
      1306.1000212    5.5095889E+15
      1314.3000214    5.3352390E+15
      1330.6000216    5.0070020E+15
      1341.5000218    4.8003491E+15
      1355.1000220    4.5560052E+15
      1360.6000221    4.4612413E+15
      1371.4000223    4.2816263E+15
      1382.3000225    4.1086637E+15
      1390.5000226    3.9837915E+15
      1395.9000227    3.9039234E+15
      1404.1000228    3.7861100E+15
      1406.8000229    3.7482094E+15
      1409.5000229    3.7107409E+15
      1415.0000230    3.6357301E+15
      1417.7000231    3.5995407E+15
      1420.4000231    3.5637617E+15
      1423.1000231    3.5283876E+15
      1425.9000232    3.4921260E+15
      1428.6000232    3.4575614E+15
      1431.3000233    3.4233864E+15
      1436.7000234    3.3561857E+15
      1439.5000234    3.3219339E+15
      1442.2000235    3.2892825E+15
      1444.9000235    3.2569966E+15
      1447.6000235    3.2250716E+15
      1450.4000236    3.1923402E+15
      1453.1000236    3.1611365E+15
      1455.8000237    3.1302798E+15
      1458.5000237    3.0997659E+15
      1461.2000238    3.0695908E+15
      1466.7000239    3.0091529E+15
      1469.4000239    2.9799804E+15
      1472.1000239    2.9511297E+15
      1477.6000240    2.8933393E+15
      1480.3000241    2.8654422E+15
      1488.4000242    2.7835718E+15
      1491.2000242    2.7558931E+15
      1496.6000243    2.7033936E+15
      1551.0000252    2.2334506E+15
      1632.7000266    1.6917769E+15
      1823.1000296    9.1053568E+14
      2340.2000381    1.9095841E+14
      2829.9000460    3.4813516E+13
      3047.6000496    4.9537493E+12
      3700.7000602    0.0000000E+00
      4000.0000650    0.0000000E+00
 
