       12.5000002    4.4219524E+18
        15.0000002    5.7578873E+18
        20.0000003    3.0069645E+18
        25.0000004    2.2653228E+18
        30.0000005    2.9824426E+18
        35.0000006    2.7263262E+18
        40.0000007    2.3229503E+18
        45.0000007    1.8925885E+18
        50.0000008    1.5194647E+18
        55.0000009    1.2445794E+18
        60.0000010    1.0578952E+18
        65.0000011    9.2751880E+17
        70.0000011    8.2622059E+17
        75.0000012    5.2333719E+18
        80.0000013    4.8944452E+18
        85.0000014    4.0429919E+18
        90.0000015    3.2430843E+18
        95.2390015    2.5406657E+18
       100.6800016    1.9558304E+18
       114.2900019    1.0328673E+18
       119.7300019    8.1132475E+17
       122.4500020    7.2163903E+17
       125.1700020    6.4348904E+17
       127.8900021    5.7530276E+17
       130.6100021    5.1572449E+17
       133.3300022    4.6358540E+17
       136.0600022    4.1772137E+17
       146.9400024    2.8364570E+17
       149.6600024    2.5927630E+17
       155.1000025    2.1838375E+17
       157.8200026    2.0120202E+17
       160.5500026    1.8577852E+17
       165.9900027    5.8619638E+17
       171.4300028    5.1317413E+17
       176.8700029    6.1766426E+17
       179.5900029    5.7796234E+17
       182.3100030    5.3966092E+17
       185.0400030    5.0352458E+17
       187.7600031    4.7001655E+17
       190.4800031    4.3893796E+17
       195.9200032    3.8343674E+17
       198.6400032    3.5866908E+17
       204.0800033    3.1432323E+17
       206.8000034    2.9447447E+17
       209.5300034    2.7594856E+17
       212.2500035    2.5877319E+17
       214.9700035    2.4277887E+17
       220.4100036    2.1398766E+17
       225.8500037    1.8894410E+17
       236.7400038    3.3427785E+17
       247.6200040    2.8359260E+17
       258.5100042    2.4051472E+17
       272.1100044    1.9640410E+17
       285.7200046    1.6098749E+17
       299.3200049    1.3248904E+17
       312.9300051    1.0943389E+17
       340.1400055    7.5503730E+16
       353.7400058    6.3060041E+16
       380.9500062    4.4444266E+16
       394.5600064    3.7499707E+16
       408.1700066    3.1744166E+16
       435.3800071    2.2966328E+16
       462.5900075    1.6814795E+16
       476.1900077    1.4448958E+16
       489.8000080    1.2447469E+16
       503.4000082    1.0751498E+16
       517.0100084    9.3079608E+15
       557.8300091    6.1205652E+15
       571.4300093    5.3439760E+15
       585.0400095    4.6737984E+15
       612.2500100    3.5928013E+15
       666.6700108    2.1571025E+15
       680.2800111    1.9036188E+15
       707.4900115    1.4860989E+15
       734.7000119    1.1623442E+15
       761.9100124    9.2149765E+14
       789.1200128    7.2339322E+14
       816.3300133    5.6726223E+14
       843.5400137    4.4366482E+14
       870.7500142    3.4543539E+14
       911.5700148    2.3401215E+14
       952.3900155    1.5413928E+14
       993.2000162    9.2208728E+13
      1020.4000166    6.3214004E+13
      1061.2000173    3.1063223E+13
      1088.4000177    9.0155138E+12
      1102.0000179    0.0000000E+00
 
