       12.5000002    4.4596651E+18
        15.0000002    6.7042722E+18
        20.0000003    5.4190074E+18
        25.0000004    3.8631209E+18
        30.0000005    3.6627913E+18
        35.0000006    3.0492575E+18
        40.0000007    2.4802209E+18
        45.0000007    1.9422742E+18
        50.0000008    1.4921043E+18
        55.0000009    1.1479525E+18
        60.0000010    8.9621303E+17
        65.0000011    7.1355178E+17
        70.0000011    5.7888071E+17
        75.0000012    8.3776024E+17
        80.0000013    6.2638696E+17
        85.0000014    4.7490419E+17
        90.0000015    3.6870796E+17
        95.2390015    2.8913143E+17
       100.6800016    2.2878971E+17
       114.2900019    1.3430547E+17
       119.7300019    1.1000256E+17
       122.4500020    9.9742979E+16
       125.1700020    9.0536493E+16
       127.8900021    8.2256939E+16
       130.6100021    7.4797010E+16
       133.3300022    6.8064533E+16
       136.0600022    6.1958541E+16
       146.9400024    4.2839232E+16
       149.6600024    3.9109242E+16
       155.1000025    3.2631794E+16
       157.8200026    2.9821949E+16
       160.5500026    2.7252910E+16
       165.9900027    3.8399705E+16
       171.4300028    3.1154784E+16
       176.8700029    3.0768441E+16
       179.5900029    2.7657929E+16
       182.3100030    2.4851991E+16
       185.0400030    2.2322496E+16
       187.7600031    2.0062604E+16
       190.4800031    1.8036554E+16
       195.9200032    1.4590414E+16
       198.6400032    1.3127913E+16
       204.0800033    1.0634086E+16
       206.8000034    9.5725447E+15
       209.5300034    8.6138833E+15
       212.2500035    7.7538644E+15
       214.9700035    6.9788118E+15
       220.4100036    5.6490792E+15
       225.8500037    4.5646875E+15
       236.7400038    1.8722465E+16
       247.6200040    1.2474347E+16
       258.5100042    7.7021734E+15
       272.1100044    3.0222077E+15
 
