       12.5000002    3.8316328E+18
        15.0000002    5.4041046E+18
        20.0000003    3.8764792E+18
        25.0000004    2.2150462E+18
        30.0000005    2.2716061E+18
        35.0000006    2.2065317E+18
        40.0000007    2.0763883E+18
        45.0000007    1.8752608E+18
        50.0000008    1.6217486E+18
        55.0000009    1.3480223E+18
        60.0000010    1.1019014E+18
        65.0000011    9.1064783E+17
        70.0000011    7.7362209E+17
        75.0000012    6.5425824E+18
        80.0000013    6.6049654E+18
        85.0000014    5.8605883E+18
        90.0000015    5.0458925E+18
        95.2390015    4.2204320E+18
       100.6800016    3.4260068E+18
       114.2900019    1.9949571E+18
       119.7300019    1.6110826E+18
       122.4500020    1.4492879E+18
       125.1700020    1.3047818E+18
       127.8900021    1.1757200E+18
       130.6100021    1.0604459E+18
       133.3300022    9.5747294E+17
       136.0600022    8.6514956E+17
       146.9400024    5.8492397E+17
       149.6600024    5.3225368E+17
       155.1000025    4.4274097E+17
       157.8200026    4.0476383E+17
       160.5500026    3.7053425E+17
       165.9900027    9.4730747E+17
       171.4300028    8.5256798E+17
       176.8700029    1.0269861E+18
       179.5900029    9.7487862E+17
       182.3100030    9.2159161E+17
       185.0400030    8.6957956E+17
       187.7600031    8.2025547E+17
       190.4800031    7.7373905E+17
       195.9200032    6.8899439E+17
       198.6400032    6.5046373E+17
       204.0800033    5.8030032E+17
       206.8000034    5.4837881E+17
       209.5300034    5.1827254E+17
       212.2500035    4.9007412E+17
       214.9700035    4.6355166E+17
       220.4100036    4.1510570E+17
       225.8500037    3.7215400E+17
       236.7400038    4.7940006E+17
       247.6200040    4.1419926E+17
       258.5100042    3.5872842E+17
       272.1100044    3.0111851E+17
       285.7200046    2.5383576E+17
       299.3200049    2.1480770E+17
       312.9300051    1.8236177E+17
       340.1400055    1.3262373E+17
       353.7400058    1.1357585E+17
       380.9500062    8.3936572E+16
       394.5600064    7.2426403E+16
       408.1700066    6.2647544E+16
       435.3800071    4.7212759E+16
       462.5900075    3.5908935E+16
       476.1900077    3.1422515E+16
       489.8000080    2.7553100E+16
       503.4000082    2.4213488E+16
       517.0100084    2.1320490E+16
       557.8300091    1.4730231E+16
       571.4300093    1.3072350E+16
       585.0400095    1.1621156E+16
       612.2500100    9.2334614E+15
       666.6700108    5.9452414E+15
       680.2800111    5.3459211E+15
       707.4900115    4.3436789E+15
       734.7000119    3.5467671E+15
       761.9100124    2.9102712E+15
       789.1200128    2.3992766E+15
       816.3300133    1.9866281E+15
       843.5400137    1.6515325E+15
       870.7500142    1.3779667E+15
       911.5700148    1.0565391E+15
       952.3900155    8.1516345E+14
       993.2000162    6.6962553E+14
      1020.4000166    5.6442937E+14
      1061.2000173    4.5374830E+14
      1088.4000177    3.8315071E+14
      1102.0000179    3.5221034E+14
      1115.7000181    3.2362810E+14
      1129.3000184    2.9758959E+14
      1142.9000186    2.7366985E+14
      1156.5000188    2.5168198E+14
      1170.1000190    2.3145741E+14
      1197.3000195    9.5987808E+14
      1210.9000197    8.8636683E+14
      1224.5000199    8.1693801E+14
      1227.2000200    8.0372320E+14
      1229.9000200    7.9069925E+14
      1232.7000200    7.7739378E+14
      1235.4000201    7.6475564E+14
      1238.1000201    7.5230500E+14
      1240.8000202    7.4003978E+14
      1243.5000202    7.2795790E+14
      1246.3000203    7.1562000E+14
      1249.0000203    7.0390494E+14
      1257.2000204    6.6939783E+14
      1259.9000205    6.5838050E+14
      1262.6000205    6.4752987E+14
      1270.8000207    6.1557297E+14
      1281.6000208    5.7568218E+14
      1289.8000210    5.4698123E+14
      1292.5000210    5.3781852E+14
      1295.2000211    5.2879470E+14
      1298.0000211    5.1958108E+14
      1300.7000212    5.1083368E+14
      1303.4000212    5.0221885E+14
      1306.1000212    4.9373458E+14
      1314.3000214    4.6874770E+14
      1330.6000216    4.2239171E+14
      1341.5000218    3.9369475E+14
      1355.1000220    3.6028612E+14
      1360.6000221    3.4748983E+14
      1371.4000223    3.2349526E+14
      1382.3000225    3.0072606E+14
      1390.5000226    2.8450407E+14
      1395.9000227    2.7422786E+14
      1404.1000228    2.5921649E+14
      1406.8000229    2.5442569E+14
      1409.5000229    2.4970832E+14
      1415.0000230    2.4032157E+14
      1417.7000231    2.3582070E+14
      1420.4000231    2.3138903E+14
      1423.1000231    2.2702555E+14
      1425.9000232    1.7692923E+14
      1428.6000232    1.7327903E+14
      1431.3000233    1.6969102E+14
      1436.7000234    1.6269786E+14
      1439.5000234    1.5916573E+14
      1442.2000235    1.5581925E+14
      1444.9000235    1.5253026E+14
      1447.6000235    1.4929790E+14
      1450.4000236    1.4600464E+14
      1453.1000236    1.4288485E+14
      1455.8000237    1.3981905E+14
      1458.5000237    1.3680638E+14
      1461.2000238    1.3384600E+14
      1466.7000239    1.2797403E+14
      1469.4000239    1.2516756E+14
      1472.1000239    1.2241018E+14
      1477.6000240    1.1694198E+14
      1480.3000241    1.1432904E+14
      1488.4000242    1.0676379E+14
      1491.2000242    1.0424157E+14
      1496.6000243    9.9507950E+13
      1551.0000252    4.1687582E+13
      1632.7000266    0.0000000E+00
 
