       80.0000013    9.5940713E+18
        85.0000014    7.8099355E+18
        90.0000015    6.3639299E+18
        95.2390015    5.1448436E+18
       100.6800016    4.1360733E+18
       114.2900019    2.4279372E+18
       119.7300019    1.9728747E+18
       122.4500020    1.7803896E+18
       125.1700020    1.6078497E+18
       127.8900021    1.4530629E+18
       130.6100021    1.3140927E+18
       133.3300022    1.1892267E+18
       136.0600022    1.0765588E+18
       146.9400024    2.1666782E+18
       149.6600024    2.0781744E+18
       155.1000025    1.8868833E+18
       157.8200026    1.7938527E+18
       160.5500026    1.7044310E+18
       165.9900027    1.5394246E+18
       171.4300028    1.3916502E+18
       176.8700029    1.2595537E+18
       179.5900029    1.1988177E+18
       182.3100030    1.1413325E+18
       185.0400030    1.0866999E+18
       187.7600031    1.0351295E+18
       190.4800031    9.8623925E+17
       195.9200032    8.9585727E+17
       198.6400032    8.5407397E+17
       204.0800033    8.9336096E+17
       206.8000034    8.5582879E+17
       209.5300034    8.1985724E+17
       212.2500035    7.8587147E+17
       214.9700035    7.5371117E+17
       220.4100036    6.9450700E+17
       225.8500037    6.4142746E+17
       236.7400038    5.5050482E+17
       247.6200040    4.7597807E+17
       258.5100042    4.1396053E+17
       272.1100044    3.5009117E+17
       285.7200046    2.9778170E+17
       299.3200049    2.5445123E+17
       312.9300051    2.1814311E+17
       340.1400055    1.6152406E+17
       353.7400058    1.3937524E+17
       380.9500062    1.0418544E+17
       394.5600064    9.0232160E+16
       408.1700066    7.8232348E+16
       435.3800071    5.8999841E+16
       462.5900075    4.4681734E+16
       476.1900077    3.8947549E+16
       489.8000080    3.3981985E+16
       503.4000082    2.9684140E+16
       517.0100084    2.5954979E+16
       557.8300091    1.7462210E+16
       571.4300093    1.5333728E+16
       585.0400095    1.3476804E+16
       612.2500100    1.0441206E+16
       666.6700108    6.3329352E+15
       680.2800111    5.5992936E+15
       707.4900115    4.3861481E+15
       734.7000119    3.4436573E+15
       761.9100124    2.7086327E+15
       789.1200128    2.1333849E+15
       816.3300133    1.6817420E+15
       843.5400137    1.3261267E+15
       870.7500142    1.0454077E+15
       911.5700148    7.3016001E+14
       952.3900155    5.0736690E+14
       993.2000162    3.4933106E+14
      1020.4000166    2.7016822E+14
      1061.2000173    1.8010096E+14
      1088.4000177    1.3452731E+14
      1102.0000179    1.1511036E+14
      1115.7000181    9.7444965E+13
      1129.3000184    8.1523219E+13
      1142.9000186    6.6939708E+13
      1156.5000188    5.3387534E+13
      1170.1000190    4.0442758E+13
      1197.3000195    1.0128004E+13
 
