       80.0000013    1.0400421E+19
        85.0000014    8.6142811E+18
        90.0000015    7.1343599E+18
        95.2390015    5.8607070E+18
       100.6800016    4.7859460E+18
       114.2900019    2.9125082E+18
       119.7300019    2.3988315E+18
       122.4500020    2.1791614E+18
       125.1700020    1.9808764E+18
       127.8900021    1.8017697E+18
       130.6100021    1.6398724E+18
       133.3300022    1.4934283E+18
       136.0600022    1.3604069E+18
       146.9400024    2.3414842E+18
       149.6600024    2.2469881E+18
       155.1000025    2.0451570E+18
       157.8200026    1.9474606E+18
       160.5500026    1.8537020E+18
       165.9900027    1.6809293E+18
       171.4300028    1.5263280E+18
       176.8700029    1.3881128E+18
       179.5900029    1.3245278E+18
       182.3100030    1.2643084E+18
       185.0400030    1.2070312E+18
       187.7600031    1.1529117E+18
       190.4800031    1.1015465E+18
       195.9200032    1.0063988E+18
       198.6400032    9.6230941E+17
       204.0800033    1.0020651E+18
       206.8000034    9.6070406E+17
       209.5300034    9.2054962E+17
       212.2500035    8.8237389E+17
       214.9700035    8.4613563E+17
       220.4100036    7.7930189E+17
       225.8500037    7.1937067E+17
       236.7400038    6.1693817E+17
       247.6200040    5.3340690E+17
       258.5100042    4.6434211E+17
       272.1100044    3.9374711E+17
       285.7200046    3.3636486E+17
       299.3200049    2.8910019E+17
       312.9300051    2.4962061E+17
       340.1400055    1.8803448E+17
       353.7400058    1.6381543E+17
       380.9500062    1.2496969E+17
       394.5600064    1.0937095E+17
       408.1700066    9.5828881E+16
       435.3800071    7.3800346E+16
       462.5900075    5.7051717E+16
       476.1900077    5.0234028E+16
       489.8000080    4.4267949E+16
       503.4000082    3.9050495E+16
       517.0100084    3.4477292E+16
       557.8300091    2.3866128E+16
       571.4300093    2.1154054E+16
       585.0400095    1.8766499E+16
       612.2500100    1.4813302E+16
       666.6700108    9.3335502E+15
       680.2800111    8.3339132E+15
       707.4900115    6.6617257E+15
       734.7000119    5.3420825E+15
       761.9100124    4.2965333E+15
       789.1200128    3.4649563E+15
       816.3300133    2.8011095E+15
       843.5400137    2.2692903E+15
       870.7500142    1.8418213E+15
       911.5700148    1.3504138E+15
       952.3900155    9.9243373E+14
       993.2000162    7.3025275E+14
      1020.4000166    5.9522214E+14
      1061.2000173    4.3753734E+14
      1088.4000177    3.5584472E+14
      1102.0000179    3.2069269E+14
      1115.7000181    2.8862465E+14
      1129.3000184    2.5978591E+14
      1142.9000186    2.3364186E+14
      1156.5000188    2.0993243E+14
      1170.1000190    1.8842307E+14
      1197.3000195    1.5117807E+14
      1210.9000197    1.3507799E+14
      1224.5000199    1.2044490E+14
      1227.2000200    1.1770162E+14
      1229.9000200    1.1500950E+14
      1232.7000200    1.1227055E+14
      1235.4000201    1.0967937E+14
      1238.1000201    1.0713621E+14
      1240.8000202    1.0464012E+14
      1243.5000202    1.0219010E+14
      1246.3000203    9.9697012E+13
      1249.0000203    9.7337985E+13
      1257.2000204    9.8385143E+13
      1259.9000205    9.6006746E+13
      1262.6000205    9.3642954E+13
      1270.8000207    8.6661233E+13
      1281.6000208    7.8015539E+13
      1289.8000210    7.4944252E+13
      1292.5000210    7.2911382E+13
      1295.2000211    7.0905280E+13
      1298.0000211    6.8857654E+13
      1300.7000212    6.6916681E+13
      1303.4000212    6.5009204E+13
      1306.1000212    6.3135117E+13
      1314.3000214    5.7642538E+13
      1330.6000216    4.7540653E+13
      1341.5000218    4.1311390E+13
      1355.1000220    3.4014744E+13
      1360.6000221    3.1181941E+13
      1371.4000223    2.5747029E+13
      1382.3000225    2.0300524E+13
      1390.5000226    1.6055451E+13
      1395.9000227    1.3043685E+13
      1404.1000228    7.4739336E+12
      1406.8000229    4.7734074E+12
 
