       80.0000013    1.1299406E+19
        85.0000014    9.6478627E+18
        90.0000015    8.2232755E+18
        95.2390015    6.9492884E+18
       100.6800016    5.8337816E+18
       114.2900019    3.7789486E+18
       119.7300019    3.1847002E+18
       122.4500020    2.9255124E+18
       125.1700020    2.6886512E+18
       127.8900021    2.4721266E+18
       130.6100021    2.2741189E+18
       133.3300022    2.0929690E+18
       136.0600022    1.9265831E+18
       146.9400024    2.6807490E+18
       149.6600024    2.5688363E+18
       155.1000025    2.3368413E+18
       157.8200026    2.2263017E+18
       160.5500026    2.1209691E+18
       165.9900027    1.9284663E+18
       171.4300028    1.7577073E+18
       176.8700029    1.6060551E+18
       179.5900029    1.5365608E+18
       182.3100030    1.4708797E+18
       185.0400030    1.4085119E+18
       187.7600031    1.3496597E+18
       190.4800031    1.2938555E+18
       195.9200032    1.1905614E+18
       198.6400032    1.1427010E+18
       204.0800033    1.2176969E+18
       206.8000034    1.1719869E+18
       209.5300034    1.1255041E+18
       212.2500035    1.0802492E+18
       214.9700035    1.0366972E+18
       220.4100036    9.5543121E+17
       225.8500037    8.8189766E+17
       236.7400038    7.5540256E+17
       247.6200040    6.5195473E+17
       258.5100042    5.6659721E+17
       272.1100044    4.7992006E+17
       285.7200046    4.1022487E+17
       299.3200049    3.5353539E+17
       312.9300051    3.0676409E+17
       340.1400055    2.3483673E+17
       353.7400058    2.0679982E+17
       380.9500062    1.6183148E+17
       394.5600064    1.4365669E+17
       408.1700066    1.2775232E+17
       435.3800071    1.0147427E+17
       462.5900075    8.0962049E+16
       476.1900077    7.2420708E+16
       489.8000080    6.4828726E+16
       503.4000082    5.8082728E+16
       517.0100084    5.2073764E+16
       557.8300091    3.7694540E+16
       571.4300093    3.3896283E+16
       585.0400095    3.0500648E+16
       612.2500100    2.4752375E+16
       666.6700108    1.6448728E+16
       680.2800111    1.4878801E+16
       707.4900115    1.2202888E+16
       734.7000119    1.0038612E+16
       761.9100124    8.2830211E+15
       789.1200128    6.8546642E+15
       816.3300133    5.6890423E+15
       843.5400137    4.7349035E+15
       870.7500142    3.9514824E+15
       911.5700148    3.0270774E+15
       952.3900155    2.3316124E+15
       993.2000162    1.8050740E+15
      1020.4000166    1.5258627E+15
      1061.2000173    1.1900239E+15
      1088.4000177    1.0104064E+15
      1102.0000179    9.3157170E+14
      1115.7000181    8.5868630E+14
      1129.3000184    7.9224437E+14
      1142.9000186    7.3117805E+14
      1156.5000188    6.7502256E+14
      1170.1000190    6.2335612E+14
      1197.3000195    5.3199475E+14
      1210.9000197    4.9163601E+14
      1224.5000199    4.5443237E+14
      1227.2000200    4.4739849E+14
      1229.9000200    4.4047661E+14
      1232.7000200    4.3341468E+14
      1235.4000201    4.2671517E+14
      1238.1000201    4.2012206E+14
      1240.8000202    4.1363347E+14
      1243.5000202    4.0724773E+14
      1246.3000203    4.0073219E+14
      1249.0000203    3.9455056E+14
      1257.2000204    4.3823404E+14
      1259.9000205    4.3164173E+14
      1262.6000205    4.2493400E+14
      1270.8000207    4.0470453E+14
      1281.6000208    3.7927319E+14
      1289.8000210    3.8808174E+14
      1292.5000210    3.8191557E+14
      1295.2000211    3.7576377E+14
      1298.0000211    3.6944255E+14
      1300.7000212    3.6342473E+14
      1303.4000212    3.5749338E+14
      1306.1000212    3.5165323E+14
      1314.3000214    3.3448729E+14
      1330.6000216    3.0283858E+14
      1341.5000218    2.8338758E+14
      1355.1000220    2.6088057E+14
      1360.6000221    2.5229901E+14
      1371.4000223    2.3626585E+14
      1382.3000225    2.2112124E+14
      1390.5000226    2.1037228E+14
      1395.9000227    2.0358043E+14
      1404.1000228    1.9368262E+14
      1406.8000229    1.9052956E+14
      1409.5000229    1.8742754E+14
      1415.0000230    1.8126284E+14
      1417.7000231    1.7831050E+14
      1420.4000231    1.7540581E+14
      1423.1000231    1.7254791E+14
      1425.9000232    1.6963279E+14
      1428.6000232    1.6686783E+14
      1431.3000233    1.6414734E+14
      1436.7000234    1.5883673E+14
      1439.5000234    1.5614998E+14
      1442.2000235    1.5360147E+14
      1444.9000235    1.5109378E+14
      1447.6000235    1.4862622E+14
      1450.4000236    1.4610895E+14
      1453.1000236    1.4372106E+14
      1455.8000237    8.4139604E+14
      1458.5000237    8.3498520E+14
      1461.2000238    8.2598033E+14
      1466.7000239    8.0389144E+14
      1469.4000239    7.9233664E+14
      1472.1000239    7.8066037E+14
      1477.6000240    7.5694249E+14
      1480.3000241    7.4544123E+14
      1488.4000242    7.1175359E+14
      1491.2000242    7.0041797E+14
      1496.6000243    6.7901420E+14
      1551.0000252    4.9401717E+14
      1632.7000266    2.9860844E+14
      1823.1000296    6.1090432E+13
 
