       80.0000013    6.2714075E+17
        85.0000014    4.2124345E+17
        90.0000015    2.9120627E+17
        95.2390015    2.0454538E+17
       100.6800016    1.4707756E+17
       114.2900019    7.4526453E+16
       119.7300019    5.9311334E+16
       122.4500020    5.3238383E+16
       125.1700020    4.7937586E+16
       127.8900021    4.3272547E+16
       130.6100021    3.9136403E+16
       133.3300022    3.5445240E+16
       136.0600022    3.2120931E+16
       146.9400024    1.5207320E+17
       149.6600024    1.3166477E+17
       155.1000025    9.8302816E+16
       157.8200026    8.4788693E+16
       160.5500026    7.2993124E+16
       165.9900027    5.3890917E+16
       171.4300028    3.9457697E+16
       176.8700029    2.8567352E+16
       179.5900029    2.4173764E+16
       182.3100030    2.0360769E+16
       185.0400030    1.7040325E+16
       187.7600031    1.4169413E+16
       190.4800031    1.1675147E+16
       195.9200032    7.6071919E+15
       198.6400032    5.9372951E+15
       204.0800033    1.8779659E+16
       206.8000034    1.0328566E+16
 
