       80.0000013    4.2486009E+18
        85.0000014    3.1617424E+18
        90.0000015    2.3662375E+18
        95.2390015    1.7571999E+18
       100.6800016    1.2985977E+18
       114.2900019    6.2833276E+17
       119.7300019    4.7630012E+17
       122.4500020    4.1597576E+17
       125.1700020    3.6408190E+17
       127.8900021    3.1938421E+17
       130.6100021    2.8083546E+17
       133.3300022    2.4754602E+17
       136.0600022    2.1866099E+17
       146.9400024    1.1884530E+18
       149.6600024    1.1085935E+18
       155.1000025    9.5706275E+17
       157.8200026    8.8833290E+17
       160.5500026    8.2428030E+17
       165.9900027    7.1039680E+17
       171.4300028    6.1277144E+17
       176.8700029    5.2902724E+17
       179.5900029    4.9170411E+17
       182.3100030    4.5710461E+17
       185.0400030    4.2490809E+17
       187.7600031    3.9515867E+17
       190.4800031    3.6755952E+17
       195.9200032    3.1817980E+17
       198.6400032    2.9611466E+17
       204.0800033    4.5562910E+17
       206.8000034    4.3384420E+17
       209.5300034    4.1287844E+17
       212.2500035    3.9300040E+17
       214.9700035    3.7412704E+17
       220.4100036    3.3921971E+17
       225.8500037    3.0775440E+17
       236.7400038    2.5360743E+17
       247.6200040    2.0927201E+17
       258.5100042    1.7277738E+17
       272.1100044    1.3607723E+17
       285.7200046    1.0718276E+17
       299.3200049    8.4438791E+16
       312.9300051    6.6493833E+16
       340.1400055    4.1168640E+16
       353.7400058    3.2346301E+16
       380.9500062    1.9858797E+16
       394.5600064    1.5498352E+16
       408.1700066    1.2050515E+16
       435.3800071    7.1688470E+15
       462.5900075    4.1111121E+15
       476.1900077    3.0381498E+15
       489.8000080    2.1805553E+15
       503.4000082    1.4863018E+15
       517.0100084    8.9959808E+14
 
