       80.0000013    8.5341734E+18
        85.0000014    6.8165774E+18
        90.0000015    5.4564518E+18
        95.2390015    4.3342388E+18
       100.6800016    3.4244751E+18
       114.2900019    1.9306072E+18
       119.7300019    1.5450052E+18
       122.4500020    1.3839003E+18
       125.1700020    1.2406320E+18
       127.8900021    1.1131140E+18
       130.6100021    9.9951964E+17
       133.3300022    8.9824692E+17
       136.0600022    8.0757610E+17
       146.9400024    1.9785595E+18
       149.6600024    1.8931027E+18
       155.1000025    1.7091944E+18
       157.8200026    1.6200531E+18
       160.5500026    1.5345263E+18
       165.9900027    1.3770954E+18
       171.4300028    1.2365728E+18
       176.8700029    1.1114059E+18
       179.5900029    1.0540274E+18
       182.3100030    9.9983588E+17
       185.0400030    9.4845021E+17
       187.7600031    9.0006111E+17
       190.4800031    8.5430267E+17
       195.9200032    7.7004860E+17
       198.6400032    7.3126663E+17
       204.0800033    7.8698211E+17
       206.8000034    7.5373288E+17
       209.5300034    7.2202716E+17
       212.2500035    6.9212374E+17
       214.9700035    6.6383097E+17
       220.4100036    6.1168546E+17
       225.8500037    5.6480277E+17
       236.7400038    4.8406704E+17
       247.6200040    4.1738028E+17
       258.5100042    3.6149482E+17
       272.1100044    3.0359158E+17
       285.7200046    2.5598654E+17
       299.3200049    2.1653712E+17
       312.9300051    1.8357465E+17
       340.1400055    1.3265138E+17
       353.7400058    1.1300807E+17
       380.9500062    8.2308736E+16
       394.5600064    7.0363874E+16
       408.1700066    6.0221682E+16
       435.3800071    4.4269495E+16
       462.5900075    3.2692030E+16
       476.1900077    2.8142949E+16
       489.8000080    2.4250850E+16
       503.4000082    2.0921533E+16
       517.0100084    1.8066003E+16
       557.8300091    1.1700132E+16
       571.4300093    1.0140786E+16
       585.0400095    8.7948631E+15
       612.2500100    6.6286743E+15
       666.6700108    3.7858545E+15
       680.2800111    3.2929305E+15
       707.4900115    2.4914901E+15
       734.7000119    1.8835717E+15
       761.9100124    1.4212326E+15
       789.1200128    1.0688084E+15
       816.3300133    7.9961674E+14
       843.5400137    5.9358226E+14
       870.7500142    4.3550653E+14
       911.5700148    2.6365006E+14
       952.3900155    1.4505435E+14
       993.2000162    5.4222029E+13
 
