       80.0000013    7.2484661E+18
        85.0000014    5.6705575E+18
        90.0000015    4.4510520E+18
        95.2390015    3.4673767E+18
       100.6800016    2.6870877E+18
       114.2900019    1.4477898E+18
       119.7300019    1.1391083E+18
       122.4500020    1.0119630E+18
       125.1700020    8.9993233E+17
       127.8900021    8.0112898E+17
       130.6100021    7.1391448E+17
       133.3300022    6.3686428E+17
       136.0600022    5.6850283E+17
       146.9400024    1.7648043E+18
       149.6600024    1.6799034E+18
       155.1000025    1.5020020E+18
       157.8200026    1.4169516E+18
       160.5500026    1.3358354E+18
       165.9900027    1.1875722E+18
       171.4300028    1.0563028E+18
       176.8700029    9.4026640E+17
       179.5900029    8.8738079E+17
       182.3100030    8.3762741E+17
       185.0400030    7.9063792E+17
       187.7600031    7.4656908E+17
       190.4800031    7.0506953E+17
       195.9200032    6.2914413E+17
       198.6400032    5.9442890E+17
       204.0800033    6.8233032E+17
       206.8000034    6.5321821E+17
       209.5300034    6.2541802E+17
       212.2500035    5.9915460E+17
       214.9700035    5.7426084E+17
       220.4100036    5.2824524E+17
       225.8500037    4.8670954E+17
       236.7400038    4.1479736E+17
       247.6200040    3.5506086E+17
       258.5100042    3.0484372E+17
       272.1100044    2.5280908E+17
       285.7200046    2.1019412E+17
       299.3200049    1.7514425E+17
       312.9300051    1.4616011E+17
       340.1400055    1.0222133E+17
       353.7400058    8.5651432E+16
       380.9500062    6.0338243E+16
       394.5600064    5.0727077E+16
       408.1700066    4.2693998E+16
       435.3800071    3.0342774E+16
       462.5900075    2.1647256E+16
       476.1900077    1.8308146E+16
       489.8000080    1.5493093E+16
       503.4000082    1.3120267E+16
       517.0100084    1.1114772E+16
       557.8300091    6.7683708E+15
       571.4300093    5.7373886E+15
       585.0400095    4.8614670E+15
       612.2500100    3.4849561E+15
       666.6700108    1.7653789E+15
       680.2800111    1.4815206E+15
       707.4900115    1.0326145E+15
       734.7000119    7.0459435E+14
       761.9100124    4.6321870E+14
       789.1200128    2.8219650E+14
       816.3300133    1.3613685E+14
 
