       80.0000013    1.0958851E+19
        85.0000014    9.2213814E+18
        90.0000015    7.7516207E+18
        95.2390015    6.4616644E+18
       100.6800016    5.3525364E+18
       114.2900019    3.3646045E+18
       119.7300019    2.8046213E+18
       122.4500020    2.5627318E+18
       125.1700020    2.3430079E+18
       127.8900021    2.1433131E+18
       130.6100021    1.9617194E+18
       133.3300022    1.7964897E+18
       136.0600022    1.6455317E+18
       146.9400024    2.5105556E+18
       149.6600024    2.4079098E+18
       155.1000025    2.1923249E+18
       157.8200026    2.0888213E+18
       160.5500026    1.9898281E+18
       165.9900027    1.8080900E+18
       171.4300028    1.6460621E+18
       176.8700029    1.5015713E+18
       179.5900029    1.4351865E+18
       182.3100030    1.3723524E+18
       185.0400030    1.3126115E+18
       187.7600031    1.2561758E+18
       190.4800031    1.2026131E+18
       195.9200032    1.1033640E+18
       198.6400032    1.0573441E+18
       204.0800033    1.1107818E+18
       206.8000034    1.0666103E+18
       209.5300034    1.0228552E+18
       212.2500035    9.8082574E+17
       214.9700035    9.4069556E+17
       220.4100036    8.6633146E+17
       225.8500037    7.9942508E+17
       236.7400038    6.8488098E+17
       247.6200040    5.9153526E+17
       258.5100042    5.1458824E+17
       272.1100044    4.3634487E+17
       285.7200046    3.7318906E+17
       299.3200049    3.2153706E+17
       312.9300051    2.7865835E+17
       340.1400055    2.1216295E+17
       353.7400058    1.8606879E+17
       380.9500062    1.4410355E+17
       394.5600064    1.2714877E+17
       408.1700066    1.1234428E+17
       435.3800071    8.8016155E+16
       462.5900075    6.9223637E+16
       476.1900077    6.1472974E+16
       489.8000080    5.4630743E+16
       503.4000082    4.8594106E+16
       517.0100084    4.3256132E+16
       557.8300091    3.0663625E+16
       571.4300093    2.7388263E+16
       585.0400095    2.4481447E+16
       612.2500100    1.9612369E+16
       666.6700108    1.2716985E+16
       680.2800111    1.1435568E+16
       707.4900115    9.2710917E+15
       734.7000119    7.5410284E+15
       761.9100124    6.1533562E+15
       789.1200128    5.0363662E+15
       816.3300133    4.1341098E+15
       843.5400137    3.4027885E+15
       870.7500142    2.8080131E+15
       911.5700148    2.1141438E+15
       952.3900155    1.5991779E+15
       993.2000162    1.2145421E+15
      1020.4000166    1.0129308E+15
      1061.2000173    7.7321404E+14
      1088.4000177    6.4657283E+14
      1102.0000179    5.9141196E+14
      1115.7000181    5.4067609E+14
      1129.3000184    4.9466806E+14
      1142.9000186    4.5260768E+14
      1156.5000188    4.1413994E+14
      1170.1000190    3.7894369E+14
      1197.3000195    3.1723001E+14
      1210.9000197    2.9021040E+14
      1224.5000199    2.6545265E+14
      1227.2000200    2.6078912E+14
      1229.9000200    2.5620549E+14
      1232.7000200    2.5153493E+14
      1235.4000201    2.4710963E+14
      1238.1000201    2.4275999E+14
      1240.8000202    2.3848464E+14
      1243.5000202    2.3428225E+14
      1246.3000203    2.2999991E+14
      1249.0000203    2.2594221E+14
      1257.2000204    2.4108794E+14
      1259.9000205    2.3687798E+14
      1262.6000205    2.3264210E+14
      1270.8000207    2.1999327E+14
      1281.6000208    2.0421162E+14
      1289.8000210    2.0446306E+14
      1292.5000210    2.0069703E+14
      1295.2000211    1.9695995E+14
      1298.0000211    1.9313330E+14
      1300.7000212    1.8949933E+14
      1303.4000212    1.8592440E+14
      1306.1000212    1.8241020E+14
      1314.3000214    1.7211055E+14
      1330.6000216    1.5323417E+14
      1341.5000218    1.4170964E+14
      1355.1000220    1.2845387E+14
      1360.6000221    1.2342346E+14
      1371.4000223    1.1406229E+14
      1382.3000225    1.0526669E+14
      1390.5000226    9.9052943E+13
      1395.9000227    9.5139582E+13
      1404.1000228    8.9455034E+13
      1406.8000229    8.7648849E+13
      1409.5000229    8.5874130E+13
      1415.0000230    8.2353884E+13
      1417.7000231    8.0671012E+13
      1420.4000231    7.9017508E+13
      1423.1000231    7.7392626E+13
      1425.9000232    7.5737235E+13
      1428.6000232    7.4169035E+13
      1431.3000233    7.2627863E+13
      1436.7000234    6.9624616E+13
      1439.5000234    6.8107842E+13
      1442.2000235    6.6670752E+13
      1444.9000235    6.5258228E+13
      1447.6000235    6.3869809E+13
      1450.4000236    6.2454936E+13
      1453.1000236    6.1114210E+13
      1455.8000237    3.7219133E+14
      1458.5000237    3.6741197E+14
      1461.2000238    3.6147894E+14
      1466.7000239    3.4777783E+14
      1469.4000239    3.4077408E+14
      1472.1000239    3.3374520E+14
      1477.6000240    3.1954859E+14
      1480.3000241    3.1268704E+14
      1488.4000242    2.9263397E+14
      1491.2000242    2.8589591E+14
      1496.6000243    2.7318153E+14
      1551.0000252    1.6285639E+14
      1632.7000266    5.0215885E+12
 
