       12.5000002    1.1898208E+02
        15.0000002    2.9821869E+01
        20.0000003    1.6379427E+01
        25.0000004    6.1359763E+00
        30.0000005    3.9075248E+00
        35.0000006    1.3857046E+00
        40.0000007    4.4236052E-01
        45.0000007    1.5865037E-01
        50.0000008    7.4648783E-02
        55.0000009    4.4706926E-02
        60.0000010    2.6786851E-02
        65.0000011    1.3617649E-02
        70.0000011    5.4710051E-03
        75.0000012    2.0648638E-02
 
