       12.5000002    6.8606177E+02
        15.0000002    1.8741280E+02
        20.0000003    2.2048820E+01
        25.0000004    1.2412113E+01
        30.0000005    8.3827066E+00
        35.0000006    4.7779889E+00
        40.0000007    2.4356363E+00
        45.0000007    1.1010525E+00
        50.0000008    4.5587736E-01
        55.0000009    1.8530166E-01
        60.0000010    8.6055882E-02
        65.0000011    5.0508913E-02
        70.0000011    3.4172058E-02
        75.0000012    1.0798670E-01
        80.0000013    8.9757800E-02
        85.0000014    6.8881765E-02
        90.0000015    5.2362997E-02
        95.2390015    3.6959808E-02
       100.6800016    2.2538831E-02
       114.2900019    1.6727056E-03
 
