       12.5000002    1.8436584E+03
        15.0000002    8.6648364E+02
        20.0000003    7.0067268E+01
        25.0000004    2.1385675E+01
        30.0000005    1.4328224E+01
        35.0000006    8.5854044E+00
        40.0000007    5.5568624E+00
        45.0000007    3.5081744E+00
        50.0000008    2.0212588E+00
        55.0000009    1.0420740E+00
        60.0000010    4.8953971E-01
        65.0000011    2.2187449E-01
        70.0000011    1.0602387E-01
        75.0000012    2.3310581E-01
        80.0000013    1.8888204E-01
        85.0000014    1.5576258E-01
        90.0000015    1.3208033E-01
        95.2390015    1.0486970E-01
       100.6800016    7.9209439E-02
       114.2900019    3.9484579E-02
       119.7300019    2.9278871E-02
       122.4500020    2.4998004E-02
       125.1700020    2.1204298E-02
       127.8900021    1.7859591E-02
       130.6100021    1.4928199E-02
       133.3300022    1.2375517E-02
       136.0600022    1.0160069E-02
       146.9400024    4.1290419E-03
       149.6600024    3.1688451E-03
       155.1000025    1.7166302E-03
       157.8200026    1.1762262E-03
       160.5500026    7.2339765E-04
 
