       12.5000002    1.2560145E+03
        15.0000002    4.7560648E+02
        20.0000003    3.3561592E+01
        25.0000004    1.6791037E+01
        30.0000005    1.1157701E+01
        35.0000006    6.7782183E+00
        40.0000007    4.1202798E+00
        45.0000007    2.2850559E+00
        50.0000008    1.1346158E+00
        55.0000009    5.0947672E-01
        60.0000010    2.1889278E-01
        65.0000011    1.0116982E-01
        70.0000011    5.6235619E-02
        75.0000012    1.5755436E-01
        80.0000013    1.3464986E-01
        85.0000014    1.0933940E-01
        90.0000015    8.9690223E-02
        95.2390015    7.1517877E-02
       100.6800016    5.3347837E-02
       114.2900019    2.1274514E-02
       119.7300019    1.3593167E-02
       122.4500020    1.0609910E-02
       125.1700020    8.1153633E-03
       127.8900021    6.0490160E-03
       130.6100021    4.3517374E-03
       133.3300022    2.9643811E-03
       136.0600022    1.8169401E-03
 
