       12.5000002    4.7620285E+02
        15.0000002    1.1703560E+02
        20.0000003    2.3696909E+01
        25.0000004    1.2982816E+01
        30.0000005    9.1821728E+00
        35.0000006    5.5548682E+00
        40.0000007    3.1334243E+00
        45.0000007    1.6401964E+00
        50.0000008    8.0859989E-01
        55.0000009    3.8441926E-01
        60.0000010    1.8856527E-01
        65.0000011    1.0464951E-01
        70.0000011    6.8187296E-02
        75.0000012    2.1544687E-01
        80.0000013    1.9604096E-01
        85.0000014    1.7001419E-01
        90.0000015    1.5003495E-01
        95.2390015    1.2913907E-01
       100.6800016    1.0594629E-01
       114.2900019    6.2690988E-02
       119.7300019    5.0804850E-02
       122.4500020    4.5709241E-02
       125.1700020    4.1105498E-02
       127.8900021    3.6947682E-02
       130.6100021    3.3195030E-02
       133.3300022    2.9810755E-02
       136.0600022    2.6750784E-02
       146.9400024    1.7328741E-02
       149.6600024    1.5541220E-02
       155.1000025    1.2500741E-02
       157.8200026    1.1212798E-02
       160.5500026    1.0054990E-02
       165.9900027    9.6847005E-03
       171.4300028    7.9982923E-03
       176.8700029    7.0716422E-03
       179.5900029    6.4623682E-03
       182.3100030    5.8784611E-03
       185.0400030    5.3346991E-03
       187.7600031    4.8409193E-03
       190.4800031    4.3952111E-03
       195.9200032    3.6337781E-03
       198.6400032    3.3091095E-03
       204.0800033    2.7536214E-03
       206.8000034    2.5165037E-03
       209.5300034    2.3018864E-03
       212.2500035    2.1088084E-03
       214.9700035    1.9342016E-03
       220.4100036    1.6327116E-03
       225.8500037    1.3841797E-03
       236.7400038    1.1960334E-03
       247.6200040    8.7654241E-04
       258.5100042    6.4274209E-04
       272.1100044    4.4119236E-04
       285.7200046    3.0731308E-04
       299.3200049    2.1737241E-04
       312.9300051    1.5605880E-04
       340.1400055    8.4107152E-05
       353.7400058    6.3068539E-05
       380.9500062    3.6831894E-05
       394.5600064    2.8629258E-05
       408.1700066    2.2477976E-05
       435.3800071    1.4226882E-05
       462.5900075    9.2710125E-06
       476.1900077    7.5529615E-06
       489.8000080    6.1847932E-06
       503.4000082    5.0893286E-06
       517.0100084    4.2054176E-06
       557.8300091    2.4270751E-06
       571.4300093    2.0342659E-06
       585.0400095    1.7098334E-06
       612.2500100    1.2180145E-06
       666.6700108    6.3643790E-07
       680.2800111    5.4408190E-07
       707.4900115    4.0940529E-07
       734.7000119    3.0561395E-07
       761.9100124    2.2708768E-07
       789.1200128    1.7009656E-07
       816.3300133    1.2836466E-07
       843.5400137    9.7556267E-08
       870.7500142    7.4638344E-08
       911.5700148    5.0538468E-08
       952.3900155    3.4677608E-08
       993.2000162    3.4366039E-08
      1020.4000166    2.6652621E-08
      1061.2000173    2.1370663E-08
      1088.4000177    1.6729404E-08
      1102.0000179    1.4832619E-08
      1115.7000181    1.3157361E-08
      1129.3000184    1.1697177E-08
      1142.9000186    1.0412629E-08
      1156.5000188    9.2810000E-09
      1170.1000190    8.2826883E-09
      1197.3000195    2.3914641E-08
      1210.9000197    2.1632093E-08
      1224.5000199    1.9563561E-08
      1227.2000200    1.9178156E-08
      1229.9000200    1.8800826E-08
      1232.7000200    1.8417886E-08
      1235.4000201    1.8056534E-08
      1238.1000201    1.7702790E-08
      1240.8000202    1.7356497E-08
      1243.5000202    1.7017499E-08
      1246.3000203    1.6673480E-08
      1249.0000203    1.6348858E-08
      1257.2000204    1.5404185E-08
      1259.9000205    1.5106206E-08
      1262.6000205    1.4814464E-08
      1270.8000207    1.3965249E-08
      1281.6000208    1.2926373E-08
      1289.8000210    1.2193638E-08
      1292.5000210    1.1962337E-08
      1295.2000211    1.1735789E-08
      1298.0000211    1.1505761E-08
      1300.7000212    1.1288575E-08
      1303.4000212    1.1075833E-08
      1306.1000212    1.0867435E-08
      1314.3000214    1.0260188E-08
      1330.6000216    9.1596366E-09
      1341.5000218    8.4955438E-09
      1355.1000220    7.7392821E-09
      1360.6000221    7.4544779E-09
      1371.4000223    6.9277761E-09
      1382.3000225    6.4369039E-09
      1390.5000226    6.0925327E-09
      1395.9000227    5.8767022E-09
      1404.1000228    5.5646692E-09
      1406.8000229    5.4658997E-09
      1409.5000229    5.3690306E-09
      1415.0000230    5.1774185E-09
      1417.7000231    5.0860818E-09
      1420.4000231    4.9964912E-09
      1423.1000231    4.9086109E-09
      1425.9000232    4.8192446E-09
      1428.6000232    4.7347397E-09
      1431.3000233    4.6518411E-09
      1436.7000234    4.4907296E-09
      1439.5000234    4.4095825E-09
      1442.2000235    4.3328390E-09
      1444.9000235    4.2575423E-09
      1447.6000235    4.1836636E-09
      1450.4000236    4.1085153E-09
      1453.1000236    4.0374362E-09
      1455.8000237    3.9676893E-09
      1458.5000237    3.8992476E-09
      1461.2000238    3.8320849E-09
      1466.7000239    3.6991219E-09
      1469.4000239    3.6356882E-09
      1472.1000239    3.5734327E-09
      1477.6000240    3.4501628E-09
      1480.3000241    3.3913434E-09
      1488.4000242    3.2213152E-09
      1491.2000242    3.1647094E-09
      1496.6000243    3.0585632E-09
      1551.0000252    2.1806397E-09
      1632.7000266    1.3348499E-09
      1823.1000296    4.5669094E-10
      2340.2000381    3.6500150E-11
      2829.9000460    4.5340177E-12
      3047.6000496    1.8759035E-12
      3700.7000602    8.3860192E-15
      4000.0000650    0.0000000E+00
      4680.3000761    0.0000000E+00
 
