       12.5000002    5.5369743E+01
        15.0000002    3.0129509E+01
        20.0000003    1.7004591E+01
        25.0000004    6.9489913E+00
        30.0000005    4.7184181E+00
        35.0000006    1.9948121E+00
        40.0000007    8.1594270E-01
        45.0000007    3.5713649E-01
        50.0000008    1.7584381E-01
        55.0000009    1.0374082E-01
        60.0000010    7.1939573E-02
        65.0000011    5.3117480E-02
        70.0000011    3.9040700E-02
        75.0000012    1.4753635E-01
        80.0000013    1.3393538E-01
        85.0000014    1.1316699E-01
        90.0000015    9.6766926E-02
        95.2390015    8.0703557E-02
       100.6800016    6.3120469E-02
       114.2900019    3.1781737E-02
       119.7300019    2.4104388E-02
       122.4500020    2.0997869E-02
       125.1700020    1.8296488E-02
       127.8900021    1.5947644E-02
       130.6100021    1.3905418E-02
       133.3300022    1.2129770E-02
       136.0600022    1.0580476E-02
       146.9400024    6.1709164E-03
       149.6600024    5.4009836E-03
       155.1000025    4.1456353E-03
       157.8200026    3.6358200E-03
       160.5500026    3.1894541E-03
       165.9900027    3.2287124E-03
       171.4300028    2.6110986E-03
       176.8700029    2.3913512E-03
       179.5900029    2.1767565E-03
       182.3100030    1.9757436E-03
       185.0400030    1.7910972E-03
       187.7600031    1.6246269E-03
       190.4800031    1.4748058E-03
       195.9200032    1.2192985E-03
       198.6400032    1.1104551E-03
       204.0800033    9.2397298E-04
       206.8000034    8.4416056E-04
       209.5300034    7.7177811E-04
       212.2500035    7.0652895E-04
       214.9700035    6.4740540E-04
       220.4100036    5.4503547E-04
       225.8500037    4.6036675E-04
       236.7400038    3.5684239E-04
       247.6200040    2.5571187E-04
       258.5100042    1.8554243E-04
       272.1100044    1.2684910E-04
       285.7200046    8.8591543E-05
       299.3200049    6.3124447E-05
       312.9300051    4.5774272E-05
       340.1400055    2.5192614E-05
       353.7400058    1.9049729E-05
       380.9500062    1.1224323E-05
       394.5600064    8.7249409E-06
       408.1700066    6.8308509E-06
       435.3800071    4.2661541E-06
       462.5900075    2.7212807E-06
       476.1900077    2.1886724E-06
       489.8000080    1.7674464E-06
       503.4000082    1.4331806E-06
       517.0100084    1.1663316E-06
       557.8300091    6.4199679E-07
       571.4300093    5.2963065E-07
       585.0400095    4.3821032E-07
       612.2500100    3.0267933E-07
       666.6700108    1.4921342E-07
       680.2800111    1.2582120E-07
       707.4900115    9.0778315E-08
       734.7000119    6.5742697E-08
       761.9100124    4.7853508E-08
       789.1200128    3.5127723E-08
       816.3300133    2.5991877E-08
       843.5400137    1.9376611E-08
       870.7500142    1.4547492E-08
       911.5700148    9.5812647E-09
       952.3900155    6.3984626E-09
       993.2000162    5.3677089E-09
      1020.4000166    4.1147370E-09
      1061.2000173    3.0929290E-09
      1088.4000177    2.3939943E-09
      1102.0000179    2.1103999E-09
      1115.7000181    1.8611273E-09
      1129.3000184    1.6449073E-09
      1142.9000186    1.4556186E-09
      1156.5000188    1.2896808E-09
      1170.1000190    1.1440188E-09
      1197.3000195    3.7682244E-09
      1210.9000197    3.3800984E-09
      1224.5000199    3.0306613E-09
      1227.2000200    2.9658465E-09
      1229.9000200    2.9024851E-09
      1232.7000200    2.8382823E-09
      1235.4000201    2.7777936E-09
      1238.1000201    2.7186702E-09
      1240.8000202    2.6608820E-09
      1243.5000202    2.6043996E-09
      1246.3000203    2.5471723E-09
      1249.0000203    2.4932578E-09
      1257.2000204    2.3368587E-09
      1259.9000205    2.2876843E-09
      1262.6000205    2.2396154E-09
      1270.8000207    2.1001398E-09
      1281.6000208    1.9304647E-09
      1289.8000210    1.8114632E-09
      1292.5000210    1.7740200E-09
      1295.2000211    1.7374050E-09
      1298.0000211    1.7002878E-09
      1300.7000212    1.6653001E-09
      1303.4000212    1.6310828E-09
      1306.1000212    1.5976180E-09
      1314.3000214    1.5004176E-09
      1330.6000216    1.3255171E-09
      1341.5000218    1.2208333E-09
      1355.1000220    1.1024811E-09
      1360.6000221    1.0581649E-09
      1371.4000223    9.7660169E-10
      1382.3000225    9.0107488E-10
      1390.5000226    8.4838969E-10
      1395.9000227    8.1550333E-10
      1404.1000228    7.6814938E-10
      1406.8000229    7.5320894E-10
      1409.5000229    7.3857936E-10
      1415.0000230    7.0971140E-10
      1417.7000231    6.9598433E-10
      1420.4000231    6.8254125E-10
      1423.1000231    6.6937583E-10
      1425.9000232    6.5600964E-10
      1428.6000232    6.4339123E-10
      1431.3000233    6.3103239E-10
      1436.7000234    6.0707073E-10
      1439.5000234    5.9503141E-10
      1442.2000235    5.8366389E-10
      1444.9000235    5.7252858E-10
      1447.6000235    5.6162036E-10
      1450.4000236    5.5054283E-10
      1453.1000236    5.4008215E-10
      1455.8000237    5.2983395E-10
      1458.5000237    5.1979360E-10
      1461.2000238    5.0995669E-10
      1466.7000239    4.9052934E-10
      1469.4000239    4.8128351E-10
      1472.1000239    4.7222393E-10
      1477.6000240    4.5432869E-10
      1480.3000241    4.4581056E-10
      1488.4000242    4.2126541E-10
      1491.2000242    4.1312026E-10
      1496.6000243    3.9788356E-10
      1551.0000252    2.7394143E-10
      1632.7000266    1.5908203E-10
      1823.1000296    4.7944849E-11
      2340.2000381    2.2278965E-12
      2829.9000460    0.0000000E+00
      3047.6000496    0.0000000E+00
 
