       12.5000002    1.8999023E+02
        15.0000002    4.2098289E+01
        20.0000003    2.1669395E+01
        25.0000004    9.4368505E+00
        30.0000005    7.0715399E+00
        35.0000006    3.7280712E+00
        40.0000007    1.7882317E+00
        45.0000007    8.2542169E-01
        50.0000008    3.7931496E-01
        55.0000009    1.8440966E-01
        60.0000010    1.0424665E-01
        65.0000011    6.9901839E-02
        70.0000011    5.1664129E-02
        75.0000012    1.8002535E-01
        80.0000013    1.6412413E-01
        85.0000014    1.4070156E-01
        90.0000015    1.2279214E-01
        95.2390015    1.0550652E-01
       100.6800016    8.5679568E-02
       114.2900019    4.7471423E-02
       119.7300019    3.7307534E-02
       122.4500020    3.3057392E-02
       125.1700020    2.9283846E-02
       127.8900021    2.5935832E-02
       130.6100021    2.2967406E-02
       133.3300022    2.0337237E-02
       136.0600022    1.8000115E-02
       146.9400024    1.1079106E-02
       149.6600024    9.8188976E-03
       155.1000025    7.7200495E-03
       157.8200026    6.8493793E-03
       160.5500026    6.0768519E-03
       165.9900027    5.8863857E-03
       171.4300028    4.7885431E-03
       176.8700029    4.2665419E-03
       179.5900029    3.8819311E-03
       182.3100030    3.5214424E-03
       185.0400030    3.1905286E-03
       187.7600031    2.8925941E-03
       190.4800031    2.6248749E-03
       195.9200032    2.1693029E-03
       198.6400032    1.9756947E-03
       204.0800033    1.6447993E-03
       206.8000034    1.5035176E-03
       209.5300034    1.3755691E-03
       212.2500035    1.2603779E-03
       214.9700035    1.1561197E-03
       220.4100036    9.7585231E-04
       225.8500037    8.2694762E-04
       236.7400038    6.8445038E-04
       247.6200040    4.9431127E-04
       258.5100042    3.5924884E-04
       272.1100044    2.4506249E-04
       285.7200046    1.7031506E-04
       299.3200049    1.2059770E-04
       312.9300051    8.6888540E-05
       340.1400055    4.7343965E-05
       353.7400058    3.5707817E-05
       380.9500062    2.1048992E-05
       394.5600064    1.6408443E-05
       408.1700066    1.2902135E-05
       435.3800071    8.1568924E-06
       462.5900075    5.2841283E-06
       476.1900077    4.2860447E-06
       489.8000080    3.4916352E-06
       503.4000082    2.8566944E-06
       517.0100084    2.3458588E-06
       557.8300091    1.3263611E-06
       571.4300093    1.1037754E-06
       585.0400095    9.2108166E-07
       612.2500100    6.4678881E-07
       666.6700108    3.2875030E-07
       680.2800111    2.7920350E-07
       707.4900115    2.0550175E-07
       734.7000119    1.5109541E-07
       761.9100124    1.1122586E-07
       789.1200128    8.2554550E-08
       816.3300133    6.1751585E-08
       843.5400137    4.6531156E-08
       870.7500142    3.5307117E-08
       911.5700148    2.3624036E-08
       952.3900155    1.6026309E-08
       993.2000162    1.4608941E-08
      1020.4000166    1.1282466E-08
      1061.2000173    8.7848768E-09
      1088.4000177    6.8501977E-09
      1102.0000179    6.0615144E-09
      1115.7000181    5.3661049E-09
      1129.3000184    4.7609805E-09
      1142.9000186    4.2295190E-09
      1156.5000188    3.7620946E-09
      1170.1000190    3.3504235E-09
      1197.3000195    1.0376549E-08
      1210.9000197    9.3553654E-09
      1224.5000199    8.4319858E-09
      1227.2000200    8.2602298E-09
      1229.9000200    8.0921669E-09
      1232.7000200    7.9217086E-09
      1235.4000201    7.7609545E-09
      1238.1000201    7.6036795E-09
      1240.8000202    7.4498088E-09
      1243.5000202    7.2992696E-09
      1246.3000203    7.1465962E-09
      1249.0000203    7.0026189E-09
      1257.2000204    6.5841488E-09
      1259.9000205    6.4523156E-09
      1262.6000205    6.3233201E-09
      1270.8000207    5.9483005E-09
      1281.6000208    5.4905214E-09
      1289.8000210    5.1683511E-09
      1292.5000210    5.0667808E-09
      1295.2000211    4.9673599E-09
      1298.0000211    4.8664757E-09
      1300.7000212    4.7712843E-09
      1303.4000212    4.6780988E-09
      1306.1000212    4.5868731E-09
      1314.3000214    4.3213859E-09
      1330.6000216    3.8415791E-09
      1341.5000218    3.5529764E-09
      1355.1000220    3.2252538E-09
      1360.6000221    3.1021135E-09
      1371.4000223    2.8748162E-09
      1382.3000225    2.6635198E-09
      1390.5000226    2.5156188E-09
      1395.9000227    2.4230729E-09
      1404.1000228    2.2894902E-09
      1406.8000229    2.2472615E-09
      1409.5000229    2.2058715E-09
      1415.0000230    2.1240794E-09
      1417.7000231    2.0851292E-09
      1420.4000231    2.0469479E-09
      1423.1000231    2.0095197E-09
      1425.9000232    1.9714832E-09
      1428.6000232    1.9355397E-09
      1431.3000233    1.9003017E-09
      1436.7000234    1.8318835E-09
      1439.5000234    1.7974572E-09
      1442.2000235    1.7649202E-09
      1444.9000235    1.7330173E-09
      1447.6000235    1.7017353E-09
      1450.4000236    1.6699366E-09
      1453.1000236    1.6398796E-09
      1455.8000237    1.6104048E-09
      1458.5000237    1.5815005E-09
      1461.2000238    1.5531546E-09
      1466.7000239    1.4970925E-09
      1469.4000239    1.4703728E-09
      1472.1000239    1.4441665E-09
      1477.6000240    1.3923270E-09
      1480.3000241    1.3676158E-09
      1488.4000242    1.2962755E-09
      1491.2000242    1.2725561E-09
      1496.6000243    1.2281218E-09
      1551.0000252    8.6310786E-10
      1632.7000266    5.1705140E-10
      1823.1000296    1.6822382E-10
      2340.2000381    1.1566224E-11
      2829.9000460    1.0226662E-12
      3047.6000496    2.3529567E-13
      3700.7000602    0.0000000E+00
 
