       12.5000002    2.6550827E+01
        15.0000002    2.4018272E+01
        20.0000003    8.2300844E+00
        25.0000004    2.7466643E+00
        30.0000005    7.8995264E-01
        35.0000006    2.7493346E-01
        40.0000007    1.5516239E-01
        45.0000007    1.0384851E-01
        50.0000008    7.2930507E-02
        55.0000009    4.9956214E-02
        60.0000010    3.2239828E-02
        65.0000011    1.9803904E-02
        70.0000011    1.1890910E-02
        75.0000012    7.6208502E-02
        80.0000013    6.5683693E-02
        85.0000014    5.0880041E-02
        90.0000015    3.8903017E-02
        95.2390015    2.8681681E-02
       100.6800016    2.0129558E-02
       114.2900019    8.1410818E-03
       119.7300019    5.7180314E-03
       122.4500020    4.8022387E-03
       125.1700020    4.0387739E-03
       127.8900021    3.4014485E-03
       130.6100021    2.8687180E-03
       133.3300022    2.4228333E-03
       136.0600022    2.0478950E-03
       146.9400024    1.0630359E-03
       149.6600024    9.0560823E-04
       155.1000025    6.6018384E-04
       157.8200026    5.6495005E-04
       160.5500026    4.8392129E-04
       165.9900027    6.9587014E-04
       171.4300028    5.6451681E-04
       176.8700029    5.7348516E-04
       179.5900029    5.2071013E-04
       182.3100030    4.7027392E-04
       185.0400030    4.2361071E-04
       187.7600031    3.8148483E-04
       190.4800031    3.4361836E-04
       195.9200032    2.7930754E-04
       198.6400032    2.5208268E-04
       204.0800033    2.0579618E-04
       206.8000034    1.8616088E-04
       209.5300034    1.6846701E-04
       212.2500035    1.5262554E-04
       214.9700035    1.3837504E-04
       220.4100036    1.1398333E-04
       225.8500037    9.4146861E-05
       236.7400038    7.1697272E-05
       247.6200040    5.1698553E-05
       258.5100042    3.7837075E-05
       272.1100044    2.6101055E-05
       285.7200046    1.8316388E-05
       299.3200049    1.3046061E-05
       312.9300051    9.4061143E-06
       340.1400055    5.0445651E-06
       353.7400058    3.7437007E-06
       380.9500062    2.1079668E-06
       394.5600064    1.5975655E-06
       408.1700066    1.2181564E-06
       435.3800071    7.2046703E-07
       462.5900075    4.3498633E-07
       476.1900077    3.4043782E-07
       489.8000080    2.6758531E-07
       503.4000082    2.1126178E-07
       517.0100084    1.6744995E-07
       557.8300091    8.5339614E-08
       571.4300093    6.8666104E-08
       585.0400095    5.5428348E-08
       612.2500100    3.6473910E-08
       666.6700108    1.6368272E-08
       680.2800111    1.3488770E-08
       707.4900115    9.2467030E-09
       734.7000119    6.3926087E-09
       761.9100124    4.4575619E-09
       789.1200128    3.1354555E-09
       816.3300133    2.2236419E-09
       843.5400137    1.5892020E-09
       870.7500142    1.1440413E-09
       911.5700148    7.0760170E-10
       952.3900155    4.4375820E-10
       993.2000162    3.1060879E-10
      1020.4000166    2.2938687E-10
      1061.2000173    1.5495129E-10
      1088.4000177    1.1541414E-10
      1102.0000179    9.9757057E-11
      1115.7000181    8.6213078E-11
      1129.3000184    7.4652916E-11
      1142.9000186    6.4695499E-11
      1156.5000188    5.6108427E-11
      1170.1000190    4.8694698E-11
      1197.3000195    1.7396472E-10
      1210.9000197    1.5209096E-10
      1224.5000199    1.3280517E-10
      1227.2000200    1.2927269E-10
      1229.9000200    1.2583359E-10
      1232.7000200    1.2236340E-10
      1235.4000201    1.1910765E-10
      1238.1000201    1.1593853E-10
      1240.8000202    1.1285379E-10
      1243.5000202    1.0985123E-10
      1246.3000203    1.0682197E-10
      1249.0000203    1.0398021E-10
      1257.2000204    9.5805600E-11
      1259.9000205    9.3257374E-11
      1262.6000205    9.0776983E-11
      1270.8000207    8.3641157E-11
      1281.6000208    7.5090344E-11
      1289.8000210    6.9184880E-11
      1292.5000210    6.7343332E-11
      1295.2000211    6.5550475E-11
      1298.0000211    6.3741241E-11
      1300.7000212    6.2043537E-11
      1303.4000212    6.0390651E-11
      1306.1000212    5.8781369E-11
      1314.3000214    5.4149317E-11
      1330.6000216    4.5984310E-11
      1341.5000218    4.1212037E-11
      1355.1000220    3.5932087E-11
      1360.6000221    3.3989211E-11
      1371.4000223    3.0466074E-11
      1382.3000225    2.7269097E-11
      1390.5000226    2.5079282E-11
      1395.9000227    2.3730318E-11
      1404.1000228    2.1813521E-11
      1406.8000229    2.1215318E-11
      1409.5000229    2.0632716E-11
      1415.0000230    1.9492515E-11
      1417.7000231    1.8954852E-11
      1420.4000231    1.8431215E-11
      1423.1000231    1.7921241E-11
      1425.9000232    1.7406427E-11
      1428.6000232    1.6923195E-11
      1431.3000233    1.6452574E-11
      1436.7000234    1.5547870E-11
      1439.5000234    1.5097276E-11
      1442.2000235    1.4674333E-11
      1444.9000235    1.4262439E-11
      1447.6000235    1.3861310E-11
      1450.4000236    1.3456396E-11
      1453.1000236    1.3076339E-11
      1455.8000237    1.2706225E-11
      1458.5000237    1.2345795E-11
      1461.2000238    1.1994799E-11
      1466.7000239    1.1307987E-11
      1469.4000239    1.0984180E-11
      1472.1000239    1.0668864E-11
      1477.6000240    1.0051915E-11
      1480.3000241    9.7610704E-12
      1488.4000242    8.9336143E-12
      1491.2000242    8.6626348E-12
      1496.6000243    8.1607568E-12
      1551.0000252    4.1414571E-12
      1632.7000266    1.3352467E-12
 
