       12.5000002    2.4933445E+01
        15.0000002    3.1625891E+01
        20.0000003    1.1818458E+01
        25.0000004    5.0348287E+00
        30.0000005    2.3813484E+00
        35.0000006    7.9492414E-01
        40.0000007    3.2000169E-01
        45.0000007    1.6491282E-01
        50.0000008    1.0359202E-01
        55.0000009    7.3586538E-02
        60.0000010    5.3230561E-02
        65.0000011    3.7171941E-02
        70.0000011    2.4924148E-02
        75.0000012    1.1354130E-01
        80.0000013    1.0147534E-01
        85.0000014    8.3032481E-02
        90.0000015    6.7892671E-02
        95.2390015    5.3638931E-02
       100.6800016    3.9854657E-02
       114.2900019    1.8031664E-02
       119.7300019    1.3173671E-02
       122.4500020    1.1273874E-02
       125.1700020    9.6562402E-03
       127.8900021    8.2779173E-03
       130.6100021    7.1026646E-03
       133.3300022    6.0998276E-03
       136.0600022    5.2405577E-03
       146.9400024    2.8891386E-03
       149.6600024    2.4956921E-03
       155.1000025    1.8679248E-03
       157.8200026    1.6185035E-03
       160.5500026    1.4031173E-03
       165.9900027    1.5967956E-03
       171.4300028    1.2956088E-03
       176.8700029    1.2451756E-03
       179.5900029    1.1354885E-03
       182.3100030    1.0310470E-03
       185.0400030    9.3423517E-04
       187.7600031    8.4649964E-04
       190.4800031    7.6729333E-04
       195.9200032    6.3186005E-04
       198.6400032    5.7407876E-04
       204.0800033    4.7504983E-04
       206.8000034    4.3268391E-04
       209.5300034    3.9428865E-04
       212.2500035    3.5971153E-04
       214.9700035    3.2842028E-04
       220.4100036    2.7437121E-04
       225.8500037    2.2985184E-04
       236.7400038    1.6955157E-04
       247.6200040    1.2165941E-04
       258.5100042    8.8692701E-05
       272.1100044    6.1054576E-05
       285.7200046    4.2906431E-05
       299.3200049    3.0709863E-05
       312.9300051    2.2317729E-05
       340.1400055    1.2245137E-05
       353.7400058    9.2137279E-06
       380.9500062    5.3477552E-06
       394.5600064    4.1179383E-06
       408.1700066    3.1910120E-06
       435.3800071    1.9493480E-06
       462.5900075    1.2151903E-06
       476.1900077    9.6617111E-07
       489.8000080    7.7136542E-07
       503.4000082    6.1847851E-07
       517.0100084    4.9777390E-07
       557.8300091    2.6537160E-07
       571.4300093    2.1669723E-07
       585.0400095    1.7750379E-07
       612.2500100    1.2023841E-07
       666.6700108    5.7113017E-08
       680.2800111    4.7728040E-08
       707.4900115    3.3705454E-08
       734.7000119    2.3960675E-08
       761.9100124    1.7156387E-08
       789.1200128    1.2388613E-08
       816.3300133    9.0172119E-09
       843.5400137    6.6127162E-09
       870.7500142    4.8838951E-09
       911.5700148    3.1386902E-09
       952.3900155    2.0455415E-09
       993.2000162    1.5755204E-09
      1020.4000166    1.1917745E-09
      1061.2000173    8.5699103E-10
      1088.4000177    6.5483091E-10
      1102.0000179    5.7353555E-10
      1115.7000181    5.0249610E-10
      1129.3000184    4.4123660E-10
      1142.9000186    3.8792011E-10
      1156.5000188    3.4145362E-10
      1170.1000190    3.0090308E-10
      1197.3000195    1.0443704E-09
      1210.9000197    9.2964531E-10
      1224.5000199    8.2707474E-10
      1227.2000200    8.0813078E-10
      1229.9000200    7.8963769E-10
      1232.7000200    7.7092566E-10
      1235.4000201    7.5332129E-10
      1238.1000201    7.3613837E-10
      1240.8000202    7.1936712E-10
      1243.5000202    7.0299772E-10
      1246.3000203    6.8643624E-10
      1249.0000203    6.7085570E-10
      1257.2000204    6.2578537E-10
      1259.9000205    6.1165495E-10
      1262.6000205    5.9786148E-10
      1270.8000207    5.5795074E-10
      1281.6000208    5.0963606E-10
      1289.8000210    4.7591725E-10
      1292.5000210    4.6533785E-10
      1295.2000211    4.5500689E-10
      1298.0000211    4.4454906E-10
      1300.7000212    4.3470519E-10
      1303.4000212    4.2509149E-10
      1306.1000212    4.1570225E-10
      1314.3000214    3.8850653E-10
      1330.6000216    3.3987493E-10
      1341.5000218    3.1097139E-10
      1355.1000220    2.7849789E-10
      1360.6000221    2.6639849E-10
      1371.4000223    2.4422195E-10
      1382.3000225    2.2380060E-10
      1390.5000226    2.0962521E-10
      1395.9000227    2.0080784E-10
      1404.1000228    1.8815560E-10
      1406.8000229    1.8417502E-10
      1409.5000229    1.8028268E-10
      1415.0000230    1.7261823E-10
      1417.7000231    1.6898141E-10
      1420.4000231    1.6542480E-10
      1423.1000231    1.6194651E-10
      1425.9000232    1.5842019E-10
      1428.6000232    1.5509588E-10
      1431.3000233    1.5184450E-10
      1436.7000234    1.4555382E-10
      1439.5000234    1.4239987E-10
      1442.2000235    1.3942617E-10
      1444.9000235    1.3651728E-10
      1447.6000235    1.3367174E-10
      1450.4000236    1.3078616E-10
      1453.1000236    1.2806518E-10
      1455.8000237    1.2540322E-10
      1458.5000237    1.2279894E-10
      1461.2000238    1.2025100E-10
      1466.7000239    1.1522978E-10
      1469.4000239    1.1284525E-10
      1472.1000239    1.1051207E-10
      1477.6000240    1.0591331E-10
      1480.3000241    1.0372905E-10
      1488.4000242    9.7452928E-11
      1491.2000242    9.5376304E-11
      1496.6000243    9.1500120E-11
      1551.0000252    6.0444358E-11
      1632.7000266    3.2713453E-11
      1823.1000296    7.8824117E-12
      2340.2000381    0.0000000E+00
 
