       12.5000002    8.5200836E+02
        15.0000002    2.7136099E+02
        20.0000003    2.7148203E+01
        25.0000004    1.6395016E+01
        30.0000005    1.1108598E+01
        35.0000006    7.0313859E+00
        40.0000007    4.4136696E+00
        45.0000007    2.5847299E+00
        50.0000008    1.4015336E+00
        55.0000009    7.0788717E-01
        60.0000010    3.4506431E-01
        65.0000011    1.7421405E-01
        70.0000011    9.8302342E-02
        75.0000012    2.6416513E-01
        80.0000013    2.3426555E-01
        85.0000014    2.0506863E-01
        90.0000015    1.8448703E-01
        95.2390015    1.5642968E-01
       100.6800016    1.2520918E-01
       114.2900019    7.4828796E-02
       119.7300019    6.1790224E-02
       122.4500020    5.6176644E-02
       125.1700020    5.1067863E-02
       127.8900021    4.6410196E-02
       130.6100021    4.2160232E-02
       133.3300022    3.8281560E-02
       136.0600022    3.4730293E-02
       146.9400024    2.3455620E-02
       149.6600024    2.1243924E-02
       155.1000025    1.7413940E-02
       157.8200026    1.5762305E-02
       160.5500026    1.4260730E-02
       165.9900027    1.3898216E-02
       171.4300028    1.1672284E-02
       176.8700029    1.0368181E-02
       179.5900029    9.5429020E-03
       182.3100030    8.7270727E-03
       185.0400030    7.9496587E-03
       187.7600031    7.2329058E-03
       190.4800031    6.5804250E-03
       195.9200032    5.4564923E-03
       198.6400032    4.9730558E-03
       204.0800033    4.1414965E-03
       206.8000034    3.7855140E-03
       209.5300034    3.4629693E-03
       212.2500035    3.1725711E-03
       214.9700035    2.9098084E-03
       220.4100036    2.4558899E-03
       225.8500037    2.0816687E-03
       236.7400038    1.8182478E-03
       247.6200040    1.3515681E-03
       258.5100042    1.0021428E-03
       272.1100044    6.9523515E-04
       285.7200046    4.8799344E-04
       299.3200049    3.4681012E-04
       312.9300051    2.4948755E-04
       340.1400055    1.3412054E-04
       353.7400058    1.0021913E-04
       380.9500062    5.8011305E-05
       394.5600064    4.4892306E-05
       408.1700066    3.5106979E-05
       435.3800071    2.2093722E-05
       462.5900075    1.4367223E-05
       476.1900077    1.1708375E-05
       489.8000080    9.5984306E-06
       503.4000082    7.9133051E-06
       517.0100084    6.5557010E-06
       557.8300091    3.8245462E-06
       571.4300093    3.2195544E-06
       585.0400095    2.7186177E-06
       612.2500100    1.9556512E-06
       666.6700108    1.0429936E-06
       680.2800111    8.9622120E-07
       707.4900115    6.8920525E-07
       734.7000119    5.2159874E-07
       761.9100124    3.9028203E-07
       789.1200128    2.9439710E-07
       816.3300133    2.2371944E-07
       843.5400137    1.7118550E-07
       870.7500142    1.3183795E-07
       911.5700148    9.0118675E-08
       952.3900155    6.2391109E-08
       993.2000162    6.6574792E-08
      1020.4000166    5.1790902E-08
      1061.2000173    4.2506883E-08
      1088.4000177    3.3362923E-08
      1102.0000179    2.9617942E-08
      1115.7000181    2.6305807E-08
      1129.3000184    2.3415026E-08
      1142.9000186    2.0868661E-08
      1156.5000188    1.8622476E-08
      1170.1000190    1.6638662E-08
      1197.3000195    4.4966736E-08
      1210.9000197    4.0757762E-08
      1224.5000199    3.6938886E-08
      1227.2000200    3.6226613E-08
      1229.9000200    3.5528998E-08
      1232.7000200    3.4820744E-08
      1235.4000201    3.4152151E-08
      1238.1000201    3.3497379E-08
      1240.8000202    3.2856146E-08
      1243.5000202    3.2228169E-08
      1246.3000203    3.1590638E-08
      1249.0000203    3.0988801E-08
      1257.2000204    2.9236006E-08
      1259.9000205    2.8682669E-08
      1262.6000205    2.8140692E-08
      1270.8000207    2.6561807E-08
      1281.6000208    2.4627573E-08
      1289.8000210    2.3261398E-08
      1292.5000210    2.2829790E-08
      1295.2000211    2.2406883E-08
      1298.0000211    2.1977305E-08
      1300.7000212    2.1571548E-08
      1303.4000212    2.1173932E-08
      1306.1000212    2.0784285E-08
      1314.3000214    1.9647995E-08
      1330.6000216    1.7585002E-08
      1341.5000218    1.6337694E-08
      1355.1000220    1.4914788E-08
      1360.6000221    1.4378191E-08
      1371.4000223    1.3384700E-08
      1382.3000225    1.2457372E-08
      1390.5000226    1.1805928E-08
      1395.9000227    1.1397251E-08
      1404.1000228    1.0805853E-08
      1406.8000229    1.0618511E-08
      1409.5000229    1.0434705E-08
      1415.0000230    1.0070917E-08
      1417.7000231    9.8974100E-09
      1420.4000231    9.7271551E-09
      1423.1000231    9.5600878E-09
      1425.9000232    9.3901296E-09
      1428.6000232    9.2293568E-09
      1431.3000233    9.0715790E-09
      1436.7000234    8.7647711E-09
      1439.5000234    8.6101526E-09
      1442.2000235    8.4638687E-09
      1444.9000235    8.3202893E-09
      1447.6000235    8.1793603E-09
      1450.4000236    8.0359541E-09
      1453.1000236    7.9002627E-09
      1455.8000237    7.7670634E-09
      1458.5000237    7.6363085E-09
      1461.2000238    7.5079498E-09
      1466.7000239    7.2536896E-09
      1469.4000239    7.1323183E-09
      1472.1000239    7.0131567E-09
      1477.6000240    6.7770762E-09
      1480.3000241    6.6643633E-09
      1488.4000242    6.3383045E-09
      1491.2000242    6.2296701E-09
      1496.6000243    6.0258452E-09
      1551.0000252    4.3333861E-09
      1632.7000266    2.6876823E-09
      1823.1000296    9.4879338E-10
      2340.2000381    8.2712809E-11
      2829.9000460    1.1601439E-11
      3047.6000496    5.2271850E-12
      3700.7000602    4.6203324E-13
      4000.0000650    7.8921922E-14
      4680.3000761    0.0000000E+00
      5006.8000814    0.0000000E+00
      5387.8000876    0.0000000E+00
 
