       12.5000002    4.3185018E+18
        15.0000002    4.4400773E+18
        20.0000003    3.6728240E+18
        25.0000004    3.2814941E+18
        30.0000005    3.5046928E+18
        35.0000006    2.7597769E+18
        40.0000007    2.1657809E+18
        45.0000007    1.7792213E+18
        50.0000008    1.5191713E+18
        55.0000009    1.3109773E+18
        60.0000010    1.1228155E+18
        65.0000011    9.5038219E+17
        70.0000011    7.9755495E+17
        75.0000012    2.7267957E+18
        80.0000013    2.1997028E+18
        85.0000014    1.6502489E+18
        90.0000015    1.2298495E+18
        95.2390015    9.1246511E+17
       100.6800016    6.8040714E+17
       114.2900019    3.5751098E+17
       119.7300019    2.8622636E+17
       122.4500020    2.5779820E+17
       125.1700020    2.3312885E+17
       127.8900021    2.1160862E+17
       130.6100021    1.9273796E+17
       133.3300022    1.7610666E+17
       136.0600022    1.6132591E+17
       146.9400024    1.1652630E+17
       149.6600024    1.0795515E+17
       155.1000025    9.3089070E+16
       157.8200026    8.6617052E+16
       160.5500026    8.0669433E+16
       165.9900027    2.0581212E+17
       171.4300028    1.7302369E+17
       176.8700029    1.9571523E+17
       179.5900029    1.7938123E+17
       182.3100030    1.6431899E+17
       185.0400030    1.5051167E+17
       187.7600031    1.3798622E+17
       190.4800031    1.2658787E+17
       195.9200032    1.0676329E+17
       198.6400032    9.8150671E+16
       204.0800033    8.3123251E+16
       206.8000034    7.6571725E+16
       209.5300034    7.0561348E+16
       212.2500035    6.5082876E+16
       214.9700035    6.0066737E+16
       220.4100036    5.1256247E+16
       225.8500037    4.3839066E+16
       236.7400038    1.2463092E+17
       247.6200040    9.9503182E+16
       258.5100042    7.9054216E+16
       272.1100044    5.9329626E+16
       285.7200046    4.4569846E+16
       299.3200049    3.3510593E+16
       312.9300051    2.5181050E+16
       340.1400055    1.4124449E+16
       353.7400058    1.0499016E+16
       380.9500062    5.6017782E+15
       394.5600064    3.9536811E+15
       408.1700066    2.6547550E+15
       435.3800071    4.7365020E+14
 
