       12.5000002    3.6583440E+18
        15.0000002    5.1520262E+18
        20.0000003    3.7511106E+18
        25.0000004    2.1633354E+18
        30.0000005    2.2202596E+18
        35.0000006    2.1641693E+18
        40.0000007    2.0451329E+18
        45.0000007    1.8544692E+18
        50.0000008    1.6083047E+18
        55.0000009    1.3394477E+18
        60.0000010    1.0969206E+18
        65.0000011    9.0838180E+17
        70.0000011    7.7316166E+17
        75.0000012    6.5050610E+18
        80.0000013    6.5604995E+18
        85.0000014    5.8080388E+18
        90.0000015    4.9861549E+18
        95.2390015    4.1573942E+18
       100.6800016    3.3645759E+18
       114.2900019    1.9433769E+18
       119.7300019    1.5639519E+18
       122.4500020    1.4043929E+18
       125.1700020    1.2621073E+18
       127.8900021    1.1352365E+18
       130.6100021    1.0221112E+18
       133.3300022    9.2123413E+17
       136.0600022    8.3095268E+17
       146.9400024    5.5812736E+17
       149.6600024    5.0710593E+17
       155.1000025    4.2064106E+17
       157.8200026    3.8406429E+17
       160.5500026    3.5115924E+17
       165.9900027    9.0495930E+17
       171.4300028    8.1234936E+17
       176.8700029    9.7772457E+17
       179.5900029    9.2687002E+17
       182.3100030    8.7511127E+17
       185.0400030    8.2473110E+17
       187.7600031    7.7704438E+17
       190.4800031    7.3213682E+17
       195.9200032    6.5046915E+17
       198.6400032    6.1340118E+17
       204.0800033    5.4601033E+17
       206.8000034    5.1539638E+17
       209.5300034    4.8655321E+17
       212.2500035    4.5956480E+17
       214.9700035    4.3420542E+17
       220.4100036    3.8795093E+17
       225.8500037    3.4702109E+17
       236.7400038    4.5633512E+17
       247.6200040    3.9301215E+17
       258.5100042    3.3912581E+17
       272.1100044    2.8319856E+17
       285.7200046    2.3736898E+17
       299.3200049    1.9963087E+17
       312.9300051    1.6835743E+17
       340.1400055    1.2070280E+17
       353.7400058    1.0259038E+17
       380.9500062    7.4640038E+16
       394.5600064    6.3888936E+16
       408.1700066    5.4815242E+16
       435.3800071    4.0636554E+16
       462.5900075    3.0399066E+16
       476.1900077    2.6380503E+16
       489.8000080    2.2939672E+16
       503.4000082    1.9991099E+16
       517.0100084    1.7454916E+16
       557.8300091    1.1761589E+16
       571.4300093    1.0347729E+16
       585.0400095    9.1183079E+15
       612.2500100    7.1146718E+15
       666.6700108    4.4049590E+15
       680.2800111    3.9191536E+15
       707.4900115    3.1134524E+15
       734.7000119    2.4813478E+15
       761.9100124    1.9831880E+15
       789.1200128    1.5886449E+15
       816.3300133    1.2745858E+15
       843.5400137    1.0291468E+15
       870.7500142    8.2747981E+14
       911.5700148    5.9563868E+14
       952.3900155    4.2649163E+14
       993.2000162    3.1545021E+14
      1020.4000166    2.4742755E+14
      1061.2000173    1.7637691E+14
      1088.4000177    1.3348161E+14
      1102.0000179    1.1492208E+14
      1115.7000181    9.7890022E+13
      1129.3000184    8.2443676E+13
      1142.9000186    7.0847599E+13
      1156.5000188    5.7603409E+13
      1170.1000190    4.5221006E+13
      1197.3000195    1.1636385E+14
      1210.9000197    5.7102362E+13
 
