       12.5000002    4.5920507E+18
        15.0000002    4.1499634E+18
        20.0000003    2.1041799E+18
        25.0000004    2.0459984E+18
        30.0000005    2.5661013E+18
        35.0000006    2.5809939E+18
        40.0000007    2.5567183E+18
        45.0000007    2.4055341E+18
        50.0000008    2.1028870E+18
        55.0000009    1.7070476E+18
        60.0000010    1.3190994E+18
        65.0000011    1.0125453E+18
        70.0000011    8.0253752E+17
        75.0000012    3.7534727E+18
        80.0000013    4.1198357E+18
        85.0000014    4.2720441E+18
        90.0000015    4.5066686E+18
        95.2390015    4.5233364E+18
       100.6800016    4.2459266E+18
       114.2900019    3.6039473E+18
       119.7300019    3.4096710E+18
       122.4500020    3.3180474E+18
       125.1700020    3.2285785E+18
       127.8900021    3.1405433E+18
       130.6100021    3.0534573E+18
       133.3300022    2.9670261E+18
       136.0600022    2.8807721E+18
       146.9400024    2.5418491E+18
       149.6600024    2.4587389E+18
       155.1000025    2.2953823E+18
       157.8200026    2.2154211E+18
       160.5500026    2.1364999E+18
       165.9900027    2.5328287E+18
       171.4300028    2.4133117E+18
       176.8700029    2.4986531E+18
       179.5900029    2.4457696E+18
       182.3100030    2.3773269E+18
       185.0400030    2.3000384E+18
       187.7600031    2.2198215E+18
       190.4800031    2.1403034E+18
       195.9200032    1.9880634E+18
       198.6400032    1.9149948E+18
       204.0800033    1.7764724E+18
       206.8000034    1.7116177E+18
       209.5300034    1.6494873E+18
       212.2500035    1.5904181E+18
       214.9700035    1.5340386E+18
       220.4100036    1.4288024E+18
       225.8500037    1.3327501E+18
       236.7400038    1.3755494E+18
       247.6200040    1.2239262E+18
       258.5100042    1.0823001E+18
       272.1100044    9.2842583E+17
       285.7200046    7.9888075E+17
       299.3200049    6.8992616E+17
       312.9300051    5.9811220E+17
       340.1400055    4.5553856E+17
       353.7400058    4.0041210E+17
       380.9500062    3.1392555E+17
       394.5600064    2.7997495E+17
       408.1700066    2.5085253E+17
       435.3800071    2.0399597E+17
       462.5900075    1.6840821E+17
       476.1900077    1.5376217E+17
       489.8000080    1.4077502E+17
       503.4000082    1.2921769E+17
       517.0100084    1.1886835E+17
       557.8300091    9.3577115E+16
       571.4300093    8.6673634E+16
       585.0400095    8.0377255E+16
       612.2500100    6.9357361E+16
       666.6700108    5.2202682E+16
       680.2800111    4.8712604E+16
       707.4900115    4.4242325E+16
       734.7000119    3.9218154E+16
       761.9100124    3.4089780E+16
       789.1200128    2.9741184E+16
       816.3300133    2.6030682E+16
       843.5400137    2.2849643E+16
       870.7500142    2.0111363E+16
       911.5700148    1.6684143E+16
       952.3900155    1.3913361E+16
       993.2000162    1.8080515E+16
      1020.4000166    1.5792746E+16
      1061.2000173    1.5415944E+16
      1088.4000177    1.3495063E+16
      1102.0000179    1.2640009E+16
      1115.7000181    1.1842033E+16
      1129.3000184    1.1107507E+16
      1142.9000186    1.0425699E+16
      1156.5000188    9.7923504E+15
      1170.1000190    9.2035845E+15
      1197.3000195    2.6825517E+16
      1210.9000197    2.5536426E+16
      1224.5000199    2.4295024E+16
      1227.2000200    2.4055873E+16
      1229.9000200    2.3819259E+16
      1232.7000200    2.3576542E+16
      1235.4000201    2.3345056E+16
      1238.1000201    2.3116077E+16
      1240.8000202    2.2889566E+16
      1243.5000202    2.2665556E+16
      1246.3000203    2.2435840E+16
      1249.0000203    2.2216809E+16
      1257.2000204    2.1566244E+16
      1259.9000205    2.1356785E+16
      1262.6000205    2.1149637E+16
      1270.8000207    2.0534374E+16
      1281.6000208    1.9754910E+16
      1289.8000210    1.9185632E+16
      1292.5000210    1.9002308E+16
      1295.2000211    1.8820985E+16
      1298.0000211    1.8635032E+16
      1300.7000212    1.8457708E+16
      1303.4000212    1.8282312E+16
      1306.1000212    1.8108823E+16
      1314.3000214    1.7593376E+16
      1330.6000216    1.6617902E+16
      1341.5000218    1.6000207E+16
      1355.1000220    1.5266131E+16
      1360.6000221    1.4980308E+16
      1371.4000223    1.4436776E+16
      1382.3000225    1.3911087E+16
      1390.5000226    1.3530115E+16
      1395.9000227    1.3285792E+16
      1404.1000228    1.2924436E+16
      1406.8000229    1.2807940E+16
      1409.5000229    1.2692653E+16
      1415.0000230    1.2461489E+16
      1417.7000231    1.2349785E+16
      1420.4000231    1.2239236E+16
      1423.1000231    1.2129825E+16
      1425.9000232    1.2017553E+16
      1428.6000232    1.1910422E+16
      1431.3000233    1.1804391E+16
      1436.7000234    1.1595580E+16
      1439.5000234    1.1488986E+16
      1442.2000235    1.1387268E+16
      1444.9000235    1.1286588E+16
      1447.6000235    1.1186934E+16
      1450.4000236    1.1084659E+16
      1453.1000236    1.0987058E+16
      1455.8000237    1.0890446E+16
      1458.5000237    1.0794814E+16
      1461.2000238    1.0700150E+16
      1466.7000239    1.0510263E+16
      1469.4000239    1.0418471E+16
      1472.1000239    1.0327603E+16
      1477.6000240    1.0145317E+16
      1480.3000241    1.0057192E+16
      1488.4000242    9.7980724E+15
      1491.2000242    9.7102994E+15
      1496.6000243    9.5435730E+15
      1551.0000252    8.0360524E+15
      1632.7000266    6.2591697E+15
      1823.1000296    3.6205584E+15
      2340.2000381    9.9386946E+14
      2829.9000460    3.4730938E+14
      3047.6000496    2.2665833E+14
      3700.7000602    6.2911234E+13
      4000.0000650    3.3554176E+13
      4680.3000761    8.0258276E+11
      5006.8000814    0.0000000E+00
      5387.8000876    0.0000000E+00
 
