       12.5000002    2.3265836E+18
        15.0000002    3.8931981E+18
        20.0000003    3.4850643E+18
        25.0000004    2.8724093E+18
        30.0000005    2.6992414E+18
        35.0000006    2.0063476E+18
        40.0000007    1.6584372E+18
        45.0000007    1.4757270E+18
        50.0000008    1.3633202E+18
        55.0000009    1.2743268E+18
        60.0000010    1.1703404E+18
        65.0000011    1.0428405E+18
        70.0000011    9.0487897E+17
        75.0000012    6.3028163E+18
        80.0000013    6.8391251E+18
        85.0000014    6.6522554E+18
        90.0000015    6.3727194E+18
        95.2390015    5.9360632E+18
       100.6800016    5.2684265E+18
       114.2900019    3.6754813E+18
       119.7300019    3.1636674E+18
       122.4500020    2.9330814E+18
       125.1700020    2.7182448E+18
       127.8900021    2.5183080E+18
       130.6100021    2.3324328E+18
       133.3300022    2.1597976E+18
       136.0600022    1.9990358E+18
       146.9400024    1.4677036E+18
       149.6600024    1.3586786E+18
       155.1000025    1.1647436E+18
       157.8200026    1.0786978E+18
       160.5500026    9.9895181E+17
       165.9900027    1.5455777E+18
       171.4300028    1.4212976E+18
       176.8700029    1.6060796E+18
       179.5900029    1.5491177E+18
       182.3100030    1.4866064E+18
       185.0400030    1.4229012E+18
       187.7600031    1.3606942E+18
       190.4800031    1.3007759E+18
       195.9200032    1.1889038E+18
       198.6400032    1.1368285E+18
       204.0800033    1.0399347E+18
       206.8000034    9.9493343E+17
       209.5300034    9.5192666E+17
       212.2500035    9.1111237E+17
       214.9700035    8.7221694E+17
       220.4100036    7.9976902E+17
       225.8500037    7.3382361E+17
       236.7400038    7.2177908E+17
       247.6200040    6.2367041E+17
       258.5100042    5.4254614E+17
       272.1100044    4.6019496E+17
       285.7200046    3.9382342E+17
       299.3200049    3.3957664E+17
       312.9300051    2.9455786E+17
       340.1400055    2.2478562E+17
       353.7400058    1.9744142E+17
       380.9500062    1.5355606E+17
       394.5600064    1.3586853E+17
       408.1700066    1.2044840E+17
       435.3800071    9.5152896E+16
       462.5900075    7.5632390E+16
       476.1900077    6.7576771E+16
       489.8000080    6.0456840E+16
       503.4000082    5.4163897E+16
       517.0100084    4.8585748E+16
       557.8300091    3.5339914E+16
       571.4300093    3.1863050E+16
       585.0400095    2.8761077E+16
       612.2500100    2.3519509E+16
       666.6700108    1.5947486E+16
       680.2800111    1.4511213E+16
       707.4900115    1.2088372E+16
       734.7000119    1.0090658E+16
       761.9100124    8.4469396E+15
       789.1200128    7.0994156E+15
       816.3300133    5.9898800E+15
       843.5400137    5.0724600E+15
       870.7500142    4.3107902E+15
       911.5700148    3.3985631E+15
       952.3900155    2.6985781E+15
       993.2000162    2.4638523E+15
      1020.4000166    2.1125897E+15
      1061.2000173    1.8085413E+15
      1088.4000177    1.5573138E+15
      1102.0000179    1.4466776E+15
      1115.7000181    1.3441373E+15
      1129.3000184    1.2503996E+15
      1142.9000186    1.1639751E+15
      1156.5000188    1.0842231E+15
      1170.1000190    1.0105647E+15
      1197.3000195    3.9960427E+15
      1210.9000197    3.7541284E+15
      1224.5000199    3.5230817E+15
      1227.2000200    3.4788569E+15
      1229.9000200    3.4351938E+15
      1232.7000200    3.3905062E+15
      1235.4000201    3.3479853E+15
      1238.1000201    3.3060210E+15
      1240.8000202    3.2646095E+15
      1243.5000202    3.2237455E+15
      1246.3000203    3.1819407E+15
      1249.0000203    3.1421750E+15
      1257.2000204    3.0246241E+15
      1259.9000205    2.9869559E+15
      1262.6000205    2.9497900E+15
      1270.8000207    2.8399261E+15
      1281.6000208    2.7018821E+15
      1289.8000210    2.6018858E+15
      1292.5000210    2.5698349E+15
      1295.2000211    2.5382070E+15
      1298.0000211    2.5058482E+15
      1300.7000212    2.4750632E+15
      1303.4000212    2.4446828E+15
      1306.1000212    2.4147015E+15
      1314.3000214    2.3260335E+15
      1330.6000216    2.1599396E+15
      1341.5000218    2.0559541E+15
      1355.1000220    1.9336162E+15
      1360.6000221    1.8863554E+15
      1371.4000223    1.7970735E+15
      1382.3000225    1.7114767E+15
      1390.5000226    1.6499192E+15
      1395.9000227    1.6106560E+15
      1404.1000228    1.5528983E+15
      1406.8000229    1.5343589E+15
      1409.5000229    1.5160511E+15
      1415.0000230    1.4794604E+15
      1417.7000231    1.4618365E+15
      1420.4000231    1.4444316E+15
      1423.1000231    1.4272426E+15
      1425.9000232    1.4096420E+15
      1428.6000232    1.3928839E+15
      1431.3000233    1.3763330E+15
      1436.7000234    1.3438416E+15
      1439.5000234    1.3273086E+15
      1442.2000235    1.3115660E+15
      1444.9000235    1.2960167E+15
      1447.6000235    1.2806583E+15
      1450.4000236    1.2649299E+15
      1453.1000236    1.2499521E+15
      1455.8000237    1.2351577E+15
      1458.5000237    1.2205438E+15
      1461.2000238    1.2061083E+15
      1466.7000239    1.1772437E+15
      1469.4000239    1.1633351E+15
      1472.1000239    1.1495952E+15
      1477.6000240    1.1221197E+15
      1480.3000241    1.1088792E+15
      1488.4000242    1.0701088E+15
      1491.2000242    1.0570314E+15
      1496.6000243    1.0322693E+15
      1551.0000252    8.1332413E+14
      1632.7000266    5.6835604E+14
      1823.1000296    2.4071287E+14
      2340.2000381    0.0000000E+00
 
