       12.5000002    4.3302421E+18
        15.0000002    5.6246908E+18
        20.0000003    2.9602894E+18
        25.0000004    2.2668453E+18
        30.0000005    2.9112748E+18
        35.0000006    2.6569418E+18
        40.0000007    2.2624178E+18
        45.0000007    1.8436851E+18
        50.0000008    1.4825493E+18
        55.0000009    1.2180010E+18
        60.0000010    1.0386423E+18
        65.0000011    9.1255679E+17
        70.0000011    8.1332174E+17
        75.0000012    5.1031100E+18
        80.0000013    4.7501838E+18
        85.0000014    3.9022212E+18
        90.0000015    3.1121470E+18
        95.2390015    2.4236164E+18
       100.6800016    1.8549568E+18
       114.2900019    9.6754453E+17
       119.7300019    7.5706392E+17
       122.4500020    6.7224471E+17
       125.1700020    5.9854328E+17
       127.8900021    5.3441086E+17
       130.6100021    4.7851629E+17
       133.3300022    4.2971643E+17
       136.0600022    3.8688334E+17
       146.9400024    2.6219073E+17
       149.6600024    2.3960769E+17
       155.1000025    2.0175769E+17
       157.8200026    1.8586670E+17
       160.5500026    1.7160497E+17
       165.9900027    5.4465875E+17
       171.4300028    4.7468961E+17
       176.8700029    5.6933293E+17
       179.5900029    5.3144809E+17
       182.3100030    4.9507889E+17
       185.0400030    4.6086690E+17
       187.7600031    4.2920989E+17
       190.4800031    3.9989767E+17
       195.9200032    3.4767582E+17
       198.6400032    3.2442795E+17
       204.0800033    2.8290376E+17
       206.8000034    2.6436597E+17
       209.5300034    2.4709311E+17
       212.2500035    2.3110912E+17
       214.9700035    2.1625260E+17
       220.4100036    1.8958273E+17
       225.8500037    1.6647637E+17
       236.7400038    3.0191950E+17
       247.6200040    2.5384277E+17
       258.5100042    2.1326050E+17
       272.1100044    1.7203832E+17
       285.7200046    1.3926926E+17
       299.3200049    1.1317557E+17
       312.9300051    9.2290678E+16
       340.1400055    6.2030228E+16
       353.7400058    5.1115076E+16
       380.9500062    3.5031755E+16
       394.5600064    2.9133822E+16
       408.1700066    2.4288832E+16
       435.3800071    1.7006766E+16
       462.5900075    1.2006172E+16
       476.1900077    1.0120245E+16
       489.8000080    8.5369959E+15
       503.4000082    7.2106730E+15
       517.0100084    6.0952012E+15
       557.8300091    3.6978380E+15
       571.4300093    3.1297577E+15
       585.0400095    2.6470632E+15
       612.2500100    1.8920427E+15
       666.6700108    9.4079393E+14
       680.2800111    7.7925310E+14
       707.4900115    5.2544912E+14
       734.7000119    3.2685933E+14
       761.9100124    1.5796992E+14
 
