       12.5000002    2.6378285E+18
        15.0000002    2.8004443E+18
        20.0000003    2.9423896E+18
        25.0000004    2.5792399E+18
        30.0000005    3.1066959E+18
        35.0000006    2.7028967E+18
        40.0000007    2.1984268E+18
        45.0000007    1.7412508E+18
        50.0000008    1.3829035E+18
        55.0000009    1.1382078E+18
        60.0000010    9.9041341E+17
        65.0000011    8.9981441E+17
        70.0000011    8.3114565E+17
        75.0000012    4.9940203E+18
        80.0000013    5.5436123E+18
        85.0000014    5.5975582E+18
        90.0000015    5.6378817E+18
        95.2390015    5.5803574E+18
       100.6800016    5.2623693E+18
       114.2900019    4.2232643E+18
       119.7300019    3.8316675E+18
       122.4500020    3.6441609E+18
       125.1700020    3.4624982E+18
       127.8900021    3.2868867E+18
       130.6100021    3.1174959E+18
       133.3300022    2.9544578E+18
       136.0600022    2.7973013E+18
       146.9400024    2.2357251E+18
       149.6600024    2.1112165E+18
       155.1000025    1.8804044E+18
       157.8200026    1.7737592E+18
       160.5500026    1.6723392E+18
       165.9900027    2.0923662E+18
       171.4300028    1.9315130E+18
       176.8700029    2.0444542E+18
       179.5900029    1.9753539E+18
       182.3100030    1.9006093E+18
       185.0400030    1.8249517E+18
       187.7600031    1.7513759E+18
       190.4800031    1.6807280E+18
       195.9200032    1.5492960E+18
       198.6400032    1.4882789E+18
       204.0800033    1.3749673E+18
       206.8000034    1.3224196E+18
       209.5300034    1.2722291E+18
       212.2500035    1.2246061E+18
       214.9700035    1.1792122E+18
       220.4100036    1.0945626E+18
       225.8500037    1.0172770E+18
       236.7400038    1.0143409E+18
       247.6200040    8.7852402E+17
       258.5100042    7.6231718E+17
       272.1100044    6.4328172E+17
       285.7200046    5.4763262E+17
       299.3200049    4.7028710E+17
       312.9300051    4.0709538E+17
       340.1400055    3.1168808E+17
       353.7400058    2.7525817E+17
       380.9500062    2.1781985E+17
       394.5600064    1.9492341E+17
       408.1700066    1.7500380E+17
       435.3800071    1.4220880E+17
       462.5900075    1.1653890E+17
       476.1900077    1.0577059E+17
       489.8000080    9.6130869E+16
       503.4000082    8.7491911E+16
       517.0100084    7.9721199E+16
       557.8300091    6.0712863E+16
       571.4300093    5.5557743E+16
       585.0400095    5.0885119E+16
       612.2500100    4.2805461E+16
       666.6700108    3.0609156E+16
       680.2800111    2.8205783E+16
       707.4900115    2.4251565E+16
       734.7000119    2.0771160E+16
       761.9100124    1.7756123E+16
       789.1200128    1.5231076E+16
       816.3300133    1.3107908E+16
       843.5400137    1.1316005E+16
       870.7500142    9.7983623E+15
       911.5700148    7.9370239E+15
       952.3900155    6.4685976E+15
       993.2000162    6.7720118E+15
      1020.4000166    5.8736351E+15
      1061.2000173    5.3445446E+15
      1088.4000177    4.6503667E+15
      1102.0000179    4.3427032E+15
      1115.7000181    4.0563848E+15
      1129.3000184    3.7935919E+15
      1142.9000186    3.5503459E+15
      1156.5000188    3.3250096E+15
      1170.1000190    3.1160968E+15
      1197.3000195    1.1063711E+16
      1210.9000197    1.0473237E+16
      1224.5000199    9.9059362E+15
      1227.2000200    9.7969600E+15
      1229.9000200    9.6892390E+15
      1232.7000200    9.5788594E+15
      1235.4000201    9.4737046E+15
      1238.1000201    9.3698029E+15
      1240.8000202    9.2671479E+15
      1243.5000202    9.1657308E+15
      1246.3000203    9.0618538E+15
      1249.0000203    8.9629246E+15
      1257.2000204    8.6697882E+15
      1259.9000205    8.5756302E+15
      1262.6000205    8.4826200E+15
      1270.8000207    8.2070302E+15
      1281.6000208    7.8593349E+15
      1289.8000210    7.6064456E+15
      1292.5000210    7.5252009E+15
      1295.2000211    7.4449366E+15
      1298.0000211    7.3627212E+15
      1300.7000212    7.2844143E+15
      1303.4000212    7.2070491E+15
      1306.1000212    7.1306132E+15
      1314.3000214    6.9040450E+15
      1330.6000216    6.4774861E+15
      1341.5000218    6.2089266E+15
      1355.1000220    5.8913878E+15
      1360.6000221    5.7682399E+15
      1371.4000223    5.5348320E+15
      1382.3000225    5.3100801E+15
      1390.5000226    5.1478275E+15
      1395.9000227    5.0440558E+15
      1404.1000228    4.8909896E+15
      1406.8000229    4.8417505E+15
      1409.5000229    4.7930740E+15
      1415.0000230    4.6956287E+15
      1417.7000231    4.6486171E+15
      1420.4000231    4.6021396E+15
      1423.1000231    4.5561899E+15
      1425.9000232    4.5090886E+15
      1428.6000232    4.4641928E+15
      1431.3000233    4.4198043E+15
      1436.7000234    4.3325238E+15
      1439.5000234    4.2880398E+15
      1442.2000235    4.2456353E+15
      1444.9000235    4.2037070E+15
      1447.6000235    4.1622485E+15
      1450.4000236    4.1197447E+15
      1453.1000236    4.0792255E+15
      1455.8000237    4.0391585E+15
      1458.5000237    3.9995382E+15
      1461.2000238    3.9603593E+15
      1466.7000239    3.8818910E+15
      1469.4000239    3.8440180E+15
      1472.1000239    3.8065640E+15
      1477.6000240    3.7315446E+15
      1480.3000241    3.6953324E+15
      1488.4000242    3.5890685E+15
      1491.2000242    3.5531459E+15
      1496.6000243    3.4850138E+15
      1551.0000252    2.8754175E+15
      1632.7000266    2.1735895E+15
      1823.1000296    1.1738622E+15
      2340.2000381    2.5976615E+14
      2829.9000460    5.1848648E+13
      3047.6000496    1.5605511E+13
      3700.7000602    0.0000000E+00
 
