       12.5000002    1.8609146E+03
        15.0000002    8.8191858E+02
        20.0000003    7.2998207E+01
        25.0000004    2.2051615E+01
        30.0000005    1.4706705E+01
        35.0000006    8.8111935E+00
        40.0000007    5.7428098E+00
        45.0000007    3.6915243E+00
        50.0000008    2.1815548E+00
        55.0000009    1.1584127E+00
        60.0000010    5.6080884E-01
        65.0000011    2.6013741E-01
        70.0000011    1.2481461E-01
        75.0000012    2.6684362E-01
        80.0000013    2.1386404E-01
        85.0000014    1.7778735E-01
        90.0000015    1.5374833E-01
        95.2390015    1.2239247E-01
       100.6800016    9.1934428E-02
       114.2900019    4.8063308E-02
       119.7300019    3.7133522E-02
       122.4500020    3.2493699E-02
       125.1700020    2.8328249E-02
       127.8900021    2.4596449E-02
       130.6100021    2.1263873E-02
       133.3300022    1.8299557E-02
       136.0600022    1.5665391E-02
       146.9400024    8.0152936E-03
       149.6600024    6.6860314E-03
       155.1000025    4.5644450E-03
       157.8200026    3.7313185E-03
       160.5500026    3.0230682E-03
       165.9900027    2.3799844E-03
       171.4300028    1.5110757E-03
       176.8700029    9.9927618E-04
       179.5900029    7.4687361E-04
       182.3100030    5.2495854E-04
       185.0400030    3.1967738E-04
       187.7600031    4.4989480E-05
 
