       12.5000002    3.6453412E+02
        15.0000002    7.6920906E+01
        20.0000003    2.0664772E+01
        25.0000004    9.6164618E+00
        30.0000005    6.7705998E+00
        35.0000006    3.4302258E+00
        40.0000007    1.4981182E+00
        45.0000007    6.0021710E-01
        50.0000008    2.3712020E-01
        55.0000009    1.0528699E-01
        60.0000010    5.9566624E-02
        65.0000011    3.9670121E-02
        70.0000011    2.6743701E-02
        75.0000012    8.9415818E-02
        80.0000013    7.3072948E-02
        85.0000014    5.4123323E-02
        90.0000015    3.8764689E-02
        95.2390015    2.4943778E-02
       100.6800016    1.3395036E-02
 
