       12.5000002    2.0648096E+03
        15.0000002    1.0420995E+03
        20.0000003    1.0037018E+02
        25.0000004    2.6921978E+01
        30.0000005    1.7998440E+01
        35.0000006    1.0943725E+01
        40.0000007    7.3137097E+00
        45.0000007    5.0881653E+00
        50.0000008    3.4032187E+00
        55.0000009    2.0996547E+00
        60.0000010    1.1925402E+00
        65.0000011    6.3991392E-01
        70.0000011    3.3634087E-01
        75.0000012    6.6919881E-01
        80.0000013    5.0361753E-01
        85.0000014    4.2754287E-01
        90.0000015    4.1489914E-01
        95.2390015    3.4206891E-01
       100.6800016    2.3597080E-01
       114.2900019    1.0924178E-01
       119.7300019    8.8269696E-02
       122.4500020    8.0255471E-02
       125.1700020    7.3349290E-02
       127.8900021    6.7294762E-02
       130.6100021    6.1910156E-02
       133.3300022    5.7065416E-02
       136.0600022    5.2651070E-02
       146.9400024    3.8374461E-02
       149.6600024    3.5454910E-02
       155.1000025    3.0238040E-02
       157.8200026    2.7909923E-02
       160.5500026    2.5743635E-02
       165.9900027    2.6646852E-02
       171.4300028    2.3252165E-02
       176.8700029    2.1420067E-02
       179.5900029    2.0155892E-02
       182.3100030    1.8791866E-02
       185.0400030    1.7379023E-02
       187.7600031    1.5997278E-02
       190.4800031    1.4700405E-02
       195.9200032    1.2399516E-02
       198.6400032    1.1370226E-02
       204.0800033    9.5495963E-03
       206.8000034    8.7572513E-03
       209.5300034    8.0340840E-03
       212.2500035    7.3788166E-03
       214.9700035    6.7824172E-03
       220.4100036    5.7440391E-03
       225.8500037    4.8800842E-03
       236.7400038    4.0786099E-03
       247.6200040    3.1012986E-03
       258.5100042    2.3556517E-03
       272.1100044    1.6808539E-03
       285.7200046    1.2102124E-03
       299.3200049    8.7903725E-04
       312.9300051    6.4358488E-04
       340.1400055    3.5358753E-04
       353.7400058    2.6539218E-04
       380.9500062    1.5336972E-04
       394.5600064    1.1811618E-04
       408.1700066    9.1768015E-05
       435.3800071    5.6859270E-05
       462.5900075    3.6416055E-05
       476.1900077    2.9485593E-05
       489.8000080    2.4042831E-05
       503.4000082    1.9740530E-05
       517.0100084    1.6308220E-05
       557.8300091    9.5081368E-06
       571.4300093    8.0213358E-06
       585.0400095    6.7947831E-06
       612.2500100    4.9318051E-06
       666.6700108    2.6978407E-06
       680.2800111    2.3353211E-06
       707.4900115    1.9080744E-06
       734.7000119    1.4902199E-06
       761.9100124    1.1226458E-06
       789.1200128    8.5401609E-07
       816.3300133    6.5516474E-07
       843.5400137    5.0641415E-07
       870.7500142    3.9411799E-07
       911.5700148    2.7372661E-07
       952.3900155    1.9251875E-07
       993.2000162    2.4315935E-07
      1020.4000166    1.9022141E-07
      1061.2000173    1.6351535E-07
      1088.4000177    1.2897247E-07
      1102.0000179    1.1476371E-07
      1115.7000181    1.0216103E-07
      1129.3000184    9.1130723E-08
      1142.9000186    8.1388372E-08
      1156.5000188    7.2772707E-08
      1170.1000190    6.5143993E-08
      1197.3000195    1.5004676E-07
      1210.9000197    1.3647625E-07
      1224.5000199    1.2414193E-07
      1227.2000200    1.2183696E-07
      1229.9000200    1.1957785E-07
      1232.7000200    1.1728256E-07
      1235.4000201    1.1511418E-07
      1238.1000201    1.1298903E-07
      1240.8000202    1.1090623E-07
      1243.5000202    1.0886492E-07
      1246.3000203    1.0679094E-07
      1249.0000203    1.0483151E-07
      1257.2000204    9.9115518E-08
      1259.9000205    9.7308344E-08
      1262.6000205    9.5536890E-08
      1270.8000207    9.0368182E-08
      1281.6000208    8.4019128E-08
      1289.8000210    7.9522529E-08
      1292.5000210    7.8099781E-08
      1295.2000211    7.6704673E-08
      1298.0000211    7.5286387E-08
      1300.7000212    7.3945813E-08
      1303.4000212    7.2631167E-08
      1306.1000212    7.1341901E-08
      1314.3000214    6.7576551E-08
      1330.6000216    6.0718122E-08
      1341.5000218    5.6556434E-08
      1355.1000220    5.1793894E-08
      1360.6000221    4.9993506E-08
      1371.4000223    4.6653309E-08
      1382.3000225    4.3527216E-08
      1390.5000226    4.1326022E-08
      1395.9000227    3.9942886E-08
      1404.1000228    3.7938133E-08
      1406.8000229    3.7302250E-08
      1409.5000229    3.6677967E-08
      1415.0000230    3.5441229E-08
      1417.7000231    3.4850803E-08
      1420.4000231    3.4271089E-08
      1423.1000231    3.3701873E-08
      1425.9000232    3.3122447E-08
      1428.6000232    3.2573986E-08
      1431.3000233    3.2035420E-08
      1436.7000234    3.0987181E-08
      1439.5000234    3.0458427E-08
      1442.2000235    2.9957867E-08
      1444.9000235    2.9466262E-08
      1447.6000235    2.8983445E-08
      1450.4000236    2.8491845E-08
      1453.1000236    2.8026406E-08
      1455.8000237    2.7569248E-08
      1458.5000237    2.7120214E-08
      1461.2000238    2.6679144E-08
      1466.7000239    2.5804683E-08
      1469.4000239    2.5386885E-08
      1472.1000239    2.4976460E-08
      1477.6000240    2.4162617E-08
      1480.3000241    2.3773723E-08
      1488.4000242    2.2647438E-08
      1491.2000242    2.2271756E-08
      1496.6000243    2.1566285E-08
      1551.0000252    1.5674523E-08
      1632.7000266    9.8715391E-09
      1823.1000296    3.6051242E-09
      2340.2000381    3.4324721E-10
      2829.9000460    5.3128755E-11
      3047.6000496    2.5118949E-11
      3700.7000602    3.2287703E-12
      4000.0000650    1.3304815E-12
      4680.3000761    1.2555502E-13
      5006.8000814    0.0000000E+00
      5387.8000876    0.0000000E+00
 
