       12.5000002    2.3204902E+18
        15.0000002    3.7889278E+18
        20.0000003    3.1830436E+18
        25.0000004    2.3828135E+18
        30.0000005    1.8719411E+18
        35.0000006    1.3958351E+18
        40.0000007    1.2316140E+18
        45.0000007    1.1203198E+18
        50.0000008    9.8805029E+17
        55.0000009    8.0541955E+17
        60.0000010    5.9961846E+17
        65.0000011    4.2220848E+17
        70.0000011    2.9525656E+17
        75.0000012    2.2589212E+18
        80.0000013    1.1698224E+18
 
