       12.5000002    3.6880974E+18
        15.0000002    3.0488122E+18
        20.0000003    2.1691564E+18
        25.0000004    2.1475733E+18
        30.0000005    2.6120545E+18
        35.0000006    2.5054904E+18
        40.0000007    2.2408966E+18
        45.0000007    1.8464977E+18
        50.0000008    1.4273652E+18
        55.0000009    1.0774350E+18
        60.0000010    8.4110310E+17
        65.0000011    7.0406725E+17
        70.0000011    6.2578361E+17
        75.0000012    3.6586610E+18
        80.0000013    4.0525330E+18
        85.0000014    4.0843418E+18
        90.0000015    4.0992638E+18
        95.2390015    4.0322483E+18
       100.6800016    3.7702366E+18
       114.2900019    2.9028055E+18
       119.7300019    2.5606598E+18
       122.4500020    2.3945351E+18
       125.1700020    2.2325885E+18
       127.8900021    2.0754280E+18
       130.6100021    1.9235906E+18
       133.3300022    1.7775377E+18
       136.0600022    1.6371358E+18
       146.9400024    1.1434854E+18
       149.6600024    1.0369080E+18
       155.1000025    8.4355673E+17
       157.8200026    7.5646895E+17
       160.5500026    6.7521834E+17
       165.9900027    8.2172180E+17
       171.4300028    6.8345017E+17
       176.8700029    6.6654958E+17
       179.5900029    6.0071825E+17
       182.3100030    5.3244840E+17
       185.0400030    4.6271517E+17
       187.7600031    3.9174294E+17
       190.4800031    3.1751247E+17
       195.9200032    1.2834392E+17
 
