       12.5000002    4.4047238E+18
        15.0000002    3.8801235E+18
        20.0000003    1.9996841E+18
        25.0000004    1.9663377E+18
        30.0000005    2.4393452E+18
        35.0000006    2.4298792E+18
        40.0000007    2.3487536E+18
        45.0000007    2.1154487E+18
        50.0000008    1.7519492E+18
        55.0000009    1.3516206E+18
        60.0000010    1.0128575E+18
        65.0000011    7.7935370E+17
        70.0000011    6.3831825E+17
        75.0000012    3.3473917E+18
        80.0000013    3.7100714E+18
        85.0000014    3.7930119E+18
        90.0000015    3.8780748E+18
        95.2390015    3.8516566E+18
       100.6800016    3.6458354E+18
       114.2900019    3.0242886E+18
       119.7300019    2.7799959E+18
       122.4500020    2.6580265E+18
       125.1700020    2.5363188E+18
       127.8900021    2.4151504E+18
       130.6100021    2.2948904E+18
       133.3300022    2.1759499E+18
       136.0600022    2.0583314E+18
       146.9400024    1.6150843E+18
       149.6600024    1.5123141E+18
       155.1000025    1.3181025E+18
       157.8200026    1.2269471E+18
       160.5500026    1.1395629E+18
       165.9900027    1.3239166E+18
       171.4300028    1.1747469E+18
       176.8700029    1.1773058E+18
       179.5900029    1.1119415E+18
       182.3100030    1.0446544E+18
       185.0400030    9.7826601E+17
       187.7600031    9.1464648E+17
       190.4800031    8.5408448E+17
       195.9200032    7.4220698E+17
       198.6400032    6.9049200E+17
       204.0800033    5.9443790E+17
       206.8000034    5.4968063E+17
       209.5300034    5.0665492E+17
       212.2500035    4.6545086E+17
       214.9700035    4.2568015E+17
       220.4100036    3.4947091E+17
       225.8500037    2.7576312E+17
       236.7400038    1.1554581E+17
 
