       80.0000013    7.7400935E+18
        85.0000014    6.1046425E+18
        90.0000015    4.8319237E+18
        95.2390015    3.7979724E+18
       100.6800016    2.9715541E+18
       114.2900019    1.6415508E+18
       119.7300019    1.3049899E+18
       122.4500020    1.1654071E+18
       125.1700020    1.0418511E+18
       127.8900021    9.3237136E+17
       130.6100021    8.3527047E+17
       133.3300022    7.4906841E+17
       136.0600022    6.7220781E+17
       146.9400024    1.9507905E+18
       149.6600024    1.8640444E+18
       155.1000025    1.6791386E+18
       157.8200026    1.5899878E+18
       160.5500026    1.5046496E+18
       165.9900027    1.3479844E+18
       171.4300028    1.2085528E+18
       176.8700029    1.0846807E+18
       179.5900029    1.0280048E+18
       182.3100030    9.7454395E+17
       185.0400030    9.2391536E+17
       187.7600031    8.7629984E+17
       190.4800031    8.3133057E+17
       195.9200032    7.4868818E+17
       198.6400032    7.1072212E+17
       204.0800033    7.9345350E+17
       206.8000034    7.6134006E+17
       209.5300034    7.3066568E+17
       212.2500035    7.0168015E+17
       214.9700035    6.7420026E+17
       220.4100036    6.2338777E+17
       225.8500037    5.7750268E+17
       236.7400038    4.9798204E+17
       247.6200040    4.3178072E+17
       258.5100042    3.7593168E+17
       272.1100044    3.1772213E+17
       285.7200046    2.6962490E+17
       299.3200049    2.2961740E+17
       312.9300051    1.9608795E+17
       340.1400055    1.4407985E+17
       353.7400058    1.2392443E+17
       380.9500062    9.2244937E+16
       394.5600064    7.9826176E+16
       408.1700066    6.9219334E+16
       435.3800071    5.2366556E+16
       462.5900075    3.9933906E+16
       476.1900077    3.4977526E+16
       489.8000080    3.0692530E+16
       503.4000082    2.6986738E+16
       517.0100084    2.3770932E+16
       557.8300091    1.6426726E+16
       571.4300093    1.4575395E+16
       585.0400095    1.2953751E+16
       612.2500100    1.0283694E+16
       666.6700108    6.6046794E+15
       680.2800111    5.9343397E+15
       707.4900115    4.8114081E+15
       734.7000119    3.9219754E+15
       761.9100124    3.2133429E+15
       789.1200128    2.6455893E+15
       816.3300133    2.1882727E+15
       843.5400137    1.8180309E+15
       870.7500142    1.5168239E+15
       911.5700148    1.1646223E+15
       952.3900155    9.0183838E+14
       993.2000162    7.0398118E+14
      1020.4000166    5.9935403E+14
      1061.2000173    4.7363510E+14
      1088.4000177    4.0636897E+14
      1102.0000179    3.7681627E+14
      1115.7000181    3.4946703E+14
      1129.3000184    3.2450511E+14
      1142.9000186    3.0152925E+14
      1156.5000188    2.8036498E+14
      1170.1000190    2.6085457E+14
      1197.3000195    2.2623780E+14
      1210.9000197    2.1088494E+14
      1224.5000199    1.9669031E+14
      1227.2000200    1.9400147E+14
      1229.9000200    1.9135375E+14
      1232.7000200    1.8865062E+14
      1235.4000201    1.8608446E+14
      1238.1000201    1.8355732E+14
      1240.8000202    1.8106856E+14
      1243.5000202    1.7861749E+14
      1246.3000203    1.7611480E+14
      1249.0000203    1.7373847E+14
      1257.2000204    1.8128027E+14
      1259.9000205    1.7890420E+14
      1262.6000205    1.7650967E+14
      1270.8000207    1.6932630E+14
      1281.6000208    1.6028402E+14
      1289.8000210    1.6054801E+14
      1292.5000210    1.5840121E+14
      1295.2000211    1.5626408E+14
      1298.0000211    1.5406882E+14
      1300.7000212    1.5197769E+14
      1303.4000212    1.4991444E+14
      1306.1000212    1.4788030E+14
      1314.3000214    1.4188367E+14
      1330.6000216    1.3074836E+14
      1341.5000218    1.2384724E+14
      1355.1000220    1.1580020E+14
      1360.6000221    1.1271291E+14
      1371.4000223    1.0691373E+14
      1382.3000225    1.0139608E+14
      1390.5000226    9.7454117E+13
      1395.9000227    9.4951401E+13
      1404.1000228    9.1286669E+13
      1406.8000229    9.0114605E+13
      1409.5000229    8.8959284E+13
      1415.0000230    8.6656443E+13
      1417.7000231    8.5550262E+13
      1420.4000231    8.4459718E+13
      1423.1000231    8.3384634E+13
      1425.9000232    8.2285760E+13
      1428.6000232    8.1241336E+13
      1431.3000233    8.0211618E+13
      1436.7000234    7.8195324E+13
      1439.5000234    7.7172039E+13
      1442.2000235    7.6199355E+13
      1444.9000235    7.5240210E+13
      1447.6000235    7.4294470E+13
      1450.4000236    7.3327599E+13
      1453.1000236    7.2408451E+13
      1455.8000237    4.5544058E+14
      1458.5000237    4.5367431E+14
      1461.2000238    4.5044308E+14
      1466.7000239    4.4165635E+14
      1469.4000239    4.3688740E+14
      1472.1000239    4.3201375E+14
      1477.6000240    4.2201600E+14
      1480.3000241    4.1713716E+14
      1488.4000242    4.0277032E+14
      1491.2000242    3.9791463E+14
      1496.6000243    3.8871974E+14
      1551.0000252    3.0763542E+14
      1632.7000266    2.1761611E+14
      1823.1000296    9.9544826E+13
      2340.2000381    1.2169976E+13
 
