       80.0000013    1.5941000E+17
        85.0000014    1.2408714E+17
        90.0000015    9.8412974E+16
        95.2390015    7.8182020E+16
       100.6800016    6.2092458E+16
       114.2900019    3.5582266E+16
       119.7300019    2.8601748E+16
       122.4500020    2.5657327E+16
       125.1700020    2.3023091E+16
       127.8900021    2.0664947E+16
       130.6100021    1.8552856E+16
       133.3300022    1.6660267E+16
       136.0600022    1.4957748E+16
       146.9400024    3.1562772E+16
       149.6600024    2.7435570E+16
       155.1000025    2.0758247E+16
       157.8200026    1.8076272E+16
       160.5500026    1.5745043E+16
       165.9900027    1.1983541E+16
       171.4300028    9.1426894E+15
       176.8700029    6.9877846E+15
       179.5900029    6.1118383E+15
       182.3100030    5.3466931E+15
       185.0400030    4.6754638E+15
       187.7600031    4.0904654E+15
       190.4800031    3.5782317E+15
       195.9200032    2.7358483E+15
       198.6400032    2.3905632E+15
       204.0800033    1.6038376E+16
       206.8000034    1.4326032E+16
       209.5300034    1.2737981E+16
       212.2500035    1.1293753E+16
       214.9700035    9.9830556E+15
       220.4100036    7.7242619E+15
       225.8500037    5.8770894E+15
       236.7400038    3.0931133E+15
       247.6200040    9.3062137E+14
 
