       80.0000013    1.0170221E+18
        85.0000014    7.0832181E+17
        90.0000015    5.0382389E+17
        95.2390015    3.6129543E+17
       100.6800016    2.6300146E+17
       114.2900019    1.3451414E+17
       119.7300019    1.0764379E+17
       122.4500020    9.7094410E+16
       125.1700020    8.8014205E+16
       127.8900021    8.0145447E+16
       130.6100021    7.3280380E+16
       133.3300022    6.7252101E+16
       136.0600022    6.1906267E+16
       146.9400024    4.3454675E+17
       149.6600024    3.9435723E+17
       155.1000025    3.2512645E+17
       157.8200026    2.9557023E+17
       160.5500026    2.6884198E+17
       165.9900027    2.2313290E+17
       171.4300028    1.8577905E+17
       176.8700029    1.5513534E+17
       179.5900029    1.4191500E+17
       182.3100030    1.2991067E+17
       185.0400030    1.1896409E+17
       187.7600031    1.0904790E+17
       190.4800031    1.0002410E+17
       195.9200032    8.4318729E+16
       198.6400032    7.7490796E+16
       204.0800033    2.2765297E+17
       206.8000034    2.1473036E+17
       209.5300034    2.0229559E+17
       212.2500035    1.9056844E+17
       214.9700035    1.7952589E+17
       220.4100036    1.5941536E+17
       225.8500037    1.4170825E+17
       236.7400038    1.1234130E+17
       247.6200040    8.9486142E+16
       258.5100042    7.1580573E+16
       272.1100044    5.4488322E+16
       285.7200046    4.1736534E+16
       299.3200049    3.2173280E+16
       312.9300051    2.4943233E+16
       340.1400055    1.5243354E+16
       353.7400058    1.2007278E+16
       380.9500062    7.5475251E+15
       394.5600064    6.0181441E+15
       408.1700066    4.8146707E+15
       435.3800071    3.1080158E+15
       462.5900075    2.0233980E+15
       476.1900077    1.6362501E+15
       489.8000080    1.3241215E+15
       503.4000082    1.0721423E+15
       517.0100084    8.6790693E+14
       557.8300091    4.5744653E+14
       571.4300093    3.6775409E+14
       585.0400095    2.9431750E+14
       612.2500100    1.8465331E+14
       666.6700108    5.7111136E+13
       680.2800111    3.4867021E+13
 
