       80.0000013    1.0687747E+19
        85.0000014    8.8875988E+18
        90.0000015    7.3911519E+18
        95.2390015    6.0987991E+18
       100.6800016    5.0042095E+18
       114.2900019    3.0838775E+18
       119.7300019    2.5534552E+18
       122.4500020    2.3259099E+18
       125.1700020    2.1200838E+18
       127.8900021    1.9337679E+18
       130.6100021    1.7649879E+18
       133.3300022    1.6119796E+18
       136.0600022    1.4726811E+18
       146.9400024    2.4711634E+18
       149.6600024    2.3737703E+18
       155.1000025    2.1654690E+18
       157.8200026    2.0645746E+18
       160.5500026    1.9677186E+18
       165.9900027    1.7891701E+18
       171.4300028    1.6293123E+18
       176.8700029    1.4863074E+18
       179.5900029    1.4204796E+18
       182.3100030    1.3581082E+18
       185.0400030    1.2987551E+18
       187.7600031    1.2426439E+18
       190.4800031    1.1893570E+18
       195.9200032    1.0905535E+18
       198.6400032    1.0447200E+18
       204.0800033    1.0927186E+18
       206.8000034    1.0492472E+18
       209.5300034    1.0067336E+18
       212.2500035    9.6614925E+17
       214.9700035    9.2752430E+17
       220.4100036    8.5610635E+17
       225.8500037    7.9190957E+17
       236.7400038    6.8192007E+17
       247.6200040    5.9202798E+17
       258.5100042    5.1761183E+17
       272.1100044    4.4150322E+17
       285.7200046    3.7963511E+17
       299.3200049    3.2867973E+17
       312.9300051    2.8610358E+17
       340.1400055    2.1955471E+17
       353.7400058    1.9327296E+17
       380.9500062    1.5082826E+17
       394.5600064    1.3362291E+17
       408.1700066    1.1857425E+17
       435.3800071    9.3785868E+16
       462.5900075    7.4569068E+16
       476.1900077    6.6617481E+16
       489.8000080    5.9580134E+16
       503.4000082    5.3353621E+16
       517.0100084    4.7830117E+16
       557.8300091    3.4705153E+16
       571.4300093    3.1260206E+16
       585.0400095    2.8187759E+16
       612.2500100    2.3000364E+16
       666.6700108    1.5525282E+16
       680.2800111    1.4111396E+16
       707.4900115    1.1697499E+16
       734.7000119    9.7384164E+15
       761.9100124    8.1415744E+15
       789.1200128    6.8344263E+15
       816.3300133    5.7598819E+15
       843.5400137    4.8728943E+15
       870.7500142    4.1377597E+15
       911.5700148    3.2591519E+15
       952.3900155    2.5866451E+15
       993.2000162    2.0677611E+15
      1020.4000166    1.7878419E+15
      1061.2000173    1.4451136E+15
      1088.4000177    1.2582509E+15
      1102.0000179    1.1752432E+15
      1115.7000181    1.0978708E+15
      1129.3000184    1.0267487E+15
      1142.9000186    9.6082519E+14
      1156.5000188    8.9967740E+14
      1170.1000190    8.4292035E+14
      1197.3000195    7.4120539E+14
      1210.9000197    6.9563525E+14
      1224.5000199    6.5322574E+14
      1227.2000200    6.4516053E+14
      1229.9000200    6.3720846E+14
      1232.7000200    6.2907943E+14
      1235.4000201    6.2135218E+14
      1238.1000201    6.1373277E+14
      1240.8000202    6.0621940E+14
      1243.5000202    5.9881051E+14
      1246.3000203    5.9123580E+14
      1249.0000203    5.8403462E+14
      1257.2000204    6.5907817E+14
      1259.9000205    6.5146225E+14
      1262.6000205    6.4360870E+14
      1270.8000207    6.1961534E+14
      1281.6000208    5.8909758E+14
      1289.8000210    6.1145725E+14
      1292.5000210    6.0401138E+14
      1295.2000211    5.9652781E+14
      1298.0000211    5.8879834E+14
      1300.7000212    5.8141086E+14
      1303.4000212    5.7410600E+14
      1306.1000212    5.6689246E+14
      1314.3000214    5.4557611E+14
      1330.6000216    5.0582454E+14
      1341.5000218    4.8107878E+14
      1355.1000220    4.5211064E+14
      1360.6000221    4.4096282E+14
      1371.4000223    4.1997009E+14
      1382.3000225    3.9992833E+14
      1390.5000226    3.8556777E+14
      1395.9000227    3.7643174E+14
      1404.1000228    3.6302627E+14
      1406.8000229    3.5873201E+14
      1409.5000229    3.5449559E+14
      1415.0000230    3.4604115E+14
      1417.7000231    3.4197513E+14
      1420.4000231    3.3796353E+14
      1423.1000231    3.3400551E+14
      1425.9000232    3.2995670E+14
      1428.6000232    3.2610549E+14
      1431.3000233    3.2230545E+14
      1436.7000234    3.1485610E+14
      1439.5000234    3.1107096E+14
      1442.2000235    3.0747017E+14
      1444.9000235    3.0391685E+14
      1447.6000235    3.0041038E+14
      1450.4000236    2.9682277E+14
      1453.1000236    2.9340955E+14
      1455.8000237    1.6865504E+15
      1458.5000237    1.6815543E+15
      1461.2000238    1.6713201E+15
      1466.7000239    1.6426472E+15
      1469.4000239    1.6269434E+15
      1472.1000239    1.6108516E+15
      1477.6000240    1.5777552E+15
      1480.3000241    1.5615727E+15
      1488.4000242    1.5138157E+15
      1491.2000242    1.4976405E+15
      1496.6000243    1.4669616E+15
      1551.0000252    1.1932666E+15
      1632.7000266    8.8130749E+14
      1823.1000296    4.5252504E+14
      2340.2000381    9.4190311E+13
      2829.9000460    2.6221233E+13
      3047.6000496    1.5327812E+13
      3700.7000602    2.5090604E+12
      4000.0000650    1.0067248E+12
      4680.3000761    0.0000000E+00
 
