       80.0000013    4.0382265E+17
        85.0000014    2.8892939E+17
        90.0000015    2.1471485E+17
        95.2390015    1.6317780E+17
       100.6800016    1.2687619E+17
       114.2900019    7.5058307E+16
       119.7300019    6.2502756E+16
       122.4500020    5.7242976E+16
       125.1700020    5.2526664E+16
       127.8900021    4.8277309E+16
       130.6100021    4.4432875E+16
       133.3300022    4.0942532E+16
       136.0600022    3.7753063E+16
       146.9400024    1.7241734E+17
       149.6600024    1.5391582E+17
       155.1000025    1.2292987E+17
       157.8200026    1.1003434E+17
       160.5500026    9.8559398E+16
       165.9900027    7.9392256E+16
       171.4300028    6.4215615E+16
       176.8700029    5.2144700E+16
       179.5900029    4.7055988E+16
       182.3100030    4.2503374E+16
       185.0400030    3.8412165E+16
       187.7600031    3.4758554E+16
       190.4800031    3.1480637E+16
       195.9200032    2.5890256E+16
       198.6400032    2.3509062E+16
       204.0800033    1.0101384E+17
       206.8000034    9.4245352E+16
       209.5300034    8.7781426E+16
       212.2500035    8.1738983E+16
       214.9700035    7.6105609E+16
       220.4100036    6.6008639E+16
       225.8500037    5.7314844E+16
       236.7400038    4.3363905E+16
       247.6200040    3.2973050E+16
       258.5100042    2.5169262E+16
       272.1100044    1.8049894E+16
       285.7200046    1.2994665E+16
       299.3200049    9.3839001E+15
       312.9300051    6.7845467E+15
       340.1400055    3.5398562E+15
       353.7400058    2.5440785E+15
       380.9500062    1.2788275E+15
       394.5600064    8.8298387E+14
       408.1700066    5.8820174E+14
       435.3800071    1.8066384E+14
 
