       80.0000013    1.1493758E+19
        85.0000014    9.8392228E+18
        90.0000015    8.4091056E+18
        95.2390015    7.1272768E+18
       100.6800016    6.0021235E+18
       114.2900019    3.9203813E+18
       119.7300019    3.3153808E+18
       122.4500020    3.0509546E+18
       125.1700020    2.8089743E+18
       127.8900021    2.5874650E+18
       130.6100021    2.3846164E+18
       133.3300022    2.1987779E+18
       136.0600022    2.0278439E+18
       146.9400024    2.7921045E+18
       149.6600024    2.6772589E+18
       155.1000025    2.4386808E+18
       157.8200026    2.3249286E+18
       160.5500026    2.2165225E+18
       165.9900027    2.0184011E+18
       171.4300028    1.8426730E+18
       176.8700029    1.6866225E+18
       179.5900029    1.6151154E+18
       182.3100030    1.5475320E+18
       185.0400030    1.4833566E+18
       187.7600031    1.4227957E+18
       190.4800031    1.3653672E+18
       195.9200032    1.2590483E+18
       198.6400032    1.2097749E+18
       204.0800033    1.2961469E+18
       206.8000034    1.2494740E+18
       209.5300034    1.2015350E+18
       212.2500035    1.1546137E+18
       214.9700035    1.1093067E+18
       220.4100036    1.0244858E+18
       225.8500037    9.4748600E+17
       236.7400038    8.1453622E+17
       247.6200040    7.0534894E+17
       258.5100042    6.1493706E+17
       272.1100044    5.2283767E+17
       285.7200046    4.4859377E+17
       299.3200049    3.8810977E+17
       312.9300051    3.3817016E+17
       340.1400055    2.6135259E+17
       353.7400058    2.3140823E+17
       380.9500062    1.8335035E+17
       394.5600064    1.6389159E+17
       408.1700066    1.4682840E+17
       435.3800071    1.1851180E+17
       462.5900075    9.6225358E+16
       476.1900077    8.6871134E+16
       489.8000080    7.8507243E+16
       503.4000082    7.1027627E+16
       517.0100084    6.4319416E+16
       557.8300091    4.8034025E+16
       571.4300093    4.3660250E+16
       585.0400095    3.9716890E+16
       612.2500100    3.2954837E+16
       666.6700108    2.2924832E+16
       680.2800111    2.0980752E+16
       707.4900115    1.7619308E+16
       734.7000119    1.4846587E+16
       761.9100124    1.2552186E+16
       789.1200128    1.0647501E+16
       816.3300133    9.0613094E+15
       843.5400137    7.7361278E+15
       870.7500142    6.6254928E+15
       911.5700148    5.2812464E+15
       952.3900155    4.2378684E+15
       993.2000162    3.4226345E+15
      1020.4000166    2.9785459E+15
      1061.2000173    2.4300442E+15
      1088.4000177    2.1284692E+15
      1102.0000179    1.9938627E+15
      1115.7000181    1.8680111E+15
      1129.3000184    1.7519798E+15
      1142.9000186    1.6441160E+15
      1156.5000188    1.5437805E+15
      1170.1000190    1.4503884E+15
      1197.3000195    1.2823398E+15
      1210.9000197    1.2067446E+15
      1224.5000199    1.1362077E+15
      1227.2000200    1.1227724E+15
      1229.9000200    1.1095186E+15
      1232.7000200    1.0959629E+15
      1235.4000201    1.0830706E+15
      1238.1000201    1.0703516E+15
      1240.8000202    1.0578035E+15
      1243.5000202    1.0454234E+15
      1246.3000203    1.0327597E+15
      1249.0000203    1.0207145E+15
      1257.2000204    1.2202126E+15
      1259.9000205    1.2068788E+15
      1262.6000205    1.1929097E+15
      1270.8000207    1.1497740E+15
      1281.6000208    1.0946455E+15
      1289.8000210    1.1624196E+15
      1292.5000210    1.1487306E+15
      1295.2000211    1.1348960E+15
      1298.0000211    1.1205668E+15
      1300.7000212    1.1068505E+15
      1303.4000212    1.0932755E+15
      1306.1000212    1.0798624E+15
      1314.3000214    1.0401965E+15
      1330.6000216    9.6613591E+14
      1341.5000218    9.1997320E+14
      1355.1000220    8.6587104E+14
      1360.6000221    8.4503200E+14
      1371.4000223    8.0575982E+14
      1382.3000225    7.6822926E+14
      1390.5000226    7.4131411E+14
      1395.9000227    7.2418054E+14
      1404.1000228    6.9902499E+14
      1406.8000229    6.9096286E+14
      1409.5000229    6.8300744E+14
      1415.0000230    6.6712553E+14
      1417.7000231    6.5948464E+14
      1420.4000231    6.5194423E+14
      1423.1000231    6.4450286E+14
      1425.9000232    6.3688889E+14
      1428.6000232    6.2964476E+14
      1431.3000233    6.2249531E+14
      1436.7000234    6.0847500E+14
      1439.5000234    6.0134857E+14
      1442.2000235    5.9456749E+14
      1444.9000235    5.8787439E+14
      1447.6000235    5.8126799E+14
      1450.4000236    5.7450704E+14
      1453.1000236    5.6807325E+14
      1455.8000237    3.0561975E+15
      1458.5000237    3.0477230E+15
      1461.2000238    3.0300272E+15
      1466.7000239    2.9803463E+15
      1469.4000239    2.9531347E+15
      1472.1000239    2.9252504E+15
      1477.6000240    2.8678906E+15
      1480.3000241    2.8398359E+15
      1488.4000242    2.7569905E+15
      1491.2000242    2.7289097E+15
      1496.6000243    2.6756156E+15
      1551.0000252    2.1977412E+15
      1632.7000266    1.6466076E+15
      1823.1000296    8.7292405E+14
      2340.2000381    1.9714002E+14
      2829.9000460    6.0441405E+13
      3047.6000496    3.7530863E+13
      3700.7000602    1.0040902E+13
      4000.0000650    5.6473394E+12
      4680.3000761    1.5001087E+12
      5006.8000814    3.9001850E+11
      5387.8000876    0.0000000E+00
 
