       80.0000013    4.8228164E+18
        85.0000014    3.6396586E+18
        90.0000015    2.7635059E+18
        95.2390015    2.0843721E+18
       100.6800016    1.5660319E+18
       114.2900019    7.9010837E+17
       119.7300019    6.0879024E+17
       122.4500020    5.3592279E+17
       125.1700020    4.7270805E+17
       127.8900021    4.1779439E+17
       130.6100021    3.7002837E+17
       133.3300022    3.2842426E+17
       136.0600022    2.9201383E+17
       146.9400024    1.4536785E+18
       149.6600024    1.3679515E+18
       155.1000025    1.2007340E+18
       157.8200026    1.1236536E+18
       160.5500026    1.0512486E+18
       165.9900027    9.2117806E+17
       171.4300028    8.0819705E+17
       176.8700029    7.0999919E+17
       179.5900029    6.6578652E+17
       182.3100030    6.2451841E+17
       185.0400030    5.8584646E+17
       187.7600031    5.4985814E+17
       190.4800031    5.1622837E+17
       195.9200032    4.5539459E+17
       198.6400032    4.2789687E+17
       204.0800033    5.9722049E+17
       206.8000034    5.7205106E+17
       209.5300034    5.4780229E+17
       212.2500035    5.2477013E+17
       214.9700035    5.0285453E+17
       220.4100036    4.6216164E+17
       225.8500037    4.2525962E+17
       236.7400038    3.6108488E+17
       247.6200040    3.0765339E+17
       258.5100042    2.6281077E+17
       272.1100044    2.1660118E+17
       285.7200046    1.7910077E+17
       299.3200049    1.4859104E+17
       312.9300051    1.2364676E+17
       340.1400055    8.6416314E+16
       353.7400058    7.2575327E+16
       380.9500062    5.1636949E+16
       394.5600064    4.3742614E+16
       408.1700066    3.7160237E+16
       435.3800071    2.7043723E+16
       462.5900075    1.9891130E+16
       476.1900077    1.7125243E+16
       489.8000080    1.4778626E+16
       503.4000082    1.2785501E+16
       517.0100084    1.1085823E+16
       557.8300091    7.3244397E+15
       571.4300093    6.4070207E+15
       585.0400095    5.6153884E+15
       612.2500100    4.3393875E+15
       666.6700108    2.6494445E+15
       680.2800111    2.3520237E+15
       707.4900115    1.8627884E+15
       734.7000119    1.4844561E+15
       761.9100124    1.1898722E+15
       789.1200128    9.5898949E+14
       816.3300133    7.7689643E+14
       843.5400137    6.3242172E+14
       870.7500142    5.1713866E+14
       911.5700148    3.8535950E+14
       952.3900155    2.8958921E+14
       993.2000162    2.1925899E+14
      1020.4000166    1.8281609E+14
      1061.2000173    1.3996408E+14
      1088.4000177    1.1742209E+14
      1102.0000179    1.0763246E+14
      1115.7000181    9.8641625E+13
      1129.3000184    9.0498132E+13
      1142.9000186    8.3059668E+13
      1156.5000188    7.6260206E+13
      1170.1000190    7.0040448E+13
      1197.3000195    5.9132145E+13
      1210.9000197    5.4352396E+13
      1224.5000199    4.9968845E+13
      1227.2000200    4.9142584E+13
      1229.9000200    4.8330286E+13
      1232.7000200    4.7502372E+13
      1235.4000201    4.6717727E+13
      1238.1000201    4.5946285E+13
      1240.8000202    4.5187808E+13
      1243.5000202    4.4442061E+13
      1246.3000203    4.3681894E+13
      1249.0000203    4.2961375E+13
      1257.2000204    4.2585196E+13
      1259.9000205    4.1888644E+13
      1262.6000205    4.1197154E+13
      1270.8000207    3.9151135E+13
      1281.6000208    3.6602424E+13
      1289.8000210    3.5668495E+13
      1292.5000210    3.5076935E+13
      1295.2000211    3.4492503E+13
      1298.0000211    3.3895148E+13
      1300.7000212    3.3328095E+13
      1303.4000212    3.2770068E+13
      1306.1000212    3.2221111E+13
      1314.3000214    3.0608821E+13
      1330.6000216    2.7637458E+13
      1341.5000218    2.5811336E+13
      1355.1000220    2.3698189E+13
      1360.6000221    2.2892415E+13
      1371.4000223    2.1386809E+13
      1382.3000225    1.9964371E+13
      1390.5000226    1.8954569E+13
      1395.9000227    1.8316398E+13
      1404.1000228    1.7386190E+13
      1406.8000229    1.7089808E+13
      1409.5000229    1.6798195E+13
      1415.0000230    1.6218576E+13
      1417.7000231    1.5940947E+13
      1420.4000231    1.5667767E+13
      1423.1000231    1.5398957E+13
      1425.9000232    1.5124730E+13
      1428.6000232    1.4864599E+13
      1431.3000233    1.4608617E+13
      1436.7000234    1.4108824E+13
      1439.5000234    1.3855916E+13
      1442.2000235    1.3615986E+13
      1444.9000235    1.3379863E+13
      1447.6000235    1.3147486E+13
      1450.4000236    1.2910389E+13
      1453.1000236    1.2685443E+13
      1455.8000237    8.4145447E+13
      1458.5000237    8.3410597E+13
      1461.2000238    8.2403494E+13
      1466.7000239    7.9954071E+13
      1469.4000239    7.8676176E+13
      1472.1000239    7.7385873E+13
      1477.6000240    7.4767068E+13
      1480.3000241    7.3498039E+13
      1488.4000242    6.9784272E+13
      1491.2000242    6.8535758E+13
      1496.6000243    6.6180031E+13
      1551.0000252    4.5914073E+13
      1632.7000266    2.5365295E+13
 
