       80.0000013    1.1194764E+19
        85.0000014    9.4500023E+18
        90.0000015    7.9702158E+18
        95.2390015    6.6678283E+18
       100.6800016    5.5446348E+18
       114.2900019    3.5208792E+18
       119.7300019    2.9474166E+18
       122.4500020    2.6990817E+18
       125.1700020    2.4731266E+18
       127.8900021    2.2674217E+18
       130.6100021    2.0800429E+18
       133.3300022    1.9092536E+18
       136.0600022    1.7529408E+18
       146.9400024    2.6301036E+18
       149.6600024    2.5244408E+18
       155.1000025    2.3022631E+18
       157.8200026    2.1955568E+18
       160.5500026    2.0934941E+18
       165.9900027    1.9061114E+18
       171.4300028    1.7390408E+18
       176.8700029    1.5900314E+18
       179.5900029    1.5215578E+18
       182.3100030    1.4567359E+18
       185.0400030    1.3950929E+18
       187.7600031    1.3368460E+18
       190.4800031    1.2815491E+18
       195.9200032    1.1790357E+18
       198.6400032    1.1314744E+18
       204.0800033    1.1956492E+18
       206.8000034    1.1499474E+18
       209.5300034    1.1042677E+18
       212.2500035    1.0601726E+18
       214.9700035    1.0179380E+18
       220.4100036    9.3942919E+17
       225.8500037    8.6857880E+17
       236.7400038    7.4687818E+17
       247.6200040    6.4735032E+17
       258.5100042    5.6509414E+17
       272.1100044    4.8129043E+17
       285.7200046    4.1357023E+17
       299.3200049    3.5816509E+17
       312.9300051    3.1217265E+17
       340.1400055    2.4084002E+17
       353.7400058    2.1281929E+17
       380.9500062    1.6762720E+17
       394.5600064    1.4928011E+17
       408.1700066    1.3319149E+17
       435.3800071    1.0654088E+17
       462.5900075    8.5678877E+16
       476.1900077    7.6972823E+16
       489.8000080    6.9222241E+16
       503.4000082    6.2323317E+16
       517.0100084    5.6166095E+16
       557.8300091    4.1364791E+16
       571.4300093    3.7432092E+16
       585.0400095    3.3904648E+16
       612.2500100    2.7900919E+16
       666.6700108    1.9120329E+16
       680.2800111    1.7438807E+16
       707.4900115    1.4549710E+16
       734.7000119    1.2185928E+16
       761.9100124    1.0244897E+16
       789.1200128    8.6448624E+15
       816.3300133    7.3211680E+15
       843.5400137    6.2220917E+15
       870.7500142    5.3062066E+15
       911.5700148    4.2048226E+15
       952.3900155    3.3560343E+15
       993.2000162    2.6970891E+15
      1020.4000166    2.3399036E+15
      1061.2000173    1.9006701E+15
      1088.4000177    1.6601797E+15
      1102.0000179    1.5530908E+15
      1115.7000181    1.4531164E+15
      1129.3000184    1.3610771E+15
      1142.9000186    1.2756374E+15
      1156.5000188    1.1962697E+15
      1170.1000190    1.1224935E+15
      1197.3000195    9.8999674E+14
      1210.9000197    9.3050815E+14
      1224.5000199    8.7506818E+14
      1227.2000200    8.6451612E+14
      1229.9000200    8.5410914E+14
      1232.7000200    8.4346756E+14
      1235.4000201    8.3334928E+14
      1238.1000201    8.2336939E+14
      1240.8000202    8.1352573E+14
      1243.5000202    8.0381628E+14
      1246.3000203    7.9388679E+14
      1249.0000203    7.8444430E+14
      1257.2000204    9.1044133E+14
      1259.9000205    9.0023588E+14
      1262.6000205    8.8962866E+14
      1270.8000207    8.5704348E+14
      1281.6000208    8.1549041E+14
      1289.8000210    8.5616455E+14
      1292.5000210    8.4593743E+14
      1295.2000211    8.3562917E+14
      1298.0000211    8.2496645E+14
      1300.7000212    8.1476704E+14
      1303.4000212    8.0467662E+14
      1306.1000212    7.9470914E+14
      1314.3000214    7.6524177E+14
      1330.6000216    7.1025008E+14
      1341.5000218    6.7599108E+14
      1355.1000220    6.3585863E+14
      1360.6000221    6.2040608E+14
      1371.4000223    5.9129372E+14
      1382.3000225    5.6348340E+14
      1390.5000226    5.4354583E+14
      1395.9000227    5.3085698E+14
      1404.1000228    5.1223156E+14
      1406.8000229    5.0626340E+14
      1409.5000229    5.0037473E+14
      1415.0000230    4.8862038E+14
      1417.7000231    4.8296605E+14
      1420.4000231    4.7738659E+14
      1423.1000231    4.7188091E+14
      1425.9000232    4.6624803E+14
      1428.6000232    4.6088925E+14
      1431.3000233    4.5560094E+14
      1436.7000234    4.4523178E+14
      1439.5000234    4.3996185E+14
      1442.2000235    4.3494785E+14
      1444.9000235    4.2999927E+14
      1447.6000235    4.2511519E+14
      1450.4000236    4.2011733E+14
      1453.1000236    4.1536172E+14
      1455.8000237    2.3117049E+15
      1458.5000237    2.3051484E+15
      1461.2000238    2.2915103E+15
      1466.7000239    2.2531989E+15
      1469.4000239    2.2322039E+15
      1472.1000239    2.2106866E+15
      1477.6000240    2.1664211E+15
      1480.3000241    2.1447719E+15
      1488.4000242    2.0808566E+15
      1491.2000242    2.0591989E+15
      1496.6000243    2.0181062E+15
      1551.0000252    1.6504567E+15
      1632.7000266    1.2286386E+15
      1823.1000296    6.4204896E+14
      2340.2000381    1.4014162E+14
      2829.9000460    4.1657806E+13
      3047.6000496    2.5444022E+13
      3700.7000602    5.7596324E+12
      4000.0000650    2.9345621E+12
      4680.3000761    1.2378271E+11
      5006.8000814    0.0000000E+00
      5387.8000876    0.0000000E+00
 
