       80.0000013    9.9440370E+18
        85.0000014    8.1356818E+18
        90.0000015    6.6638827E+18
        95.2390015    5.4176028E+18
       100.6800016    4.3815123E+18
       114.2900019    2.6128643E+18
       119.7300019    2.1372367E+18
       122.4500020    1.9352376E+18
       125.1700020    1.7536782E+18
       127.8900021    1.5903496E+18
       130.6100021    1.4432968E+18
       133.3300022    1.3107883E+18
       136.0600022    1.1908727E+18
       146.9400024    2.3094370E+18
       149.6600024    2.2184020E+18
       155.1000025    2.0208512E+18
       157.8200026    1.9245792E+18
       160.5500026    1.8319557E+18
       165.9900027    1.6608412E+18
       171.4300028    1.5073720E+18
       176.8700029    1.3699753E+18
       179.5900029    1.3067237E+18
       182.3100030    1.2468044E+18
       185.0400030    1.1898049E+18
       187.7600031    1.1359465E+18
       190.4800031    1.0848333E+18
       195.9200032    9.9018224E+17
       198.6400032    9.4634478E+17
       204.0800033    9.8955559E+17
       206.8000034    9.4943104E+17
       209.5300034    9.1078183E+17
       212.2500035    8.7416301E+17
       214.9700035    8.3945040E+17
       220.4100036    7.7544288E+17
       225.8500037    7.1797463E+17
       236.7400038    6.1942073E+17
       247.6200040    5.3857918E+17
       258.5100042    4.7129628E+17
       272.1100044    4.0200169E+17
       285.7200046    3.4522851E+17
       299.3200049    2.9814007E+17
       312.9300051    2.5858010E+17
       340.1400055    1.9648752E+17
       353.7400058    1.7195573E+17
       380.9500062    1.3248563E+17
       394.5600064    1.1659054E+17
       408.1700066    1.0276442E+17
       435.3800071    8.0199967E+16
       462.5900075    6.2947861E+16
       476.1900077    5.5887253E+16
       489.8000080    4.9683155E+16
       503.4000082    4.4232739E+16
       517.0100084    3.9431326E+16
       557.8300091    2.8167948E+16
       571.4300093    2.5250484E+16
       585.0400095    2.2663894E+16
       612.2500100    1.8333547E+16
       666.6700108    1.2186256E+16
       680.2800111    1.1037854E+16
       707.4900115    9.0894715E+15
       734.7000119    7.5206370E+15
       761.9100124    6.2511359E+15
       789.1200128    5.2188695E+15
       816.3300133    4.3755412E+15
       843.5400137    3.6834133E+15
       870.7500142    3.1128594E+15
       911.5700148    2.4351482E+15
       952.3900155    1.9200335E+15
       993.2000162    1.5251781E+15
      1020.4000166    1.3132840E+15
      1061.2000173    1.0551147E+15
      1088.4000177    9.1504446E+14
      1102.0000179    8.5300198E+14
      1115.7000181    7.9528024E+14
      1129.3000184    7.4232054E+14
      1142.9000186    6.9332254E+14
      1156.5000188    6.4795762E+14
      1170.1000190    6.0592701E+14
      1197.3000195    5.3080571E+14
      1210.9000197    4.9724199E+14
      1224.5000199    4.6606203E+14
      1227.2000200    4.6013884E+14
      1229.9000200    4.5430074E+14
      1232.7000200    4.4833486E+14
      1235.4000201    4.4266594E+14
      1238.1000201    4.3707809E+14
      1240.8000202    4.3156996E+14
      1243.5000202    4.2614028E+14
      1246.3000203    4.2059108E+14
      1249.0000203    4.1531747E+14
      1257.2000204    4.5617207E+14
      1259.9000205    4.5070447E+14
      1262.6000205    4.4511071E+14
      1270.8000207    4.2812164E+14
      1281.6000208    4.0657962E+14
      1289.8000210    4.1712789E+14
      1292.5000210    4.1191827E+14
      1295.2000211    4.0669830E+14
      1298.0000211    4.0131597E+14
      1300.7000212    3.9617688E+14
      1303.4000212    3.9109838E+14
      1306.1000212    3.8608568E+14
      1314.3000214    3.7128241E+14
      1330.6000216    3.4370761E+14
      1341.5000218    3.2656230E+14
      1355.1000220    3.0651266E+14
      1360.6000221    2.9880336E+14
      1371.4000223    2.8429590E+14
      1382.3000225    2.7045842E+14
      1390.5000226    2.6055144E+14
      1395.9000227    2.5425230E+14
      1404.1000228    2.4501471E+14
      1406.8000229    2.4205692E+14
      1409.5000229    2.3913962E+14
      1415.0000230    2.3331964E+14
      1417.7000231    2.3052157E+14
      1420.4000231    2.2776155E+14
      1423.1000231    2.2503902E+14
      1425.9000232    2.2225464E+14
      1428.6000232    2.1960674E+14
      1431.3000233    2.1699463E+14
      1436.7000234    2.1187564E+14
      1439.5000234    2.0927549E+14
      1442.2000235    2.0680249E+14
      1444.9000235    2.0436266E+14
      1447.6000235    2.0195552E+14
      1450.4000236    1.9949319E+14
      1453.1000236    1.9715111E+14
      1455.8000237    1.1692967E+15
      1458.5000237    1.1656105E+15
      1461.2000238    1.1582462E+15
      1466.7000239    1.1377293E+15
      1469.4000239    1.1265105E+15
      1472.1000239    1.1150199E+15
      1477.6000240    1.0913992E+15
      1480.3000241    1.0798549E+15
      1488.4000242    1.0458059E+15
      1491.2000242    1.0342805E+15
      1496.6000243    1.0124309E+15
      1551.0000252    8.1818120E+14
      1632.7000266    5.9941772E+14
      1823.1000296    3.0145614E+14
      2340.2000381    5.8713642E+13
      2829.9000460    1.3984140E+13
      3047.6000496    7.3585934E+12
      3700.7000602    2.0110313E+11
      4000.0000650    0.0000000E+00
 
