       80.0000013    6.3300638E+18
        85.0000014    4.8890092E+18
        90.0000015    3.7941862E+18
        95.2390015    2.9245082E+18
       100.6800016    2.2443721E+18
       114.2900019    1.1861982E+18
       119.7300019    9.2810457E+17
       122.4500020    8.2262230E+17
       125.1700020    7.3012884E+17
       127.8900021    6.4893520E+17
       130.6100021    5.7758445E+17
       133.3300022    5.1481759E+17
       136.0600022    4.5935435E+17
       146.9400024    1.7270751E+18
       149.6600024    1.6398144E+18
       155.1000025    1.4609441E+18
       157.8200026    1.3763604E+18
       160.5500026    1.2960440E+18
       165.9900027    1.1499416E+18
       171.4300028    1.0212243E+18
       176.8700029    9.0790791E+17
       179.5900029    8.5640734E+17
       182.3100030    8.0804168E+17
       185.0400030    7.6244060E+17
       187.7600031    7.1974512E+17
       190.4800031    6.7960360E+17
       195.9200032    6.0633125E+17
       198.6400032    5.7290449E+17
       204.0800033    6.9757704E+17
       206.8000034    6.6913495E+17
       209.5300034    6.4186417E+17
       212.2500035    6.1602537E+17
       214.9700035    5.9147314E+17
       220.4100036    5.4593762E+17
       225.8500037    5.0466910E+17
       236.7400038    4.3284096E+17
       247.6200040    3.7282017E+17
       258.5100042    3.2213134E+17
       272.1100044    2.6940115E+17
       285.7200046    2.2606193E+17
       299.3200049    1.9029870E+17
       312.9300051    1.6062046E+17
       340.1400055    1.1534152E+17
       353.7400058    9.8117944E+16
       380.9500062    7.1522922E+16
       394.5600064    6.1286134E+16
       408.1700066    5.2642216E+16
       435.3800071    3.9123484E+16
       462.5900075    2.9348461E+16
       476.1900077    2.5506823E+16
       489.8000080    2.2214728E+16
       503.4000082    1.9391264E+16
       517.0100084    1.6960654E+16
       557.8300091    1.1488532E+16
       571.4300093    1.0129359E+16
       585.0400095    8.9467471E+15
       612.2500100    7.0178665E+15
       666.6700108    4.4062295E+15
       680.2800111    3.9376419E+15
       707.4900115    3.1590448E+15
       734.7000119    2.5489576E+15
       761.9100124    2.0679324E+15
       789.1200128    1.6864118E+15
       816.3300133    1.3820951E+15
       843.5400137    1.1380410E+15
       870.7500142    9.4129798E+14
       911.5700148    7.1370767E+14
       952.3900155    5.4600470E+14
       993.2000162    4.2121120E+14
      1020.4000166    3.5583774E+14
      1061.2000173    2.7796097E+14
      1088.4000177    2.3664533E+14
      1102.0000179    2.1858248E+14
      1115.7000181    2.0191910E+14
      1129.3000184    1.8675741E+14
      1142.9000186    1.7284435E+14
      1156.5000188    1.6006684E+14
      1170.1000190    1.4832264E+14
      1197.3000195    1.2757488E+14
      1210.9000197    1.1852366E+14
      1224.5000199    1.1007763E+14
      1227.2000200    1.0848047E+14
      1229.9000200    1.0690861E+14
      1232.7000200    1.0530472E+14
      1235.4000201    1.0378303E+14
      1238.1000201    1.0228531E+14
      1240.8000202    1.0081114E+14
      1243.5000202    9.9360117E+13
      1246.3000203    9.7879377E+13
      1249.0000203    9.6474268E+13
      1257.2000204    9.8206046E+13
      1259.9000205    9.6824216E+13
      1262.6000205    9.5441991E+13
      1270.8000207    9.1321566E+13
      1281.6000208    8.6156205E+13
      1289.8000210    8.5184418E+13
      1292.5000210    8.3969949E+13
      1295.2000211    8.2765102E+13
      1298.0000211    8.1530081E+13
      1300.7000212    8.0355239E+13
      1303.4000212    7.9197175E+13
      1306.1000212    7.8056283E+13
      1314.3000214    7.4696821E+13
      1330.6000216    6.8472004E+13
      1341.5000218    6.4623110E+13
      1355.1000220    6.0144449E+13
      1360.6000221    5.8429037E+13
      1371.4000223    5.5211469E+13
      1382.3000225    5.2155810E+13
      1390.5000226    4.9976441E+13
      1395.9000227    4.8594497E+13
      1404.1000228    4.6573342E+13
      1406.8000229    4.5927595E+13
      1409.5000229    4.5291365E+13
      1415.0000230    4.4024157E+13
      1417.7000231    4.3415912E+13
      1420.4000231    4.2816579E+13
      1423.1000231    4.2226025E+13
      1425.9000232    4.1622708E+13
      1428.6000232    4.1049590E+13
      1431.3000233    4.0484827E+13
      1436.7000234    3.9379825E+13
      1439.5000234    3.8819462E+13
      1442.2000235    3.8287088E+13
      1444.9000235    3.7762422E+13
      1447.6000235    3.7245336E+13
      1450.4000236    3.6716979E+13
      1453.1000236    3.6214971E+13
      1455.8000237    2.3372185E+14
      1458.5000237    2.3254981E+14
      1461.2000238    2.3062038E+14
      1466.7000239    2.2555512E+14
      1469.4000239    2.2283799E+14
      1472.1000239    2.2007085E+14
      1477.6000240    2.1441176E+14
      1480.3000241    2.1165574E+14
      1488.4000242    2.0355479E+14
      1491.2000242    2.0082120E+14
      1496.6000243    1.9565046E+14
      1551.0000252    1.5041219E+14
      1632.7000266    1.0116961E+14
      1823.1000296    3.9788007E+13
 
