       80.0000013    2.0385462E+18
        85.0000014    1.4552249E+18
        90.0000015    1.0504418E+18
        95.2390015    7.5613875E+17
       100.6800016    5.4551397E+17
       114.2900019    2.5963826E+17
       119.7300019    1.9929499E+17
       122.4500020    1.7586675E+17
       125.1700020    1.5593944E+17
       127.8900021    1.3893016E+17
       130.6100021    1.2435801E+17
       133.3300022    1.1182574E+17
       136.0600022    1.0096766E+17
       146.9400024    7.7147481E+17
       149.6600024    7.0939521E+17
       155.1000025    5.9892591E+17
       157.8200026    5.5065411E+17
       160.5500026    5.0643392E+17
       165.9900027    4.2945134E+17
       171.4300028    3.6506927E+17
       176.8700029    3.1105675E+17
       179.5900029    2.8736314E+17
       182.3100030    2.6561655E+17
       185.0400030    2.4557462E+17
       187.7600031    2.2722827E+17
       190.4800031    2.1036030E+17
       195.9200032    1.8056156E+17
       198.6400032    1.6741009E+17
       204.0800033    3.6339337E+17
       206.8000034    3.4533939E+17
       209.5300034    3.2790007E+17
       212.2500035    3.1136310E+17
       214.9700035    2.9568929E+17
       220.4100036    2.6682665E+17
       225.8500037    2.4100219E+17
       236.7400038    1.9710912E+17
       247.6200040    1.6179020E+17
       258.5100042    1.3320486E+17
       272.1100044    1.0495083E+17
       285.7200046    8.3073326E+16
       299.3200049    6.6080078E+16
       312.9300051    5.2800902E+16
       340.1400055    3.4184079E+16
       353.7400058    2.7691879E+16
       380.9500062    1.8403823E+16
       394.5600064    1.5094798E+16
       408.1700066    1.2429389E+16
       435.3800071    8.5234163E+15
       462.5900075    5.9264278E+15
       476.1900077    4.9658648E+15
       489.8000080    4.1728837E+15
       503.4000082    3.5168744E+15
       517.0100084    2.9716181E+15
       557.8300091    1.8185465E+15
       571.4300093    1.5506157E+15
       585.0400095    1.3244489E+15
       612.2500100    9.7124666E+14
       666.6700108    5.3040464E+14
       680.2800111    4.5698593E+14
       707.4900115    3.3993743E+14
       734.7000119    2.5312942E+14
       761.9100124    1.8848940E+14
       789.1200128    1.4006480E+14
       816.3300133    1.0365379E+14
       843.5400137    7.6161455E+13
       870.7500142    5.5307875E+13
       911.5700148    3.2868286E+13
       952.3900155    1.7430167E+13
       993.2000162    4.7725690E+12
 
