       80.0000013    8.9551990E+18
        85.0000014    7.1987885E+18
        90.0000015    5.8004186E+18
        95.2390015    4.6401755E+18
       100.6800016    3.6939852E+18
       114.2900019    2.1242040E+18
       119.7300019    1.7140555E+18
       122.4500020    1.5417933E+18
       125.1700020    1.3880625E+18
       127.8900021    1.2507401E+18
       130.6100021    1.1279630E+18
       133.3300022    1.0180941E+18
       136.0600022    9.1935108E+17
       146.9400024    2.1391564E+18
       149.6600024    2.0516670E+18
       155.1000025    1.8615449E+18
       157.8200026    1.7689500E+18
       160.5500026    1.6799243E+18
       165.9900027    1.5156456E+18
       171.4300028    1.3685728E+18
       176.8700029    1.2371905E+18
       179.5900029    1.1768254E+18
       182.3100030    1.1197233E+18
       185.0400030    1.0654889E+18
       187.7600031    1.0143300E+18
       190.4800031    9.6586647E+17
       195.9200032    8.7638313E+17
       198.6400032    8.3507125E+17
       204.0800033    8.8947536E+17
       206.8000034    8.5334101E+17
       209.5300034    8.1880122E+17
       212.2500035    7.8618208E+17
       214.9700035    7.5529652E+17
       220.4100036    6.9833241E+17
       225.8500037    6.4709242E+17
       236.7400038    5.5882606E+17
       247.6200040    4.8590226E+17
       258.5100042    4.2475509E+17
       272.1100044    3.6130351E+17
       285.7200046    3.0896906E+17
       299.3200049    2.6538033E+17
       312.9300051    2.2870194E+17
       340.1400055    1.7125854E+17
       353.7400058    1.4870628E+17
       380.9500062    1.1275624E+17
       394.5600064    9.8444095E+16
       408.1700066    8.6096356E+16
       435.3800071    6.6192885E+16
       462.5900075    5.1231392E+16
       476.1900077    4.5185440E+16
       489.8000080    3.9915163E+16
       503.4000082    3.5320770E+16
       517.0100084    3.1303502E+16
       557.8300091    2.2004644E+16
       571.4300093    1.9628501E+16
       585.0400095    1.7534564E+16
       612.2500100    1.4057928E+16
       666.6700108    9.1950676E+15
       680.2800111    8.2976454E+15
       707.4900115    6.7843728E+15
       734.7000119    5.5754146E+15
       761.9100124    4.6042474E+15
       789.1200128    3.8199557E+15
       816.3300133    3.1833471E+15
       843.5400137    2.6640831E+15
       870.7500142    2.2385470E+15
       911.5700148    1.7366008E+15
       952.3900155    1.3581913E+15
       993.2000162    1.0704111E+15
      1020.4000166    9.1698089E+14
      1061.2000173    7.3119865E+14
      1088.4000177    6.3103163E+14
      1102.0000179    5.8682769E+14
      1115.7000181    5.4580152E+14
      1129.3000184    5.0825022E+14
      1142.9000186    4.7359031E+14
      1156.5000188    4.4157579E+14
      1170.1000190    4.1198340E+14
      1197.3000195    3.5927331E+14
      1210.9000197    3.3580417E+14
      1224.5000199    3.1405079E+14
      1227.2000200    3.0992393E+14
      1229.9000200    3.0585818E+14
      1232.7000200    3.0170525E+14
      1235.4000201    2.9776086E+14
      1238.1000201    2.9387451E+14
      1240.8000202    2.9004535E+14
      1243.5000202    2.8627235E+14
      1246.3000203    2.8241802E+14
      1249.0000203    2.7875668E+14
      1257.2000204    2.9827357E+14
      1259.9000205    2.9454711E+14
      1262.6000205    2.9076419E+14
      1270.8000207    2.7934534E+14
      1281.6000208    2.6491749E+14
      1289.8000210    2.6858286E+14
      1292.5000210    2.6512536E+14
      1295.2000211    2.6167214E+14
      1298.0000211    2.5811811E+14
      1300.7000212    2.5472854E+14
      1303.4000212    2.5138145E+14
      1306.1000212    2.4807958E+14
      1314.3000214    2.3833668E+14
      1330.6000216    2.2021499E+14
      1341.5000218    2.0896486E+14
      1355.1000220    1.9582699E+14
      1360.6000221    1.9078072E+14
      1371.4000223    1.8129300E+14
      1382.3000225    1.7225404E+14
      1390.5000226    1.6578914E+14
      1395.9000227    1.6168151E+14
      1404.1000228    1.5566196E+14
      1406.8000229    1.5373565E+14
      1409.5000229    1.5183624E+14
      1415.0000230    1.4804848E+14
      1417.7000231    1.4622820E+14
      1420.4000231    1.4443317E+14
      1423.1000231    1.4266299E+14
      1425.9000232    1.4085310E+14
      1428.6000232    1.3913239E+14
      1431.3000233    1.3743539E+14
      1436.7000234    1.3411109E+14
      1439.5000234    1.3242321E+14
      1442.2000235    1.3081831E+14
      1444.9000235    1.2923536E+14
      1447.6000235    1.2767401E+14
      1450.4000236    1.2607731E+14
      1453.1000236    1.2455896E+14
      1455.8000237    7.6151931E+14
      1458.5000237    7.5892179E+14
      1461.2000238    7.5390024E+14
      1466.7000239    7.4002662E+14
      1469.4000239    7.3245923E+14
      1472.1000239    7.2471446E+14
      1477.6000240    7.0880570E+14
      1480.3000241    7.0103523E+14
      1488.4000242    6.7813259E+14
      1491.2000242    6.7038547E+14
      1496.6000243    6.5570648E+14
      1551.0000252    5.2569990E+14
      1632.7000266    3.7990939E+14
      1823.1000296    1.8496255E+14
      2340.2000381    3.1118231E+13
      2829.9000460    5.5039172E+12
      3047.6000496    1.7700873E+12
 
