       80.0000013    3.3536457E+18
        85.0000014    2.4660185E+18
        90.0000015    1.8273380E+18
        95.2390015    1.3460641E+18
       100.6800016    9.8909785E+17
       114.2900019    4.7833178E+17
       119.7300019    3.6474092E+17
       122.4500020    3.1992806E+17
       125.1700020    2.8149037E+17
       127.8900021    2.4845807E+17
       130.6100021    2.2001535E+17
       133.3300022    1.9547487E+17
       136.0600022    1.7418425E+17
       146.9400024    1.1287723E+18
       149.6600024    1.0506700E+18
       155.1000025    9.0566147E+17
       157.8200026    8.4062213E+17
       160.5500026    7.8027399E+17
       165.9900027    6.7347053E+17
       171.4300028    5.8231572E+17
       176.8700029    5.0436419E+17
       179.5900029    4.6968309E+17
       182.3100030    4.3756144E+17
       185.0400030    4.0769029E+17
       187.7600031    3.8010309E+17
       190.4800031    3.5451753E+17
       195.9200032    3.0874324E+17
       198.6400032    2.8828274E+17
       204.0800033    4.8755431E+17
       206.8000034    4.6562562E+17
       209.5300034    4.4443899E+17
       212.2500035    4.2430618E+17
       214.9700035    4.0516114E+17
       220.4100036    3.6968897E+17
       225.8500037    3.3764896E+17
       236.7400038    2.8235137E+17
       247.6200040    2.3687160E+17
       258.5100042    1.9922948E+17
       272.1100044    1.6108405E+17
       285.7200046    1.3072375E+17
       299.3200049    1.0650256E+17
       312.9300051    8.7079191E+16
       340.1400055    5.8864953E+16
       353.7400058    4.8662722E+16
       380.9500062    3.3602031E+16
       394.5600064    2.8062971E+16
       408.1700066    2.3514370E+16
       435.3800071    1.6670297E+16
       462.5900075    1.1963559E+16
       476.1900077    1.0179861E+16
       489.8000080    8.6854112E+15
       503.4000082    7.4314155E+15
       517.0100084    6.3745561E+15
       557.8300091    4.0847023E+15
       571.4300093    3.5384928E+15
       585.0400095    3.0718546E+15
       612.2500100    2.3301360E+15
       666.6700108    1.3723384E+15
       680.2800111    1.2075727E+15
       707.4900115    9.3939196E+14
       734.7000119    7.3504238E+14
       761.9100124    5.7816964E+14
       789.1200128    4.5690547E+14
       816.3300133    3.6256265E+14
       843.5400137    2.8882981E+14
       870.7500142    2.3073086E+14
       911.5700148    1.6548762E+14
       952.3900155    1.1924379E+14
       993.2000162    8.6065860E+13
      1020.4000166    6.9265902E+13
      1061.2000173    5.0013309E+13
      1088.4000177    4.0135639E+13
      1102.0000179    3.5916698E+13
      1115.7000181    3.2156091E+13
      1129.3000184    2.8726461E+13
      1142.9000186    2.5629494E+13
      1156.5000188    2.2830964E+13
      1170.1000190    2.0364332E+13
      1197.3000195    1.6058553E+13
      1210.9000197    1.4179524E+13
      1224.5000199    1.2473145E+13
      1227.2000200    1.2205019E+13
      1229.9000200    1.1891393E+13
      1232.7000200    1.1572270E+13
      1235.4000201    1.1270306E+13
      1238.1000201    1.0973864E+13
      1240.8000202    1.0682815E+13
      1243.5000202    1.0397028E+13
      1246.3000203    1.0106081E+13
      1249.0000203    9.8542582E+12
      1257.2000204    9.2477011E+12
      1259.9000205    8.9857165E+12
      1262.6000205    8.7274805E+12
      1270.8000207    7.9679723E+12
      1281.6000208    7.0232834E+12
      1289.8000210    6.4227975E+12
      1292.5000210    6.2031187E+12
      1295.2000211    5.9862244E+12
      1298.0000211    5.7642215E+12
      1300.7000212    5.5528779E+12
      1303.4000212    5.3440844E+12
      1306.1000212    5.1376837E+12
      1314.3000214    4.5235590E+12
      1330.6000216    3.3357929E+12
      1341.5000218    2.5270553E+12
      1355.1000220    1.3462455E+12
      1360.6000221    5.6750001E+11
 
