       80.0000013    1.0022122E+19
        85.0000014    8.1978229E+18
        90.0000015    6.7136906E+18
        95.2390015    5.4576233E+18
       100.6800016    4.4140166E+18
       114.2900019    2.6343754E+18
       119.7300019    2.1562564E+18
       122.4500020    1.9532542E+18
       125.1700020    1.7708150E+18
       127.8900021    1.6067067E+18
       130.6100021    1.4589546E+18
       133.3300022    1.3258116E+18
       136.0600022    1.2053106E+18
       146.9400024    2.3481866E+18
       149.6600024    2.2565211E+18
       155.1000025    2.0574960E+18
       157.8200026    1.9604680E+18
       160.5500026    1.8670895E+18
       165.9900027    1.6944886E+18
       171.4300028    1.5395590E+18
       176.8700029    1.4007223E+18
       179.5900029    1.3367598E+18
       182.3100030    1.2761358E+18
       185.0400030    1.2184352E+18
       187.7600031    1.1638850E+18
       190.4800031    1.1120872E+18
       195.9200032    1.0160905E+18
       198.6400032    9.7159300E+17
       204.0800033    1.0097724E+18
       206.8000034    9.6912797E+17
       209.5300034    9.2993340E+17
       212.2500035    8.9276537E+17
       214.9700035    8.5750754E+17
       220.4100036    7.9244057E+17
       225.8500037    7.3397081E+17
       236.7400038    6.3360643E+17
       247.6200040    5.5121995E+17
       258.5100042    4.8263513E+17
       272.1100044    4.1201188E+17
       285.7200046    3.5418328E+17
       299.3200049    3.0625412E+17
       312.9300051    2.6601674E+17
       340.1400055    2.0290193E+17
       353.7400058    1.7796882E+17
       380.9500062    1.3782461E+17
       394.5600064    1.2163488E+17
       408.1700066    1.0753329E+17
       435.3800071    8.4460875E+16
       462.5900075    6.6744655E+16
       476.1900077    5.9466421E+16
       489.8000080    5.3053674E+16
       503.4000082    4.7403691E+16
       517.0100084    4.2411647E+16
       557.8300091    3.0629823E+16
       571.4300093    2.7557180E+16
       585.0400095    2.4823936E+16
       612.2500100    2.0224715E+16
       666.6700108    1.3630877E+16
       680.2800111    1.2387940E+16
       707.4900115    1.0268755E+16
       734.7000119    8.5512530E+15
       761.9100124    7.1526243E+15
       789.1200128    6.0083865E+15
       816.3300133    5.0680593E+15
       843.5400137    4.2919380E+15
       870.7500142    3.6486472E+15
       911.5700148    2.8796091E+15
       952.3900155    2.2906771E+15
       993.2000162    1.8359771E+15
      1020.4000166    1.5905198E+15
      1061.2000173    1.2897604E+15
      1088.4000177    1.1256364E+15
      1102.0000179    1.0526867E+15
      1115.7000181    9.8466125E+14
      1129.3000184    9.2210337E+14
      1142.9000186    8.6409125E+14
      1156.5000188    8.1025531E+14
      1170.1000190    7.6025914E+14
      1197.3000195    6.7058640E+14
      1210.9000197    6.3037490E+14
      1224.5000199    5.9292822E+14
      1227.2000200    5.8580401E+14
      1229.9000200    5.7877865E+14
      1232.7000200    5.7159599E+14
      1235.4000201    5.6476746E+14
      1238.1000201    5.5803322E+14
      1240.8000202    5.5139179E+14
      1243.5000202    5.4484173E+14
      1246.3000203    5.3814410E+14
      1249.0000203    5.3177584E+14
      1257.2000204    5.9292601E+14
      1259.9000205    5.8627498E+14
      1262.6000205    5.7942786E+14
      1270.8000207    5.5852479E+14
      1281.6000208    5.3192683E+14
      1289.8000210    5.4992459E+14
      1292.5000210    5.4346033E+14
      1295.2000211    5.3696507E+14
      1298.0000211    5.3025616E+14
      1300.7000212    5.2384303E+14
      1303.4000212    5.1750014E+14
      1306.1000212    5.1123499E+14
      1314.3000214    4.9271117E+14
      1330.6000216    4.5812326E+14
      1341.5000218    4.3656064E+14
      1355.1000220    4.1128533E+14
      1360.6000221    4.0154830E+14
      1371.4000223    3.8319564E+14
      1382.3000225    3.6565275E+14
      1390.5000226    3.5306876E+14
      1395.9000227    3.4505653E+14
      1404.1000228    3.3329060E+14
      1406.8000229    3.2951908E+14
      1409.5000229    3.2579713E+14
      1415.0000230    3.1836573E+14
      1417.7000231    3.1478990E+14
      1420.4000231    3.1126078E+14
      1423.1000231    3.0777766E+14
      1425.9000232    3.0421341E+14
      1428.6000232    3.0082193E+14
      1431.3000233    2.9747443E+14
      1436.7000234    2.9090881E+14
      1439.5000234    2.8757098E+14
      1442.2000235    2.8439458E+14
      1444.9000235    2.8125904E+14
      1447.6000235    2.7816372E+14
      1450.4000236    2.7499567E+14
      1453.1000236    2.7198055E+14
      1455.8000237    1.5863428E+15
      1458.5000237    1.5824981E+15
      1461.2000238    1.5736884E+15
      1466.7000239    1.5482783E+15
      1469.4000239    1.5342349E+15
      1472.1000239    1.5198071E+15
      1477.6000240    1.4900682E+15
      1480.3000241    1.4755078E+15
      1488.4000242    1.4324936E+15
      1491.2000242    1.4179129E+15
      1496.6000243    1.3902436E+15
      1551.0000252    1.1425212E+15
      1632.7000266    8.5766135E+14
      1823.1000296    4.5874217E+14
      2340.2000381    1.0790397E+14
      2829.9000460    3.4198463E+13
      3047.6000496    2.1571855E+13
      3700.7000602    5.8355713E+12
      4000.0000650    3.0888949E+12
      4680.3000761    3.5451103E+11
      5006.8000814    0.0000000E+00
      5387.8000876    0.0000000E+00
 
