       80.0000013    9.0081333E+18
        85.0000014    7.2429938E+18
        90.0000015    5.8384909E+18
        95.2390015    4.6737589E+18
       100.6800016    3.7242721E+18
       114.2900019    2.1492431E+18
       119.7300019    1.7374725E+18
       122.4500020    1.5644301E+18
       125.1700020    1.4099290E+18
       127.8900021    1.2718419E+18
       130.6100021    1.1483030E+18
       133.3300022    1.0376745E+18
       136.0600022    9.3817135E+17
       146.9400024    2.1833959E+18
       149.6600024    2.0953360E+18
       155.1000025    1.9032814E+18
       157.8200026    1.8095787E+18
       160.5500026    1.7194152E+18
       165.9900027    1.5528678E+18
       171.4300028    1.4035842E+18
       176.8700029    1.2700782E+18
       179.5900029    1.2086886E+18
       182.3100030    1.1505877E+18
       185.0400030    1.0953773E+18
       187.7600031    1.0432724E+18
       190.4800031    9.9388924E+17
       195.9200032    9.0264586E+17
       198.6400032    8.6049264E+17
       204.0800033    9.1073936E+17
       206.8000034    8.7389555E+17
       209.5300034    8.3866047E+17
       212.2500035    8.0537261E+17
       214.9700035    7.7384604E+17
       220.4100036    7.1568854E+17
       225.8500037    6.6337282E+17
       236.7400038    5.7327828E+17
       247.6200040    4.9889698E+17
       258.5100042    4.3658703E+17
       272.1100044    3.7199530E+17
       285.7200046    3.1877467E+17
       299.3200049    2.7447243E+17
       312.9300051    2.3719735E+17
       340.1400055    1.7876600E+17
       353.7400058    1.5577951E+17
       380.9500062    1.1902661E+17
       394.5600064    1.0433727E+17
       408.1700066    9.1626341E+16
       435.3800071    7.1038587E+16
       462.5900075    5.5450905E+16
       476.1900077    4.9114944E+16
       489.8000080    4.3570029E+16
       503.4000082    3.8717021E+16
       517.0100084    3.4456540E+16
       557.8300091    2.4518519E+16
       571.4300093    2.1957690E+16
       585.0400095    1.9692225E+16
       612.2500100    1.5909307E+16
       666.6700108    1.0561136E+16
       680.2800111    9.5648739E+15
       707.4900115    7.8766012E+15
       734.7000119    6.5190528E+15
       761.9100124    5.4217074E+15
       789.1200128    4.5301806E+15
       816.3300133    3.8023074E+15
       843.5400137    3.2052203E+15
       870.7500142    2.7131682E+15
       911.5700148    2.1287954E+15
       952.3900155    1.6845629E+15
       993.2000162    1.3438541E+15
      1020.4000166    1.1608694E+15
      1061.2000173    9.3766800E+14
      1088.4000177    8.1638530E+14
      1102.0000179    7.6260533E+14
      1115.7000181    7.1253018E+14
      1129.3000184    6.6654577E+14
      1142.9000186    6.2396137E+14
      1156.5000188    5.8449492E+14
      1170.1000190    5.4789009E+14
      1197.3000195    4.8235395E+14
      1210.9000197    4.5301738E+14
      1224.5000199    4.2572790E+14
      1227.2000200    4.2053944E+14
      1229.9000200    4.1542407E+14
      1232.7000200    4.1019525E+14
      1235.4000201    4.0522523E+14
      1238.1000201    4.0032488E+14
      1240.8000202    3.9549304E+14
      1243.5000202    3.9072861E+14
      1246.3000203    3.8585785E+14
      1249.0000203    3.8122754E+14
      1257.2000204    4.1444747E+14
      1259.9000205    4.0970059E+14
      1262.6000205    4.0484889E+14
      1270.8000207    3.9011540E+14
      1281.6000208    3.7141381E+14
      1289.8000210    3.7987355E+14
      1292.5000210    3.7536467E+14
      1295.2000211    3.7084650E+14
      1298.0000211    3.6618646E+14
      1300.7000212    3.6173537E+14
      1303.4000212    3.5733497E+14
      1306.1000212    3.5298971E+14
      1314.3000214    3.4014608E+14
      1330.6000216    3.1617268E+14
      1341.5000218    3.0123166E+14
      1355.1000220    2.8372232E+14
      1360.6000221    2.7697826E+14
      1371.4000223    2.6426860E+14
      1382.3000225    2.5212176E+14
      1390.5000226    2.4340969E+14
      1395.9000227    2.3786321E+14
      1404.1000228    2.2971888E+14
      1406.8000229    2.2710839E+14
      1409.5000229    2.2453232E+14
      1415.0000230    2.1938901E+14
      1417.7000231    2.1691427E+14
      1420.4000231    2.1447191E+14
      1423.1000231    2.1206146E+14
      1425.9000232    2.0959491E+14
      1428.6000232    2.0724798E+14
      1431.3000233    2.0493153E+14
      1436.7000234    2.0038833E+14
      1439.5000234    1.9807874E+14
      1442.2000235    1.9588071E+14
      1444.9000235    1.9371116E+14
      1447.6000235    1.9156952E+14
      1450.4000236    1.8937757E+14
      1453.1000236    1.8729148E+14
      1455.8000237    1.1252533E+15
      1458.5000237    1.1225090E+15
      1461.2000238    1.1161980E+15
      1466.7000239    1.0979548E+15
      1469.4000239    1.0878627E+15
      1472.1000239    1.0774914E+15
      1477.6000240    1.0561094E+15
      1480.3000241    1.0456401E+15
      1488.4000242    1.0147136E+15
      1491.2000242    1.0042319E+15
      1496.6000243    9.8434436E+14
      1551.0000252    8.0652520E+14
      1632.7000266    6.0265941E+14
      1823.1000296    3.1866805E+14
      2340.2000381    7.2218273E+13
      2829.9000460    2.1830505E+13
      3047.6000496    1.3445427E+13
      3700.7000602    2.7408560E+12
      4000.0000650    1.1825860E+12
      4680.3000761    0.0000000E+00
      5006.8000814    0.0000000E+00
      5387.8000876    0.0000000E+00
 
