       80.0000013    1.1312918E+19
        85.0000014    9.5521722E+18
        90.0000015    8.0577990E+18
        95.2390015    6.7417704E+18
       100.6800016    5.6062377E+18
       114.2900019    3.5592118E+18
       119.7300019    2.9790852E+18
       122.4500020    2.7278903E+18
       125.1700020    2.4993579E+18
       127.8900021    2.2913348E+18
       130.6100021    2.1018748E+18
       133.3300022    1.9292196E+18
       136.0600022    1.7712301E+18
       146.9400024    2.6580119E+18
       149.6600024    2.5507381E+18
       155.1000025    2.3263558E+18
       157.8200026    2.2188624E+18
       160.5500026    2.1161496E+18
       165.9900027    1.9277531E+18
       171.4300028    1.7599186E+18
       176.8700029    1.6103042E+18
       179.5900029    1.5415666E+18
       182.3100030    1.4764986E+18
       185.0400030    1.4146222E+18
       187.7600031    1.3561530E+18
       190.4800031    1.3006410E+18
       195.9200032    1.1977094E+18
       198.6400032    1.1499413E+18
       204.0800033    1.2101658E+18
       206.8000034    1.1645222E+18
       209.5300034    1.1187993E+18
       212.2500035    1.0746034E+18
       214.9700035    1.0322323E+18
       220.4100036    9.5338633E+17
       225.8500037    8.8214739E+17
       236.7400038    7.5958957E+17
       247.6200040    6.5916251E+17
       258.5100042    5.7601023E+17
       272.1100044    4.9113611E+17
       285.7200046    4.2243151E+17
       299.3200049    3.6614366E+17
       312.9300051    3.1937188E+17
       340.1400055    2.4677145E+17
       353.7400058    2.1824120E+17
       380.9500062    1.7222544E+17
       394.5600064    1.5354469E+17
       408.1700066    1.3716239E+17
       435.3800071    1.1002076E+17
       462.5900075    8.8761332E+16
       476.1900077    7.9882535E+16
       489.8000080    7.1972932E+16
       503.4000082    6.4926810E+16
       517.0100084    5.8632385E+16
       557.8300091    4.3468411E+16
       571.4300093    3.9428311E+16
       585.0400095    3.5799081E+16
       612.2500100    2.9607104E+16
       666.6700108    2.0502883E+16
       680.2800111    1.8750008E+16
       707.4900115    1.5728457E+16
       734.7000119    1.3245031E+16
       761.9100124    1.1195876E+16
       789.1200128    9.4985081E+15
       816.3300133    8.0872736E+15
       843.5400137    6.9095668E+15
       870.7500142    5.9231894E+15
       911.5700148    4.7296293E+15
       952.3900155    3.8028958E+15
       993.2000162    3.0781668E+15
      1020.4000166    2.6829633E+15
      1061.2000173    2.1942325E+15
      1088.4000177    1.9251396E+15
      1102.0000179    1.8049234E+15
      1115.7000181    1.6924570E+15
      1129.3000184    1.5887022E+15
      1142.9000186    1.4921906E+15
      1156.5000188    1.4023581E+15
      1170.1000190    1.3186893E+15
      1197.3000195    1.1679943E+15
      1210.9000197    1.1001400E+15
      1224.5000199    1.0367858E+15
      1227.2000200    1.0247139E+15
      1229.9000200    1.0128037E+15
      1232.7000200    1.0006205E+15
      1235.4000201    9.8903212E+14
      1238.1000201    9.7759811E+14
      1240.8000202    9.6631617E+14
      1243.5000202    9.5518402E+14
      1246.3000203    9.4379537E+14
      1249.0000203    9.3296152E+14
      1257.2000204    1.0980454E+15
      1259.9000205    1.0862564E+15
      1262.6000205    1.0739347E+15
      1270.8000207    1.0359232E+15
      1281.6000208    9.8732285E+14
      1289.8000210    1.0431045E+15
      1292.5000210    1.0310958E+15
      1295.2000211    1.0189648E+15
      1298.0000211    1.0063997E+15
      1300.7000212    9.9437036E+14
      1303.4000212    9.8246236E+14
      1306.1000212    9.7069361E+14
      1314.3000214    9.3587257E+14
      1330.6000216    8.7078368E+14
      1341.5000218    8.3016235E+14
      1355.1000220    7.8250217E+14
      1360.6000221    7.6412864E+14
      1371.4000223    7.2947805E+14
      1382.3000225    6.9633238E+14
      1390.5000226    6.7254182E+14
      1395.9000227    6.5738810E+14
      1404.1000228    6.3512654E+14
      1406.8000229    6.2798851E+14
      1409.5000229    6.2094335E+14
      1415.0000230    6.0687358E+14
      1417.7000231    6.0010216E+14
      1420.4000231    5.9341825E+14
      1423.1000231    5.8682051E+14
      1425.9000232    5.8006828E+14
      1428.6000232    5.7364248E+14
      1431.3000233    5.6729914E+14
      1436.7000234    5.5485545E+14
      1439.5000234    5.4852819E+14
      1442.2000235    5.4250621E+14
      1444.9000235    5.3656094E+14
      1447.6000235    5.3069133E+14
      1450.4000236    5.2468304E+14
      1453.1000236    5.1896415E+14
      1455.8000237    2.8395454E+15
      1458.5000237    2.8325323E+15
      1461.2000238    2.8168787E+15
      1466.7000239    2.7721480E+15
      1469.4000239    2.7475107E+15
      1472.1000239    2.7222238E+15
      1477.6000240    2.6701382E+15
      1480.3000241    2.6446430E+15
      1488.4000242    2.5693144E+15
      1491.2000242    2.5437709E+15
      1496.6000243    2.4952812E+15
      1551.0000252    2.0598447E+15
      1632.7000266    1.5559008E+15
      1823.1000296    8.4332502E+14
      2340.2000381    2.0617135E+14
      2829.9000460    6.9170427E+13
      3047.6000496    4.4866403E+13
      3700.7000602    1.3695747E+13
      4000.0000650    8.3983372E+12
      4680.3000761    2.7025977E+12
      5006.8000814    1.6634691E+12
      5387.8000876    7.2924732E+11
 
