       80.0000013    6.4179780E+18
        85.0000014    4.9723440E+18
        90.0000015    3.8716768E+18
        95.2390015    2.9950878E+18
       100.6800016    2.3074494E+18
       114.2900019    1.2313905E+18
       119.7300019    9.6703937E+17
       122.4500020    8.5866759E+17
       125.1700020    7.6344858E+17
       127.8900021    6.7969383E+17
       130.6100021    6.0594436E+17
       133.3300022    5.4093770E+17
       136.0600022    4.8338139E+17
       146.9400024    1.7718705E+18
       149.6600024    1.6839436E+18
       155.1000025    1.5025815E+18
       157.8200026    1.4165848E+18
       160.5500026    1.3348485E+18
       165.9900027    1.1860257E+18
       171.4300028    1.0547977E+18
       176.8700029    9.3919177E+17
       179.5900029    8.8662480E+17
       182.3100030    8.3724161E+17
       185.0400030    7.9066397E+17
       187.7600031    7.4703981E+17
       190.4800031    7.0600968E+17
       195.9200032    6.3107054E+17
       198.6400032    5.9686075E+17
       204.0800033    7.2233516E+17
       206.8000034    6.9329884E+17
       209.5300034    6.6546615E+17
       212.2500035    6.3910041E+17
       214.9700035    6.1405182E+17
       220.4100036    5.6760563E+17
       225.8500037    5.2551560E+17
       236.7400038    4.5225435E+17
       247.6200040    3.9099314E+17
       258.5100042    3.3918319E+17
       272.1100044    2.8516130E+17
       285.7200046    2.4060898E+17
       299.3200049    2.0369403E+17
       312.9300051    1.7291884E+17
       340.1400055    1.2561975E+17
       353.7400058    1.0747867E+17
       380.9500062    7.9242739E+16
       394.5600064    6.8282679E+16
       408.1700066    5.8977503E+16
       435.3800071    4.4312277E+16
       462.5900075    3.3600221E+16
       476.1900077    2.9358730E+16
       489.8000080    2.5706631E+16
       503.4000082    2.2559986E+16
       517.0100084    1.9838956E+16
       557.8300091    1.3661482E+16
       571.4300093    1.2113189E+16
       585.0400095    1.0760259E+16
       612.2500100    8.5397082E+15
       666.6700108    5.4954037E+15
       680.2800111    4.9426500E+15
       707.4900115    4.0178990E+15
       734.7000119    3.2862902E+15
       761.9100124    2.7036505E+15
       789.1200128    2.2366998E+15
       816.3300133    1.8601906E+15
       843.5400137    1.5548380E+15
       870.7500142    1.3058154E+15
       911.5700148    1.0134859E+15
       952.3900155    7.9405664E+14
       993.2000162    6.2763625E+14
      1020.4000166    5.3901571E+14
      1061.2000173    4.3172984E+14
      1088.4000177    3.7385113E+14
      1102.0000179    3.4829041E+14
      1115.7000181    3.2455216E+14
      1129.3000184    3.0280835E+14
      1142.9000186    2.8272186E+14
      1156.5000188    2.6415106E+14
      1170.1000190    2.4696763E+14
      1197.3000195    2.1630871E+14
      1210.9000197    2.0263193E+14
      1224.5000199    1.8993805E+14
      1227.2000200    1.8752785E+14
      1229.9000200    1.8515265E+14
      1232.7000200    1.8272584E+14
      1235.4000201    1.8042020E+14
      1238.1000201    1.7814784E+14
      1240.8000202    1.7590824E+14
      1243.5000202    1.7370088E+14
      1246.3000203    1.7144521E+14
      1249.0000203    1.6930186E+14
      1257.2000204    1.7589453E+14
      1259.9000205    1.7376592E+14
      1262.6000205    1.7161993E+14
      1270.8000207    1.6517045E+14
      1281.6000208    1.5702707E+14
      1289.8000210    1.5730088E+14
      1292.5000210    1.5536710E+14
      1295.2000211    1.5344009E+14
      1298.0000211    1.5145868E+14
      1300.7000212    1.4956942E+14
      1303.4000212    1.4770362E+14
      1306.1000212    1.4586244E+14
      1314.3000214    1.4042469E+14
      1330.6000216    1.3028588E+14
      1341.5000218    1.2397359E+14
      1355.1000220    1.1658285E+14
      1360.6000221    1.1373835E+14
      1371.4000223    1.0838099E+14
      1382.3000225    1.0326513E+14
      1390.5000226    9.9598564E+13
      1395.9000227    9.7265373E+13
      1404.1000228    9.3841294E+13
      1406.8000229    9.2744232E+13
      1409.5000229    9.1661875E+13
      1415.0000230    8.9501532E+13
      1417.7000231    8.8462384E+13
      1420.4000231    8.7437053E+13
      1423.1000231    8.6425345E+13
      1425.9000232    8.5390292E+13
      1428.6000232    8.4405670E+13
      1431.3000233    8.3434018E+13
      1436.7000234    8.1528957E+13
      1439.5000234    8.0560827E+13
      1442.2000235    7.9639716E+13
      1444.9000235    7.8730668E+13
      1447.6000235    7.7833506E+13
      1450.4000236    7.6915482E+13
      1453.1000236    7.6041985E+13
      1455.8000237    4.8147590E+14
      1458.5000237    4.8016318E+14
      1461.2000238    4.7729213E+14
      1466.7000239    4.6907599E+14
      1469.4000239    4.6454306E+14
      1472.1000239    4.5988815E+14
      1477.6000240    4.5029873E+14
      1480.3000241    4.4560641E+14
      1488.4000242    4.3175618E+14
      1491.2000242    4.2706591E+14
      1496.6000243    4.1817251E+14
      1551.0000252    3.3904687E+14
      1632.7000266    2.4937726E+14
      1823.1000296    1.2711873E+14
      2340.2000381    2.5941231E+13
      2829.9000460    5.4588353E+12
      3047.6000496    2.4746286E+12
      3700.7000602    0.0000000E+00
      4000.0000650    0.0000000E+00
 
