       80.0000013    4.6290257E+17
        85.0000014    3.3194493E+17
        90.0000015    2.4663783E+17
        95.2390015    1.8714696E+17
       100.6800016    1.4526863E+17
       114.2900019    8.6118587E+16
       119.7300019    7.2030957E+16
       122.4500020    6.6166368E+16
       125.1700020    6.0925606E+16
       127.8900021    5.6216556E+16
       130.6100021    5.1964749E+16
       133.3300022    4.8109466E+16
       136.0600022    4.4588431E+16
       146.9400024    2.2711976E+17
       149.6600024    2.0448475E+17
       155.1000025    1.6618934E+17
       157.8200026    1.5008552E+17
       160.5500026    1.3565548E+17
       165.9900027    1.1129595E+17
       171.4300028    9.1718700E+16
       176.8700029    7.5906529E+16
       179.5900029    6.9159926E+16
       182.3100030    6.3075550E+16
       185.0400030    5.7563295E+16
       187.7600031    5.2600404E+16
       190.4800031    4.8110802E+16
       195.9200032    4.0359305E+16
       198.6400032    3.7014986E+16
       204.0800033    1.4606414E+17
       206.8000034    1.3742827E+17
       209.5300034    1.2911393E+17
       212.2500035    1.2128491E+17
       214.9700035    1.1393428E+17
       220.4100036    1.0062172E+17
       225.8500037    8.8996266E+16
       236.7400038    6.9945312E+16
       247.6200040    5.5336990E+16
       258.5100042    4.4036403E+16
       272.1100044    3.3374610E+16
       285.7200046    2.5503990E+16
       299.3200049    1.9649892E+16
       312.9300051    1.5251888E+16
       340.1400055    9.3877570E+15
       353.7400058    7.4386681E+15
       380.9500062    4.7544134E+15
       394.5600064    3.8324538E+15
       408.1700066    3.1051164E+15
       435.3800071    2.0675456E+15
       462.5900075    1.3998634E+15
       476.1900077    1.1583171E+15
       489.8000080    9.6147843E+14
       503.4000082    8.0060445E+14
       517.0100084    6.6880788E+14
       557.8300091    3.9478407E+14
       571.4300093    3.3244107E+14
       585.0400095    2.8031426E+14
       612.2500100    1.9998592E+14
       666.6700108    1.0269042E+14
       680.2800111    8.6841303E+13
       707.4900115    6.1899991E+13
       734.7000119    4.4034173E+13
       761.9100124    3.0756605E+13
       789.1200128    2.1189760E+13
       816.3300133    1.4076270E+13
       843.5400137    8.6664193E+12
       870.7500142    4.4452151E+12
 
