       80.0000013    7.7926886E+18
        85.0000014    6.1548583E+18
        90.0000015    4.8800108E+18
        95.2390015    3.8437811E+18
       100.6800016    3.0147762E+18
       114.2900019    1.6773435E+18
       119.7300019    1.3376076E+18
       122.4500020    1.1964377E+18
       125.1700020    1.0713081E+18
       127.8900021    9.6027758E+17
       130.6100021    8.6165661E+17
       133.3300022    7.7397214E+17
       136.0600022    6.9566719E+17
       146.9400024    1.9967972E+18
       149.6600024    1.9093822E+18
       155.1000025    1.7220195E+18
       157.8200026    1.6314576E+18
       160.5500026    1.5446844E+18
       165.9900027    1.3852189E+18
       171.4300028    1.2431450E+18
       176.8700029    1.1168232E+18
       179.5900029    1.0589943E+18
       182.3100030    1.0044276E+18
       185.0400030    9.5273487E+17
       187.7600031    9.0410326E+17
       190.4800031    8.5816017E+17
       195.9200032    7.7369019E+17
       198.6400032    7.3486677E+17
       204.0800033    8.1544393E+17
       206.8000034    7.8262757E+17
       209.5300034    7.5128722E+17
       212.2500035    7.2167731E+17
       214.9700035    6.9361138E+17
       220.4100036    6.4173608E+17
       225.8500037    5.9491784E+17
       236.7400038    5.1385329E+17
       247.6200040    4.4643855E+17
       258.5100042    3.8960806E+17
       272.1100044    3.3038933E+17
       285.7200046    2.8143399E+17
       299.3200049    2.4066033E+17
       312.9300051    2.0642046E+17
       340.1400055    1.5309390E+17
       353.7400058    1.3231736E+17
       380.9500062    9.9469518E+16
       394.5600064    8.6506362E+16
       408.1700066    7.5384115E+16
       435.3800071    5.7591582E+16
       462.5900075    4.4341023E+16
       476.1900077    3.9020302E+16
       489.8000080    3.4399209E+16
       503.4000082    3.0384512E+16
       517.0100084    2.6884949E+16
       557.8300091    1.8826701E+16
       571.4300093    1.6777658E+16
       585.0400095    1.4975686E+16
       612.2500100    1.1991826E+16
       666.6700108    7.8365367E+15
       680.2800111    7.0722709E+15
       707.4900115    5.7854976E+15
       734.7000119    4.7593155E+15
       761.9100124    3.9361475E+15
       789.1200128    3.2720897E+15
       816.3300133    2.7334600E+15
       843.5400137    2.2942658E+15
       870.7500142    1.9343326E+15
       911.5700148    1.5095065E+15
       952.3900155    1.1887329E+15
       993.2000162    9.4416870E+14
      1020.4000166    8.1340694E+14
      1061.2000173    6.5452537E+14
      1088.4000177    5.6850603E+14
      1102.0000179    5.3043953E+14
      1115.7000181    4.9504004E+14
      1129.3000184    4.6257207E+14
      1142.9000186    4.3253992E+14
      1156.5000188    4.0473812E+14
      1170.1000190    3.7898036E+14
      1197.3000195    3.3293627E+14
      1210.9000197    3.1235676E+14
      1224.5000199    2.9323198E+14
      1227.2000200    2.8959793E+14
      1229.9000200    2.8601576E+14
      1232.7000200    2.8235484E+14
      1235.4000201    2.7887578E+14
      1238.1000201    2.7544612E+14
      1240.8000202    2.7206504E+14
      1243.5000202    2.6873176E+14
      1246.3000203    2.6532469E+14
      1249.0000203    2.6208644E+14
      1257.2000204    2.7831366E+14
      1259.9000205    2.7504937E+14
      1262.6000205    2.7173567E+14
      1270.8000207    2.6172531E+14
      1281.6000208    2.4905002E+14
      1289.8000210    2.5207260E+14
      1292.5000210    2.4904017E+14
      1295.2000211    2.4600949E+14
      1298.0000211    2.4288825E+14
      1300.7000212    2.3990937E+14
      1303.4000212    2.3696579E+14
      1306.1000212    2.3405995E+14
      1314.3000214    2.2547347E+14
      1330.6000216    2.0945170E+14
      1341.5000218    1.9946924E+14
      1355.1000220    1.8777347E+14
      1360.6000221    1.8326958E+14
      1371.4000223    1.7478302E+14
      1382.3000225    1.6667397E+14
      1390.5000226    1.6085897E+14
      1395.9000227    1.5715737E+14
      1404.1000228    1.5172267E+14
      1406.8000229    1.4998088E+14
      1409.5000229    1.4826214E+14
      1415.0000230    1.4483079E+14
      1417.7000231    1.4317990E+14
      1420.4000231    1.4155068E+14
      1423.1000231    1.3994284E+14
      1425.9000232    1.3829764E+14
      1428.6000232    1.3673233E+14
      1431.3000233    1.3518742E+14
      1436.7000234    1.3215764E+14
      1439.5000234    1.3061734E+14
      1442.2000235    1.2915182E+14
      1444.9000235    1.2770526E+14
      1447.6000235    1.2627736E+14
      1450.4000236    1.2481599E+14
      1453.1000236    1.2342528E+14
      1455.8000237    7.6196028E+14
      1458.5000237    7.6002553E+14
      1461.2000238    7.5564849E+14
      1466.7000239    7.4303015E+14
      1469.4000239    7.3605385E+14
      1472.1000239    7.2888555E+14
      1477.6000240    7.1410931E+14
      1480.3000241    7.0687552E+14
      1488.4000242    6.8551235E+14
      1491.2000242    6.7827385E+14
      1496.6000243    6.6454318E+14
      1551.0000252    5.4200370E+14
      1632.7000266    4.0214272E+14
      1823.1000296    2.0899099E+14
      2340.2000381    4.4639831E+13
      2829.9000460    1.2463208E+13
      3047.6000496    7.0788490E+12
      3700.7000602    5.5281621E+11
      4000.0000650    0.0000000E+00
      4680.3000761    0.0000000E+00
      5006.8000814    0.0000000E+00
      5387.8000876    0.0000000E+00
 
