       80.0000013    1.0793200E+19
        85.0000014    8.9743970E+18
        90.0000015    7.4622474E+18
        95.2390015    6.1563245E+18
       100.6800016    5.0503796E+18
       114.2900019    3.1111885E+18
       119.7300019    2.5760290E+18
       122.4500020    2.3465483E+18
       125.1700020    2.1390302E+18
       127.8900021    1.9512343E+18
       130.6100021    1.7811587E+18
       133.3300022    1.6270148E+18
       136.0600022    1.4867151E+18
       146.9400024    2.5035696E+18
       149.6600024    2.4051646E+18
       155.1000025    2.1952899E+18
       157.8200026    2.0937632E+18
       160.5500026    1.9963405E+18
       165.9900027    1.8167984E+18
       171.4300028    1.6560513E+18
       176.8700029    1.5122103E+18
       179.5900029    1.4459749E+18
       182.3100030    1.3831995E+18
       185.0400030    1.3234424E+18
       187.7600031    1.2669293E+18
       190.4800031    1.2132400E+18
       195.9200032    1.1136286E+18
       198.6400032    1.0673893E+18
       204.0800033    1.1105061E+18
       206.8000034    1.0668160E+18
       209.5300034    1.0240176E+18
       212.2500035    9.8311403E+17
       214.9700035    9.4414967E+17
       220.4100036    8.7202439E+17
       225.8500037    8.0710957E+17
       236.7400038    6.9571296E+17
       247.6200040    6.0450606E+17
       258.5100042    5.2889382E+17
       272.1100044    4.5147391E+17
       285.7200046    3.8849103E+17
       299.3200049    3.3660239E+17
       312.9300051    2.9324834E+17
       340.1400055    2.2550994E+17
       353.7400058    1.9877095E+17
       380.9500062    1.5559902E+17
       394.5600064    1.3809754E+17
       408.1700066    1.2278477E+17
       435.3800071    9.7539034E+16
       462.5900075    7.7931211E+16
       476.1900077    6.9802105E+16
       489.8000080    6.2596683E+16
       503.4000082    5.6210891E+16
       517.0100084    5.0535723E+16
       557.8300091    3.6996956E+16
       571.4300093    3.3426676E+16
       585.0400095    3.0234577E+16
       612.2500100    2.4825136E+16
       666.6700108    1.6968379E+16
       680.2800111    1.5471188E+16
       707.4900115    1.2904080E+16
       734.7000119    1.0808331E+16
       761.9100124    9.0900545E+15
       789.1200128    7.6752617E+15
       816.3300133    6.5055139E+15
       843.5400137    5.5344626E+15
       870.7500142    4.7252011E+15
       911.5700148    3.7516123E+15
       952.3900155    3.0006521E+15
       993.2000162    2.4169859E+15
      1020.4000166    2.1002585E+15
      1061.2000173    1.7103306E+15
      1088.4000177    1.4965761E+15
      1102.0000179    1.4013217E+15
      1115.7000181    1.3123514E+15
      1129.3000184    1.2304020E+15
      1142.9000186    1.1542904E+15
      1156.5000188    1.0835525E+15
      1170.1000190    1.0177647E+15
      1197.3000195    8.9952500E+14
      1210.9000197    8.4639592E+14
      1224.5000199    7.9685656E+14
      1227.2000200    7.8742454E+14
      1229.9000200    7.7812124E+14
      1232.7000200    7.6860721E+14
      1235.4000201    7.5956000E+14
      1238.1000201    7.5063566E+14
      1240.8000202    7.4183219E+14
      1243.5000202    7.3314776E+14
      1246.3000203    7.2426557E+14
      1249.0000203    7.1581811E+14
      1257.2000204    8.1966223E+14
      1259.9000205    8.1066192E+14
      1262.6000205    8.0132681E+14
      1270.8000207    7.7267737E+14
      1281.6000208    7.3613256E+14
      1289.8000210    7.6936568E+14
      1292.5000210    7.6041034E+14
      1295.2000211    7.5138762E+14
      1298.0000211    7.4205485E+14
      1300.7000212    7.3312669E+14
      1303.4000212    7.2429228E+14
      1306.1000212    7.1556370E+14
      1314.3000214    6.8974725E+14
      1330.6000216    6.4151833E+14
      1341.5000218    6.1143725E+14
      1355.1000220    5.7616241E+14
      1360.6000221    5.6256904E+14
      1371.4000223    5.3694158E+14
      1382.3000225    5.1243738E+14
      1390.5000226    4.9485546E+14
      1395.9000227    4.8365922E+14
      1404.1000228    4.6721496E+14
      1406.8000229    4.6194319E+14
      1409.5000229    4.5674041E+14
      1415.0000230    4.4635139E+14
      1417.7000231    4.4135205E+14
      1420.4000231    4.3641773E+14
      1423.1000231    4.3154744E+14
      1425.9000232    4.2656347E+14
      1428.6000232    4.2182085E+14
      1431.3000233    4.1713950E+14
      1436.7000234    4.0795710E+14
      1439.5000234    4.0328864E+14
      1442.2000235    3.9884573E+14
      1444.9000235    3.9445980E+14
      1447.6000235    3.9012993E+14
      1450.4000236    3.8569813E+14
      1453.1000236    3.8148010E+14
      1455.8000237    2.1561097E+15
      1458.5000237    2.1508376E+15
      1461.2000238    2.1389093E+15
      1466.7000239    2.1046581E+15
      1469.4000239    2.0857597E+15
      1472.1000239    2.0663532E+15
      1477.6000240    2.0263658E+15
      1480.3000241    2.0067905E+15
      1488.4000242    1.9489554E+15
      1491.2000242    1.9293484E+15
      1496.6000243    1.8921352E+15
      1551.0000252    1.5585069E+15
      1632.7000266    1.1737311E+15
      1823.1000296    6.3246501E+14
      2340.2000381    1.5232029E+14
      2829.9000460    5.0172466E+13
      3047.6000496    3.1869119E+13
      3700.7000602    9.5098084E+12
      4000.0000650    5.4226998E+12
      4680.3000761    1.5436574E+12
      5006.8000814    6.6679092E+11
      5387.8000876    0.0000000E+00
 
