       80.0000013    1.9311769E+17
        85.0000014    1.5126739E+17
        90.0000015    1.2125953E+17
        95.2390015    9.7830035E+16
       100.6800016    7.9252154E+16
       114.2900019    4.8321328E+16
       119.7300019    3.9968068E+16
       122.4500020    3.6394775E+16
       125.1700020    3.3165772E+16
       127.8900021    3.0244681E+16
       130.6100021    2.7599599E+16
       133.3300022    2.5202413E+16
       136.0600022    2.3020604E+16
       146.9400024    6.2642583E+16
       149.6600024    5.5656342E+16
       155.1000025    4.4066506E+16
       157.8200026    3.9288703E+16
       160.5500026    3.5063007E+16
       165.9900027    2.8066170E+16
       171.4300028    2.2586786E+16
       176.8700029    1.8271042E+16
       179.5900029    1.6463676E+16
       182.3100030    1.4853007E+16
       185.0400030    1.3410766E+16
       187.7600031    1.2127149E+16
       190.4800031    1.0978832E+16
       195.9200032    9.0279300E+15
       198.6400032    8.1998082E+15
       204.0800033    4.8703340E+16
       206.8000034    4.5337301E+16
       209.5300034    4.2122634E+16
       212.2500035    3.9123832E+16
       214.9700035    3.6337124E+16
       220.4100036    3.1371571E+16
       225.8500037    2.7132131E+16
       236.7400038    2.0410307E+16
       247.6200040    1.5476290E+16
       258.5100042    1.1815176E+16
       272.1100044    8.5082647E+15
       285.7200046    6.1778434E+15
       299.3200049    4.5197702E+15
       312.9300051    3.3256514E+15
       340.1400055    1.8252583E+15
       353.7400058    1.3583629E+15
       380.9500062    7.5355758E+14
       394.5600064    5.5999622E+14
       408.1700066    4.1442931E+14
       435.3800071    2.2117053E+14
       462.5900075    1.0845693E+14
       476.1900077    6.9731952E+13
       489.8000080    3.6827352E+13
 
