       80.0000013    4.9602592E+18
        85.0000014    3.7594732E+18
        90.0000015    2.8664821E+18
        95.2390015    2.1712271E+18
       100.6800016    1.6381198E+18
       114.2900019    8.3410897E+17
       119.7300019    6.4468036E+17
       122.4500020    5.6831560E+17
       125.1700020    5.0193778E+17
       127.8900021    4.4416793E+17
       130.6100021    3.9382651E+17
       133.3300022    3.4990305E+17
       136.0600022    3.1139884E+17
       146.9400024    1.5008369E+18
       149.6600024    1.4144461E+18
       155.1000025    1.2448914E+18
       157.8200026    1.1664981E+18
       160.5500026    1.0927719E+18
       165.9900027    9.6014729E+17
       171.4300028    8.4476172E+17
       176.8700029    7.4431378E+17
       179.5900029    6.9902819E+17
       182.3100030    6.5672242E+17
       185.0400030    6.1704057E+17
       187.7600031    5.8007643E+17
       190.4800031    5.4549871E+17
       195.9200032    4.8284892E+17
       198.6400032    4.5448121E+17
       204.0800033    6.2799775E+17
       206.8000034    6.0218871E+17
       209.5300034    5.7731638E+17
       212.2500035    5.5368368E+17
       214.9700035    5.3118558E+17
       220.4100036    4.8937847E+17
       225.8500037    4.5141790E+17
       236.7400038    3.8525489E+17
       247.6200040    3.2997151E+17
       258.5100042    2.8338582E+17
       272.1100044    2.3514025E+17
       285.7200046    1.9575432E+17
       299.3200049    1.6351330E+17
       312.9300051    1.3698822E+17
       340.1400055    9.7038704E+16
       353.7400058    8.2045223E+16
       380.9500062    5.9166666E+16
       394.5600064    5.0463435E+16
       408.1700066    4.3165495E+16
       435.3800071    3.1858169E+16
       462.5900075    2.3775734E+16
       476.1900077    2.0623754E+16
       489.8000080    1.7934713E+16
       503.4000082    1.5637886E+16
       517.0100084    1.3668003E+16
       557.8300091    9.2594760E+15
       571.4300093    8.1702626E+15
       585.0400095    7.2243551E+15
       612.2500100    5.6848418E+15
       666.6700108    3.6045572E+15
       680.2800111    3.2312365E+15
       707.4900115    2.6102049E+15
       734.7000119    2.1223480E+15
       761.9100124    1.7363130E+15
       789.1200128    1.4287385E+15
       816.3300133    1.1820751E+15
       843.5400137    9.8303581E+14
       870.7500142    8.2148598E+14
       911.5700148    6.3289235E+14
       952.3900155    4.9224711E+14
       993.2000162    3.8624993E+14
      1020.4000166    3.3010206E+14
      1061.2000173    2.6247449E+14
      1088.4000177    2.2618231E+14
      1102.0000179    2.1020543E+14
      1115.7000181    1.9539887E+14
      1129.3000184    1.8186474E+14
      1142.9000186    1.6938851E+14
      1156.5000188    1.5787795E+14
      1170.1000190    1.4724970E+14
      1197.3000195    1.2834593E+14
      1210.9000197    1.1994010E+14
      1224.5000199    1.1215488E+14
      1227.2000200    1.1067858E+14
      1229.9000200    1.0922434E+14
      1232.7000200    1.0773910E+14
      1235.4000201    1.0632865E+14
      1238.1000201    1.0493914E+14
      1240.8000202    1.0357023E+14
      1243.5000202    1.0222160E+14
      1246.3000203    1.0084404E+14
      1249.0000203    9.9535632E+13
      1257.2000204    1.0133074E+14
      1259.9000205    1.0004886E+14
      1262.6000205    9.8764568E+13
      1270.8000207    9.4926319E+13
      1281.6000208    9.0096435E+13
      1289.8000210    8.9329280E+13
      1292.5000210    8.8191323E+13
      1295.2000211    8.7060715E+13
      1298.0000211    8.5900260E+13
      1300.7000212    8.4795019E+13
      1303.4000212    8.3704341E+13
      1306.1000212    8.2628661E+13
      1314.3000214    7.9454462E+13
      1330.6000216    7.3545133E+13
      1341.5000218    6.9871946E+13
      1355.1000220    6.5577431E+13
      1360.6000221    6.3926377E+13
      1371.4000223    6.0819690E+13
      1382.3000225    5.7856749E+13
      1390.5000226    5.5735526E+13
      1395.9000227    5.4386814E+13
      1404.1000228    5.2408953E+13
      1406.8000229    5.1775655E+13
      1409.5000229    5.1151018E+13
      1415.0000230    4.9904865E+13
      1417.7000231    4.9305738E+13
      1420.4000231    4.8714752E+13
      1423.1000231    4.8131782E+13
      1425.9000232    4.7535561E+13
      1428.6000232    4.6968550E+13
      1431.3000233    4.6409189E+13
      1436.7000234    4.5312970E+13
      1439.5000234    4.4756126E+13
      1442.2000235    4.4226507E+13
      1444.9000235    4.3703972E+13
      1447.6000235    4.3188421E+13
      1450.4000236    4.2661038E+13
      1453.1000236    4.2159391E+13
      1455.8000237    2.7312536E+14
      1458.5000237    2.7227593E+14
      1461.2000238    2.7053543E+14
      1466.7000239    2.6563539E+14
      1469.4000239    2.6294541E+14
      1472.1000239    2.6018712E+14
      1477.6000240    2.5451238E+14
      1480.3000241    2.5173817E+14
      1488.4000242    2.4355713E+14
      1491.2000242    2.4078900E+14
      1496.6000243    2.3554344E+14
      1551.0000252    1.8907131E+14
      1632.7000266    1.3690928E+14
      1823.1000296    6.6962483E+13
      2340.2000381    1.1304412E+13
      2829.9000460    3.5441895E+11
      3047.6000496    0.0000000E+00
 
