       80.0000013    1.1016190E+18
        85.0000014    7.7236672E+17
        90.0000015    5.5270220E+17
        95.2390015    3.9844752E+17
       100.6800016    2.9123754E+17
       114.2900019    1.4956524E+17
       119.7300019    1.1968023E+17
       122.4500020    1.0793215E+17
       125.1700020    9.7819134E+16
       127.8900021    8.9059256E+16
       130.6100021    8.1424042E+16
       133.3300022    7.4728213E+16
       136.0600022    6.8800463E+16
       146.9400024    5.0594519E+17
       149.6600024    4.6111947E+17
       155.1000025    3.8339094E+17
       157.8200026    3.5001585E+17
       160.5500026    3.1972561E+17
       165.9900027    2.6765233E+17
       171.4300028    2.2479297E+17
       176.8700029    1.8937918E+17
       179.5900029    1.7401648E+17
       182.3100030    1.6001603E+17
       185.0400030    1.4720243E+17
       187.7600031    1.3555217E+17
       190.4800031    1.2491123E+17
       195.9200032    1.0628941E+17
       198.6400032    9.8147287E+16
       204.0800033    2.7216208E+17
       206.8000034    2.5777597E+17
       209.5300034    2.4388999E+17
       212.2500035    2.3075545E+17
       214.9700035    2.1835083E+17
       220.4100036    1.9565543E+17
       225.8500037    1.7554119E+17
       236.7400038    1.4183883E+17
       247.6200040    1.1522007E+17
       258.5100042    9.4039426E+16
       272.1100044    7.3452745E+16
       285.7200046    5.7767349E+16
       299.3200049    4.5746143E+16
       312.9300051    3.6454063E+16
       340.1400055    2.3576257E+16
       353.7400058    1.9123357E+16
       380.9500062    1.2778658E+16
       394.5600064    1.0522255E+16
       408.1700066    8.7042720E+15
       435.3800071    6.0350497E+15
       462.5900075    4.2521757E+15
       476.1900077    3.5895302E+15
       489.8000080    3.0404908E+15
       503.4000082    2.5844762E+15
       517.0100084    2.2037401E+15
       557.8300091    1.3914828E+15
       571.4300093    1.2006213E+15
       585.0400095    1.0385621E+15
       612.2500100    7.8302636E+14
       666.6700108    4.5727292E+14
       680.2800111    4.0173815E+14
       707.4900115    3.1178674E+14
       734.7000119    2.4357085E+14
       761.9100124    1.9139852E+14
       789.1200128    1.5118161E+14
       816.3300133    1.1995413E+14
       843.5400137    9.5543561E+13
       870.7500142    7.6343958E+13
       911.5700148    5.4776868E+13
       952.3900155    3.9803286E+13
       993.2000162    2.8782648E+13
      1020.4000166    2.3184473E+13
      1061.2000173    1.6719129E+13
      1088.4000177    1.3402118E+13
      1102.0000179    1.1982094E+13
      1115.7000181    1.0690664E+13
      1129.3000184    9.5327040E+12
      1142.9000186    8.4859059E+12
      1156.5000188    7.5392043E+12
      1170.1000190    6.6827038E+12
      1197.3000195    5.2058113E+12
      1210.9000197    4.5703742E+12
      1224.5000199    3.9948546E+12
      1227.2000200    3.8872146E+12
      1229.9000200    3.7816665E+12
      1232.7000200    3.4571517E+12
      1235.4000201    3.3582647E+12
      1238.1000201    3.2613715E+12
      1240.8000202    3.1664332E+12
      1243.5000202    3.0734122E+12
      1246.3000203    2.9789313E+12
      1249.0000203    2.8897017E+12
      1257.2000204    2.6627565E+12
      1259.9000205    2.5796351E+12
      1262.6000205    2.4980800E+12
      1270.8000207    2.2601738E+12
      1281.6000208    1.9687026E+12
      1289.8000210    1.7764536E+12
      1292.5000210    1.7110802E+12
      1295.2000211    1.6470198E+12
      1298.0000211    1.5819697E+12
      1300.7000212    1.5205623E+12
      1303.4000212    1.4604306E+12
      1306.1000212    1.4015524E+12
      1314.3000214    1.2301776E+12
      1330.6000216    7.8704070E+11
      1341.5000218    6.2144473E+11
      1355.1000220    3.3535295E+11
      1360.6000221    2.7986896E+11
      1371.4000223    6.5878381E+10
      1382.3000225    0.0000000E+00
 
