       80.0000013    7.5830139E+16
        85.0000014    5.7572349E+16
        90.0000015    4.3906751E+16
        95.2390015    3.3203694E+16
       100.6800016    2.4958493E+16
       114.2900019    1.2467601E+16
       119.7300019    9.5158952E+15
       122.4500020    8.3249110E+15
       125.1700020    7.2891506E+15
       127.8900021    6.3872799E+15
       130.6100021    5.6010513E+15
       133.3300022    4.9148631E+15
       136.0600022    4.3132459E+15
       146.9400024    4.8118752E+15
       149.6600024    4.1393625E+15
       155.1000025    3.0661162E+15
       157.8200026    2.6408718E+15
       160.5500026    2.2744493E+15
       165.9900027    1.6906397E+15
       171.4300028    1.2571859E+15
       176.8700029    9.3389527E+14
       179.5900029    8.0415263E+14
       182.3100030    6.9174911E+14
       185.0400030    5.9393787E+14
       187.7600031    5.0936369E+14
       190.4800031    4.3587076E+14
       195.9200032    3.1624425E+14
       198.6400032    2.6765901E+14
       204.0800033    2.2937573E+15
       206.8000034    1.9291970E+15
       209.5300034    1.5917651E+15
       212.2500035    1.2818076E+15
       214.9700035    9.9199236E+14
       220.4100036    4.0443533E+14
 
