       80.0000013    2.1598027E+18
        85.0000014    1.5475541E+18
        90.0000015    1.1212066E+18
        95.2390015    8.1012518E+17
       100.6800016    5.8665927E+17
       114.2900019    2.8145436E+17
       119.7300019    2.1654942E+17
       122.4500020    1.9127778E+17
       125.1700020    1.6974479E+17
       127.8900021    1.5133458E+17
       130.6100021    1.3553817E+17
       133.3300022    1.2193422E+17
       136.0600022    1.1013347E+17
       146.9400024    8.4542184E+17
       149.6600024    7.8004014E+17
       155.1000025    6.6290766E+17
       157.8200026    6.1145154E+17
       160.5500026    5.6416684E+17
       165.9900027    4.8147714E+17
       171.4300028    4.1190379E+17
       176.8700029    3.5318341E+17
       179.5900029    3.2730606E+17
       182.3100030    3.0348345E+17
       185.0400030    2.8146192E+17
       187.7600031    2.6124271E+17
       190.4800031    2.4259709E+17
       195.9200032    2.0951263E+17
       198.6400032    1.9484531E+17
       204.0800033    4.0475126E+17
       206.8000034    3.8544325E+17
       209.5300034    3.6677268E+17
       212.2500035    3.4904797E+17
       214.9700035    3.3222637E+17
       220.4100036    3.0118444E+17
       225.8500037    2.7332452E+17
       236.7400038    2.2574130E+17
       247.6200040    1.8718519E+17
       258.5100042    1.5575046E+17
       272.1100044    1.2441218E+17
       285.7200046    9.9901566E+16
       299.3200049    8.0660517E+16
       312.9300051    6.5456380E+16
       340.1400055    4.3774461E+16
       353.7400058    3.6064192E+16
       380.9500062    2.4818303E+16
       394.5600064    2.0723965E+16
       408.1700066    1.7377960E+16
       435.3800071    1.2367738E+16
       462.5900075    8.9336136E+15
       476.1900077    7.6325869E+15
       489.8000080    6.5416062E+15
       503.4000082    5.6247767E+15
       517.0100084    4.8504521E+15
       557.8300091    3.1635443E+15
       571.4300093    2.7581289E+15
       585.0400095    2.4103518E+15
       612.2500100    1.8539837E+15
       666.6700108    1.1255995E+15
       680.2800111    9.9848333E+14
       707.4900115    7.9010527E+14
       734.7000119    6.2957778E+14
       761.9100124    5.0494598E+14
       789.1200128    4.0747069E+14
       816.3300133    3.3120764E+14
       843.5400137    2.7034927E+14
       870.7500142    2.2180062E+14
       911.5700148    1.6628446E+14
       952.3900155    1.2588224E+14
       993.2000162    9.6140754E+13
      1020.4000166    8.0686304E+13
      1061.2000173    6.2404608E+13
      1088.4000177    5.2769621E+13
      1102.0000179    4.8572838E+13
      1115.7000181    4.4710261E+13
      1129.3000184    4.1203786E+13
      1142.9000186    3.7993247E+13
      1156.5000188    3.5051130E+13
      1170.1000190    3.2352720E+13
      1197.3000195    2.7600452E+13
      1210.9000197    2.5508618E+13
      1224.5000199    2.3584093E+13
      1227.2000200    2.3220621E+13
      1229.9000200    2.2863053E+13
      1232.7000200    2.2498366E+13
      1235.4000201    2.2152502E+13
      1238.1000201    2.1812228E+13
      1240.8000202    2.1477447E+13
      1243.5000202    2.1148058E+13
      1246.3000203    2.0812065E+13
      1249.0000203    2.0493371E+13
      1257.2000204    2.0054708E+13
      1259.9000205    1.9750327E+13
      1262.6000205    1.9448906E+13
      1270.8000207    1.8557952E+13
      1281.6000208    1.7446148E+13
      1289.8000210    1.6891662E+13
      1292.5000210    1.6634320E+13
      1295.2000211    1.6380207E+13
      1298.0000211    1.6120434E+13
      1300.7000212    1.5873709E+13
      1303.4000212    1.5630738E+13
      1306.1000212    1.5391519E+13
      1314.3000214    1.4687635E+13
      1330.6000216    1.3384696E+13
      1341.5000218    1.2579856E+13
      1355.1000220    1.1644208E+13
      1360.6000221    1.1286119E+13
      1371.4000223    1.0246386E+13
      1382.3000225    9.6153475E+12
      1390.5000226    9.1659897E+12
      1395.9000227    8.8813884E+12
      1404.1000228    8.4656605E+12
      1406.8000229    8.3329737E+12
      1409.5000229    8.2023112E+12
      1415.0000230    7.9422743E+12
      1417.7000231    7.8175629E+12
      1420.4000231    7.6947474E+12
      1423.1000231    7.5737984E+12
      1425.9000232    7.4503092E+12
      1428.6000232    7.3330695E+12
      1431.3000233    7.2176076E+12
      1436.7000234    6.9919027E+12
      1439.5000234    6.8775518E+12
      1442.2000235    6.7689822E+12
      1444.9000235    6.6620532E+12
      1447.6000235    6.5567373E+12
      1450.4000236    6.4491996E+12
      1453.1000236    6.3470940E+12
      1455.8000237    4.2579823E+13
      1458.5000237    4.2270695E+13
      1461.2000238    4.1822215E+13
      1466.7000239    4.0702050E+13
      1469.4000239    4.0111673E+13
      1472.1000239    3.9513649E+13
      1477.6000240    3.8296458E+13
      1480.3000241    3.7705551E+13
      1488.4000242    3.5973669E+13
      1491.2000242    3.5390736E+13
      1496.6000243    3.4290029E+13
      1551.0000252    2.4785797E+13
      1632.7000266    1.4810779E+13
      1823.1000296    2.5143170E+12
 
