       80.0000013    3.5076746E+18
        85.0000014    2.5896058E+18
        90.0000015    1.9260126E+18
        95.2390015    1.4237997E+18
       100.6800016    1.0497413E+18
       114.2900019    5.1121535E+17
       119.7300019    3.9067909E+17
       122.4500020    3.4301530E+17
       125.1700020    3.0207381E+17
       127.8900021    2.6684183E+17
       130.6100021    2.3646568E+17
       133.3300022    2.1022480E+17
       136.0600022    1.8743260E+17
       146.9400024    1.1881822E+18
       149.6600024    1.1086721E+18
       155.1000025    9.6013052E+17
       157.8200026    8.9324393E+17
       160.5500026    8.3105501E+17
       165.9900027    7.2068142E+17
       171.4300028    6.2612796E+17
       176.8700029    5.4495779E+17
       179.5900029    5.0873520E+17
       182.3100030    4.7511653E+17
       185.0400030    4.4378791E+17
       187.7600031    4.1479193E+17
       190.4800031    3.8784159E+17
       195.9200032    3.3946734E+17
       198.6400032    3.1777065E+17
       204.0800033    5.2501684E+17
       206.8000034    5.0214342E+17
       209.5300034    4.8002582E+17
       212.2500035    4.5898917E+17
       214.9700035    4.3896445E+17
       220.4100036    4.0180127E+17
       225.8500037    3.6815425E+17
       236.7400038    3.0986371E+17
       247.6200040    2.6166564E+17
       258.5100042    2.2155381E+17
       272.1100044    1.8065083E+17
       285.7200046    1.4786600E+17
       299.3200049    1.2152674E+17
       312.9300051    1.0025667E+17
       340.1400055    6.9044189E+16
       353.7400058    5.7633187E+16
       380.9500062    4.0609500E+16
       394.5600064    3.4276163E+16
       408.1700066    2.9034250E+16
       435.3800071    2.1053670E+16
       462.5900075    1.5470688E+16
       476.1900077    1.3325387E+16
       489.8000080    1.1511073E+16
       503.4000082    9.9739663E+15
       517.0100084    8.6656672E+15
       557.8300091    5.7756433E+15
       571.4300093    5.0708139E+15
       585.0400095    4.4621242E+15
       612.2500100    3.4789697E+15
       666.6700108    2.1681902E+15
       680.2800111    1.9356153E+15
       707.4900115    1.5509564E+15
       734.7000119    1.2510732E+15
       761.9100124    1.0155152E+15
       789.1200128    8.2917337E+14
       816.3300133    6.8078352E+14
       843.5400137    5.6187729E+14
       870.7500142    4.6603371E+14
       911.5700148    3.5508974E+14
       952.3900155    2.7319847E+14
       993.2000162    2.1210545E+14
      1020.4000166    1.8001725E+14
      1061.2000173    1.4167926E+14
      1088.4000177    1.2127234E+14
      1102.0000179    1.1233157E+14
      1115.7000181    1.0407142E+14
      1129.3000184    9.6544338E+13
      1142.9000186    8.9626539E+13
      1156.5000188    8.3263209E+13
      1170.1000190    7.7404966E+13
      1197.3000195    6.7029747E+13
      1210.9000197    6.2436153E+13
      1224.5000199    5.8193506E+13
      1227.2000200    5.7390322E+13
      1229.9000200    5.6599561E+13
      1232.7000200    5.5792414E+13
      1235.4000201    5.5026311E+13
      1238.1000201    5.4271995E+13
      1240.8000202    5.3529264E+13
      1243.5000202    5.2797916E+13
      1246.3000203    5.2051296E+13
      1249.0000203    5.1342534E+13
      1257.2000204    5.1273156E+13
      1259.9000205    5.0587576E+13
      1262.6000205    4.9904760E+13
      1270.8000207    4.7874985E+13
      1281.6000208    4.5330184E+13
      1289.8000210    4.4477910E+13
      1292.5000210    4.3883208E+13
      1295.2000211    4.3294076E+13
      1298.0000211    4.2690507E+13
      1300.7000212    4.2116349E+13
      1303.4000212    4.1550235E+13
      1306.1000212    4.0992279E+13
      1314.3000214    3.9347550E+13
      1330.6000216    3.6291530E+13
      1341.5000218    3.4395791E+13
      1355.1000220    3.2183337E+13
      1360.6000221    3.1333928E+13
      1371.4000223    2.9737502E+13
      1382.3000225    2.8217283E+13
      1390.5000226    2.7130388E+13
      1395.9000227    2.6439978E+13
      1404.1000228    2.5428452E+13
      1406.8000229    2.5104812E+13
      1409.5000229    2.4785717E+13
      1415.0000230    2.4149475E+13
      1417.7000231    2.3843754E+13
      1420.4000231    2.3542297E+13
      1423.1000231    2.3245038E+13
      1425.9000232    2.2941136E+13
      1428.6000232    2.2652228E+13
      1431.3000233    2.2367326E+13
      1436.7000234    2.1809282E+13
      1439.5000234    2.1525971E+13
      1442.2000235    2.1256611E+13
      1444.9000235    2.0990950E+13
      1447.6000235    2.0728934E+13
      1450.4000236    2.0461006E+13
      1453.1000236    2.0206242E+13
      1455.8000237    1.3364695E+14
      1458.5000237    1.3313931E+14
      1461.2000238    1.3219278E+14
      1466.7000239    1.2959873E+14
      1469.4000239    1.2818667E+14
      1472.1000239    1.2674230E+14
      1477.6000240    1.2377710E+14
      1480.3000241    1.2232951E+14
      1488.4000242    1.1806586E+14
      1491.2000242    1.1662475E+14
      1496.6000243    1.1389582E+14
      1551.0000252    8.9841623E+13
      1632.7000266    6.0185649E+13
      1823.1000296    2.5954603E+13
      2340.2000381    4.9628001E+11
 
