       80.0000013    1.1604463E+19
        85.0000014    9.9402635E+18
        90.0000015    8.5002150E+18
        95.2390015    7.2081151E+18
       100.6800016    6.0727781E+18
       114.2900019    3.9690330E+18
       119.7300019    3.3568571E+18
       122.4500020    3.0891931E+18
       125.1700020    2.8442021E+18
       127.8900021    2.6199004E+18
       130.6100021    2.4144701E+18
       133.3300022    2.2262494E+18
       136.0600022    2.0531149E+18
       146.9400024    2.8179414E+18
       149.6600024    2.7009206E+18
       155.1000025    2.4593722E+18
       157.8200026    2.3445505E+18
       160.5500026    2.2352553E+18
       165.9900027    2.0357531E+18
       171.4300028    1.8590174E+18
       176.8700029    1.7022234E+18
       179.5900029    1.6304176E+18
       182.3100030    1.5625744E+18
       185.0400030    1.4981716E+18
       187.7600031    1.4374115E+18
       190.4800031    1.3798070E+18
       195.9200032    1.2731897E+18
       198.6400032    1.2237875E+18
       204.0800033    1.3077228E+18
       206.8000034    1.2612795E+18
       209.5300034    1.2134338E+18
       212.2500035    1.1665321E+18
       214.9700035    1.1212024E+18
       220.4100036    1.0362637E+18
       225.8500037    9.5909025E+17
       236.7400038    8.2569489E+17
       247.6200040    7.1598459E+17
       258.5100042    6.2500075E+17
       272.1100044    5.3215717E+17
       285.7200046    4.5716958E+17
       299.3200049    3.9597004E+17
       312.9300051    3.4535887E+17
       340.1400055    2.6736185E+17
       353.7400058    2.3691316E+17
       380.9500062    1.8799960E+17
       394.5600064    1.6818118E+17
       408.1700066    1.5079860E+17
       435.3800071    1.2194024E+17
       462.5900075    9.9217962E+16
       476.1900077    8.9676821E+16
       489.8000080    8.1142979E+16
       503.4000082    7.3508365E+16
       517.0100084    6.6658159E+16
       557.8300091    5.0009826E+16
       571.4300093    4.5532164E+16
       585.0400095    4.1491806E+16
       612.2500100    3.4553888E+16
       666.6700108    2.4230322E+16
       680.2800111    2.2222573E+16
       707.4900115    1.8743628E+16
       734.7000119    1.5864951E+16
       761.9100124    1.3474909E+16
       789.1200128    1.1483705E+16
       816.3300133    9.8191467E+15
       843.5400137    8.4229328E+15
       870.7500142    7.2479844E+15
       911.5700148    5.8184663E+15
       952.3900155    4.7016792E+15
       993.2000162    3.8233214E+15
      1020.4000166    3.3421739E+15
      1061.2000173    2.7446876E+15
      1088.4000177    2.4143796E+15
      1102.0000179    2.2664712E+15
      1115.7000181    2.1278899E+15
      1129.3000184    1.9998546E+15
      1142.9000186    1.8805859E+15
      1156.5000188    1.7694145E+15
      1170.1000190    1.6657268E+15
      1197.3000195    1.4786011E+15
      1210.9000197    1.3941739E+15
      1224.5000199    1.3152441E+15
      1227.2000200    1.3001929E+15
      1229.9000200    1.2853394E+15
      1232.7000200    1.2701417E+15
      1235.4000201    1.2556823E+15
      1238.1000201    1.2414120E+15
      1240.8000202    1.2273280E+15
      1243.5000202    1.2134276E+15
      1246.3000203    1.1992033E+15
      1249.0000203    1.1856687E+15
      1257.2000204    1.4358250E+15
      1259.9000205    1.4207572E+15
      1262.6000205    1.4048855E+15
      1270.8000207    1.3556780E+15
      1281.6000208    1.2926293E+15
      1289.8000210    1.3804414E+15
      1292.5000210    1.3647314E+15
      1295.2000211    1.3488203E+15
      1298.0000211    1.3323195E+15
      1300.7000212    1.3165118E+15
      1303.4000212    1.3008574E+15
      1306.1000212    1.2853822E+15
      1314.3000214    1.2395798E+15
      1330.6000216    1.1539161E+15
      1341.5000218    1.1004220E+15
      1355.1000220    1.0376246E+15
      1360.6000221    1.0134056E+15
      1371.4000223    9.6771525E+14
      1382.3000225    9.2399014E+14
      1390.5000226    8.9259453E+14
      1395.9000227    8.7259166E+14
      1404.1000228    8.4319885E+14
      1406.8000229    8.3377234E+14
      1409.5000229    8.2446763E+14
      1415.0000230    8.0588263E+14
      1417.7000231    7.9693682E+14
      1420.4000231    7.8810583E+14
      1423.1000231    7.7938799E+14
      1425.9000232    7.7046506E+14
      1428.6000232    7.6197277E+14
      1431.3000233    7.5358879E+14
      1436.7000234    7.3713967E+14
      1439.5000234    7.2877468E+14
      1442.2000235    7.2081255E+14
      1444.9000235    7.1295122E+14
      1447.6000235    7.0518920E+14
      1450.4000236    6.9724318E+14
      1453.1000236    6.8967927E+14
      1455.8000237    3.6496705E+15
      1458.5000237    3.6405936E+15
      1461.2000238    3.6205785E+15
      1466.7000239    3.5636503E+15
      1469.4000239    3.5323486E+15
      1472.1000239    3.5002381E+15
      1477.6000240    3.4341198E+15
      1480.3000241    3.4017591E+15
      1488.4000242    3.3061346E+15
      1491.2000242    3.2737022E+15
      1496.6000243    3.2121209E+15
      1551.0000252    2.6581139E+15
      1632.7000266    2.0143838E+15
      1823.1000296    1.0985485E+15
      2340.2000381    2.7189431E+14
      2829.9000460    9.2107360E+13
      3047.6000496    6.0111813E+13
      3700.7000602    1.9231534E+13
      4000.0000650    1.2033990E+13
      4680.3000761    4.2246928E+12
      5006.8000814    2.6885693E+12
      5387.8000876    1.3049315E+12
 
