       80.0000013    1.4496154E+00
        85.0000014    9.3353015E-01
        90.0000015    6.0786891E-01
        95.2390015    3.9244768E-01
       100.6800016    2.5232372E-01
       114.2900019    8.8151000E-02
       119.7300019    5.9026871E-02
       122.4500020    4.8481937E-02
       125.1700020    3.9914567E-02
       127.8900021    3.2935340E-02
       130.6100021    2.7235283E-02
       133.3300022    2.2568483E-02
       136.0600022    1.8725876E-02
       146.9400024    2.2205655E-02
       149.6600024    1.9797731E-02
       155.1000025    1.5555786E-02
       157.8200026    1.3772774E-02
       160.5500026    1.2194027E-02
       165.9900027    9.5918486E-03
       171.4300028    7.5762277E-03
       176.8700029    6.0094013E-03
       179.5900029    5.3601172E-03
       182.3100030    4.7855331E-03
       185.0400030    4.2746621E-03
       187.7600031    3.8232207E-03
       190.4800031    3.4222736E-03
       195.9200032    2.7484680E-03
       198.6400032    2.4657536E-03
       204.0800033    2.0697545E-03
       206.8000034    1.8637127E-03
       209.5300034    1.6792821E-03
       212.2500035    1.5155675E-03
       214.9700035    1.3696001E-03
       220.4100036    1.1228608E-03
       225.8500037    9.2519727E-04
       236.7400038    6.3662918E-04
       247.6200040    4.4535004E-04
       258.5100042    3.1570898E-04
       272.1100044    2.0867871E-04
       285.7200046    1.3980725E-04
       299.3200049    9.4697505E-05
       312.9300051    6.4650514E-05
       340.1400055    3.0659710E-05
       353.7400058    2.1236394E-05
       380.9500062    1.0244085E-05
       394.5600064    7.1206296E-06
       408.1700066    4.9464975E-06
       435.3800071    2.3741511E-06
       462.5900075    1.1226581E-06
       476.1900077    7.6522190E-07
       489.8000080    5.1710157E-07
       503.4000082    3.4579270E-07
       517.0100084    2.2793600E-07
       557.8300091    5.6287803E-08
       571.4300093    3.1918201E-08
       585.0400095    1.5662284E-08
 
