       80.0000013    2.1583617E+00
        85.0000014    1.4245441E+00
        90.0000015    9.4886202E-01
        95.2390015    6.2618172E-01
       100.6800016    4.1119558E-01
       114.2900019    1.5066607E-01
       119.7300019    1.0269833E-01
       122.4500020    8.5092612E-02
       125.1700020    7.0666142E-02
       127.8900021    5.8814920E-02
       130.6100021    4.9055301E-02
       133.3300022    4.0998969E-02
       136.0600022    3.4311030E-02
       146.9400024    3.4311954E-02
       149.6600024    3.0576184E-02
       155.1000025    2.4090720E-02
       157.8200026    2.1381022E-02
       160.5500026    1.8984983E-02
       165.9900027    1.5036273E-02
       171.4300028    1.1972057E-02
       176.8700029    9.5816096E-03
       179.5900029    8.5874218E-03
       182.3100030    7.7051604E-03
       185.0400030    6.9183130E-03
       187.7600031    6.2206718E-03
       190.4800031    5.5988352E-03
       195.9200032    4.5478088E-03
       198.6400032    4.1039879E-03
       204.0800033    3.5222080E-03
       206.8000034    3.1795281E-03
       209.5300034    2.8698216E-03
       212.2500035    2.5934579E-03
       214.9700035    2.3462744E-03
       220.4100036    1.9272920E-03
       225.8500037    1.5909171E-03
       236.7400038    1.0991455E-03
       247.6200040    7.7296892E-04
       258.5100042    5.5185071E-04
       272.1100044    3.6911163E-04
       285.7200046    2.5112627E-04
       299.3200049    1.7333077E-04
       312.9300051    1.2097468E-04
       340.1400055    6.0485116E-05
       353.7400058    4.3191776E-05
       380.9500062    2.2324260E-05
       394.5600064    1.6131600E-05
       408.1700066    1.1686822E-05
       435.3800071    6.1687351E-06
       462.5900075    3.2681212E-06
       476.1900077    2.3791551E-06
       489.8000080    1.7303549E-06
       503.4000082    1.2571147E-06
       517.0100084    9.1127305E-07
       557.8300091    3.4037510E-07
       571.4300093    2.4274962E-07
       585.0400095    1.7184695E-07
       612.2500100    8.3636465E-08
       666.6700108    1.5501731E-08
       680.2800111    8.9055137E-09
 
