       80.0000013    2.5299901E-01
        85.0000014    1.4952281E-01
        90.0000015    8.9714535E-02
        95.2390015    5.3309090E-02
       100.6800016    3.1493705E-02
       114.2900019    8.9125624E-03
       119.7300019    5.4839761E-03
       122.4500020    4.3178168E-03
       125.1700020    3.4079556E-03
       127.8900021    2.6963698E-03
       130.6100021    2.1385688E-03
       133.3300022    1.7003375E-03
       136.0600022    1.3541661E-03
       146.9400024    3.6499661E-03
       149.6600024    3.1543493E-03
       155.1000025    2.3310124E-03
       157.8200026    2.0016695E-03
       160.5500026    1.7183742E-03
       165.9900027    1.2699758E-03
       171.4300028    9.4106008E-04
       176.8700029    6.9909013E-04
       179.5900029    6.0305925E-04
       182.3100030    5.2048435E-04
       185.0400030    4.4918290E-04
       187.7600031    3.8802158E-04
       190.4800031    3.3531577E-04
       195.9200032    2.5065299E-04
       198.6400032    2.1679977E-04
       204.0800033    2.3522026E-04
       206.8000034    2.0869671E-04
       209.5300034    1.8510711E-04
       212.2500035    1.6430512E-04
       214.9700035    1.4588358E-04
       220.4100036    1.1507866E-04
       225.8500037    9.0811540E-05
       236.7400038    5.6457313E-05
       247.6200040    3.4934794E-05
       258.5100042    2.1408538E-05
       272.1100044    1.1385508E-05
       285.7200046    5.8556384E-06
       299.3200049    2.8607876E-06
       312.9300051    1.2747781E-06
 
