       80.0000013    3.9769471E+00
        85.0000014    2.7439368E+00
        90.0000015    1.9051419E+00
        95.2390015    1.3092170E+00
       100.6800016    8.9395106E-01
       114.2900019    3.5714459E-01
       119.7300019    2.5114664E-01
       122.4500020    2.1124779E-01
       125.1700020    1.7804067E-01
       127.8900021    1.5034583E-01
       130.6100021    1.2720086E-01
       133.3300022    1.0781902E-01
       136.0600022    9.1501251E-02
       146.9400024    7.4326269E-02
       149.6600024    6.5874502E-02
       155.1000025    5.1602248E-02
       157.8200026    4.5741715E-02
       160.5500026    4.0599447E-02
       165.9900027    3.2196537E-02
       171.4300028    2.5729273E-02
       176.8700029    2.0710051E-02
       179.5900029    1.8627364E-02
       182.3100030    1.6780492E-02
       185.0400030    1.5133656E-02
       187.7600031    1.3673021E-02
       190.4800031    1.2369993E-02
       195.9200032    1.0162788E-02
       198.6400032    9.2277359E-03
       204.0800033    8.5841510E-03
       206.8000034    7.8105940E-03
       209.5300034    7.0876591E-03
       212.2500035    6.4304690E-03
       214.9700035    5.8358056E-03
       220.4100036    4.8167864E-03
       225.8500037    3.9906153E-03
       236.7400038    2.7719815E-03
       247.6200040    1.9577320E-03
       258.5100042    1.4038834E-03
       272.1100044    9.4580016E-04
       285.7200046    6.5021333E-04
       299.3200049    4.5530664E-04
       312.9300051    3.2379804E-04
       340.1400055    1.7020614E-04
       353.7400058    1.2532309E-04
       380.9500062    6.9513524E-05
       394.5600064    5.2248317E-05
       408.1700066    3.9468996E-05
       435.3800071    2.2811357E-05
       462.5900075    1.3364285E-05
       476.1900077    1.0273405E-05
       489.8000080    7.9151714E-06
       503.4000082    6.1129099E-06
       517.0100084    4.7295362E-06
       557.8300091    2.2127515E-06
       571.4300093    1.7225759E-06
       585.0400095    1.3420695E-06
       612.2500100    8.1653241E-07
       666.6700108    3.0284463E-07
       680.2800111    2.3605006E-07
       707.4900115    1.4293526E-07
       734.7000119    8.5935682E-08
       761.9100124    5.1111570E-08
       789.1200128    2.9926028E-08
       816.3300133    1.7126284E-08
       843.5400137    9.4697326E-09
       870.7500142    4.9501296E-09
       911.5700148    1.4523971E-09
 
