       80.0000013    3.0055258E+00
        85.0000014    2.0297968E+00
        90.0000015    1.3812275E+00
        95.2390015    9.3064529E-01
       100.6800016    6.2345552E-01
       114.2900019    2.3878063E-01
       119.7300019    1.6539259E-01
       122.4500020    1.3810951E-01
       125.1700020    1.1557539E-01
       127.8900021    9.6920565E-02
       130.6100021    8.1442080E-02
       133.3300022    6.8570472E-02
       136.0600022    5.7807405E-02
       146.9400024    5.1085066E-02
       149.6600024    4.5402531E-02
       155.1000025    3.5700798E-02
       157.8200026    3.1685594E-02
       160.5500026    2.8148655E-02
       165.9900027    2.2341711E-02
       171.4300028    1.7849512E-02
       176.8700029    1.4349673E-02
       179.5900029    1.2894192E-02
       182.3100030    1.1602069E-02
       185.0400030    1.0448897E-02
       187.7600031    9.4254715E-03
       190.4800031    8.5121216E-03
       195.9200032    6.9648023E-03
       198.6400032    6.3095163E-03
       204.0800033    5.6296722E-03
       206.8000034    5.0998693E-03
       209.5300034    4.6139224E-03
       212.2500035    4.1767424E-03
       214.9700035    3.7837420E-03
       220.4100036    3.1144833E-03
       225.8500037    2.5749865E-03
       236.7400038    1.7835381E-03
       247.6200040    1.2572963E-03
       258.5100042    9.0029009E-04
       272.1100044    6.0529512E-04
       285.7200046    4.1486649E-04
       299.3200049    2.8918040E-04
       312.9300051    2.0433684E-04
       340.1400055    1.0543190E-04
       353.7400058    7.6708660E-05
       380.9500062    4.1363473E-05
       394.5600064    3.0598268E-05
       408.1700066    2.2725855E-05
       435.3800071    1.2663490E-05
       462.5900075    7.1299046E-06
       476.1900077    5.3665244E-06
       489.8000080    4.0447467E-06
       503.4000082    3.0529627E-06
       517.0100084    2.3060400E-06
       557.8300091    9.9625731E-07
       571.4300093    7.5290473E-07
       585.0400095    5.6837831E-07
       612.2500100    3.2254519E-07
       666.6700108    1.0043026E-07
       680.2800111    7.4156631E-08
       707.4900115    3.9560422E-08
       734.7000119    2.0210248E-08
       761.9100124    9.5743280E-09
       789.1200128    3.8306109E-09
       816.3300133    1.2901653E-10
 
