       80.0000013    8.9940840E-01
        85.0000014    5.6442881E-01
        90.0000015    3.5886899E-01
        95.2390015    2.2636205E-01
       100.6800016    1.4226094E-01
       114.2900019    4.7103040E-02
       119.7300019    3.0886801E-02
       122.4500020    2.5104860E-02
       125.1700020    2.0453122E-02
       127.8900021    1.6700670E-02
       130.6100021    1.3665948E-02
       133.3300022    1.1205726E-02
       136.0600022    9.2000226E-03
       146.9400024    1.3591932E-02
       149.6600024    1.2069908E-02
       155.1000025    9.3857404E-03
       157.8200026    8.2615847E-03
       160.5500026    7.2697597E-03
       165.9900027    5.6448793E-03
       171.4300028    4.3979129E-03
       176.8700029    3.4385663E-03
       179.5900029    3.0443911E-03
       182.3100030    2.6976017E-03
       185.0400030    2.3911325E-03
       187.7600031    2.1220078E-03
       190.4800031    1.8845201E-03
       195.9200032    1.4893098E-03
       198.6400032    1.3252263E-03
       204.0800033    1.1298902E-03
       206.8000034    1.0154953E-03
       209.5300034    9.1351359E-04
       212.2500035    8.2318205E-04
       214.9700035    7.4274157E-04
       220.4100036    6.0689781E-04
       225.8500037    4.9814436E-04
       236.7400038    3.3946658E-04
       247.6200040    2.3444403E-04
       258.5100042    1.6351308E-04
       272.1100044    1.0538798E-04
       285.7200046    6.8484711E-05
       299.3200049    4.4767647E-05
       312.9300051    2.9349747E-05
       340.1400055    1.2643153E-05
       353.7400058    8.2783145E-06
       380.9500062    3.4985510E-06
       394.5600064    2.2487027E-06
       408.1700066    1.4295717E-06
       435.3800071    5.5022076E-07
       462.5900075    1.8821652E-07
       476.1900077    1.0039313E-07
       489.8000080    4.5750415E-08
       503.4000082    5.7356790E-09
 
