       80.0000013    6.2907799E-03
        85.0000014    2.9958570E-03
        90.0000015    1.4522780E-03
        95.2390015    6.9499918E-04
       100.6800016    3.3232366E-04
       114.2900019    6.0836937E-05
       119.7300019    3.2706856E-05
       122.4500020    2.4194662E-05
       125.1700020    1.7959299E-05
       127.8900021    1.3343520E-05
       130.6100021    9.8929049E-06
       133.3300022    7.2904390E-06
       136.0600022    5.3060626E-06
       146.9400024    6.7749138E-06
       149.6600024    1.5729323E-06
 
