       80.0000013    3.3261541E-02
        85.0000014    1.7570332E-02
        90.0000015    9.4115445E-03
        95.2390015    4.9638241E-03
       100.6800016    2.5943953E-03
       114.2900019    5.5299059E-04
       119.7300019    3.0916146E-04
       122.4500020    2.3327013E-04
       125.1700020    1.7714653E-04
       127.8900021    1.3542821E-04
       130.6100021    1.0424599E-04
       133.3300022    8.0800390E-05
       136.0600022    6.3003412E-05
       146.9400024    3.0603044E-04
       149.6600024    2.4453871E-04
       155.1000025    1.5476784E-04
       157.8200026    1.2267068E-04
       160.5500026    9.6880016E-05
       165.9900027    5.9934049E-05
       171.4300028    3.6459554E-05
       176.8700029    2.1682052E-05
       179.5900029    1.6535991E-05
       182.3100030    1.2493932E-05
       185.0400030    9.3223234E-06
       187.7600031    6.8637792E-06
       190.4800031    4.9599735E-06
       195.9200032    2.3689629E-06
       198.6400032    1.5063590E-06
       204.0800033    6.5722350E-07
 
