       80.0000013    5.0833774E-01
        85.0000014    3.1035259E-01
        90.0000015    1.9227330E-01
        95.2390015    1.1815712E-01
       100.6800016    7.2317675E-02
       114.2900019    2.2413904E-02
       119.7300019    1.4308463E-02
       122.4500020    1.1473914E-02
       125.1700020    9.2220372E-03
       127.8900021    7.4285343E-03
       130.6100021    5.9966701E-03
       133.3300022    4.8509105E-03
       136.0600022    3.9290665E-03
       146.9400024    7.6100077E-03
       149.6600024    6.6902782E-03
       155.1000025    5.1003005E-03
       157.8200026    4.4453749E-03
       160.5500026    3.8730840E-03
       165.9900027    2.9479933E-03
       171.4300028    2.2506125E-03
       176.8700029    1.7236072E-03
       179.5900029    1.5100709E-03
       182.3100030    1.3239330E-03
       185.0400030    1.1609726E-03
       187.7600031    1.0192230E-03
       190.4800031    8.9533324E-04
       195.9200032    6.9209991E-04
       198.6400032    6.0899433E-04
       204.0800033    5.6158751E-04
       206.8000034    5.0313887E-04
       209.5300034    4.5103958E-04
       212.2500035    4.0491746E-04
       214.9700035    3.6387271E-04
       220.4100036    2.9464331E-04
       225.8500037    2.3934351E-04
       236.7400038    1.5906300E-04
       247.6200040    1.0650878E-04
       258.5100042    7.1597999E-05
       272.1100044    4.3707081E-05
       285.7200046    2.6646923E-05
       299.3200049    1.6179793E-05
       312.9300051    9.7428347E-06
       340.1400055    3.3938534E-06
       353.7400058    1.9405393E-06
       380.9500062    5.6132922E-07
       394.5600064    2.6648482E-07
       408.1700066    9.7197898E-08
 
