       80.0000013    1.0550166E-01
        85.0000014    5.9622750E-02
        90.0000015    3.4180835E-02
        95.2390015    1.9346595E-02
       100.6800016    1.0859285E-02
       114.2900019    2.7072036E-03
       119.7300019    1.5880513E-03
       122.4500020    1.2222725E-03
       125.1700020    9.4397890E-04
       127.8900021    7.3166430E-04
       130.6100021    5.6923274E-04
       133.3300022    4.4460688E-04
       136.0600022    3.4839389E-04
       146.9400024    1.3595808E-03
       149.6600024    1.1442554E-03
       155.1000025    8.0524560E-04
       157.8200026    6.7511969E-04
       160.5500026    5.6572334E-04
       165.9900027    3.9795696E-04
       171.4300028    2.8003179E-04
       176.8700029    1.9697443E-04
       179.5900029    1.6513465E-04
       182.3100030    1.3838636E-04
       185.0400030    1.1583676E-04
       187.7600031    9.6965246E-05
       190.4800031    8.1109538E-05
       195.9200032    5.6603320E-05
       198.6400032    4.7211743E-05
       204.0800033    6.5747830E-05
       206.8000034    5.6512010E-05
       209.5300034    4.8448728E-05
       212.2500035    4.1485269E-05
       214.9700035    3.5457302E-05
       220.4100036    2.5739850E-05
       225.8500037    1.8497318E-05
       236.7400038    9.1464326E-06
       247.6200040    4.1135168E-06
       258.5100042    1.4569847E-06
 
