       12.5000002    2.1963858E+18
        15.0000002    3.2007567E+18
        20.0000003    3.2501127E+18
        25.0000004    2.7400674E+18
        30.0000005    3.0538889E+18
        35.0000006    2.3938097E+18
        40.0000007    1.8652895E+18
        45.0000007    1.5145102E+18
        50.0000008    1.2907468E+18
        55.0000009    1.1566886E+18
        60.0000010    1.0675653E+18
        65.0000011    9.8574083E+17
        70.0000011    8.9579329E+17
        75.0000012    5.6451626E+18
        80.0000013    6.2156030E+18
        85.0000014    6.1910350E+18
        90.0000015    6.1240120E+18
        95.2390015    5.9237371E+18
       100.6800016    5.4460697E+18
       114.2900019    4.1001176E+18
       119.7300019    3.6288169E+18
       122.4500020    3.4097510E+18
       125.1700020    3.2015854E+18
       127.8900021    3.0041302E+18
       130.6100021    2.8171517E+18
       133.3300022    2.6403804E+18
       136.0600022    2.4729133E+18
       146.9400024    1.8975222E+18
       149.6600024    1.7747595E+18
       155.1000025    1.5517838E+18
       157.8200026    1.4507895E+18
       160.5500026    1.3559472E+18
       165.9900027    1.8318183E+18
       171.4300028    1.6855006E+18
       176.8700029    1.8355976E+18
       179.5900029    1.7727136E+18
       182.3100030    1.7045578E+18
       185.0400030    1.6354632E+18
       187.7600031    1.5681576E+18
       190.4800031    1.5034174E+18
       195.9200032    1.3826808E+18
       198.6400032    1.3264900E+18
       204.0800033    1.2218694E+18
       206.8000034    1.1732274E+18
       209.5300034    1.1266943E+18
       212.2500035    1.0824781E+18
       214.9700035    1.0402774E+18
       220.4100036    9.6145667E+17
       225.8500037    8.8938712E+17
       236.7400038    8.6644052E+17
       247.6200040    7.4758627E+17
       258.5100042    6.4850309E+17
       272.1100044    5.4814709E+17
       285.7200046    4.6788611E+17
       299.3200049    4.0297328E+17
       312.9300051    3.4971912E+17
       340.1400055    2.6843901E+17
       353.7400058    2.3697534E+17
       380.9500062    1.8676160E+17
       394.5600064    1.6654282E+17
       408.1700066    1.4887588E+17
       435.3800071    1.1971245E+17
       462.5900075    9.6905586E+16
       476.1900077    8.7379735E+16
       489.8000080    7.8887975E+16
       503.4000082    7.1315480E+16
       517.0100084    6.4542076E+16
       557.8300091    4.8172186E+16
       571.4300093    4.3793471E+16
       585.0400095    3.9851730E+16
       612.2500100    3.3104912E+16
       666.6700108    2.3118484E+16
       680.2800111    2.1183938E+16
       707.4900115    1.7936187E+16
       734.7000119    1.5180526E+16
       761.9100124    1.2859845E+16
       789.1200128    1.0933643E+16
       816.3300133    9.3284080E+15
       843.5400137    7.9855119E+15
       870.7500142    6.8579568E+15
       911.5700148    5.4893939E+15
       952.3900155    4.4229600E+15
       993.2000162    4.3214871E+15
      1020.4000166    3.7310231E+15
      1061.2000173    3.2994419E+15
      1088.4000177    2.8594625E+15
      1102.0000179    2.6650208E+15
      1115.7000181    2.4844083E+15
      1129.3000184    2.3189444E+15
      1142.9000186    2.1660696E+15
      1156.5000188    2.0247081E+15
      1170.1000190    1.8938854E+15
      1197.3000195    7.1278638E+15
      1210.9000197    6.7287841E+15
      1224.5000199    6.3462813E+15
      1227.2000200    6.2729221E+15
      1229.9000200    6.2004483E+15
      1232.7000200    6.1262275E+15
      1235.4000201    6.0555587E+15
      1238.1000201    5.9857724E+15
      1240.8000202    5.9168618E+15
      1243.5000202    5.8488204E+15
      1246.3000203    5.7791679E+15
      1249.0000203    5.7128713E+15
      1257.2000204    5.5166493E+15
      1259.9000205    5.4536931E+15
      1262.6000205    5.3915385E+15
      1270.8000207    5.2075797E+15
      1281.6000208    4.9759403E+15
      1289.8000210    4.8077853E+15
      1292.5000210    4.7538223E+15
      1295.2000211    4.7005394E+15
      1298.0000211    4.6459912E+15
      1300.7000212    4.5940640E+15
      1303.4000212    4.5427891E+15
      1306.1000212    4.4921565E+15
      1314.3000214    4.3422334E+15
      1330.6000216    4.0606355E+15
      1341.5000218    3.8838020E+15
      1355.1000220    3.6751933E+15
      1360.6000221    3.5944332E+15
      1371.4000223    3.4415895E+15
      1382.3000225    3.2946992E+15
      1390.5000226    3.1888344E+15
      1395.9000227    3.1212070E+15
      1404.1000228    3.0215712E+15
      1406.8000229    2.9895496E+15
      1409.5000229    2.9579085E+15
      1415.0000230    2.8946104E+15
      1417.7000231    2.8640938E+15
      1420.4000231    2.8339378E+15
      1423.1000231    2.8041372E+15
      1425.9000232    2.7736037E+15
      1428.6000232    2.7445134E+15
      1431.3000233    2.7157645E+15
      1436.7000234    2.6592736E+15
      1439.5000234    2.6305010E+15
      1442.2000235    2.6030860E+15
      1444.9000235    2.5759907E+15
      1447.6000235    2.5492105E+15
      1450.4000236    2.5217672E+15
      1453.1000236    2.4956171E+15
      1455.8000237    2.4697697E+15
      1458.5000237    2.4442213E+15
      1461.2000238    2.4189683E+15
      1466.7000239    2.3684243E+15
      1469.4000239    2.3440444E+15
      1472.1000239    2.3199446E+15
      1477.6000240    2.2717038E+15
      1480.3000241    2.2484327E+15
      1488.4000242    2.1802002E+15
      1491.2000242    2.1571532E+15
      1496.6000243    2.1134688E+15
      1551.0000252    1.7242788E+15
      1632.7000266    1.2803975E+15
      1823.1000296    6.5853828E+14
      2340.2000381    9.7066202E+13
      2829.9000460    0.0000000E+00
      3047.6000496    0.0000000E+00
 
