       12.5000002    4.4199202E+18
        15.0000002    6.6397385E+18
        20.0000003    5.2993662E+18
        25.0000004    3.7487912E+18
        30.0000005    3.6383552E+18
        35.0000006    3.0108666E+18
        40.0000007    2.4165740E+18
        45.0000007    1.8631418E+18
        50.0000008    1.4108166E+18
        55.0000009    1.0727189E+18
        60.0000010    8.2983874E+17
        65.0000011    6.5567960E+17
        70.0000011    5.2794951E+17
        75.0000012    7.0750515E+17
        80.0000013    5.2348896E+17
        85.0000014    3.9411242E+17
        90.0000015    3.0367711E+17
        95.2390015    2.3569775E+17
       100.6800016    1.8388258E+17
       114.2900019    1.0235803E+17
       119.7300019    8.1478545E+16
       122.4500020    7.2717069E+16
       125.1700020    6.4896196E+16
       127.8900021    5.7906587E+16
       130.6100021    5.1653974E+16
       133.3300022    4.6056481E+16
       136.0600022    4.1025085E+16
       146.9400024    2.5657239E+16
       149.6600024    2.2751372E+16
       155.1000025    1.7803104E+16
       157.8200026    1.5701530E+16
       160.5500026    1.3807285E+16
       165.9900027    1.5699915E+16
       171.4300028    1.1418564E+16
       176.8700029    9.4393632E+15
       179.5900029    7.7780140E+15
       182.3100030    6.2988648E+15
       185.0400030    4.9663448E+15
       187.7600031    3.7508261E+15
       190.4800031    2.5849014E+15
 
