       12.5000002    3.9614763E+18
        15.0000002    3.3353232E+18
        20.0000003    2.2398366E+18
        25.0000004    2.2633127E+18
        30.0000005    2.7799862E+18
        35.0000006    2.7351462E+18
        40.0000007    2.5722184E+18
        45.0000007    2.2561190E+18
        50.0000008    1.8466362E+18
        55.0000009    1.4376844E+18
        60.0000010    1.1090819E+18
        65.0000011    8.8702750E+17
        70.0000011    7.5160409E+17
        75.0000012    4.0312676E+18
        80.0000013    4.4962010E+18
        85.0000014    4.6266196E+18
        90.0000015    4.7729569E+18
        95.2390015    4.7852054E+18
       100.6800016    4.5663243E+18
       114.2900019    3.9113312E+18
       119.7300019    3.6701036E+18
       122.4500020    3.5517975E+18
       125.1700020    3.4346275E+18
       127.8900021    3.3184960E+18
       130.6100021    3.2034302E+18
       133.3300022    3.0895361E+18
       136.0600022    2.9765635E+18
       146.9400024    2.5436723E+18
       149.6600024    2.4407734E+18
       155.1000025    2.2425533E+18
       157.8200026    2.1474850E+18
       160.5500026    2.0549067E+18
       165.9900027    2.4394252E+18
       171.4300028    2.2929152E+18
       176.8700029    2.3713577E+18
       179.5900029    2.3055534E+18
       182.3100030    2.2285274E+18
       185.0400030    2.1468246E+18
       187.7600031    2.0651732E+18
       190.4800031    1.9856953E+18
       195.9200032    1.8360354E+18
       198.6400032    1.7656991E+18
       204.0800033    1.6342730E+18
       206.8000034    1.5732212E+18
       209.5300034    1.5149232E+18
       212.2500035    1.4596479E+18
       214.9700035    1.4070160E+18
       220.4100036    1.3090754E+18
       225.8500037    1.2199725E+18
       236.7400038    1.2607184E+18
       247.6200040    1.1102930E+18
       258.5100042    9.7330281E+17
       272.1100044    8.2753595E+17
       285.7200046    7.0703339E+17
       299.3200049    6.0743235E+17
       312.9300051    5.2481848E+17
       340.1400055    3.9890474E+17
       353.7400058    3.5090900E+17
       380.9500062    2.7610976E+17
       394.5600064    2.4679770E+17
       408.1700066    2.2160672E+17
       435.3800071    1.8083589E+17
       462.5900075    1.4951929E+17
       476.1900077    1.3650789E+17
       489.8000080    1.2490102E+17
       503.4000082    1.1451522E+17
       517.0100084    1.0517013E+17
       557.8300091    8.2180772E+16
       571.4300093    7.5879728E+16
       585.0400095    7.0129579E+16
       612.2500100    6.0072131E+16
       666.6700108    4.4498554E+16
       680.2800111    4.1354367E+16
       707.4900115    3.6707316E+16
       734.7000119    3.2109216E+16
       761.9100124    2.7777456E+16
       789.1200128    2.4111480E+16
       816.3300133    2.0994073E+16
       843.5400137    1.8332651E+16
       870.7500142    1.6052475E+16
       911.5700148    1.3216434E+16
       952.3900155    1.0941546E+16
       993.2000162    1.3098621E+16
      1020.4000166    1.1417902E+16
      1061.2000173    1.0878842E+16
      1088.4000177    9.5073729E+15
      1102.0000179    8.8978891E+15
      1115.7000181    8.3296451E+15
      1129.3000184    7.8071301E+15
      1142.9000186    7.3225987E+15
      1156.5000188    6.8728920E+15
      1170.1000190    6.4552499E+15
      1197.3000195    2.0345037E+16
      1210.9000197    1.9336007E+16
      1224.5000199    1.8364432E+16
      1227.2000200    1.8177418E+16
      1229.9000200    1.7992424E+16
      1232.7000200    1.7802719E+16
      1235.4000201    1.7621851E+16
      1238.1000201    1.7443001E+16
      1240.8000202    1.7266159E+16
      1243.5000202    1.7091311E+16
      1246.3000203    1.6912077E+16
      1249.0000203    1.6741239E+16
      1257.2000204    1.6234208E+16
      1259.9000205    1.6071077E+16
      1262.6000205    1.5909803E+16
      1270.8000207    1.5431165E+16
      1281.6000208    1.4825565E+16
      1289.8000210    1.4383828E+16
      1292.5000210    1.4241681E+16
      1295.2000211    1.4101135E+16
      1298.0000211    1.3957055E+16
      1300.7000212    1.3819710E+16
      1303.4000212    1.3683909E+16
      1306.1000212    1.3549631E+16
      1314.3000214    1.3150970E+16
      1330.6000216    1.2397711E+16
      1341.5000218    1.1921568E+16
      1355.1000220    1.1356591E+16
      1360.6000221    1.1136877E+16
      1371.4000223    1.0719477E+16
      1382.3000225    1.0316320E+16
      1390.5000226    1.0024489E+16
      1395.9000227    9.8374873E+15
      1404.1000228    9.5611341E+15
      1406.8000229    9.4721005E+15
      1409.5000229    9.3840193E+15
      1415.0000230    9.2074908E+15
      1417.7000231    9.1222303E+15
      1420.4000231    9.0378761E+15
      1423.1000231    8.9544184E+15
      1425.9000232    8.8688041E+15
      1428.6000232    8.7871380E+15
      1431.3000233    8.7063357E+15
      1436.7000234    8.5472818E+15
      1439.5000234    8.4661273E+15
      1442.2000235    8.3887095E+15
      1444.9000235    8.3121050E+15
      1447.6000235    8.2363042E+15
      1450.4000236    8.1585352E+15
      1453.1000236    8.0843429E+15
      1455.8000237    8.0109263E+15
      1458.5000237    7.9382753E+15
      1461.2000238    7.8663824E+15
      1466.7000239    7.7222385E+15
      1469.4000239    7.6525913E+15
      1472.1000239    7.5836656E+15
      1477.6000240    7.4454616E+15
      1480.3000241    7.3786781E+15
      1488.4000242    7.1824287E+15
      1491.2000242    7.1159920E+15
      1496.6000243    6.9898526E+15
      1551.0000252    5.8529082E+15
      1632.7000266    4.5222801E+15
      1823.1000296    2.5714815E+15
      2340.2000381    6.8080983E+14
      2829.9000460    2.1354280E+14
      3047.6000496    1.3407052E+14
      3700.7000602    2.5418023E+13
      4000.0000650    5.5615422E+12
      4680.3000761    0.0000000E+00
      5006.8000814    0.0000000E+00
      5387.8000876    0.0000000E+00
 
