       12.5000002    2.9952049E+18
        15.0000002    4.5200505E+18
        20.0000003    3.7898016E+18
        25.0000004    2.7016042E+18
        30.0000005    2.2318202E+18
        35.0000006    1.8603136E+18
        40.0000007    1.7350181E+18
        45.0000007    1.6390080E+18
        50.0000008    1.5295691E+18
        55.0000009    1.3807796E+18
        60.0000010    1.1958008E+18
        65.0000011    1.0059018E+18
        70.0000011    8.3818816E+17
        75.0000012    6.7548832E+18
        80.0000013    7.1272911E+18
        85.0000014    6.6657722E+18
        90.0000015    6.0845275E+18
        95.2390015    5.3876026E+18
       100.6800016    4.5818882E+18
       114.2900019    2.9291336E+18
       119.7300019    2.4429392E+18
       122.4500020    2.2308081E+18
       125.1700020    2.0371438E+18
       127.8900021    1.8604436E+18
       130.6100021    1.6993083E+18
       133.3300022    1.5524372E+18
       136.0600022    1.4181546E+18
       146.9400024    9.9253389E+17
       149.6600024    9.0891218E+17
       155.1000025    7.6359138E+17
       157.8200026    7.0059534E+17
       160.5500026    6.4306827E+17
       165.9900027    1.2385046E+18
       171.4300028    1.1323396E+18
       176.8700029    1.3285564E+18
       179.5900029    1.2740944E+18
       182.3100030    1.2154414E+18
       185.0400030    1.1564402E+18
       187.7600031    1.0993752E+18
       190.4800031    1.0448009E+18
       195.9200032    9.4377955E+17
       198.6400032    8.9716692E+17
       204.0800033    8.1117329E+17
       206.8000034    7.7156394E+17
       209.5300034    7.3391535E+17
       212.2500035    6.9838209E+17
       214.9700035    6.6470811E+17
       220.4100036    6.0251670E+17
       225.8500037    5.4656709E+17
       236.7400038    5.8708059E+17
       247.6200040    5.0868960E+17
       258.5100042    4.4306096E+17
       272.1100044    3.7547649E+17
       285.7200046    3.2017868E+17
       299.3200049    2.7442051E+17
       312.9300051    2.3611581E+17
       340.1400055    1.7646215E+17
       353.7400058    1.5314302E+17
       380.9500062    1.1606982E+17
       394.5600064    1.0133841E+17
       408.1700066    8.8639002E+16
       435.3800071    6.8180768E+16
       462.5900075    5.2803286E+16
       476.1900077    4.6587059E+16
       489.8000080    4.1166321E+16
       503.4000082    3.6438692E+16
       517.0100084    3.2302795E+16
       557.8300091    2.2719608E+16
       571.4300093    2.0267961E+16
       585.0400095    1.8106382E+16
       612.2500100    1.4514963E+16
       666.6700108    9.4855512E+15
       680.2800111    8.5565847E+15
       707.4900115    7.0058036E+15
       734.7000119    5.7529519E+15
       761.9100124    4.7438306E+15
       789.1200128    3.9289215E+15
       816.3300133    3.2674098E+15
       843.5400137    2.7277249E+15
       870.7500142    2.2853094E+15
       911.5700148    1.7631543E+15
       952.3900155    1.3691584E+15
       993.2000162    1.1631445E+15
      1020.4000166    9.8353825E+14
      1061.2000173    8.0524516E+14
      1088.4000177    6.8259472E+14
      1102.0000179    6.2885254E+14
      1115.7000181    5.7920936E+14
      1129.3000184    5.3398315E+14
      1142.9000186    4.9243156E+14
      1156.5000188    4.5422661E+14
      1170.1000190    4.1907264E+14
      1197.3000195    1.7073722E+15
      1210.9000197    1.5840162E+15
      1224.5000199    1.4671885E+15
      1227.2000200    1.4449188E+15
      1229.9000200    1.4229601E+15
      1232.7000200    1.4005156E+15
      1235.4000201    1.3791866E+15
      1238.1000201    1.3581633E+15
      1240.8000202    1.3374429E+15
      1243.5000202    1.3170218E+15
      1246.3000203    1.2961574E+15
      1249.0000203    1.2763357E+15
      1257.2000204    1.2178891E+15
      1259.9000205    1.1992080E+15
      1262.6000205    1.1807995E+15
      1270.8000207    1.1265224E+15
      1281.6000208    1.0586309E+15
      1289.8000210    1.0096783E+15
      1292.5000210    9.9403018E+14
      1295.2000211    9.7860917E+14
      1298.0000211    9.6285322E+14
      1300.7000212    9.4788412E+14
      1303.4000212    9.3313198E+14
      1306.1000212    9.1859345E+14
      1314.3000214    8.7571518E+14
      1330.6000216    7.9589992E+14
      1341.5000218    7.4629124E+14
      1355.1000220    6.8831408E+14
      1360.6000221    6.6603615E+14
      1371.4000223    6.2414304E+14
      1382.3000225    5.8423004E+14
      1390.5000226    5.5568763E+14
      1395.9000227    5.3755673E+14
      1404.1000228    5.1099528E+14
      1406.8000229    5.0249815E+14
      1409.5000229    4.9412122E+14
      1415.0000230    4.7742159E+14
      1417.7000231    4.6939902E+14
      1420.4000231    4.6148977E+14
      1423.1000231    4.5369213E+14
      1425.9000232    4.4572191E+14
      1428.6000232    4.3814673E+14
      1431.3000233    4.3067835E+14
      1436.7000234    4.1605590E+14
      1439.5000234    4.0863564E+14
      1442.2000235    4.0158300E+14
      1444.9000235    3.9462965E+14
      1447.6000235    3.8777414E+14
      1450.4000236    3.8076657E+14
      1453.1000236    3.7410608E+14
      1455.8000237    3.6753921E+14
      1458.5000237    3.6106468E+14
      1461.2000238    3.5468115E+14
      1466.7000239    3.4195375E+14
      1469.4000239    3.3583873E+14
      1472.1000239    3.2980960E+14
      1477.6000240    3.1778862E+14
      1480.3000241    3.1201293E+14
      1488.4000242    2.9516777E+14
      1491.2000242    2.8950895E+14
      1496.6000243    2.7882698E+14
      1551.0000252    1.6866571E+14
      1632.7000266    7.7728296E+13
 
