       12.5000002    4.9606710E+18
        15.0000002    4.9093282E+18
        20.0000003    2.2717896E+18
        25.0000004    1.9135653E+18
        30.0000005    2.4170330E+18
        35.0000006    2.4480670E+18
        40.0000007    2.4667321E+18
        45.0000007    2.4200655E+18
        50.0000008    2.2354648E+18
        55.0000009    1.9111032E+18
        60.0000010    1.5271051E+18
        65.0000011    1.1777328E+18
        70.0000011    9.0923111E+17
        75.0000012    3.7389311E+18
        80.0000013    3.9930084E+18
        85.0000014    4.1476171E+18
        90.0000015    4.4873535E+18
        95.2390015    4.5176841E+18
       100.6800016    4.1351821E+18
       114.2900019    3.3637203E+18
       119.7300019    3.1743343E+18
       122.4500020    3.0914353E+18
       125.1700020    3.0136234E+18
       127.8900021    2.9394437E+18
       130.6100021    2.8678174E+18
       133.3300022    2.7979492E+18
       136.0600022    2.7290189E+18
       146.9400024    2.4599824E+18
       149.6600024    2.3934697E+18
       155.1000025    2.2612702E+18
       157.8200026    2.1957062E+18
       160.5500026    2.1303722E+18
       165.9900027    2.5462397E+18
       171.4300028    2.4536853E+18
       176.8700029    2.5582260E+18
       179.5900029    2.5209905E+18
       182.3100030    2.4653651E+18
       185.0400030    2.3969351E+18
       187.7600031    2.3223151E+18
       190.4800031    2.2467592E+18
       195.9200032    2.0995081E+18
       198.6400032    2.0269223E+18
       204.0800033    1.8866345E+18
       206.8000034    1.8202807E+18
       209.5300034    1.7564459E+18
       212.2500035    1.6955313E+18
       214.9700035    1.6371881E+18
       220.4100036    1.5277516E+18
       225.8500037    1.4272628E+18
       236.7400038    1.4570560E+18
       247.6200040    1.3056999E+18
       258.5100042    1.1630971E+18
       272.1100044    1.0062077E+18
       285.7200046    8.7242777E+17
       299.3200049    7.5837076E+17
       312.9300051    6.6092771E+17
       340.1400055    5.0674811E+17
       353.7400058    4.4609946E+17
       380.9500062    3.4978568E+17
       394.5600064    3.1164090E+17
       408.1700066    2.7881794E+17
       435.3800071    2.2594641E+17
       462.5900075    1.8592223E+17
       476.1900077    1.6953863E+17
       489.8000080    1.5507490E+17
       503.4000082    1.4226434E+17
       517.0100084    1.3084813E+17
       557.8300091    1.0319283E+17
       571.4300093    9.5704215E+16
       585.0400095    8.8894063E+16
       612.2500100    7.7012689E+16
       666.6700108    5.8559805E+16
       680.2800111    5.4801524E+16
       707.4900115    5.0961556E+16
       734.7000119    4.5741397E+16
       761.9100124    3.9862343E+16
       789.1200128    3.4887659E+16
       816.3300133    3.0643020E+16
       843.5400137    2.6999451E+16
       870.7500142    2.3856319E+16
       911.5700148    1.9908266E+16
       952.3900155    1.6699750E+16
       993.2000162    2.3322978E+16
      1020.4000166    2.0413413E+16
      1061.2000173    2.0330876E+16
      1088.4000177    1.7829309E+16
      1102.0000179    1.6713845E+16
      1115.7000181    1.5671424E+16
      1129.3000184    1.4710702E+16
      1142.9000186    1.3817801E+16
      1156.5000188    1.2987490E+16
      1170.1000190    1.2214788E+16
      1197.3000195    3.3159877E+16
      1210.9000197    3.1608655E+16
      1224.5000199    3.0114943E+16
      1227.2000200    2.9827012E+16
      1229.9000200    2.9542059E+16
      1232.7000200    2.9249672E+16
      1235.4000201    2.8970733E+16
      1238.1000201    2.8694732E+16
      1240.8000202    2.8421654E+16
      1243.5000202    2.8151477E+16
      1246.3000203    2.7874331E+16
      1249.0000203    2.7609965E+16
      1257.2000204    2.6824343E+16
      1259.9000205    2.6571227E+16
      1262.6000205    2.6320818E+16
      1270.8000207    2.5576577E+16
      1281.6000208    2.4632666E+16
      1289.8000210    2.3942465E+16
      1292.5000210    2.3720063E+16
      1295.2000211    2.3500017E+16
      1298.0000211    2.3274282E+16
      1300.7000212    2.3058954E+16
      1303.4000212    2.2845900E+16
      1306.1000212    2.2635096E+16
      1314.3000214    2.2008368E+16
      1330.6000216    2.0820681E+16
      1341.5000218    2.0067479E+16
      1355.1000220    1.9171149E+16
      1360.6000221    1.8821803E+16
      1371.4000223    1.8156875E+16
      1382.3000225    1.7513075E+16
      1390.5000226    1.7046034E+16
      1395.9000227    1.6746310E+16
      1404.1000228    1.6302717E+16
      1406.8000229    1.6159634E+16
      1409.5000229    1.6017999E+16
      1415.0000230    1.5733889E+16
      1417.7000231    1.5596548E+16
      1420.4000231    1.5460588E+16
      1423.1000231    1.5325995E+16
      1425.9000232    1.5187843E+16
      1428.6000232    1.5055984E+16
      1431.3000233    1.4925446E+16
      1436.7000234    1.4668272E+16
      1439.5000234    1.4536940E+16
      1442.2000235    1.4411582E+16
      1444.9000235    1.4287473E+16
      1447.6000235    1.4164596E+16
      1450.4000236    1.4038457E+16
      1453.1000236    1.3918051E+16
      1455.8000237    1.3798837E+16
      1458.5000237    1.3680801E+16
      1461.2000238    1.3563932E+16
      1466.7000239    1.3329417E+16
      1469.4000239    1.3216008E+16
      1472.1000239    1.3103715E+16
      1477.6000240    1.2878367E+16
      1480.3000241    1.2769383E+16
      1488.4000242    1.2448781E+16
      1491.2000242    1.2340129E+16
      1496.6000243    1.2133670E+16
      1551.0000252    1.0262286E+16
      1632.7000266    8.0446128E+15
      1823.1000296    4.7205529E+15
      2340.2000381    1.3458975E+15
      2829.9000460    4.8989635E+14
      3047.6000496    3.2604556E+14
      3700.7000602    1.0323660E+14
      4000.0000650    5.9959409E+13
      4680.3000761    1.4710376E+13
      5006.8000814    5.9522705E+12
      5387.8000876    0.0000000E+00
 
