       12.5000002    3.3447452E+18
        15.0000002    2.8982684E+18
        20.0000003    2.5402036E+18
        25.0000004    2.4245328E+18
        30.0000005    2.9596610E+18
        35.0000006    2.7952997E+18
        40.0000007    2.4653365E+18
        45.0000007    2.0383695E+18
        50.0000008    1.6095681E+18
        55.0000009    1.2539587E+18
        60.0000010    1.0075840E+18
        65.0000011    8.5774991E+17
        70.0000011    7.6838202E+17
        75.0000012    4.4208289E+18
        80.0000013    4.9345081E+18
        85.0000014    5.0346874E+18
        90.0000015    5.1315945E+18
        95.2390015    5.1312514E+18
       100.6800016    4.9001885E+18
       114.2900019    4.1158667E+18
       119.7300019    3.8116333E+18
       122.4500020    3.6627663E+18
       125.1700020    3.5162261E+18
       127.8900021    3.3722046E+18
       130.6100021    3.2309358E+18
       133.3300022    3.0926643E+18
       136.0600022    2.9571472E+18
       146.9400024    2.4535976E+18
       149.6600024    2.3376063E+18
       155.1000025    2.1181033E+18
       157.8200026    2.0146380E+18
       160.5500026    1.9149925E+18
       165.9900027    2.3054031E+18
       171.4300028    2.1456681E+18
       176.8700029    2.2329003E+18
       179.5900029    2.1624512E+18
       182.3100030    2.0840351E+18
       185.0400030    2.0033631E+18
       187.7600031    1.9242039E+18
       190.4800031    1.8478696E+18
       195.9200032    1.7053715E+18
       198.6400032    1.6390236E+18
       204.0800033    1.5157434E+18
       206.8000034    1.4586252E+18
       209.5300034    1.4041267E+18
       212.2500035    1.3524786E+18
       214.9700035    1.3033130E+18
       220.4100036    1.2118206E+18
       225.8500037    1.1285341E+18
       236.7400038    1.1532334E+18
       247.6200040    1.0069727E+18
       258.5100042    8.7749013E+17
       272.1100044    7.4226333E+17
       285.7200046    6.3212126E+17
       299.3200049    5.4222062E+17
       312.9300051    4.6839106E+17
       340.1400055    3.5687687E+17
       353.7400058    3.1453478E+17
       380.9500062    2.4841285E+17
       394.5600064    2.2235339E+17
       408.1700066    1.9984364E+17
       435.3800071    1.6311069E+17
       462.5900075    1.3459287E+17
       476.1900077    1.2266482E+17
       489.8000080    1.1198971E+17
       503.4000082    1.0241500E+17
       517.0100084    9.3786804E+16
       557.8300091    7.2554779E+16
       571.4300093    6.6747945E+16
       585.0400095    6.1459496E+16
       612.2500100    5.2245679E+16
       666.6700108    3.8116770E+16
       680.2800111    3.5292240E+16
       707.4900115    3.0838559E+16
       734.7000119    2.6709586E+16
       761.9100124    2.2993013E+16
       789.1200128    1.9860040E+16
       816.3300133    1.7207900E+16
       843.5400137    1.4954421E+16
       870.7500142    1.3033074E+16
       911.5700148    1.0657547E+16
       952.3900155    8.7655590E+15
       993.2000162    9.8494370E+15
      1020.4000166    8.5697176E+15
      1061.2000173    8.0002372E+15
      1088.4000177    6.9805862E+15
      1102.0000179    6.5279348E+15
      1115.7000181    6.1062114E+15
      1129.3000184    5.7187012E+15
      1142.9000186    5.3596108E+15
      1156.5000188    5.0265854E+15
      1170.1000190    4.7174788E+15
      1197.3000195    1.5750065E+16
      1210.9000197    1.4944786E+16
      1224.5000199    1.4169877E+16
      1227.2000200    1.4020831E+16
      1229.9000200    1.3873437E+16
      1232.7000200    1.3722336E+16
      1235.4000201    1.3578318E+16
      1238.1000201    1.3435952E+16
      1240.8000202    1.3295228E+16
      1243.5000202    1.3156134E+16
      1246.3000203    1.3013600E+16
      1249.0000203    1.2877787E+16
      1257.2000204    1.2474974E+16
      1259.9000205    1.2345463E+16
      1262.6000205    1.2217466E+16
      1270.8000207    1.1837848E+16
      1281.6000208    1.1358097E+16
      1289.8000210    1.1008568E+16
      1292.5000210    1.0896168E+16
      1295.2000211    1.0785072E+16
      1298.0000211    1.0671220E+16
      1300.7000212    1.0562728E+16
      1303.4000212    1.0455489E+16
      1306.1000212    1.0349489E+16
      1314.3000214    1.0034991E+16
      1330.6000216    9.4416341E+15
      1341.5000218    9.0671828E+15
      1355.1000220    8.6235196E+15
      1360.6000221    8.4511787E+15
      1371.4000223    8.1240906E+15
      1382.3000225    7.8085657E+15
      1390.5000226    7.5804224E+15
      1395.9000227    7.4343468E+15
      1404.1000228    7.2186439E+15
      1406.8000229    7.1491943E+15
      1409.5000229    7.0805081E+15
      1415.0000230    6.9429150E+15
      1417.7000231    6.8764912E+15
      1420.4000231    6.8107938E+15
      1423.1000231    6.7458147E+15
      1425.9000232    6.6791772E+15
      1428.6000232    6.6156326E+15
      1431.3000233    6.5527795E+15
      1436.7000234    6.4291135E+15
      1439.5000234    6.3660440E+15
      1442.2000235    6.3058978E+15
      1444.9000235    6.2464013E+15
      1447.6000235    6.1875468E+15
      1450.4000236    6.1271826E+15
      1453.1000236    6.0696123E+15
      1455.8000237    6.0126616E+15
      1458.5000237    5.9563213E+15
      1461.2000238    5.9005861E+15
      1466.7000239    5.7888885E+15
      1469.4000239    5.7349431E+15
      1472.1000239    5.6815728E+15
      1477.6000240    5.5746072E+15
      1480.3000241    5.5229425E+15
      1488.4000242    5.3712104E+15
      1491.2000242    5.3198748E+15
      1496.6000243    5.2224510E+15
      1551.0000252    4.3470803E+15
      1632.7000266    3.3297859E+15
      1823.1000296    1.8570637E+15
      2340.2000381    4.6515989E+14
      2829.9000460    1.2934484E+14
      3047.6000496    7.3730848E+13
      3700.7000602    6.6966461E+11
      4000.0000650    0.0000000E+00
      4680.3000761    0.0000000E+00
 
