       80.0000013    1.0618158E+19
        85.0000014    8.8796779E+18
        90.0000015    7.4170465E+18
        95.2390015    6.1407900E+18
       100.6800016    5.0502944E+18
       114.2900019    3.1170874E+18
       119.7300019    2.5791750E+18
       122.4500020    2.3480065E+18
       125.1700020    2.1387251E+18
       127.8900021    1.9491583E+18
       130.6100021    1.7773519E+18
       133.3300022    1.6215510E+18
       136.0600022    1.4796845E+18
       146.9400024    2.3461206E+18
       149.6600024    2.2482389E+18
       155.1000025    2.0422560E+18
       157.8200026    1.9432692E+18
       160.5500026    1.8485538E+18
       165.9900027    1.6745715E+18
       171.4300028    1.5193560E+18
       176.8700029    1.3808707E+18
       179.5900029    1.3172276E+18
       182.3100030    1.2569823E+18
       185.0400030    1.1997008E+18
       187.7600031    1.1455901E+18
       190.4800031    1.0942400E+18
       195.9200032    9.9912223E+17
       198.6400032    9.5504095E+17
       204.0800033    9.9002102E+17
       206.8000034    9.4820419E+17
       209.5300034    9.0730758E+17
       212.2500035    8.6829038E+17
       214.9700035    8.3119190E+17
       220.4100036    7.6272050E+17
       225.8500037    7.0134747E+17
       236.7400038    5.9669960E+17
       247.6200040    5.1177885E+17
       258.5100042    4.4200426E+17
       272.1100044    3.7123893E+17
       285.7200046    3.1423627E+17
       299.3200049    2.6769112E+17
       312.9300051    2.2911838E+17
       340.1400055    1.6952995E+17
       353.7400058    1.4629805E+17
       380.9500062    1.0929244E+17
       394.5600064    9.4536036E+16
       408.1700066    8.1785351E+16
       435.3800071    6.1201321E+16
       462.5900075    4.5741634E+16
       476.1900077    3.9518724E+16
       489.8000080    3.4118894E+16
       503.4000082    2.9440515E+16
       517.0100084    2.5381934E+16
       557.8300091    1.6178528E+16
       571.4300093    1.3893640E+16
       585.0400095    1.1914020E+16
       612.2500100    8.7195245E+15
       666.6700108    4.5433694E+15
       680.2800111    3.8274096E+15
       707.4900115    2.6738493E+15
       734.7000119    1.8093634E+15
       761.9100124    1.1544420E+15
       789.1200128    6.3772419E+14
       816.3300133    3.0899133E+13
 
