       80.0000013    3.4816838E+18
        85.0000014    2.5241991E+18
        90.0000015    1.8372368E+18
        95.2390015    1.3230047E+18
       100.6800016    9.4568081E+17
       114.2900019    4.2007175E+17
       119.7300019    3.0807642E+17
       122.4500020    2.6482452E+17
       125.1700020    2.2827535E+17
       127.8900021    1.9735411E+17
       130.6100021    1.7116027E+17
       133.3300022    1.4893895E+17
       136.0600022    1.2999325E+17
       146.9400024    8.0266507E+17
       149.6600024    7.3422761E+17
       155.1000025    6.0996823E+17
       157.8200026    5.5517634E+17
       160.5500026    5.0486348E+17
       165.9900027    4.1721549E+17
       171.4300028    3.4410976E+17
       176.8700029    2.8317065E+17
       179.5900029    2.5662864E+17
       182.3100030    2.3241147E+17
       185.0400030    2.1024495E+17
       187.7600031    1.9011104E+17
       190.4800031    1.7176000E+17
       195.9200032    1.3981667E+17
       198.6400032    1.2595943E+17
       204.0800033    2.3578128E+17
       206.8000034    2.1863809E+17
       209.5300034    2.0228270E+17
       212.2500035    1.8690512E+17
       214.9700035    1.7243144E+17
       220.4100036    1.4603239E+17
       225.8500037    1.2271364E+17
       236.7400038    8.3823494E+16
       247.6200040    5.3092672E+16
       258.5100042    2.7332946E+16
 
