       80.0000013    6.5374174E+18
        85.0000014    5.0564165E+18
        90.0000015    3.9223051E+18
        95.2390015    3.0160390E+18
       100.6800016    2.3042447E+18
       114.2900019    1.1935350E+18
       119.7300019    9.2301362E+17
       122.4500020    8.1272251E+17
       125.1700020    7.1622600E+17
       127.8900021    6.3174523E+17
       130.6100021    5.5773995E+17
       133.3300022    4.9287447E+17
       136.0600022    4.3579350E+17
       146.9400024    1.4806022E+18
       149.6600024    1.3986841E+18
       155.1000025    1.2318851E+18
       157.8200026    1.1533590E+18
       160.5500026    1.0790002E+18
       165.9900027    9.4431728E+17
       171.4300028    8.2641005E+17
       176.8700029    7.2333922E+17
       179.5900029    6.7676659E+17
       182.3100030    6.3320730E+17
       185.0400030    5.9231392E+17
       187.7600031    5.5419705E+17
       190.4800031    5.1852735E+17
       195.9200032    4.5389342E+17
       198.6400032    4.2463957E+17
       204.0800033    5.2276459E+17
       206.8000034    4.9779176E+17
       209.5300034    4.7392370E+17
       212.2500035    4.5137275E+17
       214.9700035    4.2999921E+17
       220.4100036    3.9050348E+17
       225.8500037    3.5488116E+17
       236.7400038    2.9334311E+17
       247.6200040    2.4250832E+17
       258.5100042    2.0016968E+17
       272.1100044    1.5696901E+17
       285.7200046    1.2241099E+17
       299.3200049    9.4830473E+16
       312.9300051    7.2837758E+16
       340.1400055    4.1545927E+16
       353.7400058    3.0626606E+16
       380.9500062    1.5171318E+16
       394.5600064    9.6553313E+15
       408.1700066    4.8484732E+15
 
