       12.5000002    5.0125333E+18
        15.0000002    4.9540613E+18
        20.0000003    2.3066190E+18
        25.0000004    1.9649566E+18
        30.0000005    2.4863710E+18
        35.0000006    2.5066070E+18
        40.0000007    2.5100185E+18
        45.0000007    2.4471844E+18
        50.0000008    2.2470521E+18
        55.0000009    1.9100618E+18
        60.0000010    1.5184196E+18
        65.0000011    1.1663500E+18
        70.0000011    8.9837632E+17
        75.0000012    3.6973453E+18
        80.0000013    3.9456098E+18
        85.0000014    4.0938125E+18
        90.0000015    4.4182814E+18
        95.2390015    4.4454748E+18
       100.6800016    4.0773487E+18
       114.2900019    3.3294342E+18
       119.7300019    3.1417646E+18
       122.4500020    3.0587166E+18
       125.1700020    2.9802430E+18
       127.8900021    2.9049949E+18
       130.6100021    2.8319678E+18
       133.3300022    2.7604460E+18
       136.0600022    2.6896622E+18
       146.9400024    2.4123420E+18
       149.6600024    2.3437327E+18
       155.1000025    2.2075149E+18
       157.8200026    2.1400716E+18
       160.5500026    2.0729570E+18
       165.9900027    2.4755348E+18
       171.4300028    2.3786351E+18
       176.8700029    2.4743476E+18
       179.5900029    2.4336912E+18
       182.3100030    2.3753404E+18
       185.0400030    2.3052480E+18
       187.7600031    2.2298551E+18
       190.4800031    2.1539503E+18
       195.9200032    2.0067161E+18
       198.6400032    1.9347009E+18
       204.0800033    1.7963510E+18
       206.8000034    1.7311385E+18
       209.5300034    1.6685009E+18
       212.2500035    1.6088194E+18
       214.9700035    1.5517370E+18
       220.4100036    1.4448967E+18
       225.8500037    1.3470716E+18
       236.7400038    1.3700570E+18
       247.6200040    1.2220926E+18
       258.5100042    1.0833367E+18
       272.1100044    9.3143142E+17
       285.7200046    8.0257738E+17
       299.3200049    6.9337389E+17
       312.9300051    6.0068251E+17
       340.1400055    4.5547754E+17
       353.7400058    3.9895453E+17
       380.9500062    3.1001170E+17
       394.5600064    2.7508525E+17
       408.1700066    2.4516974E+17
       435.3800071    1.9723383E+17
       462.5900075    1.6111341E+17
       476.1900077    1.4635419E+17
       489.8000080    1.3333052E+17
       503.4000082    1.2179600E+17
       517.0100084    1.1151633E+17
       557.8300091    8.6606160E+16
       571.4300093    7.9861747E+16
       585.0400095    7.3731798E+16
       612.2500100    6.3053908E+16
       666.6700108    4.6569635E+16
       680.2800111    4.3239540E+16
       707.4900115    3.8942559E+16
       734.7000119    3.4138612E+16
       761.9100124    2.9303349E+16
       789.1200128    2.5236893E+16
       816.3300133    2.1795542E+16
       843.5400137    1.8869621E+16
       870.7500142    1.6372267E+16
       911.5700148    1.3280417E+16
       952.3900155    1.0815639E+16
       993.2000162    1.3408418E+16
      1020.4000166    1.1485545E+16
      1061.2000173    1.0791867E+16
      1088.4000177    9.2463602E+15
      1102.0000179    8.5662962E+15
      1115.7000181    7.9369412E+15
      1129.3000184    7.3616727E+15
      1142.9000186    6.8318262E+15
      1156.5000188    6.3434734E+15
      1170.1000190    5.8930189E+15
      1197.3000195    1.7562710E+16
      1210.9000197    1.6533129E+16
      1224.5000199    1.5550589E+16
      1227.2000200    1.5362197E+16
      1229.9000200    1.5176054E+16
      1232.7000200    1.4985390E+16
      1235.4000201    1.4803814E+16
      1238.1000201    1.4624459E+16
      1240.8000202    1.4447311E+16
      1243.5000202    1.4272348E+16
      1246.3000203    1.4093190E+16
      1249.0000203    1.3922611E+16
      1257.2000204    1.3417435E+16
      1259.9000205    1.3255253E+16
      1262.6000205    1.3095087E+16
      1270.8000207    1.2623012E+16
      1281.6000208    1.2025193E+16
      1289.8000210    1.1590828E+16
      1292.5000210    1.1451370E+16
      1295.2000211    1.1313637E+16
      1298.0000211    1.1172605E+16
      1300.7000212    1.1038323E+16
      1303.4000212    1.0905699E+16
      1306.1000212    1.0774716E+16
      1314.3000214    1.0386738E+16
      1330.6000216    9.6575539E+15
      1341.5000218    9.1994237E+15
      1355.1000220    8.6588463E+15
      1360.6000221    8.4495552E+15
      1371.4000223    8.0534787E+15
      1382.3000225    7.6729016E+15
      1390.5000226    7.4007741E+15
      1395.9000227    7.2256683E+15
      1404.1000228    6.9677738E+15
      1406.8000229    6.8849158E+15
      1409.5000229    6.8030564E+15
      1415.0000230    6.6393408E+15
      1417.7000231    6.5604364E+15
      1420.4000231    6.4824795E+15
      1423.1000231    6.4054589E+15
      1425.9000232    6.3265615E+15
      1428.6000232    6.2514108E+15
      1431.3000233    6.1771610E+15
      1436.7000234    6.0313173E+15
      1439.5000234    5.9570654E+15
      1442.2000235    5.8863370E+15
      1444.9000235    5.8164530E+15
      1447.6000235    5.7474028E+15
      1450.4000236    5.6766658E+15
      1453.1000236    5.6092826E+15
      1455.8000237    5.5427020E+15
      1458.5000237    5.4769138E+15
      1461.2000238    5.4119084E+15
      1466.7000239    5.2818697E+15
      1469.4000239    5.2191820E+15
      1472.1000239    5.1572373E+15
      1477.6000240    5.0333157E+15
      1480.3000241    4.9735737E+15
      1488.4000242    4.7995164E+15
      1491.2000242    4.7404553E+15
      1496.6000243    4.6285848E+15
      1551.0000252    3.6374832E+15
      1632.7000266    2.5256008E+15
      1823.1000296    1.0342821E+15
 
