       12.5000002    4.1380508E+18
        15.0000002    4.2400626E+18
        20.0000003    3.6022618E+18
        25.0000004    3.1005651E+18
        30.0000005    3.1785026E+18
        35.0000006    2.4206136E+18
        40.0000007    1.8855649E+18
        45.0000007    1.5490287E+18
        50.0000008    1.2907373E+18
        55.0000009    1.0548915E+18
        60.0000010    8.3921331E+17
        65.0000011    6.5471952E+17
        70.0000011    5.0661019E+17
        75.0000012    1.1375076E+18
        80.0000013    7.7050621E+17
        85.0000014    5.0130511E+17
        90.0000015    3.2775823E+17
        95.2390015    2.1196858E+17
       100.6800016    1.3337588E+17
 
