       12.5000002    4.3892834E+18
        15.0000002    5.5467734E+18
        20.0000003    2.8496854E+18
        25.0000004    2.2629538E+18
        30.0000005    2.8545991E+18
        35.0000006    2.5297871E+18
        40.0000007    2.0844875E+18
        45.0000007    1.6504900E+18
        50.0000008    1.3101177E+18
        55.0000009    1.0796654E+18
        60.0000010    9.2612971E+17
        65.0000011    8.1095298E+17
        70.0000011    7.1129744E+17
        75.0000012    3.7523481E+18
        80.0000013    3.2684385E+18
        85.0000014    2.5240790E+18
        90.0000015    1.8916313E+18
        95.2390015    1.3823143E+18
       100.6800016    9.9451026E+17
       114.2900019    4.5190395E+17
       119.7300019    3.3728746E+17
       122.4500020    2.9304617E+17
       125.1700020    2.5559118E+17
       127.8900021    2.2378049E+17
       130.6100021    1.9666678E+17
       133.3300022    1.7346528E+17
       136.0600022    1.5345849E+17
       146.9400024    9.6916358E+16
       149.6600024    8.6872603E+16
       155.1000025    7.0063849E+16
       157.8200026    6.2982805E+16
       160.5500026    5.6595188E+16
       165.9900027    1.4459631E+17
       171.4300028    1.0961455E+17
       176.8700029    1.0997491E+17
       179.5900029    9.3528402E+16
       182.3100030    7.8709553E+16
       185.0400030    6.5357295E+16
       187.7600031    5.3376969E+16
       190.4800031    4.2487195E+16
       195.9200032    2.2638100E+16
       198.6400032    1.1818268E+16
 
