       12.5000002    3.6280027E+18
        15.0000002    5.0711444E+18
        20.0000003    3.5992750E+18
        25.0000004    2.0609323E+18
        30.0000005    2.1468397E+18
        35.0000006    2.0958459E+18
        40.0000007    1.9582543E+18
        45.0000007    1.7460126E+18
        50.0000008    1.4830342E+18
        55.0000009    1.2125582E+18
        60.0000010    9.8374659E+17
        65.0000011    8.1551286E+17
        70.0000011    6.9902242E+17
        75.0000012    5.6952976E+18
        80.0000013    5.5969408E+18
        85.0000014    4.8080516E+18
        90.0000015    3.9910329E+18
        95.2390015    3.2090902E+18
       100.6800016    2.5045874E+18
       114.2900019    1.3208774E+18
       119.7300019    1.0249832E+18
       122.4500020    9.0402341E+17
       125.1700020    7.9817019E+17
       127.8900021    7.0556115E+17
       130.6100021    6.2454824E+17
       133.3300022    5.5367636E+17
       136.0600022    4.9145071E+17
       146.9400024    3.1151999E+17
       149.6600024    2.7945196E+17
       155.1000025    2.2644804E+17
       157.8200026    2.0457220E+17
       160.5500026    1.8518758E+17
       165.9900027    5.4383704E+17
       171.4300028    4.6876493E+17
       176.8700029    5.5187354E+17
       179.5900029    5.1144282E+17
       182.3100030    4.7238861E+17
       185.0400030    4.3556957E+17
       187.7600031    4.0149987E+17
       190.4800031    3.6999587E+17
       195.9200032    3.1406533E+17
       198.6400032    2.8928735E+17
       204.0800033    2.4530029E+17
       206.8000034    2.2580682E+17
       209.5300034    2.0774468E+17
       212.2500035    1.9113104E+17
       214.9700035    1.7579043E+17
       220.4100036    1.4854797E+17
       225.8500037    1.2532769E+17
       236.7400038    2.0032291E+17
       247.6200040    1.5553523E+17
       258.5100042    1.1859429E+17
       272.1100044    8.1829323E+16
       285.7200046    5.3033157E+16
       299.3200049    2.9531806E+16
 
