       80.0000013    9.9066448E+18
        85.0000014    8.1981627E+18
        90.0000015    6.7719597E+18
        95.2390015    5.5380306E+18
       100.6800016    4.4934921E+18
       114.2900019    2.6726049E+18
       119.7300019    2.1758890E+18
       122.4500020    1.9642822E+18
       125.1700020    1.7738435E+18
       127.8900021    1.6023928E+18
       130.6100021    1.4479775E+18
       133.3300022    1.3088504E+18
       136.0600022    1.1830109E+18
       146.9400024    1.9975071E+18
       149.6600024    1.9072918E+18
       155.1000025    1.7184875E+18
       157.8200026    1.6279518E+18
       160.5500026    1.5413880E+18
       165.9900027    1.3825230E+18
       171.4300028    1.2409777E+18
       176.8700029    1.1149053E+18
       179.5900029    1.0570615E+18
       182.3100030    1.0023771E+18
       185.0400030    9.5045956E+17
       187.7600031    9.0149714E+17
       190.4800031    8.5511837E+17
       195.9200032    7.6947830E+17
       198.6400032    7.2993223E+17
       204.0800033    7.4515490E+17
       206.8000034    7.0907216E+17
       209.5300034    6.7451163E+17
       212.2500035    6.4192794E+17
       214.9700035    6.1118374E+17
       220.4100036    5.5486947E+17
       225.8500037    5.0474906E+17
       236.7400038    4.1984972E+17
       247.6200040    3.5128902E+17
       258.5100042    2.9502044E+17
       272.1100044    2.3786931E+17
       285.7200046    1.9171224E+17
       299.3200049    1.5398291E+17
       312.9300051    1.2280091E+17
       340.1400055    7.5287822E+16
       353.7400058    5.7200649E+16
       380.9500062    2.8934830E+16
       394.5600064    1.7216747E+16
       408.1700066    8.5338423E+14
 
