       80.0000013    3.5126892E+18
        85.0000014    2.5100352E+18
        90.0000015    1.7922199E+18
        95.2390015    1.2576823E+18
       100.6800016    8.6901887E+17
       114.2900019    3.4167427E+17
       119.7300019    2.3476901E+17
       122.4500020    1.9463734E+17
       125.1700020    1.6143303E+17
       127.8900021    1.3398333E+17
       130.6100021    1.1130482E+17
       133.3300022    9.2573201E+16
       136.0600022    7.7046482E+16
       146.9400024    4.2331397E+17
       149.6600024    3.6138102E+17
       155.1000025    2.5220089E+17
       157.8200026    2.0446255E+17
       160.5500026    1.6011958E+17
       165.9900027    7.5534190E+16
 
