       80.0000013    1.0458021E+19
        85.0000014    8.8126792E+18
        90.0000015    7.4077177E+18
        95.2390015    6.1651887E+18
       100.6800016    5.0905283E+18
       114.2900019    3.1544458E+18
       119.7300019    2.6086631E+18
       122.4500020    2.3732214E+18
       125.1700020    2.1596404E+18
       127.8900021    1.9658502E+18
       130.6100021    1.7899725E+18
       133.3300022    1.6303044E+18
       136.0600022    1.4847985E+18
       146.9400024    2.2041363E+18
       149.6600024    2.1047643E+18
       155.1000025    1.9001400E+18
       157.8200026    1.8028470E+18
       160.5500026    1.7101675E+18
       165.9900027    1.5407867E+18
       171.4300028    1.3904917E+18
       176.8700029    1.2569892E+18
       179.5900029    1.1958140E+18
       182.3100030    1.1380059E+18
       185.0400030    1.0831314E+18
       187.7600031    1.0313749E+18
       190.4800031    9.8232870E+17
       195.9200032    8.9165967E+17
       198.6400032    8.4972004E+17
       204.0800033    8.7563890E+17
       206.8000034    8.3568306E+17
       209.5300034    7.9668860E+17
       212.2500035    7.5956758E+17
       214.9700035    7.2434981E+17
       220.4100036    6.5956157E+17
       225.8500037    6.0174175E+17
       236.7400038    5.0376101E+17
       247.6200040    4.2487019E+17
       258.5100042    3.6048530E+17
       272.1100044    2.9558319E+17
       285.7200046    2.4357402E+17
       299.3200049    2.0127842E+17
       312.9300051    1.6636283E+17
       340.1400055    1.1284344E+17
       353.7400058    9.2241037E+16
       380.9500062    6.0040731E+16
       394.5600064    4.7522585E+16
       408.1700066    3.6902488E+16
       435.3800071    2.0086304E+16
       462.5900075    6.2515257E+15
 
