       80.0000013    7.9929124E+18
        85.0000014    6.3327499E+18
        90.0000015    5.0170424E+18
        95.2390015    3.9336595E+18
       100.6800016    3.0595324E+18
       114.2900019    1.6433633E+18
       119.7300019    1.2853613E+18
       122.4500020    1.1373563E+18
       125.1700020    1.0067211E+18
       127.8900021    8.9136906E+17
       130.6100021    7.8947409E+17
       133.3300022    6.9943625E+17
       136.0600022    6.1957789E+17
       146.9400024    1.5352283E+18
       149.6600024    1.4546287E+18
       155.1000025    1.2862459E+18
       157.8200026    1.2057550E+18
       160.5500026    1.1289805E+18
       165.9900027    9.8867818E+17
       171.4300028    8.6457492E+17
       176.8700029    7.5508130E+17
       179.5900029    7.0528263E+17
       182.3100030    6.5851607E+17
       185.0400030    6.1443974E+17
       187.7600031    5.7320293E+17
       190.4800031    5.3447769E+17
       195.9200032    4.6397089E+17
       198.6400032    4.3191858E+17
       204.0800033    4.7356412E+17
       206.8000034    4.4704768E+17
       209.5300034    4.2189034E+17
       212.2500035    3.9824194E+17
       214.9700035    3.7592560E+17
       220.4100036    3.3490942E+17
       225.8500037    2.9813746E+17
       236.7400038    2.3498998E+17
       247.6200040    1.8295212E+17
       258.5100042    1.3936278E+17
       272.1100044    9.3915954E+16
       285.7200046    5.4982123E+16
       299.3200049    9.7300541E+15
 
