       80.0000013    9.0915928E+18
        85.0000014    7.3723167E+18
        90.0000015    5.9722030E+18
        95.2390015    4.7891961E+18
       100.6800016    3.8105332E+18
       114.2900019    2.1631781E+18
       119.7300019    1.7295464E+18
       122.4500020    1.5473525E+18
       125.1700020    1.3848348E+18
       127.8900021    1.2398034E+18
       130.6100021    1.1103204E+18
       133.3300022    9.9467072E+17
       136.0600022    8.9097702E+17
       146.9400024    1.7805295E+18
       149.6600024    1.6968057E+18
       155.1000025    1.5198643E+18
       157.8200026    1.4346722E+18
       160.5500026    1.3531089E+18
       165.9900027    1.2032771E+18
       171.4300028    1.0697810E+18
       176.8700029    9.5103791E+17
       179.5900029    8.9665860E+17
       182.3100030    8.4533471E+17
       185.0400030    7.9670413E+17
       187.7600031    7.5094693E+17
       190.4800031    7.0771695E+17
       195.9200032    6.2824720E+17
       198.6400032    5.9173888E+17
       204.0800033    6.1239011E+17
       206.8000034    5.8102180E+17
       209.5300034    5.5125692E+17
       212.2500035    5.2331304E+17
       214.9700035    4.9699327E+17
       220.4100036    4.4879742E+17
       225.8500037    4.0583685E+17
       236.7400038    3.3272734E+17
       247.6200040    2.7321070E+17
       258.5100042    2.2396141E+17
       272.1100044    1.7356937E+17
       285.7200046    1.3267700E+17
       299.3200049    9.9204356E+16
       312.9300051    7.1490684E+16
       340.1400055    2.7369518E+16
 
