       80.0000013    5.1166345E+18
        85.0000014    3.8215574E+18
        90.0000015    2.8568921E+18
        95.2390015    2.1084554E+18
       100.6800016    1.5393989E+18
       114.2900019    7.0241194E+17
       119.7300019    5.1357556E+17
       122.4500020    4.3921865E+17
       125.1700020    3.7569337E+17
       127.8900021    3.2143625E+17
       130.6100021    2.7510935E+17
       133.3300022    2.3556691E+17
       136.0600022    2.0171255E+17
       146.9400024    8.7308178E+17
       149.6600024    7.9777032E+17
       155.1000025    6.5617143E+17
       157.8200026    5.9249074E+17
       160.5500026    5.3352201E+17
       165.9900027    4.2983346E+17
       171.4300028    3.4251818E+17
       176.8700029    2.6919434E+17
       179.5900029    2.3710133E+17
       182.3100030    2.0772369E+17
       185.0400030    1.8073621E+17
       187.7600031    1.5611284E+17
       190.4800031    1.3353185E+17
       195.9200032    9.3594106E+16
       198.6400032    7.5717525E+16
       204.0800033    8.9630169E+16
       206.8000034    5.2066810E+16
 
