       12.5000002    2.4659489E+01
        15.0000002    3.1074860E+01
        20.0000003    1.1470871E+01
        25.0000004    4.8678703E+00
        30.0000005    2.2336493E+00
        35.0000006    7.2856730E-01
        40.0000007    2.9311192E-01
        45.0000007    1.5335722E-01
        50.0000008    9.7797818E-02
        55.0000009    6.9553979E-02
        60.0000010    4.9664084E-02
        65.0000011    3.3979848E-02
        70.0000011    2.2261210E-02
        75.0000012    1.0385612E-01
        80.0000013    9.1833048E-02
        85.0000014    7.4096769E-02
        90.0000015    5.9554491E-02
        95.2390015    4.6131272E-02
       100.6800016    3.3605594E-02
       114.2900019    1.4485617E-02
       119.7300019    1.0376044E-02
       122.4500020    8.7915109E-03
       125.1700020    7.4547352E-03
       127.8900021    6.3262605E-03
       130.6100021    5.3730006E-03
       133.3300022    4.5672017E-03
       136.0600022    3.8832705E-03
       146.9400024    2.0525057E-03
       149.6600024    1.7541015E-03
       155.1000025    1.2848048E-03
       157.8200026    1.1011882E-03
       160.5500026    9.4421825E-04
       165.9900027    1.1270146E-03
       171.4300028    9.0438116E-04
       176.8700029    8.7539118E-04
       179.5900029    7.9311256E-04
       182.3100030    7.1503833E-04
       185.0400030    6.4301159E-04
       187.7600031    5.7808356E-04
       190.4800031    5.1978836E-04
       195.9200032    4.2094177E-04
       198.6400032    3.7915734E-04
       204.0800033    3.0821693E-04
       206.8000034    2.7817188E-04
       209.5300034    2.5112837E-04
       212.2500035    2.2694468E-04
       214.9700035    2.0521645E-04
       220.4100036    1.6809629E-04
       225.8500037    1.3799289E-04
       236.7400038    9.8823970E-05
       247.6200040    6.9024820E-05
       258.5100042    4.8976985E-05
       272.1100044    3.2549186E-05
       285.7200046    2.2030999E-05
       299.3200049    1.5143843E-05
       312.9300051    1.0535402E-05
       340.1400055    5.2442592E-06
       353.7400058    3.7396233E-06
       380.9500062    1.9298111E-06
       394.5600064    1.3940289E-06
       408.1700066    1.0098092E-06
       435.3800071    5.3306309E-07
       462.5900075    2.8240231E-07
       476.1900077    2.0552760E-07
       489.8000080    1.4939060E-07
       503.4000082    1.0842135E-07
       517.0100084    7.8467124E-08
       557.8300091    2.9001647E-08
       571.4300093    2.0547180E-08
       585.0400095    1.4412104E-08
       612.2500100    6.7941865E-09
       666.6700108    8.9871849E-10
       680.2800111    1.3819602E-10
 
