       12.5000002    4.6885211E+02
        15.0000002    1.1400184E+02
        20.0000003    2.3455486E+01
        25.0000004    1.2829371E+01
        30.0000005    9.0906525E+00
        35.0000006    5.4580345E+00
        40.0000007    3.0431573E+00
        45.0000007    1.5732319E+00
        50.0000008    7.6642919E-01
        55.0000009    3.6109853E-01
        60.0000010    1.7681846E-01
        65.0000011    9.8849498E-02
        70.0000011    6.5034665E-02
        75.0000012    2.0773858E-01
        80.0000013    1.8879378E-01
        85.0000014    1.6315934E-01
        90.0000015    1.4345659E-01
        95.2390015    1.2331647E-01
       100.6800016    1.0095897E-01
       114.2900019    5.8873270E-02
       119.7300019    4.7337983E-02
       122.4500020    4.2413775E-02
       125.1700020    3.7979677E-02
       127.8900021    3.3989616E-02
       130.6100021    3.0402267E-02
       133.3300022    2.7180070E-02
       136.0600022    2.4278779E-02
       146.9400024    1.5436748E-02
       149.6600024    1.3778838E-02
       155.1000025    1.0977560E-02
       157.8200026    9.7991610E-03
       160.5500026    8.7446645E-03
       165.9900027    8.3715916E-03
       171.4300028    6.8498496E-03
       176.8700029    6.0255812E-03
       179.5900029    5.4834550E-03
       182.3100030    4.9692462E-03
       185.0400030    4.4940775E-03
       187.7600031    4.0650531E-03
       190.4800031    3.6794362E-03
       195.9200032    3.0241213E-03
       198.6400032    2.7461895E-03
       204.0800033    2.2727693E-03
       206.8000034    2.0714961E-03
       209.5300034    1.8897685E-03
       212.2500035    1.7266673E-03
       214.9700035    1.5795096E-03
       220.4100036    1.3262512E-03
       225.8500037    1.1183763E-03
       236.7400038    9.4566745E-04
       247.6200040    6.8167562E-04
       258.5100042    4.9229688E-04
       272.1100044    3.3197604E-04
       285.7200046    2.2743475E-04
       299.3200049    1.5841698E-04
       312.9300051    1.1211727E-04
       340.1400055    5.8854093E-05
       353.7400058    4.3576194E-05
       380.9500062    2.4794379E-05
       394.5600064    1.9006642E-05
       408.1700066    1.4704549E-05
       435.3800071    9.0099848E-06
       462.5900075    5.6604854E-06
       476.1900077    4.5210654E-06
       489.8000080    3.6259603E-06
       503.4000082    2.9197556E-06
       517.0100084    2.3588977E-06
       557.8300091    1.2667244E-06
       571.4300093    1.0351501E-06
       585.0400095    8.4777508E-07
       612.2500100    5.7245092E-07
       666.6700108    2.6718112E-07
       680.2800111    2.2179644E-07
       707.4900115    1.5560394E-07
       734.7000119    1.0876599E-07
       761.9100124    7.5957708E-08
       789.1200128    5.3346792E-08
       816.3300133    3.7654143E-08
       843.5400137    2.6693586E-08
       870.7500142    1.8993886E-08
       911.5700148    1.1463193E-08
       952.3900155    6.9504584E-09
       993.2000162    5.3581135E-09
      1020.4000166    3.7795993E-09
      1061.2000173    2.4910405E-09
      1088.4000177    1.7433665E-09
      1102.0000179    1.4571535E-09
      1115.7000181    1.2153353E-09
      1129.3000184    1.0139798E-09
      1142.9000186    8.4496699E-10
      1156.5000188    7.0311273E-10
      1170.1000190    5.8407545E-10
      1197.3000195    1.6965582E-09
      1210.9000197    1.4142482E-09
      1224.5000199    1.1732356E-09
      1227.2000200    1.1299210E-09
      1229.9000200    1.0880121E-09
      1232.7000200    1.0459917E-09
      1235.4000201    1.0068195E-09
      1238.1000201    9.6892971E-10
      1240.8000202    9.3228325E-10
      1243.5000202    8.9684177E-10
      1246.3000203    8.6132057E-10
      1249.0000203    8.2821927E-10
      1257.2000204    7.3425710E-10
      1259.9000205    7.0536749E-10
      1262.6000205    6.7743933E-10
      1270.8000207    5.9820365E-10
      1281.6000208    5.0559801E-10
      1289.8000210    4.4327714E-10
      1292.5000210    4.2413678E-10
      1295.2000211    4.0564244E-10
      1298.0000211    3.8712256E-10
      1300.7000212    3.6987849E-10
      1303.4000212    3.5321712E-10
      1306.1000212    3.3711875E-10
      1314.3000214    2.9148367E-10
      1330.6000216    2.1368807E-10
      1341.5000218    1.6978230E-10
      1355.1000220    1.2227330E-10
      1360.6000221    1.0488579E-10
      1371.4000223    7.2734783E-11
      1382.3000225    3.9960910E-11
 
