       12.5000002    1.0791104E+01
        15.0000002    7.8040195E+00
        20.0000003    8.0864787E-01
        25.0000004    1.8307467E-01
        30.0000005    1.5796924E-01
        35.0000006    8.8284440E-02
        40.0000007    4.5119222E-02
        45.0000007    2.1681415E-02
        50.0000008    1.0411856E-02
        55.0000009    5.4586371E-03
        60.0000010    3.2498806E-03
        65.0000011    2.1201309E-03
        70.0000011    1.4362332E-03
        75.0000012    8.3598970E-03
        80.0000013    5.8003268E-03
        85.0000014    3.5317757E-03
        90.0000015    2.0927349E-03
        95.2390015    1.1997059E-03
       100.6800016    6.7275035E-04
       114.2900019    1.6667038E-04
       119.7300019    9.8327102E-05
       122.4500020    7.6090793E-05
       125.1700020    5.9191967E-05
       127.8900021    4.6293215E-05
       130.6100021    3.6401871E-05
       133.3300022    2.8779496E-05
       136.0600022    2.2856346E-05
       146.9400024    9.5930427E-06
       149.6600024    7.8081503E-06
       155.1000025    5.2295172E-06
       157.8200026    4.2994930E-06
       160.5500026    3.5411319E-06
       165.9900027    9.0566973E-06
       171.4300028    5.9744807E-06
       176.8700029    5.3791673E-06
       179.5900029    4.3247728E-06
       182.3100030    3.4616755E-06
       185.0400030    2.7580543E-06
       187.7600031    2.1906960E-06
       190.4800031    1.7324234E-06
       195.9200032    1.0659124E-06
       198.6400032    8.2750881E-07
       204.0800033    4.8450755E-07
       206.8000034    3.6343090E-07
       209.5300034    2.6710040E-07
       212.2500035    1.9117898E-07
       214.9700035    1.3102857E-07
       220.4100036    4.1632525E-08
 
