       12.5000002    5.4067772E+01
        15.0000002    2.9841606E+01
        20.0000003    1.6651289E+01
        25.0000004    6.8215814E+00
        30.0000005    4.5685406E+00
        35.0000006    1.8904625E+00
        40.0000007    7.5978279E-01
        45.0000007    3.3022854E-01
        50.0000008    1.6377462E-01
        55.0000009    9.8184563E-02
        60.0000010    6.8654463E-02
        65.0000011    5.0461594E-02
        70.0000011    3.6626842E-02
        75.0000012    1.3908704E-01
        80.0000013    1.2554733E-01
        85.0000014    1.0527634E-01
        90.0000015    8.9166410E-02
        95.2390015    7.3457144E-02
       100.6800016    5.6661513E-02
       114.2900019    2.7517803E-02
       119.7300019    2.0562690E-02
       122.4500020    1.7778823E-02
       125.1700020    1.5375243E-02
       127.8900021    1.3300286E-02
       130.6100021    1.1509147E-02
       133.3300022    9.9630263E-03
       136.0600022    8.6237481E-03
       146.9400024    4.8757866E-03
       149.6600024    4.2340369E-03
       155.1000025    3.1988835E-03
       157.8200026    2.7832275E-03
       160.5500026    2.4219989E-03
       165.9900027    2.4893426E-03
       171.4300028    1.9963181E-03
       176.8700029    1.8361433E-03
       179.5900029    1.6656292E-03
       182.3100030    1.5061144E-03
       185.0400030    1.3598559E-03
       187.7600031    1.2282876E-03
       190.4800031    1.1101682E-03
       195.9200032    9.0951228E-04
       198.6400032    8.2439929E-04
       204.0800033    6.7921320E-04
       206.8000034    6.1736966E-04
       209.5300034    5.6146592E-04
       212.2500035    5.1124115E-04
       214.9700035    4.6588967E-04
       220.4100036    3.8778692E-04
       225.8500037    3.2368625E-04
       236.7400038    2.3975079E-04
       247.6200040    1.6822646E-04
       258.5100042    1.1972331E-04
       272.1100044    7.9955367E-05
       285.7200046    5.4546545E-05
       299.3200049    3.7940797E-05
       312.9300051    2.6824418E-05
       340.1400055    1.3962826E-05
       353.7400058    1.0238077E-05
       380.9500062    5.6379467E-06
       394.5600064    4.2244351E-06
       408.1700066    3.1822001E-06
       435.3800071    1.8303760E-06
       462.5900075    1.0682641E-06
       476.1900077    8.1988219E-07
       489.8000080    6.3076760E-07
       503.4000082    4.8649667E-07
       517.0100084    3.7592685E-07
       557.8300091    1.7520043E-07
       571.4300093    1.3618347E-07
       585.0400095    1.0591898E-07
       612.2500100    6.4163544E-08
       666.6700108    2.3459084E-08
       680.2800111    1.8188430E-08
       707.4900115    1.0890110E-08
       734.7000119    6.4259331E-09
       761.9100124    3.7173653E-09
       789.1200128    2.0892332E-09
       816.3300133    1.1198699E-09
       843.5400137    5.4881316E-10
       870.7500142    2.0970209E-10
 
