       12.5000002    1.4430608E+03
        15.0000002    6.0242798E+02
        20.0000003    4.7149731E+01
        25.0000004    2.0593479E+01
        30.0000005    1.4049210E+01
        35.0000006    8.7886286E+00
        40.0000007    5.8839521E+00
        45.0000007    3.8418334E+00
        50.0000008    2.3335166E+00
        55.0000009    1.3000257E+00
        60.0000010    6.7394900E-01
        65.0000011    3.3898297E-01
        70.0000011    1.7512925E-01
        75.0000012    3.8317952E-01
        80.0000013    3.1378707E-01
        85.0000014    2.7279553E-01
        90.0000015    2.5422883E-01
        95.2390015    2.1069771E-01
       100.6800016    1.5733588E-01
       114.2900019    8.6968318E-02
       119.7300019    7.2027683E-02
       122.4500020    6.5807983E-02
       125.1700020    6.0209386E-02
       127.8900021    5.5129748E-02
       130.6100021    5.0495110E-02
       133.3300022    4.6250474E-02
       136.0600022    4.2339932E-02
       146.9400024    2.9648466E-02
       149.6600024    2.7087966E-02
       155.1000025    2.2579357E-02
       157.8200026    2.0601729E-02
       160.5500026    1.8784074E-02
       165.9900027    1.8676627E-02
       171.4300028    1.5923979E-02
       176.8700029    1.4279502E-02
       179.5900029    1.3244704E-02
       182.3100030    1.2185353E-02
       185.0400030    1.1145424E-02
       187.7600031    1.0167013E-02
       190.4800031    9.2669716E-03
       195.9200032    7.7015301E-03
       198.6400032    7.0201908E-03
       204.0800033    5.8395751E-03
       206.8000034    5.3324527E-03
       209.5300034    4.8725242E-03
       212.2500035    4.4581969E-03
       214.9700035    4.0831827E-03
       220.4100036    3.4353470E-03
       225.8500037    2.9016407E-03
       236.7400038    2.4899316E-03
       247.6200040    1.8592221E-03
       258.5100042    1.3832735E-03
       272.1100044    9.6166664E-04
       285.7200046    6.7495875E-04
       299.3200049    4.7852550E-04
       312.9300051    3.4259979E-04
       340.1400055    1.8126592E-04
       353.7400058    1.3402749E-04
       380.9500062    7.5713979E-05
       394.5600064    5.7830999E-05
       408.1700066    4.4631626E-05
       435.3800071    2.7368911E-05
       462.5900075    1.7369233E-05
       476.1900077    1.3993395E-05
       489.8000080    1.1345894E-05
       503.4000082    9.2552100E-06
       517.0100084    7.5889520E-06
       557.8300091    4.2984502E-06
       571.4300093    3.5837575E-06
       585.0400095    2.9970502E-06
       612.2500100    2.1142137E-06
       666.6700108    1.0821864E-06
       680.2800111    9.1987215E-07
       707.4900115    6.9495240E-07
       734.7000119    5.1410382E-07
       761.9100124    3.7470176E-07
       789.1200128    2.7510552E-07
       816.3300133    2.0330707E-07
       843.5400137    1.5114762E-07
       870.7500142    1.1299249E-07
       911.5700148    7.3730234E-08
       952.3900155    4.8619665E-08
       993.2000162    4.8827378E-08
      1020.4000166    3.6568050E-08
      1061.2000173    2.8162297E-08
      1088.4000177    2.1212415E-08
      1102.0000179    1.8440906E-08
      1115.7000181    1.6032576E-08
      1129.3000184    1.3967733E-08
      1142.9000186    1.2181104E-08
      1156.5000188    1.0633511E-08
      1170.1000190    9.2913472E-09
      1197.3000195    2.4871062E-08
      1210.9000197    2.2054262E-08
      1224.5000199    1.9546135E-08
      1227.2000200    1.9083467E-08
      1229.9000200    1.8631944E-08
      1232.7000200    1.8175204E-08
      1235.4000201    1.7745613E-08
      1238.1000201    1.7326412E-08
      1240.8000202    1.6917353E-08
      1243.5000202    1.6518191E-08
      1246.3000203    1.6114445E-08
      1249.0000203    1.5734708E-08
      1257.2000204    1.4636779E-08
      1259.9000205    1.4292739E-08
      1262.6000205    1.3956996E-08
      1270.8000207    1.2986105E-08
      1281.6000208    1.1812077E-08
      1289.8000210    1.0993746E-08
      1292.5000210    1.0737194E-08
      1295.2000211    1.0486767E-08
      1298.0000211    1.0233373E-08
      1300.7000212    9.9949915E-09
      1303.4000212    9.7622559E-09
      1306.1000212    9.5350572E-09
      1314.3000214    8.8776089E-09
      1330.6000216    7.7046831E-09
      1341.5000218    7.0096036E-09
      1355.1000220    6.2309367E-09
      1360.6000221    5.9415282E-09
      1371.4000223    5.4122626E-09
      1382.3000225    4.9264317E-09
      1390.5000226    4.5902011E-09
      1395.9000227    4.3815271E-09
      1404.1000228    4.0828199E-09
      1406.8000229    3.9890153E-09
      1409.5000229    3.8973798E-09
      1415.0000230    3.7172125E-09
      1417.7000231    3.6318553E-09
      1420.4000231    3.5484671E-09
      1423.1000231    3.4670014E-09
      1425.9000232    3.3845007E-09
      1428.6000232    3.3068122E-09
      1431.3000233    3.2309118E-09
      1436.7000234    3.0843079E-09
      1439.5000234    3.0109331E-09
      1442.2000235    2.9418337E-09
      1444.9000235    2.8743203E-09
      1447.6000235    2.8083560E-09
      1450.4000236    2.7415459E-09
      1453.1000236    2.6786258E-09
      1455.8000237    2.6171469E-09
      1458.5000237    2.5570759E-09
      1461.2000238    2.4983797E-09
      1466.7000239    2.3829336E-09
      1469.4000239    2.3282196E-09
      1472.1000239    2.2747555E-09
      1477.6000240    2.1695938E-09
      1480.3000241    2.1197510E-09
      1488.4000242    1.9769526E-09
      1491.2000242    1.9298383E-09
      1496.6000243    1.8420929E-09
      1551.0000252    1.1507015E-09
      1632.7000266    5.6142502E-10
      1823.1000296    9.1477839E-11
 
