       12.5000002    3.3950214E+00
        15.0000002    1.0017760E+00
        20.0000003    2.3813325E-01
        25.0000004    1.1030155E-01
        30.0000005    6.0286470E-02
        35.0000006    2.2988265E-02
        40.0000007    9.5168231E-03
        45.0000007    4.8154425E-03
        50.0000008    2.7483322E-03
        55.0000009    1.5929559E-03
        60.0000010    9.0327091E-04
        65.0000011    5.0215935E-04
        70.0000011    2.7751649E-04
        75.0000012    6.2840286E-04
        80.0000013    3.1825266E-04
        85.0000014    1.5267152E-04
        90.0000015    7.3690913E-05
        95.2390015    3.5089015E-05
       100.6800016    1.6617956E-05
       114.2900019    2.5283575E-06
       119.7300019    1.0069953E-06
       122.4500020    5.2501912E-07
 
