       12.5000002    1.8514097E+01
        15.0000002    1.4522635E+01
        20.0000003    4.1240129E+00
        25.0000004    6.8126756E-01
        30.0000005    2.2698106E-01
        35.0000006    1.4576574E-01
        40.0000007    9.5828153E-02
        45.0000007    6.0075775E-02
        50.0000008    3.5285268E-02
        55.0000009    1.9401474E-02
        60.0000010    1.0405703E-02
        65.0000011    5.7778433E-03
        70.0000011    3.4745601E-03
        75.0000012    3.0697355E-02
        80.0000013    2.4344491E-02
        85.0000014    1.6926337E-02
        90.0000015    1.1460325E-02
        95.2390015    7.4797235E-03
       100.6800016    4.7155851E-03
       114.2900019    1.4949040E-03
       119.7300019    9.5508801E-04
       122.4500020    7.6552475E-04
       125.1700020    6.1478000E-04
       127.8900021    4.9472257E-04
       130.6100021    3.9895601E-04
       133.3300022    3.2244201E-04
       136.0600022    2.6100638E-04
       146.9400024    1.1528847E-04
       149.6600024    9.4632793E-05
       155.1000025    6.4330299E-05
       157.8200026    5.3285235E-05
       160.5500026    4.4246899E-05
       165.9900027    1.0489314E-04
       171.4300028    7.8991616E-05
       176.8700029    8.0980739E-05
       179.5900029    7.0392431E-05
       182.3100030    6.0978055E-05
       185.0400030    5.2738091E-05
       187.7600031    4.5634446E-05
       190.4800031    3.9503469E-05
       195.9200032    2.9651212E-05
       198.6400032    2.5710016E-05
       204.0800033    1.9358426E-05
       206.8000034    1.6809243E-05
       209.5300034    1.4594006E-05
       212.2500035    1.2681771E-05
       214.9700035    1.1023591E-05
       220.4100036    8.3358473E-06
       225.8500037    6.3084053E-06
       236.7400038    6.6442235E-06
       247.6200040    4.2074003E-06
       258.5100042    2.6464886E-06
       272.1100044    1.4648915E-06
       285.7200046    7.9314162E-07
       299.3200049    4.1533283E-07
       312.9300051    2.0564143E-07
       340.1400055    2.9754700E-08
 
