       12.5000002    2.6839157E+01
        15.0000002    2.4306406E+01
        20.0000003    8.2812481E+00
        25.0000004    2.7569647E+00
        30.0000005    7.9193711E-01
        35.0000006    2.7528599E-01
        40.0000007    1.5505296E-01
        45.0000007    1.0362702E-01
        50.0000008    7.2777465E-02
        55.0000009    4.9918871E-02
        60.0000010    3.2278631E-02
        65.0000011    1.9869262E-02
        70.0000011    1.1953900E-02
        75.0000012    7.7002227E-02
        80.0000013    6.6446543E-02
        85.0000014    5.1527299E-02
        90.0000015    3.9443377E-02
        95.2390015    2.9114563E-02
       100.6800016    2.0454496E-02
       114.2900019    8.2895756E-03
       119.7300019    5.8265622E-03
       122.4500020    4.8951148E-03
       125.1700020    4.1183205E-03
       127.8900021    3.4696446E-03
       130.6100021    2.9272472E-03
       133.3300022    2.4731264E-03
       136.0600022    2.0911428E-03
       146.9400024    1.0870872E-03
       149.6600024    9.2646142E-04
       155.1000025    6.7594094E-04
       157.8200026    5.7868345E-04
       160.5500026    4.9590640E-04
       165.9900027    7.0966402E-04
       171.4300028    5.7617261E-04
       176.8700029    5.8531866E-04
       179.5900029    5.3177250E-04
       182.3100030    4.8057191E-04
       185.0400030    4.3317638E-04
       187.7600031    3.9036715E-04
       190.4800031    3.5186674E-04
       195.9200032    2.8642881E-04
       198.6400032    2.5870325E-04
       204.0800033    2.1152452E-04
       206.8000034    1.9149200E-04
       209.5300034    1.7342868E-04
       212.2500035    1.5724584E-04
       214.9700035    1.4267847E-04
       220.4100036    1.1771893E-04
       225.8500037    9.7391610E-05
       236.7400038    7.4194089E-05
       247.6200040    5.3610009E-05
       258.5100042    3.9314938E-05
       272.1100044    2.7186248E-05
       285.7200046    1.9122537E-05
       299.3200049    1.3651224E-05
       312.9300051    9.8646142E-06
       340.1400055    5.3142826E-06
       353.7400058    3.9529018E-06
       380.9500062    2.2363863E-06
       394.5600064    1.6991506E-06
       408.1700066    1.2990075E-06
       435.3800071    7.7259625E-07
       462.5900075    4.6933729E-07
       476.1900077    3.6853569E-07
       489.8000080    2.9067189E-07
       503.4000082    2.3031663E-07
       517.0100084    1.8323927E-07
       557.8300091    9.4522022E-08
       571.4300093    7.6380999E-08
       585.0400095    6.1927558E-08
       612.2500100    4.1122398E-08
       666.6700108    1.8809938E-08
       680.2800111    1.5577253E-08
       707.4900115    1.0786279E-08
       734.7000119    7.5327566E-09
       761.9100124    5.3061742E-09
       789.1200128    3.7708290E-09
       816.3300133    2.7022071E-09
       843.5400137    1.9516055E-09
       870.7500142    1.4199900E-09
       911.5700148    8.9281321E-10
       952.3900155    5.6957122E-10
       993.2000162    4.0875786E-10
      1020.4000166    3.0570105E-10
      1061.2000173    2.1144324E-10
      1088.4000177    1.5978716E-10
      1102.0000179    1.3916286E-10
      1115.7000181    1.2122406E-10
      1129.3000184    1.0582676E-10
      1142.9000186    9.2488066E-11
      1156.5000188    8.0917259E-11
      1170.1000190    7.0866903E-11
      1197.3000195    2.5577190E-10
      1210.9000197    2.2592841E-10
      1224.5000199    1.9941118E-10
      1227.2000200    1.9453206E-10
      1229.9000200    1.8977489E-10
      1232.7000200    1.8496746E-10
      1235.4000201    1.8045029E-10
      1238.1000201    1.7604672E-10
      1240.8000202    1.7175396E-10
      1243.5000202    1.6756926E-10
      1246.3000203    1.6334081E-10
      1249.0000203    1.5936788E-10
      1257.2000204    1.4790399E-10
      1259.9000205    1.4431902E-10
      1262.6000205    1.4082396E-10
      1270.8000207    1.3073677E-10
      1281.6000208    1.1857997E-10
      1289.8000210    1.1013424E-10
      1292.5000210    1.0749134E-10
      1295.2000211    1.0491387E-10
      1298.0000211    1.0230822E-10
      1300.7000212    9.9858816E-11
      1303.4000212    9.7469824E-11
      1306.1000212    9.5139681E-11
      1314.3000214    8.8408426E-11
      1330.6000216    7.6443782E-11
      1341.5000218    6.9381875E-11
      1355.1000220    6.1497515E-11
      1360.6000221    5.8574694E-11
      1371.4000223    5.2762270E-11
      1382.3000225    4.7888103E-11
      1390.5000226    4.4523187E-11
      1395.9000227    4.2438445E-11
      1404.1000228    3.9458950E-11
      1406.8000229    3.8524631E-11
      1409.5000229    3.7612514E-11
      1415.0000230    3.5820919E-11
      1417.7000231    3.4972948E-11
      1420.4000231    3.4145065E-11
      1423.1000231    3.3336767E-11
      1425.9000232    3.2518731E-11
      1428.6000232    3.1748899E-11
      1431.3000233    3.0997250E-11
      1436.7000234    2.9546747E-11
      1439.5000234    2.8821447E-11
      1442.2000235    2.8138828E-11
      1444.9000235    2.7472278E-11
      1447.6000235    2.6821408E-11
      1450.4000236    2.6162579E-11
      1453.1000236    2.5542493E-11
      1455.8000237    2.4936967E-11
      1458.5000237    2.4345652E-11
      1461.2000238    2.3768208E-11
      1466.7000239    2.2633458E-11
      1469.4000239    2.2096129E-11
      1472.1000239    2.1571377E-11
      1477.6000240    2.0540089E-11
      1480.3000241    2.0051719E-11
      1488.4000242    1.8653978E-11
      1491.2000242    1.8193383E-11
      1496.6000243    1.7336294E-11
      1551.0000252    1.0621282E-11
      1632.7000266    4.9783233E-12
      1823.1000296    5.0304194E-13
 
