       12.5000002    5.5223732E+01
        15.0000002    3.0318216E+01
        20.0000003    1.6944731E+01
        25.0000004    6.8735156E+00
        30.0000005    4.6827717E+00
        35.0000006    1.9843656E+00
        40.0000007    8.1350023E-01
        45.0000007    3.5656092E-01
        50.0000008    1.7557190E-01
        55.0000009    1.0353184E-01
        60.0000010    7.1804464E-02
        65.0000011    5.3058438E-02
        70.0000011    3.9036978E-02
        75.0000012    1.4751728E-01
        80.0000013    1.3401595E-01
        85.0000014    1.1329594E-01
        90.0000015    9.6924417E-02
        95.2390015    8.0896020E-02
       100.6800016    6.3341156E-02
       114.2900019    3.1991929E-02
       119.7300019    2.4294177E-02
       122.4500020    2.1176362E-02
       125.1700020    1.8463427E-02
       127.8900021    1.6103007E-02
       130.6100021    1.4049421E-02
       133.3300022    1.2262738E-02
       136.0600022    1.0702810E-02
       146.9400024    6.2564448E-03
       149.6600024    5.4788049E-03
       155.1000025    4.2097545E-03
       157.8200026    3.6939075E-03
       160.5500026    3.2419998E-03
       165.9900027    3.2768433E-03
       171.4300028    2.6509750E-03
       176.8700029    2.4261079E-03
       179.5900029    2.2085484E-03
       182.3100030    2.0047461E-03
       185.0400030    1.8175220E-03
       187.7600031    1.6487085E-03
       190.4800031    1.4967583E-03
       195.9200032    1.2375807E-03
       198.6400032    1.1271600E-03
       204.0800033    9.3795866E-04
       206.8000034    8.5697765E-04
       209.5300034    7.8353338E-04
       212.2500035    7.1732613E-04
       214.9700035    6.5733376E-04
       220.4100036    5.5345957E-04
       225.8500037    4.6754786E-04
       236.7400038    3.6340058E-04
       247.6200040    2.6048627E-04
       258.5100042    1.8905597E-04
       272.1100044    1.2930656E-04
       285.7200046    9.0362570E-05
       299.3200049    6.4438645E-05
       312.9300051    4.6775203E-05
       340.1400055    2.5811278E-05
       353.7400058    1.9547844E-05
       380.9500062    1.1557302E-05
       394.5600064    9.0000240E-06
       408.1700066    7.0591732E-06
       435.3800071    4.4250482E-06
       462.5900075    2.8328964E-06
       476.1900077    2.2824727E-06
       489.8000080    1.8463920E-06
       503.4000082    1.4997339E-06
       517.0100084    1.2225157E-06
       557.8300091    6.7612217E-07
       571.4300093    5.5862802E-07
       585.0400095    4.6289094E-07
       612.2500100    3.2065839E-07
       666.6700108    1.5897889E-07
       680.2800111    1.3424696E-07
       707.4900115    9.7168865E-08
       734.7000119    7.0588015E-08
       761.9100124    5.1535277E-08
       789.1200128    3.7949917E-08
       816.3300133    2.8173465E-08
       843.5400137    2.1076577E-08
       870.7500142    1.5882266E-08
       911.5700148    1.0522248E-08
       952.3900155    7.0714834E-09
       993.2000162    6.0044898E-09
      1020.4000166    4.6238462E-09
      1061.2000173    3.5077714E-09
      1088.4000177    2.7285161E-09
      1102.0000179    2.4113538E-09
      1115.7000181    2.1319957E-09
      1129.3000184    1.8891655E-09
      1142.9000186    1.6761234E-09
      1156.5000188    1.4889526E-09
      1170.1000190    1.3242862E-09
      1197.3000195    4.3560440E-09
      1210.9000197    3.9179628E-09
      1224.5000199    3.5225254E-09
      1227.2000200    3.4490670E-09
      1229.9000200    3.3772212E-09
      1232.7000200    3.3043850E-09
      1235.4000201    3.2357281E-09
      1238.1000201    3.1685881E-09
      1240.8000202    3.1029324E-09
      1243.5000202    3.0387286E-09
      1246.3000203    2.9736460E-09
      1249.0000203    2.9123004E-09
      1257.2000204    2.7341698E-09
      1259.9000205    2.6781068E-09
      1262.6000205    2.6232772E-09
      1270.8000207    2.4640274E-09
      1281.6000208    2.2699613E-09
      1289.8000210    2.1336144E-09
      1292.5000210    2.0906703E-09
      1295.2000211    2.0486550E-09
      1298.0000211    2.0060420E-09
      1300.7000212    1.9658533E-09
      1303.4000212    1.9265298E-09
      1306.1000212    1.8880519E-09
      1314.3000214    1.7761786E-09
      1330.6000216    1.5744223E-09
      1341.5000218    1.4533553E-09
      1355.1000220    1.3161680E-09
      1360.6000221    1.2647061E-09
      1371.4000223    1.1698473E-09
      1382.3000225    1.0818296E-09
      1390.5000226    1.0203203E-09
      1395.9000227    9.8187636E-10
      1404.1000228    9.2644914E-10
      1406.8000229    9.0894342E-10
      1409.5000229    8.9179319E-10
      1415.0000230    8.5792523E-10
      1417.7000231    8.4180801E-10
      1420.4000231    8.2601620E-10
      1423.1000231    8.1054274E-10
      1425.9000232    7.9482509E-10
      1428.6000232    7.7997903E-10
      1431.3000233    7.6543094E-10
      1436.7000234    7.3720319E-10
      1439.5000234    7.2300937E-10
      1442.2000235    7.0960054E-10
      1444.9000235    6.9645895E-10
      1447.6000235    6.8357886E-10
      1450.4000236    6.7049188E-10
      1453.1000236    6.5812733E-10
      1455.8000237    6.4600769E-10
      1458.5000237    6.3412781E-10
      1461.2000238    6.2248262E-10
      1466.7000239    5.9946631E-10
      1469.4000239    5.8850386E-10
      1472.1000239    5.7775679E-10
      1477.6000240    5.5651184E-10
      1480.3000241    5.4639127E-10
      1488.4000242    5.1719923E-10
      1491.2000242    5.0750193E-10
      1496.6000243    4.8934767E-10
      1551.0000252    3.4088302E-10
      1632.7000266    2.0156556E-10
      1823.1000296    6.3619637E-11
      2340.2000381    3.9050161E-12
      2829.9000460    6.7909606E-14
      3047.6000496    0.0000000E+00
 
