       12.5000002    8.6078320E+02
        15.0000002    2.7537241E+02
        20.0000003    2.7513498E+01
        25.0000004    1.6377573E+01
        30.0000005    1.1115243E+01
        35.0000006    7.0434914E+00
        40.0000007    4.4219179E+00
        45.0000007    2.5887990E+00
        50.0000008    1.4034320E+00
        55.0000009    7.0895940E-01
        60.0000010    3.4585050E-01
        65.0000011    1.7487165E-01
        70.0000011    9.8864660E-02
        75.0000012    2.6474416E-01
        80.0000013    2.3450290E-01
        85.0000014    2.0512854E-01
        90.0000015    1.8444739E-01
        95.2390015    1.5635619E-01
       100.6800016    1.2513661E-01
       114.2900019    7.4783415E-02
       119.7300019    6.1757557E-02
       122.4500020    5.6150049E-02
       125.1700020    5.1046975E-02
       127.8900021    4.6394620E-02
       130.6100021    4.2149529E-02
       133.3300022    3.8275264E-02
       136.0600022    3.4727979E-02
       146.9400024    2.3464957E-02
       149.6600024    2.1255264E-02
       155.1000025    1.7428400E-02
       157.8200026    1.5777936E-02
       160.5500026    1.4277309E-02
       165.9900027    1.3926093E-02
       171.4300028    1.1702576E-02
       176.8700029    1.0401927E-02
       179.5900029    9.5772929E-03
       182.3100030    8.7613026E-03
       185.0400030    7.9831546E-03
       187.7600031    7.2653554E-03
       190.4800031    6.6117244E-03
       195.9200032    5.4854364E-03
       198.6400032    5.0007929E-03
       204.0800033    4.1668783E-03
       206.8000034    3.8097743E-03
       209.5300034    3.4861488E-03
       212.2500035    3.1947168E-03
       214.9700035    2.9309606E-03
       220.4100036    2.4751709E-03
       225.8500037    2.0992218E-03
       236.7400038    1.8353632E-03
       247.6200040    1.3658272E-03
       258.5100042    1.0138362E-03
       272.1100044    7.0424308E-04
       285.7200046    4.9486652E-04
       299.3200049    3.5202064E-04
       312.9300051    2.5342163E-04
       340.1400055    1.3635884E-04
       353.7400058    1.0191295E-04
       380.9500062    5.8996342E-05
       394.5600064    4.5651734E-05
       408.1700066    3.5697838E-05
       435.3800071    2.2462931E-05
       462.5900075    1.4608750E-05
       476.1900077    1.1907174E-05
       489.8000080    9.7638804E-06
       503.4000082    8.0524533E-06
       517.0100084    6.6738712E-06
       557.8300091    3.9005081E-06
       571.4300093    3.2859682E-06
       585.0400095    2.7769720E-06
       612.2500100    2.0012442E-06
       666.6700108    1.0717328E-06
       680.2800111    9.2193665E-07
       707.4900115    7.1096883E-07
       734.7000119    5.3941932E-07
       761.9100124    4.0451420E-07
       789.1200128    3.0581543E-07
       816.3300133    2.3291288E-07
       843.5400137    1.7860994E-07
       870.7500142    1.3785002E-07
       911.5700148    9.4520288E-08
       952.3900155    6.5631603E-08
       993.2000162    7.0546641E-08
      1020.4000166    5.4984159E-08
      1061.2000173    4.5313516E-08
      1088.4000177    3.5628439E-08
      1102.0000179    3.1656199E-08
      1115.7000181    2.8139892E-08
      1129.3000184    2.5068012E-08
      1142.9000186    2.2359952E-08
      1156.5000188    1.9969267E-08
      1170.1000190    1.7855971E-08
      1197.3000195    4.8015320E-08
      1210.9000197    4.3553019E-08
      1224.5000199    3.9501582E-08
      1227.2000200    3.8745622E-08
      1229.9000200    3.8005115E-08
      1232.7000200    3.7253212E-08
      1235.4000201    3.6543319E-08
      1238.1000201    3.5848004E-08
      1240.8000202    3.5166973E-08
      1243.5000202    3.4499934E-08
      1246.3000203    3.3822651E-08
      1249.0000203    3.3183202E-08
      1257.2000204    3.1320361E-08
      1259.9000205    3.0732124E-08
      1262.6000205    3.0155885E-08
      1270.8000207    2.8476746E-08
      1281.6000208    2.6418739E-08
      1289.8000210    2.4964470E-08
      1292.5000210    2.4504907E-08
      1295.2000211    2.4054554E-08
      1298.0000211    2.3597034E-08
      1300.7000212    2.3164827E-08
      1303.4000212    2.2741238E-08
      1306.1000212    2.2326084E-08
      1314.3000214    2.1115103E-08
      1330.6000216    1.8915236E-08
      1341.5000218    1.7584318E-08
      1355.1000220    1.6065165E-08
      1360.6000221    1.5492017E-08
      1371.4000223    1.4430452E-08
      1382.3000225    1.3439086E-08
      1390.5000226    1.2742347E-08
      1395.9000227    1.2305119E-08
      1404.1000228    1.1672205E-08
      1406.8000229    1.1471662E-08
      1409.5000229    1.1274878E-08
      1415.0000230    1.0885334E-08
      1417.7000231    1.0699505E-08
      1420.4000231    1.0517139E-08
      1423.1000231    1.0338164E-08
      1425.9000232    1.0156070E-08
      1428.6000232    9.9837942E-09
      1431.3000233    9.8147073E-09
      1436.7000234    9.4858468E-09
      1439.5000234    9.3200834E-09
      1442.2000235    9.1632355E-09
      1444.9000235    9.0092671E-09
      1447.6000235    8.8581231E-09
      1450.4000236    8.7043031E-09
      1453.1000236    8.5587386E-09
      1455.8000237    8.4158298E-09
      1458.5000237    8.2755269E-09
      1461.2000238    8.1377758E-09
      1466.7000239    7.8648617E-09
      1469.4000239    7.7345605E-09
      1472.1000239    7.6066158E-09
      1477.6000240    7.3530857E-09
      1480.3000241    7.2320185E-09
      1488.4000242    6.8817032E-09
      1491.2000242    6.7649570E-09
      1496.6000243    6.5458705E-09
      1551.0000252    4.7242148E-09
      1632.7000266    2.9470406E-09
      1823.1000296    1.0564027E-09
      2340.2000381    9.6864447E-11
      2829.9000460    1.4483267E-11
      3047.6000496    6.7307887E-12
      3700.7000602    7.0349407E-13
      4000.0000650    2.3056597E-13
      4680.3000761    0.0000000E+00
      5006.8000814    0.0000000E+00
      5387.8000876    0.0000000E+00
 
