       12.5000002    1.1396037E+01
        15.0000002    8.5533714E+00
        20.0000003    9.8672241E-01
        25.0000004    2.0139053E-01
        30.0000005    1.7514306E-01
        35.0000006    1.0353763E-01
        40.0000007    5.6431785E-02
        45.0000007    2.8981846E-02
        50.0000008    1.4538463E-02
        55.0000009    7.6415204E-03
        60.0000010    4.4599432E-03
        65.0000011    2.8928805E-03
        70.0000011    2.0055762E-03
        75.0000012    1.4227722E-02
        80.0000013    1.0739329E-02
        85.0000014    7.1183369E-03
        90.0000015    4.6071047E-03
        95.2390015    2.8995699E-03
       100.6800016    1.7882702E-03
       114.2900019    5.5812276E-04
       119.7300019    3.5907142E-04
       122.4500020    2.8963987E-04
       125.1700020    2.3453997E-04
       127.8900021    1.9067267E-04
       130.6100021    1.5563314E-04
       133.3300022    1.2755083E-04
       136.0600022    1.0489272E-04
       146.9400024    5.0162544E-05
       149.6600024    4.2152933E-05
       155.1000025    3.0136478E-05
       157.8200026    2.5636584E-05
       160.5500026    2.1882306E-05
       165.9900027    6.2422907E-05
       171.4300028    4.7940997E-05
       176.8700029    5.0976661E-05
       179.5900029    4.4816516E-05
       182.3100030    3.9332681E-05
       185.0400030    3.4507626E-05
       187.7600031    3.0315798E-05
       190.4800031    2.6664358E-05
       195.9200032    2.0705525E-05
       198.6400032    1.8279485E-05
       204.0800033    1.4297185E-05
       206.8000034    1.2665761E-05
       209.5300034    1.1227893E-05
       212.2500035    9.9682857E-06
       214.9700035    8.8591869E-06
       220.4100036    7.0185984E-06
       225.8500037    5.5820688E-06
       236.7400038    7.1217364E-06
       247.6200040    4.9973410E-06
       258.5100042    3.5312319E-06
       272.1100044    2.3152381E-06
       285.7200046    1.5358162E-06
       299.3200049    1.0304046E-06
       312.9300051    6.9823960E-07
       340.1400055    3.2990496E-07
       353.7400058    2.2978273E-07
       380.9500062    1.1414246E-07
       394.5600064    8.1341511E-08
       408.1700066    5.8371185E-08
       435.3800071    3.0656718E-08
       462.5900075    1.6486537E-08
       476.1900077    1.2188984E-08
       489.8000080    9.0540064E-09
       503.4000082    6.7575892E-09
       517.0100084    5.0640012E-09
       557.8300091    2.1785551E-09
       571.4300093    1.6548739E-09
       585.0400095    1.2598833E-09
       612.2500100    7.3460443E-10
       666.6700108    2.5276606E-10
       680.2800111    1.9354196E-10
       707.4900115    1.1307341E-10
       734.7000119    6.5489100E-11
       761.9100124    3.7279832E-11
       789.1200128    2.0686779E-11
       816.3300133    1.0965392E-11
       843.5400137    5.3138483E-12
       870.7500142    2.0545202E-12
 
