       12.5000002    3.9145541E-01
        15.0000002    3.5981962E-01
        20.0000003    1.1523354E-01
        25.0000004    3.4894694E-02
        30.0000005    1.3758956E-02
        35.0000006    6.6866605E-03
        40.0000007    3.4815609E-03
        45.0000007    1.7640942E-03
        50.0000008    8.8474824E-04
        55.0000009    4.5265420E-04
        60.0000010    2.4129593E-04
        65.0000011    1.3520505E-04
        70.0000011    7.9503247E-05
        75.0000012    1.0134281E-04
        80.0000013    5.5658114E-05
        85.0000014    3.1471129E-05
        90.0000015    1.8545643E-05
        95.2390015    1.1080420E-05
       100.6800016    6.7125734E-06
       114.2900019    2.1221854E-06
       119.7300019    1.3762287E-06
       122.4500020    1.1127480E-06
       125.1700020    9.0174780E-07
       127.8900021    7.3221128E-07
       130.6100021    5.9558516E-07
       133.3300022    4.8518814E-07
       136.0600022    3.9547669E-07
       146.9400024    1.7673440E-07
       149.6600024    1.4471051E-07
       155.1000025    9.7070767E-08
       157.8200026    7.9496040E-08
       160.5500026    6.5035991E-08
       165.9900027    7.2925118E-08
       171.4300028    4.6827576E-08
       176.8700029    3.6211926E-08
       179.5900029    2.8755501E-08
       182.3100030    2.2769335E-08
       185.0400030    1.7962572E-08
       187.7600031    1.4138547E-08
       190.4800031    1.1088405E-08
       195.9200032    6.7266481E-09
       198.6400032    5.1922950E-09
       204.0800033    3.0140042E-09
       206.8000034    2.2544269E-09
       209.5300034    1.6538381E-09
       212.2500035    1.1827329E-09
       214.9700035    8.1055018E-10
       220.4100036    2.5574048E-10
 
