       12.5000002    1.9315762E+01
        15.0000002    1.5316203E+01
        20.0000003    4.5133371E+00
        25.0000004    7.9228395E-01
        30.0000005    2.4988557E-01
        35.0000006    1.5725844E-01
        40.0000007    1.0563916E-01
        45.0000007    6.8490736E-02
        50.0000008    4.2051960E-02
        55.0000009    2.4217414E-02
        60.0000010    1.3459208E-02
        65.0000011    7.5824531E-03
        70.0000011    4.5263865E-03
        75.0000012    4.0264130E-02
        80.0000013    3.3002954E-02
        85.0000014    2.3870101E-02
        90.0000015    1.6891798E-02
        95.2390015    1.1560810E-02
       100.6800016    7.6452643E-03
       114.2900019    2.7438735E-03
       119.7300019    1.8470690E-03
       122.4500020    1.5202400E-03
       125.1700020    1.2538991E-03
       127.8900021    1.0364366E-03
       130.6100021    8.5854385E-04
       133.3300022    7.1274303E-04
       136.0600022    5.9261761E-04
       146.9400024    2.9054951E-04
       149.6600024    2.4455442E-04
       155.1000025    1.7451623E-04
       157.8200026    1.4796763E-04
       160.5500026    1.2569656E-04
       165.9900027    2.5634677E-04
       171.4300028    2.0426487E-04
       176.8700029    2.1599504E-04
       179.5900029    1.9358900E-04
       182.3100030    1.7276809E-04
       185.0400030    1.5390347E-04
       187.7600031    1.3714934E-04
       190.4800031    1.2228929E-04
       195.9200032    9.7475524E-05
       198.6400032    8.7144319E-05
       204.0800033    6.9841721E-05
       206.8000034    6.2610095E-05
       209.5300034    5.6154757E-05
       212.2500035    5.0428949E-05
       214.9700035    4.5325396E-05
       220.4100036    3.6706097E-05
       225.8500037    2.9820769E-05
       236.7400038    2.7049402E-05
       247.6200040    1.9473924E-05
       258.5100042    1.4175920E-05
       272.1100044    9.6735948E-06
       285.7200046    6.6911762E-06
       299.3200049    4.6853570E-06
       312.9300051    3.3150870E-06
       340.1400055    1.7072799E-06
       353.7400058    1.2408683E-06
       380.9500062    6.7020574E-07
       394.5600064    4.9761633E-07
       408.1700066    3.7184498E-07
       435.3800071    2.1143364E-07
       462.5900075    1.2290303E-07
       476.1900077    9.4433084E-08
       489.8000080    7.2894707E-08
       503.4000082    5.6540362E-08
       517.0100084    4.4042068E-08
       557.8300091    2.1345860E-08
       571.4300093    1.6900611E-08
       585.0400095    1.3427944E-08
       612.2500100    8.5673681E-09
       666.6700108    3.6244461E-09
       680.2800111    2.9444192E-09
       707.4900115    1.9603412E-09
       734.7000119    1.3176300E-09
       761.9100124    8.9368762E-10
       789.1200128    6.1126970E-10
       816.3300133    4.2128492E-10
       843.5400137    2.9231678E-10
       870.7500142    2.0403315E-10
       911.5700148    1.2007233E-10
       952.3900155    7.1347983E-11
       993.2000162    4.5038247E-11
      1020.4000166    3.1846432E-11
      1061.2000173    1.9572672E-11
      1088.4000177    1.3784350E-11
      1102.0000179    1.1555296E-11
      1115.7000181    9.6642139E-12
      1129.3000184    8.0828443E-12
      1142.9000186    6.7496998E-12
      1156.5000188    5.6257885E-12
      1170.1000190    4.6783727E-12
      1197.3000195    1.5874984E-11
      1210.9000197    1.3135114E-11
      1224.5000199    1.0799281E-11
      1227.2000200    1.0380049E-11
      1229.9000200    9.9746236E-12
      1232.7000200    9.2826181E-12
      1235.4000201    8.9077634E-12
      1238.1000201    8.5455419E-12
      1240.8000202    8.1955658E-12
      1243.5000202    7.8574595E-12
      1246.3000203    7.5189742E-12
      1249.0000203    7.2039185E-12
      1257.2000204    6.3117818E-12
      1259.9000205    6.0382203E-12
      1262.6000205    5.7741346E-12
      1270.8000207    5.0271493E-12
      1281.6000208    4.1593356E-12
      1289.8000210    3.5794820E-12
      1292.5000210    3.4022368E-12
      1295.2000211    3.2314097E-12
      1298.0000211    3.0608159E-12
      1300.7000212    2.9024365E-12
      1303.4000212    2.7498732E-12
      1306.1000212    2.6029406E-12
      1314.3000214    2.1893943E-12
      1330.6000216    1.3258992E-12
      1341.5000218    9.7930008E-13
      1355.1000220    4.9692531E-13
      1360.6000221    3.9674375E-13
      1371.4000223    8.7683563E-14
      1382.3000225    0.0000000E+00
 
