       12.5000002    1.4813148E+03
        15.0000002    6.2343994E+02
        20.0000003    4.9356853E+01
        25.0000004    2.0830526E+01
        30.0000005    1.4241387E+01
        35.0000006    8.9452896E+00
        40.0000007    6.0128307E+00
        45.0000007    3.9482529E+00
        50.0000008    2.4158623E+00
        55.0000009    1.3574054E+00
        60.0000010    7.0992899E-01
        65.0000011    3.5985449E-01
        70.0000011    1.8675165E-01
        75.0000012    4.0465641E-01
        80.0000013    3.2914871E-01
        85.0000014    2.8596371E-01
        90.0000015    2.6784244E-01
        95.2390015    2.2227979E-01
       100.6800016    1.6518585E-01
       114.2900019    9.0554781E-02
       119.7300019    7.5059980E-02
       122.4500020    6.8650723E-02
       125.1700020    6.2897705E-02
       127.8900021    5.7687614E-02
       130.6100021    5.2938741E-02
       133.3300022    4.8590682E-02
       136.0600022    4.4583529E-02
       146.9400024    3.1540625E-02
       149.6600024    2.8896565E-02
       155.1000025    2.4224786E-02
       157.8200026    2.2167793E-02
       160.5500026    2.0272216E-02
       165.9900027    2.0341892E-02
       171.4300028    1.7461726E-02
       176.8700029    1.5770091E-02
       179.5900029    1.4685933E-02
       182.3100030    1.3561977E-02
       185.0400030    1.2446077E-02
       187.7600031    1.1387537E-02
       190.4800031    1.0409169E-02
       195.9200032    8.6987382E-03
       198.6400032    7.9494147E-03
       204.0800033    6.6441619E-03
       206.8000034    6.0812626E-03
       209.5300034    5.5696089E-03
       212.2500035    5.1076859E-03
       214.9700035    4.6886955E-03
       220.4100036    3.9626113E-03
       225.8500037    3.3619138E-03
       236.7400038    2.8910520E-03
       247.6200040    2.1833803E-03
       258.5100042    1.6441548E-03
       272.1100044    1.1606236E-03
       285.7200046    8.2714058E-04
       299.3200049    5.9526647E-04
       312.9300051    4.3238222E-04
       340.1400055    2.3492490E-04
       353.7400058    1.7578415E-04
       380.9500062    1.0142167E-04
       394.5600064    7.8196739E-05
       408.1700066    6.0881572E-05
       435.3800071    3.7955091E-05
       462.5900075    2.4483732E-05
       476.1900077    1.9893185E-05
       489.8000080    1.6273272E-05
       503.4000082    1.3399318E-05
       517.0100084    1.1096328E-05
       557.8300091    6.4981650E-06
       571.4300093    5.4850834E-06
       585.0400095    4.6470245E-06
       612.2500100    3.3702122E-06
       666.6700108    1.8348106E-06
       680.2800111    1.5856646E-06
       707.4900115    1.2611663E-06
       734.7000119    9.7332133E-07
       761.9100124    7.3385189E-07
       789.1200128    5.5825939E-07
       816.3300133    4.2804143E-07
       843.5400137    3.3055730E-07
       870.7500142    2.5695815E-07
       911.5700148    1.7810251E-07
       952.3900155    1.2498796E-07
       993.2000162    1.4741171E-07
      1020.4000166    1.1537441E-07
      1061.2000173    9.7732993E-08
      1088.4000177    7.7133464E-08
      1102.0000179    6.8657862E-08
      1115.7000181    6.1139339E-08
      1129.3000184    5.4557933E-08
      1142.9000186    4.8744042E-08
      1156.5000188    4.3601528E-08
      1170.1000190    3.9047109E-08
      1197.3000195    9.6406517E-08
      1210.9000197    8.7649020E-08
      1224.5000199    7.9685854E-08
      1227.2000200    7.8198013E-08
      1229.9000200    7.6739894E-08
      1232.7000200    7.5258590E-08
      1235.4000201    7.3859177E-08
      1238.1000201    7.2487978E-08
      1240.8000202    7.1144264E-08
      1243.5000202    6.9827479E-08
      1246.3000203    6.8489776E-08
      1249.0000203    6.7226139E-08
      1257.2000204    6.3540959E-08
      1259.9000205    6.2376103E-08
      1262.6000205    6.1234424E-08
      1270.8000207    5.7904195E-08
      1281.6000208    5.3815146E-08
      1289.8000210    5.0920573E-08
      1292.5000210    5.0004950E-08
      1295.2000211    4.9107239E-08
      1298.0000211    4.8194789E-08
      1300.7000212    4.7332392E-08
      1303.4000212    4.6486779E-08
      1306.1000212    4.5657600E-08
      1314.3000214    4.3236593E-08
      1330.6000216    3.8829196E-08
      1341.5000218    3.6156415E-08
      1355.1000220    3.3099322E-08
      1360.6000221    3.1944090E-08
      1371.4000223    2.9801578E-08
      1382.3000225    2.7797252E-08
      1390.5000226    2.6386463E-08
      1395.9000227    2.5500199E-08
      1404.1000228    2.4215941E-08
      1406.8000229    2.3808672E-08
      1409.5000229    2.3408875E-08
      1415.0000230    2.2616968E-08
      1417.7000231    2.2238964E-08
      1420.4000231    2.1867852E-08
      1423.1000231    2.1503496E-08
      1425.9000232    2.1132639E-08
      1428.6000232    2.0781636E-08
      1431.3000233    2.0436996E-08
      1436.7000234    1.9766301E-08
      1439.5000234    1.9428034E-08
      1442.2000235    1.9107832E-08
      1444.9000235    1.8793390E-08
      1447.6000235    1.8484595E-08
      1450.4000236    1.8170212E-08
      1453.1000236    1.7872583E-08
      1455.8000237    1.7580277E-08
      1458.5000237    1.7293189E-08
      1461.2000238    1.7011219E-08
      1466.7000239    1.6452256E-08
      1469.4000239    1.6185233E-08
      1472.1000239    1.5922939E-08
      1477.6000240    1.5402902E-08
      1480.3000241    1.5154431E-08
      1488.4000242    1.4434947E-08
      1491.2000242    1.4194995E-08
      1496.6000243    1.3744456E-08
      1551.0000252    9.9846478E-09
      1632.7000266    6.2871397E-09
      1823.1000296    2.3013678E-09
      2340.2000381    2.2440003E-10
      2829.9000460    3.6021283E-11
      3047.6000496    1.7342249E-11
      3700.7000602    2.3548893E-12
      4000.0000650    9.7377347E-13
      4680.3000761    7.1291843E-14
      5006.8000814    0.0000000E+00
      5387.8000876    0.0000000E+00
 
