       12.5000002    1.9055495E+02
        15.0000002    4.2650669E+01
        20.0000003    2.1658861E+01
        25.0000004    9.3487720E+00
        30.0000005    7.0251861E+00
        35.0000006    3.7099657E+00
        40.0000007    1.7817816E+00
        45.0000007    8.2321608E-01
        50.0000008    3.7867877E-01
        55.0000009    1.8434325E-01
        60.0000010    1.0436430E-01
        65.0000011    7.0066690E-02
        70.0000011    5.1832002E-02
        75.0000012    1.7984754E-01
        80.0000013    1.6392653E-01
        85.0000014    1.4050712E-01
        90.0000015    1.2259997E-01
        95.2390015    1.0535162E-01
       100.6800016    8.5598715E-02
       114.2900019    4.7518749E-02
       119.7300019    3.7377324E-02
       122.4500020    3.3134159E-02
       125.1700020    2.9365374E-02
       127.8900021    2.6020223E-02
       130.6100021    2.3053128E-02
       133.3300022    2.0423027E-02
       136.0600022    1.8084953E-02
       146.9400024    1.1153783E-02
       149.6600024    9.8901540E-03
       155.1000025    7.7841035E-03
       157.8200026    6.9097816E-03
       160.5500026    6.1336225E-03
       165.9900027    5.9436555E-03
       171.4300028    4.8393575E-03
       176.8700029    4.3137129E-03
       179.5900029    3.9262418E-03
       182.3100030    3.5628332E-03
       185.0400030    3.2290479E-03
       187.7600031    2.9283776E-03
       190.4800031    2.6580775E-03
       195.9200032    2.1978430E-03
       198.6400032    2.0021379E-03
       204.0800033    1.6674886E-03
       206.8000034    1.5245349E-03
       209.5300034    1.3950345E-03
       212.2500035    1.2784139E-03
       214.9700035    1.1728350E-03
       220.4100036    9.9021848E-04
       225.8500037    8.3931308E-04
       236.7400038    6.9615478E-04
       247.6200040    5.0299516E-04
       258.5100042    3.6565628E-04
       272.1100044    2.4947349E-04
       285.7200046    1.7338988E-04
       299.3200049    1.2277652E-04
       312.9300051    8.8461806E-05
       340.1400055    4.8219037E-05
       353.7400058    3.6382487E-05
       380.9500062    2.1474869E-05
       394.5600064    1.6755595E-05
       408.1700066    1.3188935E-05
       435.3800071    8.3587802E-06
       462.5900075    5.4302209E-06
       476.1900077    4.4111466E-06
       489.8000080    3.5990752E-06
       503.4000082    2.9491907E-06
       517.0100084    2.4256369E-06
       557.8300091    1.3779302E-06
       571.4300093    1.1484552E-06
       585.0400095    9.5982080E-07
       612.2500100    6.7598450E-07
       666.6700108    3.4550155E-07
       680.2800111    2.9381559E-07
       707.4900115    2.1689357E-07
       734.7000119    1.5988839E-07
       761.9100124    1.1796980E-07
       789.1200128    8.7756888E-08
       816.3300133    6.5788143E-08
       843.5400137    4.9681656E-08
       870.7500142    3.7780627E-08
       911.5700148    2.5363947E-08
       952.3900155    1.7266480E-08
       993.2000162    1.5889148E-08
      1020.4000166    1.2300484E-08
      1061.2000173    9.6330171E-09
      1088.4000177    7.5314448E-09
      1102.0000179    6.6734440E-09
      1115.7000181    5.9161556E-09
      1129.3000184    5.2565094E-09
      1142.9000186    4.6765587E-09
      1156.5000188    4.1659427E-09
      1170.1000190    3.7157402E-09
      1197.3000195    1.1468672E-08
      1210.9000197    1.0357412E-08
      1224.5000199    9.3512025E-09
      1227.2000200    9.1638865E-09
      1229.9000200    8.9805505E-09
      1232.7000200    8.7945500E-09
      1235.4000201    8.6190912E-09
      1238.1000201    8.4473823E-09
      1240.8000202    8.2793452E-09
      1243.5000202    8.1149025E-09
      1246.3000203    7.9480813E-09
      1249.0000203    7.7907192E-09
      1257.2000204    7.3330924E-09
      1259.9000205    7.1888420E-09
      1262.6000205    7.0476580E-09
      1270.8000207    6.6369710E-09
      1281.6000208    6.1351537E-09
      1289.8000210    5.7816321E-09
      1292.5000210    5.6701115E-09
      1295.2000211    5.5609193E-09
      1298.0000211    5.4500862E-09
      1300.7000212    5.3454765E-09
      1303.4000212    5.2430407E-09
      1306.1000212    5.1427294E-09
      1314.3000214    4.8506248E-09
      1330.6000216    4.3219957E-09
      1341.5000218    4.0035295E-09
      1355.1000220    3.6413828E-09
      1360.6000221    3.5051535E-09
      1371.4000223    3.2534535E-09
      1382.3000225    3.0191674E-09
      1390.5000226    2.8549831E-09
      1395.9000227    2.7521621E-09
      1404.1000228    2.6036240E-09
      1406.8000229    2.5566353E-09
      1409.5000229    2.5105646E-09
      1415.0000230    2.4194760E-09
      1417.7000231    2.3760762E-09
      1420.4000231    2.3335189E-09
      1423.1000231    2.2917865E-09
      1425.9000232    2.2493611E-09
      1428.6000232    2.2092563E-09
      1431.3000233    2.1699249E-09
      1436.7000234    2.0935198E-09
      1439.5000234    2.0550543E-09
      1442.2000235    2.0186870E-09
      1444.9000235    1.9830160E-09
      1447.6000235    1.9480271E-09
      1450.4000236    1.9124473E-09
      1453.1000236    1.8788044E-09
      1455.8000237    1.8458017E-09
      1458.5000237    1.8134262E-09
      1461.2000238    1.7816649E-09
      1466.7000239    1.7188143E-09
      1469.4000239    1.6888430E-09
      1472.1000239    1.6594369E-09
      1477.6000240    1.6012367E-09
      1480.3000241    1.5734780E-09
      1488.4000242    1.4932829E-09
      1491.2000242    1.4666000E-09
      1496.6000243    1.4165863E-09
      1551.0000252    1.0041589E-09
      1632.7000266    6.0953020E-10
      1823.1000296    2.0470095E-10
      2340.2000381    1.5606723E-11
      2829.9000460    1.7007398E-12
      3047.6000496    5.9934300E-13
      3700.7000602    0.0000000E+00
      4000.0000650    0.0000000E+00
 
