        12.5000002    4.3047912E+18
        15.0000002    5.4926010E+18
        20.0000003    2.8445930E+18
        25.0000004    2.2527061E+18
        30.0000005    2.8507294E+18
        35.0000006    2.5400896E+18
        40.0000007    2.1058769E+18
        45.0000007    1.6760309E+18
        50.0000008    1.3335742E+18
        55.0000009    1.0989394E+18
        60.0000010    9.4243615E+17
        65.0000011    8.2632539E+17
        70.0000011    7.2712786E+17
        75.0000012    3.9421832E+18
        80.0000013    3.4721961E+18
        85.0000014    2.7087104E+18
        90.0000015    2.0507263E+18
        95.2390015    1.5143656E+18
       100.6800016    1.1008991E+18
       114.2900019    5.1256143E+17
       119.7300019    3.8603486E+17
       122.4500020    3.3688219E+17
       125.1700020    2.9511287E+17
       127.8900021    2.5951766E+17
       130.6100021    2.2908785E+17
       133.3300022    2.0298309E+17
       136.0600022    1.8042721E+17
       146.9400024    1.1653784E+17
       149.6600024    1.0519487E+17
       155.1000025    8.6256094E+16
       157.8200026    7.8306814E+16
       160.5500026    7.1158236E+16
       165.9900027    1.9717405E+17
       171.4300028    1.5685478E+17
       176.8700029    1.6864701E+17
       179.5900029    1.4911915E+17
       182.3100030    1.3138911E+17
       185.0400030    1.1538382E+17
       187.7600031    1.0108869E+17
       190.4800031    8.8285089E+16
       195.9200032    6.6547005E+16
       198.6400032    5.7337783E+16
       204.0800033    4.1634459E+16
       206.8000034    3.4922435E+16
       209.5300034    2.8808517E+16
       212.2500035    2.3225165E+16
       214.9700035    1.8011458E+16
       220.4100036    7.4584652E+15
 
