       12.5000002    2.1189185E+18
        15.0000002    3.1012009E+18
        20.0000003    3.1639162E+18
        25.0000004    2.6856176E+18
        30.0000005    3.0033977E+18
        35.0000006    2.3361576E+18
        40.0000007    1.8148243E+18
        45.0000007    1.4777636E+18
        50.0000008    1.2678323E+18
        55.0000009    1.1433108E+18
        60.0000010    1.0574010E+18
        65.0000011    9.7384040E+17
        70.0000011    8.7997228E+17
        75.0000012    5.5380356E+18
        80.0000013    6.0845544E+18
        85.0000014    6.0390825E+18
        90.0000015    5.9437477E+18
        95.2390015    5.7118947E+18
       100.6800016    5.2140491E+18
       114.2900019    3.8512028E+18
       119.7300019    3.3805535E+18
       122.4500020    3.1630756E+18
       125.1700020    2.9572487E+18
       127.8900021    2.7628091E+18
       130.6100021    2.5794480E+18
       133.3300022    2.4068216E+18
       136.0600022    2.2439698E+18
       146.9400024    1.6901874E+18
       149.6600024    1.5733419E+18
       155.1000025    1.3624861E+18
       157.8200026    1.2676191E+18
       160.5500026    1.1789300E+18
       165.9900027    1.6328038E+18
       171.4300028    1.4962891E+18
       176.8700029    1.6393742E+18
       179.5900029    1.5801207E+18
       182.3100030    1.5160156E+18
       185.0400030    1.4510843E+18
       187.7600031    1.3878693E+18
       190.4800031    1.3270855E+18
       195.9200032    1.2137796E+18
       198.6400032    1.1610818E+18
       204.0800033    1.0630506E+18
       206.8000034    1.0175179E+18
       209.5300034    9.7399330E+17
       212.2500035    9.3267208E+17
       214.9700035    8.9327355E+17
       220.4100036    8.1981326E+17
       225.8500037    7.5282826E+17
       236.7400038    7.2561844E+17
       247.6200040    6.2029141E+17
       258.5100042    5.3361079E+17
       272.1100044    4.4653535E+17
       285.7200046    3.7731356E+17
       299.3200049    3.2153307E+17
       312.9300051    2.7586121E+17
       340.1400055    2.0624596E+17
       353.7400058    1.7934332E+17
       380.9500062    1.3657871E+17
       394.5600064    1.1948238E+17
       408.1700066    1.0464582E+17
       435.3800071    8.0468489E+16
       462.5900075    6.1996633E+16
       476.1900077    5.4442254E+16
       489.8000080    4.7810927E+16
       503.4000082    4.1994343E+16
       517.0100084    3.6881915E+16
       557.8300091    2.4971142E+16
       571.4300093    2.1918547E+16
       585.0400095    1.9230503E+16
       612.2500100    1.4783272E+16
       666.6700108    8.6578434E+15
       680.2800111    7.5521851E+15
       707.4900115    5.7283380E+15
       734.7000119    4.2981209E+15
       761.9100124    3.1788897E+15
       789.1200128    2.3012072E+15
       816.3300133    1.6053793E+15
       843.5400137    1.0389294E+15
       870.7500142    5.3529741E+14
 
