       12.5000002    2.2880897E+18
        15.0000002    3.8134634E+18
        20.0000003    3.4005445E+18
        25.0000004    2.8065928E+18
        30.0000005    2.6137871E+18
        35.0000006    1.9359221E+18
        40.0000007    1.6080543E+18
        45.0000007    1.4401840E+18
        50.0000008    1.3368616E+18
        55.0000009    1.2498320E+18
        60.0000010    1.1422445E+18
        65.0000011    1.0097279E+18
        70.0000011    8.6849042E+17
        75.0000012    6.1336124E+18
        80.0000013    6.6248423E+18
        85.0000014    6.3974567E+18
        90.0000015    6.0694966E+18
        95.2390015    5.5893591E+18
       100.6800016    4.9050967E+18
       114.2900019    3.3263960E+18
       119.7300019    2.8290497E+18
       122.4500020    2.6067903E+18
       125.1700020    2.4008397E+18
       127.8900021    2.2102332E+18
       130.6100021    2.0340272E+18
       133.3300022    1.8713050E+18
       136.0600022    1.7206506E+18
       146.9400024    1.2298007E+18
       149.6600024    1.1306746E+18
       155.1000025    9.5599485E+17
       157.8200026    8.7924976E+17
       160.5500026    8.0858944E+17
       165.9900027    1.3155228E+18
       171.4300028    1.2015152E+18
       176.8700029    1.3672319E+18
       179.5900029    1.3132634E+18
       182.3100030    1.2546871E+18
       185.0400030    1.1953786E+18
       187.7600031    1.1377232E+18
       190.4800031    1.0823716E+18
       195.9200032    9.7944599E+17
       198.6400032    9.3174326E+17
       204.0800033    8.4338314E+17
       206.8000034    8.0253292E+17
       209.5300034    7.6361550E+17
       212.2500035    7.2680227E+17
       214.9700035    6.9183890E+17
       220.4100036    6.2706124E+17
       225.8500037    5.6854612E+17
       236.7400038    5.6858736E+17
       247.6200040    4.8595401E+17
       258.5100042    4.1793526E+17
       272.1100044    3.4901739E+17
       285.7200046    2.9349456E+17
       299.3200049    2.4812031E+17
       312.9300051    2.1050803E+17
       340.1400055    1.5254185E+17
       353.7400058    1.3008430E+17
       380.9500062    9.4677409E+16
       394.5600064    8.0749938E+16
       408.1700066    6.8839130E+16
       435.3800071    4.9925924E+16
       462.5900075    3.6059394E+16
       476.1900077    3.0584269E+16
       489.8000080    2.5893190E+16
       503.4000082    2.1880211E+16
       517.0100084    1.8442463E+16
       557.8300091    1.0824738E+16
       571.4300093    8.9769326E+15
       585.0400095    7.3901784E+15
       612.2500100    4.8491008E+15
       666.6700108    1.3349851E+15
       680.2800111    2.5334794E+14
 
