       12.5000002    3.3608544E+18
        15.0000002    2.8980592E+18
        20.0000003    2.5366074E+18
        25.0000004    2.4233635E+18
        30.0000005    2.9770424E+18
        35.0000006    2.7990908E+18
        40.0000007    2.4516055E+18
        45.0000007    2.0152444E+18
        50.0000008    1.5865297E+18
        55.0000009    1.2369730E+18
        60.0000010    9.9799076E+17
        65.0000011    8.5360214E+17
        70.0000011    7.6671598E+17
        75.0000012    4.3672385E+18
        80.0000013    4.8667045E+18
        85.0000014    4.9579019E+18
        90.0000015    5.0456605E+18
        95.2390015    5.0402724E+18
       100.6800016    4.8063699E+18
       114.2900019    4.0073441E+18
       119.7300019    3.6963508E+18
       122.4500020    3.5443604E+18
       125.1700020    3.3949527E+18
       127.8900021    3.2483724E+18
       130.6100021    3.1048875E+18
       133.3300022    2.9647537E+18
       136.0600022    2.8277350E+18
       146.9400024    2.3218618E+18
       149.6600024    2.2061354E+18
       155.1000025    1.9880426E+18
       157.8200026    1.8856751E+18
       160.5500026    1.7873636E+18
       165.9900027    2.1633260E+18
       171.4300028    2.0052253E+18
       176.8700029    2.0896287E+18
       179.5900029    2.0202445E+18
       182.3100030    1.9439711E+18
       185.0400030    1.8660738E+18
       187.7600031    1.7899740E+18
       190.4800031    1.7167744E+18
       195.9200032    1.5804765E+18
       198.6400032    1.5171751E+18
       204.0800033    1.3997511E+18
       206.8000034    1.3454034E+18
       209.5300034    1.2935732E+18
       212.2500035    1.2444736E+18
       214.9700035    1.1977491E+18
       220.4100036    1.1108336E+18
       225.8500037    1.0317423E+18
       236.7400038    1.0409295E+18
       247.6200040    9.0166104E+17
       258.5100042    7.8021331E+17
       272.1100044    6.5470571E+17
       285.7200046    5.5344265E+17
       299.3200049    4.7150017E+17
       312.9300051    4.0471010E+17
       340.1400055    3.0466979E+17
       353.7400058    2.6691579E+17
       380.9500062    2.0813501E+17
       394.5600064    1.8500630E+17
       408.1700066    1.6503781E+17
       435.3800071    1.3248089E+17
       462.5900075    1.0727051E+17
       476.1900077    9.6763680E+16
       489.8000080    8.7392388E+16
       503.4000082    7.9021445E+16
       517.0100084    7.1515114E+16
       557.8300091    5.3261142E+16
       571.4300093    4.8342881E+16
       585.0400095    4.3900222E+16
       612.2500100    3.6260485E+16
       666.6700108    2.4873760E+16
       680.2800111    2.2659603E+16
       707.4900115    1.9009192E+16
       734.7000119    1.5855676E+16
       761.9100124    1.3180113E+16
       789.1200128    1.0973772E+16
       816.3300133    9.1491490E+15
       843.5400137    7.6363740E+15
       870.7500142    6.3792752E+15
       911.5700148    4.8759481E+15
       952.3900155    3.7288898E+15
       993.2000162    3.5070437E+15
      1020.4000166    2.8866762E+15
      1061.2000173    2.3713239E+15
      1088.4000177    1.9378984E+15
      1102.0000179    1.7508521E+15
      1115.7000181    1.5798597E+15
      1129.3000184    1.4257243E+15
      1142.9000186    1.2856214E+15
      1156.5000188    1.1581872E+15
      1170.1000190    1.0421919E+15
      1197.3000195    3.6452794E+15
      1210.9000197    3.2948122E+15
      1224.5000199    2.9661597E+15
      1227.2000200    2.9037138E+15
      1229.9000200    2.8421871E+15
      1232.7000200    2.7793418E+15
      1235.4000201    2.7196552E+15
      1238.1000201    2.6608536E+15
      1240.8000202    2.6029231E+15
      1243.5000202    2.5458499E+15
      1246.3000203    2.4875530E+15
      1249.0000203    2.4321804E+15
      1257.2000204    2.2689244E+15
      1259.9000205    2.2167344E+15
      1262.6000205    2.1652933E+15
      1270.8000207    2.0134938E+15
      1281.6000208    1.8231323E+15
      1289.8000210    1.6852866E+15
      1292.5000210    1.6410730E+15
      1295.2000211    1.5974130E+15
      1298.0000211    1.5527021E+15
      1300.7000212    1.5101157E+15
      1303.4000212    1.4680294E+15
      1306.1000212    1.4264243E+15
      1314.3000214    1.3028195E+15
      1330.6000216    1.0673961E+15
      1341.5000218    9.1519009E+14
      1355.1000220    7.2649231E+14
      1360.6000221    6.4873938E+14
      1371.4000223    4.8757794E+14
      1382.3000225    2.9126156E+14
 
