        12.5000002    4.6205552E+18
        15.0000002    4.1737357E+18
        20.0000003    2.1305497E+18
        25.0000004    2.0786893E+18
        30.0000005    2.6013288E+18
        35.0000006    2.6063733E+18
        40.0000007    2.5688729E+18
        45.0000007    2.4041644E+18
        50.0000008    2.0908617E+18
        55.0000009    1.6894646E+18
        60.0000010    1.3011678E+18
        65.0000011    9.9751042E+17
        70.0000011    7.9134711E+17
        75.0000012    3.7171168E+18
        80.0000013    4.0792294E+18
        85.0000014    4.2252679E+18
        90.0000015    4.4471963E+18
        95.2390015    4.4617489E+18
       100.6800016    4.1941643E+18
       114.2900019    3.5627470E+18
       119.7300019    3.3668192E+18
       122.4500020    3.2737178E+18
       125.1700020    3.1824803E+18
       127.8900021    3.0924639E+18
       130.6100021    3.0032608E+18
       133.3300022    2.9146374E+18
       136.0600022    2.8261531E+18
       146.9400024    2.4788459E+18
       149.6600024    2.3939081E+18
       155.1000025    2.2273391E+18
       157.8200026    2.1460118E+18
       160.5500026    2.0658871E+18
       165.9900027    2.4478070E+18
       171.4300028    2.3246122E+18
       176.8700029    2.4029211E+18
       179.5900029    2.3476830E+18
       182.3100030    2.2779437E+18
       185.0400030    2.2003835E+18
       187.7600031    2.1206262E+18
       190.4800031    2.0419131E+18
       195.9200032    1.8918317E+18
       198.6400032    1.8202033E+18
       204.0800033    1.6849926E+18
       206.8000034    1.6218569E+18
       209.5300034    1.5614521E+18
       212.2500035    1.5040919E+18
       214.9700035    1.4494070E+18
       220.4100036    1.3475017E+18
       225.8500037    1.2546832E+18
       236.7400038    1.2904043E+18
       247.6200040    1.1421672E+18
       258.5100042    1.0047403E+18
       272.1100044    8.5640157E+17
       285.7200046    7.3231625E+17
       299.3200049    6.2866508E+17
       312.9300051    5.4193293E+17
       340.1400055    4.0859031E+17
       353.7400058    3.5753294E+17
       380.9500062    2.7803727E+17
       394.5600064    2.4702867E+17
       408.1700066    2.2050886E+17
       435.3800071    1.7795934E+17
       462.5900075    1.4570005E+17
       476.1900077    1.3242709E+17
       489.8000080    1.2065681E+17
       503.4000082    1.1018132E+17
       517.0100084    1.0080150E+17
       557.8300091    7.7903680E+16
       571.4300093    7.1669183E+16
       585.0400095    6.5994801E+16
       612.2500100    5.6101198E+16
       666.6700108    4.0864574E+16
       680.2800111    3.7802412E+16
       707.4900115    3.3338734E+16
       734.7000119    2.8873414E+16
       761.9100124    2.4670367E+16
       789.1200128    2.1139825E+16
       816.3300133    1.8160131E+16
       843.5400137    1.5636617E+16
       870.7500142    1.3491507E+16
       911.5700148    1.0851485E+16
       952.3900155    8.7626325E+15
       993.2000162    1.0130799E+16
      1020.4000166    8.6496561E+15
      1061.2000173    7.9435817E+15
      1088.4000177    6.7835213E+15
      1102.0000179    6.2741355E+15
      1115.7000181    5.8029883E+15
      1129.3000184    5.3732312E+15
      1142.9000186    4.9779020E+15
      1156.5000188    4.6140248E+15
      1170.1000190    4.2788421E+15
      1197.3000195    1.3537433E+16
      1210.9000197    1.2708902E+16
      1224.5000199    1.1919471E+16
      1227.2000200    1.1768294E+16
      1229.9000200    1.1618990E+16
      1232.7000200    1.1466129E+16
      1235.4000201    1.1320622E+16
      1238.1000201    1.1176963E+16
      1240.8000202    1.1035136E+16
      1243.5000202    1.0895124E+16
      1246.3000203    1.0751826E+16
      1249.0000203    1.0615454E+16
      1257.2000204    1.0211973E+16
      1259.9000205    1.0082565E+16
      1262.6000205    9.9548280E+15
      1270.8000207    9.5769116E+15
      1281.6000208    9.1013836E+15
      1289.8000210    8.7564612E+15
      1292.5000210    8.6458271E+15
      1295.2000211    8.5366163E+15
      1298.0000211    8.4248425E+15
      1300.7000212    8.3210428E+15
      1303.4000212    8.2160432E+15
      1306.1000212    8.1123911E+15
      1314.3000214    7.8056698E+15
      1330.6000216    7.2304507E+15
      1341.5000218    6.8699306E+15
      1355.1000220    6.4454510E+15
      1360.6000221    6.2813875E+15
      1371.4000223    5.9713499E+15
      1382.3000225    5.6740147E+15
      1390.5000226    5.4601474E+15
      1395.9000227    5.3237279E+15
      1404.1000228    5.1254277E+15
      1406.8000229    5.0610214E+15
      1409.5000229    4.9974210E+15
      1415.0000230    4.8703147E+15
      1417.7000231    4.8090985E+15
      1420.4000231    4.7486463E+15
      1423.1000231    4.6889484E+15
      1425.9000232    4.6278251E+15
      1428.6000232    4.5696326E+15
      1431.3000233    4.5121649E+15
      1436.7000234    4.3993653E+15
      1439.5000234    4.3419779E+15
      1442.2000235    4.2873400E+15
      1444.9000235    4.2333799E+15
      1447.6000235    4.1800890E+15
      1450.4000236    4.1255217E+15
      1453.1000236    4.0735671E+15
      1455.8000237    4.0222554E+15
      1458.5000237    3.9715783E+15
      1461.2000238    3.9215277E+15
      1466.7000239    3.8214761E+15
      1469.4000239    3.7732783E+15
      1472.1000239    3.7256745E+15
      1477.6000240    3.6305095E+15
      1480.3000241    3.5846632E+15
      1488.4000242    3.4515807E+15
      1491.2000242    3.4063437E+15
      1496.6000243    3.3207179E+15
      1551.0000252    2.5658476E+15
      1632.7000266    1.7281926E+15
      1823.1000296    6.2068747E+14
 
