       12.5000002    4.1548596E+18
        15.0000002    4.2674320E+18
        20.0000003    3.6241542E+18
        25.0000004    3.1379630E+18
        30.0000005    3.2168621E+18
        35.0000006    2.4592375E+18
        40.0000007    1.9173227E+18
        45.0000007    1.5777696E+18
        50.0000008    1.3238583E+18
        55.0000009    1.0951099E+18
        60.0000010    8.8455202E+17
        65.0000011    7.0158923E+17
        70.0000011    5.5205190E+17
        75.0000012    1.3396182E+18
        80.0000013    9.4223041E+17
        85.0000014    6.3458293E+17
        90.0000015    4.3028226E+17
        95.2390015    2.9181561E+17
       100.6800016    1.9868146E+17
       114.2900019    7.4131797E+16
       119.7300019    4.2763125E+16
       122.4500020    2.7066843E+16
 
