       12.5000002    4.9492135E+18
        15.0000002    4.8906024E+18
        20.0000003    2.2728633E+18
        25.0000004    1.9340224E+18
        30.0000005    2.4438817E+18
        35.0000006    2.4680042E+18
        40.0000007    2.4788270E+18
        45.0000007    2.4230971E+18
        50.0000008    2.2289194E+18
        55.0000009    1.8969153E+18
        60.0000010    1.5092314E+18
        65.0000011    1.1599826E+18
        70.0000011    8.9385780E+17
        75.0000012    3.6998052E+18
        80.0000013    3.9546690E+18
        85.0000014    4.1052078E+18
        90.0000015    4.4305805E+18
        95.2390015    4.4566530E+18
       100.6800016    4.0863603E+18
       114.2900019    3.3359320E+18
       119.7300019    3.1482278E+18
       122.4500020    3.0652892E+18
       125.1700020    2.9869866E+18
       127.8900021    2.9119581E+18
       130.6100021    2.8391930E+18
       133.3300022    2.7679633E+18
       136.0600022    2.6974973E+18
       146.9400024    2.4214825E+18
       149.6600024    2.3531863E+18
       155.1000025    2.2175492E+18
       157.8200026    2.1503667E+18
       160.5500026    2.0834944E+18
       165.9900027    2.4857715E+18
       171.4300028    2.3889567E+18
       176.8700029    2.4849862E+18
       179.5900029    2.4445827E+18
       182.3100030    2.3865351E+18
       185.0400030    2.3166817E+18
       187.7600031    2.2414457E+18
       190.4800031    2.1656517E+18
       195.9200032    2.0185412E+18
       198.6400032    1.9465131E+18
       204.0800033    1.8080213E+18
       206.8000034    1.7427055E+18
       209.5300034    1.6799501E+18
       212.2500035    1.6201368E+18
       214.9700035    1.5629155E+18
       220.4100036    1.4557717E+18
       225.8500037    1.3576165E+18
       236.7400038    1.3838845E+18
       247.6200040    1.2352260E+18
       258.5100042    1.0956506E+18
       272.1100044    9.4272464E+17
       285.7200046    8.1291224E+17
       299.3200049    7.0281031E+17
       312.9300051    6.0928111E+17
       340.1400055    4.6259368E+17
       353.7400058    4.0542808E+17
       380.9500062    3.1539086E+17
       394.5600064    2.8000754E+17
       408.1700066    2.4968938E+17
       435.3800071    2.0109097E+17
       462.5900075    1.6446411E+17
       476.1900077    1.4949802E+17
       489.8000080    1.3629219E+17
       503.4000082    1.2459716E+17
       517.0100084    1.1417417E+17
       557.8300091    8.8913786E+16
       571.4300093    8.2072401E+16
       585.0400095    7.5852318E+16
       612.2500100    6.5012306E+16
       666.6700108    4.8249482E+16
       680.2800111    4.4856729E+16
       707.4900115    4.0586758E+16
       734.7000119    3.5707677E+16
       761.9100124    3.0727474E+16
       789.1200128    2.6533342E+16
       816.3300133    2.2978410E+16
       843.5400137    1.9950761E+16
       870.7500142    1.7362016E+16
       911.5700148    1.4149645E+16
       952.3900155    1.1580813E+16
       993.2000162    1.4634795E+16
      1020.4000166    1.2582982E+16
      1061.2000173    1.1941615E+16
      1088.4000177    1.0275012E+16
      1102.0000179    9.5402530E+15
      1115.7000181    8.8588291E+15
      1129.3000184    8.2355998E+15
      1142.9000186    7.6608097E+15
      1156.5000188    7.1302728E+15
      1170.1000190    6.6403249E+15
      1197.3000195    1.9541169E+16
      1210.9000197    1.8444539E+16
      1224.5000199    1.7396207E+16
      1227.2000200    1.7195013E+16
      1229.9000200    1.6996162E+16
      1232.7000200    1.6795411E+16
      1235.4000201    1.6601327E+16
      1238.1000201    1.6409564E+16
      1240.8000202    1.6220099E+16
      1243.5000202    1.6032915E+16
      1246.3000203    1.5841185E+16
      1249.0000203    1.5658578E+16
      1257.2000204    1.5117443E+16
      1259.9000205    1.4943607E+16
      1262.6000205    1.4771880E+16
      1270.8000207    1.4262997E+16
      1281.6000208    1.3620864E+16
      1289.8000210    1.3153764E+16
      1292.5000210    1.3003693E+16
      1295.2000211    1.2855432E+16
      1298.0000211    1.2703565E+16
      1300.7000212    1.2558917E+16
      1303.4000212    1.2416008E+16
      1306.1000212    1.2274818E+16
      1314.3000214    1.1856318E+16
      1330.6000216    1.1068523E+16
      1341.5000218    1.0572670E+16
      1355.1000220    9.9866064E+15
      1360.6000221    9.7594016E+15
      1371.4000223    9.3289310E+15
      1382.3000225    8.9146610E+15
      1390.5000226    8.6157624E+15
      1395.9000227    8.4246820E+15
      1404.1000228    8.1429713E+15
      1406.8000229    8.0523867E+15
      1409.5000229    7.9628559E+15
      1415.0000230    7.7836849E+15
      1417.7000231    7.6972761E+15
      1420.4000231    7.6118696E+15
      1423.1000231    7.5274526E+15
      1425.9000232    7.4409412E+15
      1428.6000232    7.3585020E+15
      1431.3000233    7.2770157E+15
      1436.7000234    7.1168542E+15
      1439.5000234    7.0352590E+15
      1442.2000235    6.9575007E+15
      1444.9000235    6.8806369E+15
      1447.6000235    6.8073498E+15
      1450.4000236    6.7294825E+15
      1453.1000236    6.6552746E+15
      1455.8000237    6.5819177E+15
      1458.5000237    6.5094009E+15
      1461.2000238    6.4377147E+15
      1466.7000239    6.2942134E+15
      1469.4000239    6.2249865E+15
      1472.1000239    6.1565500E+15
      1477.6000240    6.0195448E+15
      1480.3000241    5.9534480E+15
      1488.4000242    5.7596317E+15
      1491.2000242    5.6941624E+15
      1496.6000243    5.5700636E+15
      1551.0000252    4.4648614E+15
      1632.7000266    3.2115052E+15
      1823.1000296    1.4872032E+15
      2340.2000381    3.9934761E+13
 
