       12.5000002    3.0053427E+18
        15.0000002    4.4656640E+18
        20.0000003    3.7082055E+18
        25.0000004    2.6093599E+18
        30.0000005    2.1389612E+18
        35.0000006    1.8034837E+18
        40.0000007    1.6909710E+18
        45.0000007    1.5969503E+18
        50.0000008    1.4827880E+18
        55.0000009    1.3253656E+18
        60.0000010    1.1342294E+18
        65.0000011    9.4427605E+17
        70.0000011    7.8192099E+17
        75.0000012    6.4184250E+18
        80.0000013    6.7057961E+18
        85.0000014    6.1872774E+18
        90.0000015    5.5550813E+18
        95.2390015    4.8296120E+18
       100.6800016    4.0349391E+18
       114.2900019    2.4659665E+18
       119.7300019    2.0178933E+18
       122.4500020    1.8248742E+18
       125.1700020    1.6501788E+18
       127.8900021    1.4921951E+18
       130.6100021    1.3494297E+18
       133.3300022    1.2205033E+18
       136.0600022    1.1037385E+18
       146.9400024    7.4214444E+17
       149.6600024    6.7295108E+17
       155.1000025    5.5451969E+17
       157.8200026    5.0398875E+17
       160.5500026    4.5832637E+17
       165.9900027    9.7002482E+17
       171.4300028    8.7353766E+17
       176.8700029    1.0283466E+18
       179.5900029    9.7739341E+17
       182.3100030    9.2424185E+17
       185.0400030    8.7174436E+17
       187.7600031    8.2158361E+17
       190.4800031    7.7404066E+17
       195.9200032    6.8698730E+17
       198.6400032    6.4724717E+17
       204.0800033    5.7467614E+17
       206.8000034    5.4158703E+17
       209.5300034    5.1034671E+17
       212.2500035    4.8106204E+17
       214.9700035    4.5350089E+17
       220.4100036    4.0313092E+17
       225.8500037    3.5846965E+17
       236.7400038    4.1596951E+17
       247.6200040    3.5237375E+17
       258.5100042    2.9904088E+17
       272.1100044    2.4422211E+17
       285.7200046    1.9965604E+17
       299.3200049    1.6321467E+17
       312.9300051    1.3324109E+17
       340.1400055    8.8207814E+16
       353.7400058    7.1434107E+16
       380.9500062    4.6218852E+16
       394.5600064    3.6845403E+16
       408.1700066    2.9135347E+16
       435.3800071    1.7566635E+16
       462.5900075    9.6187951E+15
       476.1900077    6.5113148E+15
       489.8000080    3.6136835E+15
 
