       12.5000002    1.8226673E+01
        15.0000002    1.4300947E+01
        20.0000003    3.7635612E+00
        25.0000004    5.6157005E-01
        30.0000005    2.0259346E-01
        35.0000006    1.3208105E-01
        40.0000007    8.3577700E-02
        45.0000007    4.9433149E-02
        50.0000008    2.6968546E-02
        55.0000009    1.3790191E-02
        60.0000010    7.0387796E-03
        65.0000011    3.8588108E-03
        70.0000011    2.3522018E-03
        75.0000012    1.9432666E-02
        80.0000013    1.4324787E-02
        85.0000014    9.1587268E-03
        90.0000015    5.6498647E-03
        95.2390015    3.3271406E-03
       100.6800016    1.8809339E-03
       114.2900019    4.4179978E-04
       119.7300019    2.4713439E-04
       122.4500020    1.8482779E-04
       125.1700020    1.3824136E-04
       127.8900021    1.0341530E-04
       130.6100021    7.7382923E-05
       133.3300022    5.7922807E-05
       136.0600022    4.3326425E-05
       146.9400024    1.3643528E-05
       149.6600024    1.0205295E-05
       155.1000025    5.6593331E-06
       157.8200026    4.1765088E-06
       160.5500026    3.0436327E-06
       165.9900027    5.7552879E-06
       171.4300028    1.8621287E-06
 
