       12.5000002    4.6912576E+02
        15.0000002    1.1470050E+02
        20.0000003    2.3410418E+01
        25.0000004    1.2357905E+01
        30.0000005    8.8480768E+00
        35.0000006    5.2669845E+00
        40.0000007    2.8866265E+00
        45.0000007    1.4630610E+00
        50.0000008    7.0000166E-01
        55.0000009    3.2636663E-01
        60.0000010    1.6066867E-01
        65.0000011    9.1721326E-02
        70.0000011    6.1612204E-02
        75.0000012    1.9605213E-01
        80.0000013    1.7725511E-01
        85.0000014    1.5202540E-01
        90.0000015    1.3265562E-01
        95.2390015    1.1356496E-01
       100.6800016    9.2522800E-02
       114.2900019    5.2668437E-02
       119.7300019    4.1835848E-02
       122.4500020    3.7245926E-02
       125.1700020    3.3135727E-02
       127.8900021    2.9458936E-02
       130.6100021    2.6173627E-02
       133.3300022    2.3241561E-02
       136.0600022    2.0618767E-02
       146.9400024    1.2751144E-02
       149.6600024    1.1302203E-02
       155.1000025    8.8784238E-03
       157.8200026    7.8693852E-03
       160.5500026    6.9725611E-03
       165.9900027    6.6358820E-03
       171.4300028    5.3615747E-03
       176.8700029    4.6932832E-03
       179.5900029    4.2482205E-03
       182.3100030    3.8313852E-03
       185.0400030    3.4496943E-03
       187.7600031    3.1073394E-03
       190.4800031    2.8011245E-03
       195.9200032    2.2838756E-03
       198.6400032    2.0658001E-03
       204.0800033    1.6961294E-03
       206.8000034    1.5396602E-03
       209.5300034    1.3987713E-03
       212.2500035    1.2726607E-03
       214.9700035    1.1591772E-03
       220.4100036    9.6462457E-04
       225.8500037    8.0577552E-04
       236.7400038    6.5414089E-04
       247.6200040    4.5780686E-04
       258.5100042    3.2149540E-04
       272.1100044    2.0957283E-04
       285.7200046    1.3892226E-04
       299.3200049    9.3729446E-05
       312.9300051    6.4311607E-05
       340.1400055    3.1761898E-05
       353.7400058    2.2794082E-05
       380.9500062    1.2127045E-05
       394.5600064    8.9574824E-06
       408.1700066    6.6574635E-06
       435.3800071    3.7253494E-06
       462.5900075    2.1029000E-06
       476.1900077    1.5811887E-06
       489.8000080    1.1877668E-06
       503.4000082    8.9098677E-07
       517.0100084    6.6658112E-07
       557.8300091    2.7257215E-07
       571.4300093    1.9998880E-07
       585.0400095    1.4548399E-07
       612.2500100    7.4403005E-08
       666.6700108    1.4248012E-08
       680.2800111    7.5844300E-09
 
