       12.5000002    5.2595211E+01
        15.0000002    3.0527130E+01
        20.0000003    1.5986303E+01
        25.0000004    6.4001498E+00
        30.0000005    4.2253528E+00
        35.0000006    1.7014185E+00
        40.0000007    6.6995239E-01
        45.0000007    2.8959656E-01
        50.0000008    1.4550249E-01
        55.0000009    8.9262195E-02
        60.0000010    6.3053183E-02
        65.0000011    4.5968212E-02
        70.0000011    3.2726031E-02
        75.0000012    1.2611869E-01
        80.0000013    1.1302233E-01
        85.0000014    9.3695678E-02
        90.0000015    7.8151740E-02
        95.2390015    6.3155681E-02
       100.6800016    4.7724918E-02
       114.2900019    2.1982364E-02
       119.7300019    1.6063634E-02
       122.4500020    1.3730962E-02
       125.1700020    1.1737415E-02
       127.8900021    1.0034145E-02
       130.6100021    8.5791461E-03
       133.3300022    7.3363977E-03
       136.0600022    6.2714112E-03
       146.9400024    3.3659043E-03
       149.6600024    2.8833479E-03
       155.1000025    2.1183046E-03
       157.8200026    1.8167731E-03
       160.5500026    1.5579613E-03
       165.9900027    1.6417534E-03
       171.4300028    1.2943441E-03
       176.8700029    1.1931189E-03
       179.5900029    1.0733071E-03
       182.3100030    9.6165226E-04
       185.0400030    8.5979141E-04
       187.7600031    7.6869887E-04
       190.4800031    6.8744010E-04
       195.9200032    5.5079575E-04
       198.6400032    4.9348862E-04
       204.0800033    3.9688262E-04
       206.8000034    3.5625874E-04
       209.5300034    3.1986015E-04
       212.2500035    2.8745740E-04
       214.9700035    2.5847409E-04
       220.4100036    2.0928122E-04
       225.8500037    1.6973795E-04
       236.7400038    1.1734634E-04
       247.6200040    7.8678444E-05
       258.5100042    5.3544332E-05
       272.1100044    3.3737775E-05
       285.7200046    2.1594818E-05
       299.3200049    1.3975350E-05
       312.9300051    9.0911499E-06
       340.1400055    3.8374137E-06
       353.7400058    2.4668495E-06
       380.9500062    9.7028510E-07
       394.5600064    5.8356454E-07
       408.1700066    3.3399328E-07
       435.3800071    7.1014483E-08
 
