       12.5000002    2.4956850E+01
        15.0000002    3.1061796E+01
        20.0000003    1.0913122E+01
        25.0000004    4.5315747E+00
        30.0000005    1.9839549E+00
        35.0000006    6.2890846E-01
        40.0000007    2.5449812E-01
        45.0000007    1.3575396E-01
        50.0000008    8.7795660E-02
        55.0000009    6.2198684E-02
        60.0000010    4.3469474E-02
        65.0000011    2.8831977E-02
        70.0000011    1.8248973E-02
        75.0000012    9.0778224E-02
        80.0000013    7.9095162E-02
        85.0000014    6.2436275E-02
        90.0000015    4.8802461E-02
        95.2390015    3.6611244E-02
       100.6800016    2.5829937E-02
       114.2900019    1.0253540E-02
       119.7300019    7.0876651E-03
       122.4500020    5.8955466E-03
       125.1700020    4.9056290E-03
       127.8900021    4.0834188E-03
       130.6100021    3.4003302E-03
       133.3300022    2.8326712E-03
       136.0600022    2.3592229E-03
       146.9400024    1.1437697E-03
       149.6600024    9.5570169E-04
       155.1000025    6.6849624E-04
       157.8200026    5.5965950E-04
       160.5500026    4.6857694E-04
       165.9900027    6.1053201E-04
       171.4300028    4.7529596E-04
       176.8700029    4.6048127E-04
       179.5900029    4.0978938E-04
       182.3100030    3.6257016E-04
       185.0400030    3.1976373E-04
       187.7600031    2.8181457E-04
       190.4800031    2.4828454E-04
       195.9200032    1.9274767E-04
       198.6400032    1.6985547E-04
       204.0800033    1.3195259E-04
       206.8000034    1.1632242E-04
       209.5300034    1.0250437E-04
       212.2500035    9.0373134E-05
       214.9700035    7.9677207E-05
       220.4100036    6.1921237E-05
       225.8500037    4.8095622E-05
       236.7400038    3.3853248E-05
       247.6200040    2.1662416E-05
       258.5100042    1.3877810E-05
       272.1100044    7.9054134E-06
       285.7200046    4.4119683E-06
       299.3200049    2.3703692E-06
       312.9300051    1.1848490E-06
       340.1400055    4.4573387E-08
 
