       12.5000002    1.0494022E+01
        15.0000002    7.1629372E+00
        20.0000003    6.4149672E-01
        25.0000004    1.6614817E-01
        30.0000005    1.3851926E-01
        35.0000006    7.0470616E-02
        40.0000007    3.2176822E-02
        45.0000007    1.3858333E-02
        50.0000008    6.3043716E-03
        55.0000009    3.3327152E-03
        60.0000010    1.9880428E-03
        65.0000011    1.2276521E-03
        70.0000011    7.4471347E-04
        75.0000012    2.8134561E-03
        80.0000013    1.5409578E-03
        85.0000014    7.2874600E-04
        90.0000015    3.2389167E-04
        95.2390015    1.3111510E-04
       100.6800016    4.7668589E-05
 
