       12.5000002    1.4595245E+03
        15.0000002    6.0755023E+02
        20.0000003    4.6782284E+01
        25.0000004    2.0049168E+01
        30.0000005    1.3906304E+01
        35.0000006    8.7508860E+00
        40.0000007    5.8366594E+00
        45.0000007    3.7698503E+00
        50.0000008    2.2589877E+00
        55.0000009    1.2408633E+00
        60.0000010    6.3497490E-01
        65.0000011    3.1650987E-01
        70.0000011    1.6334358E-01
        75.0000012    3.5860467E-01
        80.0000013    2.9448533E-01
        85.0000014    2.5482693E-01
        90.0000015    2.3480974E-01
        95.2390015    1.9428663E-01
       100.6800016    1.4643769E-01
       114.2900019    8.1933111E-02
       119.7300019    6.7684904E-02
       122.4500020    6.1698467E-02
       125.1700020    5.6290831E-02
       127.8900021    5.1375113E-02
       130.6100021    4.6887584E-02
       133.3300022    4.2780094E-02
       136.0600022    3.9001707E-02
       146.9400024    2.6821302E-02
       149.6600024    2.4387514E-02
       155.1000025    2.0129662E-02
       157.8200026    1.8275086E-02
       160.5500026    1.6578678E-02
       165.9900027    1.6302127E-02
       171.4300028    1.3759418E-02
       176.8700029    1.2222108E-02
       179.5900029    1.1273738E-02
       182.3100030    1.0317338E-02
       185.0400030    9.3910852E-03
       187.7600031    8.5285939E-03
       190.4800031    7.7405595E-03
       195.9200032    6.3809487E-03
       198.6400032    5.7947743E-03
       204.0800033    4.7870399E-03
       206.8000034    4.3569910E-03
       209.5300034    3.9684363E-03
       212.2500035    3.6196751E-03
       214.9700035    3.3051169E-03
       220.4100036    2.7644292E-03
       225.8500037    2.3218547E-03
       236.7400038    1.9802309E-03
       247.6200040    1.4551068E-03
       258.5100042    1.0650158E-03
       272.1100044    7.2532118E-04
       285.7200046    4.9859460E-04
       299.3200049    3.4622604E-04
       312.9300051    2.4284073E-04
       340.1400055    1.2346715E-04
       353.7400058    8.9554596E-05
       380.9500062    4.8736358E-05
       394.5600064    3.6544985E-05
       408.1700066    2.7685366E-05
       435.3800071    1.6338880E-05
       462.5900075    9.9498257E-06
       476.1900077    7.8404219E-06
       489.8000080    6.2104377E-06
       503.4000082    4.9431023E-06
       517.0100084    3.9495353E-06
       557.8300091    2.0526008E-06
       571.4300093    1.6581296E-06
       585.0400095    1.3414971E-06
       612.2500100    8.8152376E-07
       666.6700108    3.8351408E-07
       680.2800111    3.1150077E-07
       707.4900115    2.0916789E-07
       734.7000119    1.3793384E-07
       761.9100124    8.9642676E-08
       789.1200128    5.7882815E-08
       816.3300133    3.7016228E-08
       843.5400137    2.3348980E-08
       870.7500142    1.4443016E-08
       911.5700148    6.6265651E-09
       952.3900155    2.6362088E-09
       993.2000162    6.2492217E-10
 
