       80.0000013    1.6240367E+18
        85.0000014    1.1329274E+18
        90.0000015    7.9972696E+17
        95.2390015    5.6314326E+17
       100.6800016    3.9802451E+17
       114.2900019    1.8266041E+17
       119.7300019    1.3911935E+17
       122.4500020    1.2245299E+17
       125.1700020    1.0838695E+17
       127.8900021    9.6459167E+16
       130.6100021    8.6293529E+16
       133.3300022    7.7584598E+16
       136.0600022    7.0056925E+16
       146.9400024    5.1824429E+17
       149.6600024    4.6924342E+17
       155.1000025    3.8427612E+17
       157.8200026    3.4790936E+17
       160.5500026    3.1500854E+17
       165.9900027    2.5876668E+17
       171.4300028    2.1289402E+17
       176.8700029    1.7539004E+17
       179.5900029    1.5926673E+17
       182.3100030    1.4466694E+17
       185.0400030    1.3139505E+17
       187.7600031    1.1941395E+17
       190.4800031    1.0855234E+17
       195.9200032    8.9766165E+16
       198.6400032    8.1656829E+16
       204.0800033    2.1115191E+17
       206.8000034    1.9758540E+17
       209.5300034    1.8461388E+17
       212.2500035    1.7243134E+17
       214.9700035    1.6099728E+17
       220.4100036    1.4026271E+17
       225.8500037    1.2211400E+17
       236.7400038    9.2327005E+16
       247.6200040    6.9560874E+16
       258.5100042    5.2136260E+16
       272.1100044    3.6033122E+16
       285.7200046    2.4536523E+16
       299.3200049    1.6346768E+16
       312.9300051    1.0492493E+16
       340.1400055    3.0439757E+15
 
