       80.0000013    2.2329872E+17
        85.0000014    1.5856250E+17
        90.0000015    1.1721964E+17
        95.2390015    8.8186519E+16
       100.6800016    6.7096731E+16
       114.2900019    3.5012820E+16
       119.7300019    2.6848584E+16
       122.4500020    2.3417281E+16
       125.1700020    2.0351479E+16
       127.8900021    1.7609791E+16
       130.6100021    1.5156357E+16
       133.3300022    1.2959473E+16
       136.0600022    1.0983653E+16
       146.9400024    1.6650668E+16
       149.6600024    1.1700179E+16
       155.1000025    2.3607433E+15
 
