       80.0000013    7.3550593E+18
        85.0000014    5.7672403E+18
        90.0000015    4.5374025E+18
        95.2390015    3.5431391E+18
       100.6800016    2.7525619E+18
       114.2900019    1.4919187E+18
       119.7300019    1.1765126E+18
       122.4500020    1.0463632E+18
       125.1700020    9.3155202E+17
       127.8900021    8.3017931E+17
       130.6100021    7.4059434E+17
       133.3300022    6.6135995E+17
       136.0600022    5.9098118E+17
       146.9400024    1.7991949E+18
       149.6600024    1.7140804E+18
       155.1000025    1.5350324E+18
       157.8200026    1.4492806E+18
       160.5500026    1.3674387E+18
       165.9900027    1.2177339E+18
       171.4300028    1.0850729E+18
       176.8700029    9.6770643E+17
       179.5900029    9.1417843E+17
       182.3100030    8.6379592E+17
       185.0400030    8.1618796E+17
       187.7600031    7.7151460E+17
       190.4800031    7.2942158E+17
       195.9200032    6.5233915E+17
       198.6400032    6.1705953E+17
       204.0800033    7.0550521E+17
       206.8000034    6.7581249E+17
       209.5300034    6.4745642E+17
       212.2500035    6.2066710E+17
       214.9700035    5.9527367E+17
       220.4100036    5.4832796E+17
       225.8500037    5.0594409E+17
       236.7400038    4.3252204E+17
       247.6200040    3.7146677E+17
       258.5100042    3.2006399E+17
       272.1100044    2.6668728E+17
       285.7200046    2.2284775E+17
       299.3200049    1.8667034E+17
       312.9300051    1.5664297E+17
       340.1400055    1.1085385E+17
       353.7400058    9.3470729E+16
       380.9500062    6.6738904E+16
       394.5600064    5.6515327E+16
       408.1700066    4.7929125E+16
       435.3800071    3.4630268E+16
       462.5900075    2.5168152E+16
       476.1900077    2.1502833E+16
       489.8000080    1.8394087E+16
       503.4000082    1.5757047E+16
       517.0100084    1.3513169E+16
       557.8300091    8.5809855E+15
       571.4300093    7.3904077E+15
       585.0400095    6.3695015E+15
       612.2500100    4.7414930E+15
       666.6700108    2.6410559E+15
       680.2800111    2.2823827E+15
       707.4900115    1.7039212E+15
       734.7000119    1.2698903E+15
       761.9100124    9.4330883E+14
       789.1200128    6.9695649E+14
       816.3300133    5.1066369E+14
       843.5400137    3.6937866E+14
       870.7500142    2.6175859E+14
       911.5700148    1.4484195E+14
       952.3900155    5.9705158E+13
 
