       80.0000013    5.9099948E+18
        85.0000014    4.5283417E+18
        90.0000015    3.4851984E+18
        95.2390015    2.6620746E+18
       100.6800016    2.0230428E+18
       114.2900019    1.0419367E+18
       119.7300019    8.0660606E+17
       122.4500020    7.1113361E+17
       125.1700020    6.2783165E+17
       127.8900021    5.5507601E+17
       130.6100021    4.9146940E+17
       133.3300022    4.3580758E+17
       136.0600022    3.8688392E+17
       146.9400024    1.5483251E+18
       149.6600024    1.4635106E+18
       155.1000025    1.2928693E+18
       157.8200026    1.2129613E+18
       160.5500026    1.1374158E+18
       165.9900027    1.0007292E+18
       171.4300028    8.8108533E+17
       176.8700029    7.7641299E+17
       179.5900029    7.2906843E+17
       182.3100030    6.8474904E+17
       185.0400030    6.4310050E+17
       187.7600031    6.0423620E+17
       190.4800031    5.6782151E+17
       195.9200032    5.0169822E+17
       198.6400032    4.7169808E+17
       204.0800033    6.0010747E+17
       206.8000034    5.7411573E+17
       209.5300034    5.4918115E+17
       212.2500035    5.2555594E+17
       214.9700035    5.0311460E+17
       220.4100036    4.6152351E+17
       225.8500037    4.2387623E+17
       236.7400038    3.5852765E+17
       247.6200040    3.0419683E+17
       258.5100042    2.5862646E+17
       272.1100044    2.1167776E+17
       285.7200046    1.7359265E+17
       299.3200049    1.4263930E+17
       312.9300051    1.1738421E+17
       340.1400055    7.9891709E+16
       353.7400058    6.6070070E+16
       380.9500062    4.5390232E+16
       394.5600064    3.7703817E+16
       408.1700066    3.1363520E+16
       435.3800071    2.1790121E+16
       462.5900075    1.5206754E+16
       476.1900077    1.2721474E+16
       489.8000080    1.0648377E+16
       503.4000082    8.9189951E+15
       517.0100084    7.4721269E+15
       557.8300091    4.3946806E+15
       571.4300093    3.6796493E+15
       585.0400095    3.0780240E+15
       612.2500100    2.1457883E+15
       666.6700108    1.0120905E+15
       680.2800111    8.2939785E+14
       707.4900115    5.4343355E+14
       734.7000119    3.3559767E+14
       761.9100124    1.7781393E+14
 
