       12.5000002    3.9549010E+00
        15.0000002    1.2477931E+00
        20.0000003    2.5734761E-01
        25.0000004    1.2920080E-01
        30.0000005    7.8807496E-02
        35.0000006    3.2909259E-02
        40.0000007    1.4110773E-02
        45.0000007    7.0458795E-03
        50.0000008    4.1083707E-03
        55.0000009    2.5770334E-03
        60.0000010    1.6387042E-03
        65.0000011    1.0367493E-03
        70.0000011    6.5332570E-04
        75.0000012    2.2197661E-03
        80.0000013    1.3896009E-03
        85.0000014    8.0454902E-04
        90.0000015    4.6519405E-04
        95.2390015    2.6659705E-04
       100.6800016    1.5342323E-04
       114.2900019    4.4138756E-05
       119.7300019    2.8312361E-05
       122.4500020    2.2917706E-05
       125.1700020    1.8674542E-05
       127.8900021    1.5312735E-05
       130.6100021    1.2630296E-05
       133.3300022    1.0475240E-05
       136.0600022    8.7267008E-06
       146.9400024    4.4037206E-06
       149.6600024    3.7462823E-06
       155.1000025    2.7360556E-06
       157.8200026    2.3477701E-06
       160.5500026    2.0183668E-06
       165.9900027    4.8768402E-06
       171.4300028    3.5074981E-06
       176.8700029    3.4443744E-06
       179.5900029    2.9275277E-06
       182.3100030    2.4884457E-06
       185.0400030    2.1159024E-06
       187.7600031    1.8023737E-06
       190.4800031    1.5372822E-06
       195.9200032    1.1226591E-06
       198.6400032    9.6118799E-07
       204.0800033    7.0709467E-07
       206.8000034    6.0751159E-07
       209.5300034    5.2223447E-07
       212.2500035    4.4965142E-07
       214.9700035    3.8755070E-07
       220.4100036    2.8873538E-07
       225.8500037    2.1590157E-07
       236.7400038    4.5042842E-07
       247.6200040    2.7890698E-07
       258.5100042    1.7204775E-07
       272.1100044    9.4007419E-08
       285.7200046    5.1132574E-08
       299.3200049    2.7561999E-08
       312.9300051    1.4598594E-08
       340.1400055    3.6823553E-09
       353.7400058    1.6374350E-09
 
