       12.5000002    1.9174066E+02
        15.0000002    4.2162632E+01
        20.0000003    2.1602287E+01
        25.0000004    9.4956141E+00
        30.0000005    7.1410065E+00
        35.0000006    3.7559826E+00
        40.0000007    1.7967496E+00
        45.0000007    8.2753569E-01
        50.0000008    3.7986097E-01
        55.0000009    1.8471675E-01
        60.0000010    1.0452176E-01
        65.0000011    7.0121586E-02
        70.0000011    5.1806770E-02
        75.0000012    1.7992879E-01
        80.0000013    1.6397464E-01
        85.0000014    1.4054984E-01
        90.0000015    1.2265955E-01
        95.2390015    1.0536514E-01
       100.6800016    8.5492760E-02
       114.2900019    4.7228072E-02
       119.7300019    3.7069332E-02
       122.4500020    3.2825351E-02
       125.1700020    2.9059678E-02
       127.8900021    2.5720790E-02
       130.6100021    2.2762429E-02
       133.3300022    2.0142874E-02
       136.0600022    1.7816719E-02
       146.9400024    1.0938950E-02
       149.6600024    9.6888328E-03
       155.1000025    7.6087867E-03
       157.8200026    6.7467745E-03
       160.5500026    5.9824213E-03
       165.9900027    5.7979003E-03
       171.4300028    4.7134799E-03
       176.8700029    4.2005018E-03
       179.5900029    3.8211034E-03
       182.3100030    3.4656143E-03
       185.0400030    3.1394027E-03
       187.7600031    2.8458000E-03
       190.4800031    2.5820525E-03
       195.9200032    2.1334244E-03
       198.6400032    1.9428380E-03
       204.0800033    1.6172014E-03
       206.8000034    1.4781996E-03
       209.5300034    1.3523325E-03
       212.2500035    1.2390277E-03
       214.9700035    1.1364863E-03
       220.4100036    9.5920294E-04
       225.8500037    8.1277807E-04
       236.7400038    6.7070645E-04
       247.6200040    4.8416373E-04
       258.5100042    3.5176400E-04
       272.1100044    2.3987086E-04
       285.7200046    1.6663833E-04
       299.3200049    1.1793271E-04
       312.9300051    8.4911226E-05
       340.1400055    4.6179084E-05
       353.7400058    3.4786637E-05
       380.9500062    2.0445968E-05
       394.5600064    1.5911999E-05
       408.1700066    1.2489873E-05
       435.3800071    7.8671537E-06
       462.5900075    5.0771209E-06
       476.1900077    4.1103144E-06
       489.8000080    3.3421602E-06
       503.4000082    2.7292983E-06
       517.0100084    2.2371246E-06
       557.8300091    1.2581654E-06
       571.4300093    1.0452395E-06
       585.0400095    8.7077615E-07
       612.2500100    6.0947883E-07
       666.6700108    3.0787021E-07
       680.2800111    2.6107543E-07
       707.4900115    1.9147157E-07
       734.7000119    1.4032607E-07
       761.9100124    1.0299643E-07
       789.1200128    7.6217340E-08
       816.3300133    5.6834576E-08
       843.5400137    4.2688015E-08
       870.7500142    3.2281836E-08
       911.5700148    2.1484082E-08
       952.3900155    1.4490682E-08
       993.2000162    1.3033569E-08
      1020.4000166    1.0024258E-08
      1061.2000173    7.7348385E-09
      1088.4000177    6.0037295E-09
      1102.0000179    5.2999445E-09
      1115.7000181    4.6805337E-09
      1129.3000184    4.1425574E-09
      1142.9000186    3.6709793E-09
      1156.5000188    3.2570402E-09
      1170.1000190    2.8932103E-09
      1197.3000195    8.9892200E-09
      1210.9000197    8.0828091E-09
      1224.5000199    7.2651991E-09
      1227.2000200    7.1133344E-09
      1229.9000200    6.9648052E-09
      1232.7000200    6.8142296E-09
      1235.4000201    6.6722947E-09
      1238.1000201    6.5334955E-09
      1240.8000202    6.3977650E-09
      1243.5000202    6.2650356E-09
      1246.3000203    6.1304881E-09
      1249.0000203    6.0036660E-09
      1257.2000204    5.6354059E-09
      1259.9000205    5.5195026E-09
      1262.6000205    5.4061489E-09
      1270.8000207    5.0769180E-09
      1281.6000208    4.6757105E-09
      1289.8000210    4.3938368E-09
      1292.5000210    4.3050590E-09
      1295.2000211    4.2182027E-09
      1298.0000211    4.1301118E-09
      1300.7000212    4.0470338E-09
      1303.4000212    3.9657464E-09
      1306.1000212    3.8862078E-09
      1314.3000214    3.6549626E-09
      1330.6000216    3.2379748E-09
      1341.5000218    2.9877965E-09
      1355.1000220    2.7043565E-09
      1360.6000221    2.5980489E-09
      1371.4000223    2.4021232E-09
      1382.3000225    2.2203661E-09
      1390.5000226    2.0933750E-09
      1395.9000227    2.0140170E-09
      1404.1000228    1.8996194E-09
      1406.8000229    1.8634938E-09
      1409.5000229    1.8281044E-09
      1415.0000230    1.7582253E-09
      1417.7000231    1.7249746E-09
      1420.4000231    1.6923977E-09
      1423.1000231    1.6604798E-09
      1425.9000232    1.6280607E-09
      1428.6000232    1.5974417E-09
      1431.3000233    1.5674396E-09
      1436.7000234    1.5092333E-09
      1439.5000234    1.4799688E-09
      1442.2000235    1.4523253E-09
      1444.9000235    1.4252347E-09
      1447.6000235    1.3986854E-09
      1450.4000236    1.3717122E-09
      1453.1000236    1.3462300E-09
      1455.8000237    1.3212548E-09
      1458.5000237    1.2967758E-09
      1461.2000238    1.2727824E-09
      1466.7000239    1.2253670E-09
      1469.4000239    1.2027866E-09
      1472.1000239    1.1806519E-09
      1477.6000240    1.1369019E-09
      1480.3000241    1.1160636E-09
      1488.4000242    1.0559682E-09
      1491.2000242    1.0360092E-09
      1496.6000243    9.9864950E-10
      1551.0000252    6.9346134E-10
      1632.7000266    4.0790291E-10
      1823.1000296    1.2693406E-10
      2340.2000381    7.3801356E-12
      2829.9000460    3.4555949E-13
      3047.6000496    0.0000000E+00
 
