        12.5000002    1.9070385E+01
        15.0000002    1.4924452E+01
        20.0000003    4.3942084E+00
        25.0000004    7.7003950E-01
        30.0000005    2.4475767E-01
        35.0000006    1.5475905E-01
        40.0000007    1.0378017E-01
        45.0000007    6.7128435E-02
        50.0000008    4.1082017E-02
        55.0000009    2.3574578E-02
        60.0000010    1.3071016E-02
        65.0000011    7.3655592E-03
        70.0000011    4.4102082E-03
        75.0000012    3.9171651E-02
        80.0000013    3.2060985E-02
        85.0000014    2.3130178E-02
        90.0000015    1.6314682E-02
        95.2390015    1.1125504E-02
       100.6800016    7.3308842E-03
       114.2900019    2.6037663E-03
       119.7300019    1.7442172E-03
       122.4500020    1.4318998E-03
       125.1700020    1.1779135E-03
       127.8900021    9.7099139E-04
       130.6100021    8.0210785E-04
       133.3300022    6.6402060E-04
       136.0600022    5.5053172E-04
       146.9400024    2.6683282E-04
       149.6600024    2.2395587E-04
       155.1000025    1.5893222E-04
       157.8200026    1.3439213E-04
       160.5500026    1.1386429E-04
       165.9900027    2.3478713E-04
       171.4300028    1.8615380E-04
       176.8700029    1.9637521E-04
       179.5900029    1.7555973E-04
       182.3100030    1.5629968E-04
       185.0400030    1.3890689E-04
       187.7600031    1.2350302E-04
       190.4800031    1.0987472E-04
       195.9200032    8.7195367E-05
       198.6400032    7.7785306E-05
       204.0800033    6.2075764E-05
       206.8000034    5.5531236E-05
       209.5300034    4.9701441E-05
       212.2500035    4.4541062E-05
       214.9700035    3.9950803E-05
       220.4100036    3.2221276E-05
       225.8500037    2.6071024E-05
       236.7400038    2.4097788E-05
       247.6200040    1.7255892E-05
       258.5100042    1.2485686E-05
       272.1100044    8.4484855E-06
       285.7200046    5.7888506E-06
       299.3200049    4.0115442E-06
       312.9300051    2.8063289E-06
       340.1400055    1.4093205E-06
       353.7400058    1.0103778E-06
       380.9500062    5.3000116E-07
       394.5600064    3.8751517E-07
       408.1700066    2.8503888E-07
       435.3800071    1.5688703E-07
       462.5900075    8.8187235E-08
       476.1900077    6.6611932E-08
       489.8000080    5.0538215E-08
       503.4000082    3.8520962E-08
       517.0100084    2.9479793E-08
       557.8300091    1.3528741E-08
       571.4300093    1.0511381E-08
       585.0400095    8.1919316E-09
       612.2500100    5.0209215E-09
       666.6700108    1.9430124E-09
       680.2800111    1.5399184E-09
       707.4900115    9.7204511E-10
       734.7000119    6.1589223E-10
       761.9100124    3.9104725E-10
       789.1200128    2.4829311E-10
       816.3300133    1.5731656E-10
       843.5400137    9.9132584E-11
       870.7500142    6.1949772E-11
       911.5700148    2.9766051E-11
       952.3900155    1.3469730E-11
       993.2000162    5.5530511E-12
      1020.4000166    2.3889675E-12
 
