       12.5000002    1.4532148E+03
        15.0000002    6.0917896E+02
        20.0000003    4.7781143E+01
        25.0000004    2.0779634E+01
        30.0000005    1.4242776E+01
        35.0000006    8.9196548E+00
        40.0000007    5.9877210E+00
        45.0000007    3.9318388E+00
        50.0000008    2.4063292E+00
        55.0000009    1.3519437E+00
        60.0000010    7.0665389E-01
        65.0000011    3.5769859E-01
        70.0000011    1.8518284E-01
        75.0000012    4.0206337E-01
        80.0000013    3.2792848E-01
        85.0000014    2.8548533E-01
        90.0000015    2.6778540E-01
        95.2390015    2.2231396E-01
       100.6800016    1.6519472E-01
       114.2900019    9.0569407E-02
       119.7300019    7.5074621E-02
       122.4500020    6.8663396E-02
       125.1700020    6.2907442E-02
       127.8900021    5.7693761E-02
       130.6100021    5.2940916E-02
       133.3300022    4.8588660E-02
       136.0600022    4.4577304E-02
       146.9400024    3.1519718E-02
       149.6600024    2.8872775E-02
       155.1000025    2.4196237E-02
       157.8200026    2.2137357E-02
       160.5500026    2.0240184E-02
       165.9900027    2.0274056E-02
       171.4300028    1.7389612E-02
       176.8700029    1.5686981E-02
       179.5900029    1.4600164E-02
       182.3100030    1.3475765E-02
       185.0400030    1.2361521E-02
       187.7600031    1.1305876E-02
       190.4800031    1.0330712E-02
       195.9200032    8.6266510E-03
       198.6400032    7.8806560E-03
       204.0800033    6.5818727E-03
       206.8000034    6.0219369E-03
       209.5300034    5.5130576E-03
       212.2500035    5.0537176E-03
       214.9700035    4.6371520E-03
       220.4100036    3.9155125E-03
       225.8500037    3.3188048E-03
       236.7400038    2.8505314E-03
       247.6200040    2.1485011E-03
       258.5100042    1.6143605E-03
       272.1100044    1.1364564E-03
       285.7200046    8.0777105E-04
       299.3200049    5.7989056E-04
       312.9300051    4.2027314E-04
       340.1400055    2.2752662E-04
       353.7400058    1.7002317E-04
       380.9500062    9.7927303E-05
       394.5600064    7.5466880E-05
       408.1700066    5.8740687E-05
       435.3800071    3.6616690E-05
       462.5900075    2.3623390E-05
       476.1900077    1.9194835E-05
       489.8000080    1.5701544E-05
       503.4000082    1.2926984E-05
       517.0100084    1.0702646E-05
       557.8300091    6.2581348E-06
       571.4300093    5.2783193E-06
       585.0400095    4.4676999E-06
       612.2500100    3.2328537E-06
       666.6700108    1.7496436E-06
       680.2800111    1.5094545E-06
       707.4900115    1.1939308E-06
       734.7000119    9.1725281E-07
       761.9100124    6.8900903E-07
       789.1200128    5.2208151E-07
       816.3300133    3.9867146E-07
       843.5400137    3.0659513E-07
       870.7500142    2.3732962E-07
       911.5700148    1.6346335E-07
       952.3900155    1.1400459E-07
       993.2000162    1.3253033E-07
      1020.4000166    1.0329477E-07
      1061.2000173    8.6762832E-08
      1088.4000177    6.8200968E-08
      1102.0000179    6.0588029E-08
      1115.7000181    5.3848595E-08
      1129.3000184    4.7961109E-08
      1142.9000186    4.2770548E-08
      1156.5000188    3.8188354E-08
      1170.1000190    3.4137980E-08
      1197.3000195    8.5100922E-08
      1210.9000197    7.7247812E-08
      1224.5000199    7.0118375E-08
      1227.2000200    6.8787585E-08
      1229.9000200    6.7483789E-08
      1232.7000200    6.6159600E-08
      1235.4000201    6.4909251E-08
      1238.1000201    6.3684347E-08
      1240.8000202    6.2484368E-08
      1243.5000202    6.1308732E-08
      1246.3000203    6.0114886E-08
      1249.0000203    5.8987499E-08
      1257.2000204    5.5701772E-08
      1259.9000205    5.4663818E-08
      1262.6000205    5.3646779E-08
      1270.8000207    5.0682029E-08
      1281.6000208    4.7045837E-08
      1289.8000210    4.4474536E-08
      1292.5000210    4.3661657E-08
      1295.2000211    4.2864908E-08
      1298.0000211    4.2055323E-08
      1300.7000212    4.1290377E-08
      1303.4000212    4.0540538E-08
      1306.1000212    3.9805489E-08
      1314.3000214    3.7660584E-08
      1330.6000216    3.3760902E-08
      1341.5000218    3.1399441E-08
      1355.1000220    2.8701878E-08
      1360.6000221    2.7683523E-08
      1371.4000223    2.5796430E-08
      1382.3000225    2.4032991E-08
      1390.5000226    2.2792950E-08
      1395.9000227    2.2014481E-08
      1404.1000228    2.0887182E-08
      1406.8000229    2.0529882E-08
      1409.5000229    2.0179229E-08
      1415.0000230    1.9484945E-08
      1417.7000231    1.9153674E-08
      1420.4000231    1.8828526E-08
      1423.1000231    1.8509384E-08
      1425.9000232    1.8184632E-08
      1428.6000232    1.7877351E-08
      1431.3000233    1.7575715E-08
      1436.7000234    1.6988942E-08
      1439.5000234    1.6693118E-08
      1442.2000235    1.6413166E-08
      1444.9000235    1.6138321E-08
      1447.6000235    1.5868482E-08
      1450.4000236    1.5593830E-08
      1453.1000236    1.5333885E-08
      1455.8000237    1.5078655E-08
      1458.5000237    1.4828044E-08
      1461.2000238    1.4581963E-08
      1466.7000239    1.4094336E-08
      1469.4000239    1.3861480E-08
      1472.1000239    1.3632809E-08
      1477.6000240    1.3179603E-08
      1480.3000241    1.2963148E-08
      1488.4000242    1.2336686E-08
      1491.2000242    1.2127865E-08
      1496.6000243    1.1735927E-08
      1551.0000252    8.4737133E-09
      1632.7000266    5.2850244E-09
      1823.1000296    1.8870743E-09
      2340.2000381    1.6853281E-10
      2829.9000460    2.4546863E-11
      3047.6000496    1.1301852E-11
      3700.7000602    1.2137308E-12
      4000.0000650    4.1733186E-13
      4680.3000761    0.0000000E+00
      5006.8000814    0.0000000E+00
      5387.8000876    0.0000000E+00
 
