       12.5000002    3.4241150E+02
        15.0000002    7.0338425E+01
        20.0000003    1.9906557E+01
        25.0000004    8.7490091E+00
        30.0000005    6.1144223E+00
        35.0000006    2.9019005E+00
        40.0000007    1.1603978E+00
        45.0000007    4.2734385E-01
        50.0000008    1.6178380E-01
        55.0000009    7.5003810E-02
        60.0000010    4.4931564E-02
        65.0000011    2.8858786E-02
        70.0000011    1.7058289E-02
        75.0000012    5.7746209E-02
        80.0000013    4.0647302E-02
        85.0000014    2.2084652E-02
        90.0000015    3.7392762E-03
 
