       12.5000002    1.8350198E+03
        15.0000002    8.5766669E+02
        20.0000003    6.8352249E+01
        25.0000004    2.0967186E+01
        30.0000005    1.4065464E+01
        35.0000006    8.4234228E+00
        40.0000007    5.4258170E+00
        45.0000007    3.3851380E+00
        50.0000008    1.9182816E+00
        55.0000009    9.7010285E-01
        60.0000010    4.4702280E-01
        65.0000011    1.9987100E-01
        70.0000011    9.5578827E-02
        75.0000012    2.1450469E-01
        80.0000013    1.7485493E-01
        85.0000014    1.4327925E-01
        90.0000015    1.1996260E-01
        95.2390015    9.4953716E-02
       100.6800016    7.1617052E-02
       114.2900019    3.3993393E-02
       119.7300019    2.4292184E-02
       122.4500020    2.0277321E-02
       125.1700020    1.6761648E-02
       127.8900021    1.3705175E-02
       130.6100021    1.1068583E-02
       133.3300022    8.8127302E-03
       136.0600022    6.8922141E-03
       146.9400024    1.8939447E-03
       149.6600024    1.1025773E-03
 
