       80.0000013    7.2995967E+18
        85.0000014    5.7095011E+18
        90.0000015    4.4714615E+18
        95.2390015    3.4678938E+18
       100.6800016    2.6696434E+18
       114.2900019    1.4023964E+18
       119.7300019    1.0885789E+18
       122.4500020    9.5986781E+17
       125.1700020    8.4683898E+17
       127.8900021    7.4753425E+17
       130.6100021    6.6024917E+17
       133.3300022    5.8349831E+17
       136.0600022    5.1575314E+17
       146.9400024    1.4972487E+18
       149.6600024    1.4165148E+18
       155.1000025    1.2497820E+18
       157.8200026    1.1706388E+18
       160.5500026    1.0954076E+18
       165.9900027    9.5851094E+17
       171.4300028    8.3802667E+17
       176.8700029    7.3221001E+17
       179.5900029    6.8424114E+17
       182.3100030    6.3928637E+17
       185.0400030    5.9700286E+17
       187.7600031    5.5752019E+17
       190.4800031    5.2051138E+17
       195.9200032    4.5330459E+17
       198.6400032    4.2282788E+17
       204.0800033    4.8992740E+17
       206.8000034    4.6446089E+17
       209.5300034    4.4021302E+17
       212.2500035    4.1735987E+17
       214.9700035    3.9574564E+17
       220.4100036    3.5591171E+17
       225.8500037    3.2010041E+17
       236.7400038    2.5848898E+17
       247.6200040    2.0783039E+17
       258.5100042    1.6580266E+17
       272.1100044    1.2307425E+17
       285.7200046    8.8980366E+16
       299.3200049    6.1705967E+16
       312.9300051    3.9538571E+16
 
