       80.0000013    4.2593354E+18
        85.0000014    3.1282574E+18
        90.0000015    2.3026985E+18
        95.2390015    1.6745085E+18
       100.6800016    1.2060465E+18
       114.2900019    5.3759604E+17
       119.7300019    3.9170401E+17
       122.4500020    3.3494619E+17
       125.1700020    2.8680312E+17
       127.8900021    2.4595403E+17
       130.6100021    2.1128119E+17
       133.3300022    1.8183814E+17
       136.0600022    1.5673861E+17
       146.9400024    8.2264608E+17
       149.6600024    7.5060759E+17
       155.1000025    6.1798615E+17
       157.8200026    5.5909328E+17
       160.5500026    5.0488275E+17
       165.9900027    4.1026991E+17
       171.4300028    3.3132391E+17
       176.8700029    2.6562643E+17
       179.5900029    2.3708343E+17
       182.3100030    2.1109833E+17
       185.0400030    1.8737626E+17
       187.7600031    1.6589488E+17
       190.4800031    1.4638175E+17
       195.9200032    1.1259879E+17
       198.6400032    9.8026435E+16
       204.0800033    1.6591950E+17
       206.8000034    1.4688951E+17
       209.5300034    1.2837818E+17
       212.2500035    1.1043277E+17
       214.9700035    9.2759637E+16
       220.4100036    5.6177962E+16
 
