       80.0000013    5.8484156E+18
        85.0000014    4.4481466E+18
        90.0000015    3.3897965E+18
        95.2390015    2.5560567E+18
       100.6800016    1.9115738E+18
       114.2900019    9.3480286E+17
       119.7300019    7.0554060E+17
       122.4500020    6.1359167E+17
       125.1700020    5.3402864E+17
       127.8900021    4.6515798E+17
       130.6100021    4.0552243E+17
       133.3300022    3.5386675E+17
       136.0600022    3.0895593E+17
       146.9400024    1.1959730E+18
       149.6600024    1.1168605E+18
       155.1000025    9.6148086E+17
       157.8200026    8.8971354E+17
       160.5500026    8.2233828E+17
       165.9900027    7.0162380E+17
       171.4300028    5.9739085E+17
       176.8700029    5.0756161E+17
       179.5900029    4.6743919E+17
       182.3100030    4.3021715E+17
       185.0400030    3.9557175E+17
       187.7600031    3.6356984E+17
       190.4800031    3.3390608E+17
       195.9200032    2.8095956E+17
       198.6400032    2.5738760E+17
       204.0800033    3.4717207E+17
       206.8000034    3.2560869E+17
       209.5300034    3.0499652E+17
       212.2500035    2.8552623E+17
       214.9700035    2.6708481E+17
       220.4100036    2.3306042E+17
       225.8500037    2.0246423E+17
       236.7400038    1.4991740E+17
       247.6200040    1.0681749E+17
       258.5100042    7.0720485E+16
       272.1100044    3.0250322E+16
 
