       80.0000013    1.0235480E+19
        85.0000014    8.5227302E+18
        90.0000015    7.0866576E+18
        95.2390015    5.8380796E+18
       100.6800016    4.7753027E+18
       114.2900019    2.9035318E+18
       119.7300019    2.3865540E+18
       122.4500020    2.1650904E+18
       125.1700020    1.9650282E+18
       127.8900021    1.7842150E+18
       130.6100021    1.6207189E+18
       133.3300022    1.4728075E+18
       136.0600022    1.3384598E+18
       146.9400024    2.1689266E+18
       149.6600024    2.0750311E+18
       155.1000025    1.8777592E+18
       157.8200026    1.7830060E+18
       160.5500026    1.6923591E+18
       165.9900027    1.5259119E+18
       171.4300028    1.3775296E+18
       176.8700029    1.2452916E+18
       179.5900029    1.1845859E+18
       182.3100030    1.1271707E+18
       185.0400030    1.0726321E+18
       187.7600031    1.0211669E+18
       190.4800031    9.7238362E+17
       195.9200032    8.8219089E+17
       198.6400032    8.4048016E+17
       204.0800033    8.6864978E+17
       206.8000034    8.2952744E+17
       209.5300034    7.9168727E+17
       212.2500035    7.5582161E+17
       214.9700035    7.2187068E+17
       220.4100036    6.5949958E+17
       225.8500037    6.0385316E+17
       236.7400038    5.0943232E+17
       247.6200040    4.3314594E+17
       258.5100042    3.7059675E+17
       272.1100044    3.0717335E+17
       285.7200046    2.5601310E+17
       299.3200049    2.1415990E+17
       312.9300051    1.7943714E+17
       340.1400055    1.2592475E+17
       353.7400058    1.0523732E+17
       380.9500062    7.2813173E+16
       394.5600064    6.0190007E+16
       408.1700066    4.9498330E+16
       435.3800071    3.2828447E+16
       462.5900075    2.0981070E+16
       476.1900077    1.6424821E+16
       489.8000080    1.2579670E+16
       503.4000082    9.3181366E+15
       517.0100084    6.4966411E+15
 
