       12.5000002    2.0032765E+03
        15.0000002    9.9092944E+02
        20.0000003    8.9903107E+01
        25.0000004    2.4693813E+01
        30.0000005    1.6843542E+01
        35.0000006    1.0263762E+01
        40.0000007    6.8303647E+00
        45.0000007    4.6330891E+00
        50.0000008    2.9718864E+00
        55.0000009    1.7426267E+00
        60.0000010    9.3727374E-01
        65.0000011    4.7733262E-01
        70.0000011    2.4092387E-01
        75.0000012    4.7796848E-01
        80.0000013    3.6429104E-01
        85.0000014    3.0697152E-01
        90.0000015    2.8612855E-01
        95.2390015    2.3151925E-01
       100.6800016    1.6437407E-01
       114.2900019    8.3488874E-02
       119.7300019    6.8113782E-02
       122.4500020    6.1871890E-02
       125.1700020    5.6314439E-02
       127.8900021    5.1311728E-02
       130.6100021    4.6772812E-02
       133.3300022    4.2632565E-02
       136.0600022    3.8829703E-02
       146.9400024    2.6554797E-02
       149.6600024    2.4093587E-02
       155.1000025    1.9779790E-02
       157.8200026    1.7898344E-02
       160.5500026    1.6176689E-02
       165.9900027    1.5798546E-02
       171.4300028    1.3199955E-02
       176.8700029    1.1578957E-02
       179.5900029    1.0614397E-02
       182.3100030    9.6470946E-03
       185.0400030    8.7144934E-03
       187.7600031    7.8503266E-03
       190.4800031    7.0650182E-03
       195.9200032    5.7217269E-03
       198.6400032    5.1482669E-03
       204.0800033    4.1726343E-03
       206.8000034    3.7609271E-03
       209.5300034    3.3917513E-03
       212.2500035    3.0629400E-03
       214.9700035    2.7687033E-03
       220.4100036    2.2689295E-03
       225.8500037    1.8665557E-03
       236.7400038    1.5266524E-03
       247.6200040    1.0708810E-03
       258.5100042    7.4548362E-04
       272.1100044    4.7461732E-04
       285.7200046    3.0336727E-04
       299.3200049    1.9490803E-04
       312.9300051    1.2587008E-04
       340.1400055    5.3451280E-05
       353.7400058    3.5120142E-05
       380.9500062    1.5265172E-05
       394.5600064    1.0020766E-05
       408.1700066    6.5032868E-06
       435.3800071    2.5073432E-06
       462.5900075    5.7288366E-07
 
