       12.5000002    2.4803465E+01
        15.0000002    2.9426716E+01
        20.0000003    9.7030115E+00
        25.0000004    3.8501661E+00
        30.0000005    1.4311950E+00
        35.0000006    4.1375166E-01
        40.0000007    1.7395714E-01
        45.0000007    9.9651478E-02
        50.0000008    6.6028006E-02
        55.0000009    4.4243552E-02
        60.0000010    2.7573293E-02
        65.0000011    1.5865158E-02
        70.0000011    8.6725028E-03
        75.0000012    5.2051362E-02
        80.0000013    4.1216191E-02
        85.0000014    2.8673083E-02
        90.0000015    1.9166900E-02
        95.2390015    1.1944819E-02
       100.6800016    6.8637901E-03
       114.2900019    1.4217772E-03
       119.7300019    6.8885821E-04
       122.4500020    4.6403444E-04
       125.1700020    3.0305301E-04
       127.8900021    1.8936505E-04
       130.6100021    1.1011618E-04
       133.3300022    5.4883367E-05
       136.0600022    7.8919620E-06
 
