       12.5000002    1.6786523E+02
        15.0000002    3.8153954E+01
        20.0000003    1.9798605E+01
        25.0000004    8.1401262E+00
        30.0000005    6.0253987E+00
        35.0000006    2.8765314E+00
        40.0000007    1.2318878E+00
        45.0000007    5.1713717E-01
        50.0000008    2.2698548E-01
        55.0000009    1.1506019E-01
        60.0000010    7.1694791E-02
        65.0000011    5.0727520E-02
        70.0000011    3.6719065E-02
        75.0000012    1.2814185E-01
        80.0000013    1.1320328E-01
        85.0000014    9.3138538E-02
        90.0000015    7.7374645E-02
        95.2390015    6.2300242E-02
       100.6800016    4.6636615E-02
       114.2900019    2.0372754E-02
       119.7300019    1.4417931E-02
       122.4500020    1.2100621E-02
       125.1700020    1.0140507E-02
       127.8900021    8.4854178E-03
       130.6100021    7.0901946E-03
       133.3300022    5.9158420E-03
       136.0600022    4.9255458E-03
       146.9400024    2.3379596E-03
       149.6600024    1.9328078E-03
       155.1000025    1.3139325E-03
       157.8200026    1.0802441E-03
       160.5500026    8.8564871E-04
       165.9900027    9.0052013E-04
       171.4300028    6.5401866E-04
       176.8700029    5.6526001E-04
       179.5900029    4.8503058E-04
       182.3100030    4.1294683E-04
       185.0400030    3.4941084E-04
       187.7600031    2.9449278E-04
       190.4800031    2.4715904E-04
       195.9200032    1.7167460E-04
       198.6400032    1.4186221E-04
       204.0800033    9.4680181E-05
       206.8000034    7.6193683E-05
       209.5300034    6.0422026E-05
       212.2500035    4.7070745E-05
       214.9700035    3.5705896E-05
       220.4100036    1.7449336E-05
 
