       12.5000002    8.0668677E+02
        15.0000002    2.4537062E+02
        20.0000003    2.4898647E+01
        25.0000004    1.4907824E+01
        30.0000005    1.0305756E+01
        35.0000006    6.3800592E+00
        40.0000007    3.7870553E+00
        45.0000007    2.0633464E+00
        50.0000008    1.0357960E+00
        55.0000009    4.8708481E-01
        60.0000010    2.2710493E-01
        65.0000011    1.1578749E-01
        70.0000011    6.9458261E-02
        75.0000012    2.0187531E-01
        80.0000013    1.7968091E-01
        85.0000014    1.5340573E-01
        90.0000015    1.3322145E-01
        95.2390015    1.1238485E-01
       100.6800016    9.0316027E-02
       114.2900019    5.0392672E-02
       119.7300019    3.9650735E-02
       122.4500020    3.5101395E-02
       125.1700020    3.1030511E-02
       127.8900021    2.7393596E-02
       130.6100021    2.4150303E-02
       133.3300022    2.1263601E-02
       136.0600022    1.8690439E-02
       146.9400024    1.1062523E-02
       149.6600024    9.6820509E-03
       155.1000025    7.4009155E-03
       157.8200026    6.4646238E-03
       160.5500026    5.6408746E-03
       165.9900027    5.2174530E-03
       171.4300028    4.0805712E-03
       176.8700029    3.4672632E-03
       179.5900029    3.0864093E-03
       182.3100030    2.7372369E-03
       185.0400030    2.4231770E-03
       187.7600031    2.1459104E-03
       190.4800031    1.9014770E-03
       195.9200032    1.4969397E-03
       198.6400032    1.3299470E-03
       204.0800033    1.0524276E-03
       206.8000034    9.3732658E-04
       209.5300034    8.3505473E-04
       212.2500035    7.4472383E-04
       214.9700035    6.6452054E-04
       220.4100036    5.2975025E-04
       225.8500037    4.2274201E-04
       236.7400038    2.9747674E-04
       247.6200040    1.8350352E-04
       258.5100042    1.1245047E-04
       272.1100044    6.0622828E-05
       285.7200046    3.2175623E-05
       299.3200049    1.6426106E-05
       312.9300051    7.4894779E-06
 
