       12.5000002    3.1026154E+18
        15.0000002    4.4708031E+18
        20.0000003    3.5078530E+18
        25.0000004    2.1986746E+18
        30.0000005    1.7746379E+18
        35.0000006    1.5914663E+18
        40.0000007    1.4919387E+18
        45.0000007    1.3487616E+18
        50.0000008    1.1509710E+18
        55.0000009    9.1779830E+17
        60.0000010    7.0332075E+17
        65.0000011    5.4335071E+17
        70.0000011    4.3642750E+17
        75.0000012    3.4408241E+18
        80.0000013    2.9963305E+18
        85.0000014    2.1619376E+18
        90.0000015    1.3843591E+18
        95.2390015    7.0299482E+17
 
