       12.5000002    2.3396896E+18
        15.0000002    3.8170709E+18
        20.0000003    3.2182004E+18
        25.0000004    2.5366734E+18
        30.0000005    2.1456295E+18
        35.0000006    1.5853143E+18
        40.0000007    1.3627452E+18
        45.0000007    1.2466518E+18
        50.0000008    1.1555300E+18
        55.0000009    1.0445723E+18
        60.0000010    8.9710425E+17
        65.0000011    7.3582362E+17
        70.0000011    5.8998433E+17
        75.0000012    4.8281953E+18
        80.0000013    4.9072056E+18
        85.0000014    4.3516765E+18
        90.0000015    3.6992997E+18
        95.2390015    2.9832769E+18
       100.6800016    2.2625996E+18
       114.2900019    9.7113306E+17
       119.7300019    6.4401990E+17
       122.4500020    5.1169034E+17
       125.1700020    3.9695765E+17
       127.8900021    2.9724345E+17
       130.6100021    2.0943097E+17
       133.3300022    1.2827426E+17
       136.0600022    2.3135664E+16
 
