       12.5000002    2.0824280E+18
        15.0000002    3.0882549E+18
        20.0000003    2.9636404E+18
        25.0000004    2.4613310E+18
        30.0000005    2.6071713E+18
        35.0000006    1.9420481E+18
        40.0000007    1.4916001E+18
        45.0000007    1.2340328E+18
        50.0000008    1.0892030E+18
        55.0000009    1.0028817E+18
        60.0000010    9.2316584E+17
        65.0000011    8.2481830E+17
        70.0000011    7.1145831E+17
        75.0000012    4.9477155E+18
        80.0000013    5.3171156E+18
        85.0000014    5.0848323E+18
        90.0000015    4.7519144E+18
        95.2390015    4.2746744E+18
       100.6800016    3.6300272E+18
       114.2900019    2.1839037E+18
       119.7300019    1.7415655E+18
       122.4500020    1.5477770E+18
       125.1700020    1.3710309E+18
       127.8900021    1.2103641E+18
       130.6100021    1.0647923E+18
       133.3300022    9.3332546E+17
       136.0600022    8.1456666E+17
       146.9400024    4.5353226E+17
       149.6600024    3.8682626E+17
       155.1000025    2.7589855E+17
       157.8200026    2.3017704E+17
       160.5500026    1.8986858E+17
       165.9900027    3.5264021E+17
       171.4300028    2.3222070E+17
       176.8700029    1.0131147E+17
 
