       12.5000002    3.9060195E+18
        15.0000002    3.1963553E+18
        20.0000003    2.1114359E+18
        25.0000004    2.1137923E+18
        30.0000005    2.6842113E+18
        35.0000006    2.6198971E+18
        40.0000007    2.3984529E+18
        45.0000007    2.0324422E+18
        50.0000008    1.6140810E+18
        55.0000009    1.2384300E+18
        60.0000010    9.6441216E+17
        65.0000011    7.9418543E+17
        70.0000011    6.9501779E+17
        75.0000012    3.7599243E+18
        80.0000013    4.1858204E+18
        85.0000014    4.2632857E+18
        90.0000015    4.3326333E+18
        95.2390015    4.3141837E+18
       100.6800016    4.1033219E+18
       114.2900019    3.3933592E+18
       119.7300019    3.1107240E+18
       122.4500020    2.9712499E+18
       125.1700020    2.8334071E+18
       127.8900021    2.6975726E+18
       130.6100021    2.5641392E+18
       133.3300022    2.4334969E+18
       136.0600022    2.3055527E+18
       146.9400024    1.8331866E+18
       149.6600024    1.7255375E+18
       155.1000025    1.5235860E+18
       157.8200026    1.4293433E+18
       160.5500026    1.3392494E+18
       165.9900027    1.6049092E+18
       171.4300028    1.4569930E+18
       176.8700029    1.5005541E+18
       179.5900029    1.4363030E+18
       182.3100030    1.3684843E+18
       185.0400030    1.3007106E+18
       187.7600031    1.2353287E+18
       190.4800031    1.1729017E+18
       195.9200032    1.0575323E+18
       198.6400032    1.0043165E+18
       204.0800033    9.0607620E+17
       206.8000034    8.6076697E+17
       209.5300034    8.1763677E+17
       212.2500035    7.7684675E+17
       214.9700035    7.3808951E+17
       220.4100036    6.6614682E+17
       225.8500037    6.0086194E+17
       236.7400038    5.5016700E+17
       247.6200040    4.3988021E+17
       258.5100042    3.5002331E+17
       272.1100044    2.6155899E+17
       285.7200046    1.9244771E+17
       299.3200049    1.3628004E+17
       312.9300051    8.6580562E+16
 
