       12.5000002    2.6251751E+01
        15.0000002    2.3260622E+01
        20.0000003    7.9140286E+00
        25.0000004    2.5591784E+00
        30.0000005    7.0829868E-01
        35.0000006    2.5029722E-01
        40.0000007    1.4446665E-01
        45.0000007    9.7010866E-02
        50.0000008    6.7297518E-02
        55.0000009    4.4956248E-02
        60.0000010    2.8121844E-02
        65.0000011    1.6740784E-02
        70.0000011    9.7882980E-03
        75.0000012    6.5801695E-02
        80.0000013    5.5693220E-02
        85.0000014    4.2162243E-02
        90.0000015    3.1386241E-02
        95.2390015    2.2480421E-02
       100.6800016    1.5342262E-02
       114.2900019    5.7882587E-03
       119.7300019    3.9490811E-03
       122.4500020    3.2678160E-03
       125.1700020    2.7073603E-03
       127.8900021    2.2457663E-03
       130.6100021    1.8651691E-03
       133.3300022    1.5510067E-03
       136.0600022    1.2905289E-03
       146.9400024    6.2844803E-04
       149.6600024    5.2678754E-04
       155.1000025    3.7175702E-04
       157.8200026    3.1300381E-04
       160.5500026    2.6378178E-04
       165.9900027    4.1913020E-04
       171.4300028    3.3155043E-04
       176.8700029    3.3638685E-04
       179.5900029    3.0091548E-04
       182.3100030    2.6773138E-04
       185.0400030    2.3756112E-04
       187.7600031    2.1073685E-04
       190.4800031    1.8695819E-04
       195.9200032    1.4735566E-04
       198.6400032    1.3092958E-04
       204.0800033    1.0354994E-04
       206.8000034    9.2172624E-05
       209.5300034    8.2059662E-05
       212.2500035    7.3130068E-05
       214.9700035    6.5209031E-05
       220.4100036    5.1932453E-05
       225.8500037    4.1444717E-05
       236.7400038    3.2754790E-05
       247.6200040    2.2568818E-05
       258.5100042    1.5719375E-05
       272.1100044    1.0131549E-05
       285.7200046    6.5942991E-06
       299.3200049    4.3232026E-06
       312.9300051    2.8457728E-06
       340.1400055    1.2393031E-06
       353.7400058    8.1687216E-07
       380.9500062    3.5058483E-07
       394.5600064    2.2729211E-07
       408.1700066    1.4581676E-07
       435.3800071    5.7172752E-08
       462.5900075    1.9804498E-08
       476.1900077    1.0488023E-08
       489.8000080    4.4769357E-09
 
