       12.5000002    1.8657324E+02
        15.0000002    4.1202126E+01
        20.0000003    2.1420444E+01
        25.0000004    9.3094292E+00
        30.0000005    6.9621134E+00
        35.0000006    3.6182752E+00
        40.0000007    1.7074565E+00
        45.0000007    7.7696079E-01
        50.0000008    3.5382372E-01
        55.0000009    1.7226890E-01
        60.0000010    9.8554634E-02
        65.0000011    6.6784143E-02
        70.0000011    4.9419828E-02
        75.0000012    1.7256440E-01
        80.0000013    1.5677884E-01
        85.0000014    1.3382073E-01
        90.0000015    1.1624800E-01
        95.2390015    9.9304445E-02
       100.6800016    7.9987183E-02
       114.2900019    4.3198511E-02
       119.7300019    3.3571925E-02
       122.4500020    2.9578039E-02
       125.1700020    2.6050949E-02
       127.8900021    2.2938654E-02
       130.6100021    2.0194484E-02
       133.3300022    1.7776648E-02
       136.0600022    1.5640300E-02
       146.9400024    9.3979537E-03
       149.6600024    8.2785133E-03
       155.1000025    6.4298222E-03
       157.8200026    5.6696720E-03
       160.5500026    4.9991040E-03
       165.9900027    4.8411596E-03
       171.4300028    3.9017927E-03
       176.8700029    3.4713550E-03
       179.5900029    3.1470577E-03
       182.3100030    2.8451062E-03
       185.0400030    2.5692699E-03
       187.7600031    2.3218656E-03
       190.4800031    2.1002556E-03
       195.9200032    1.7247434E-03
       198.6400032    1.5658221E-03
       204.0800033    1.2952060E-03
       206.8000034    1.1800809E-03
       209.5300034    1.0760636E-03
       212.2500035    9.8263426E-04
       214.9700035    8.9826738E-04
       220.4100036    7.5288839E-04
       225.8500037    6.3336635E-04
       236.7400038    5.0534739E-04
       247.6200040    3.5820605E-04
       258.5100042    2.5603507E-04
       272.1100044    1.7132993E-04
       285.7200046    1.1694114E-04
       299.3200049    8.1389087E-05
       312.9300051    5.7655980E-05
       340.1400055    3.0345103E-05
       353.7400058    2.2466442E-05
       380.9500062    1.2714195E-05
       394.5600064    9.6909134E-06
       408.1700066    7.4400855E-06
       435.3800071    4.4658545E-06
       462.5900075    2.7329502E-06
       476.1900077    2.1509127E-06
       489.8000080    1.6984213E-06
       503.4000082    1.3456092E-06
       517.0100084    1.0690186E-06
       557.8300091    5.4450027E-07
       571.4300093    4.3691117E-07
       585.0400095    3.5125461E-07
       612.2500100    2.2837278E-07
       666.6700108    9.8452155E-08
       680.2800111    8.0041460E-08
       707.4900115    5.3411380E-08
       734.7000119    3.5589874E-08
       761.9100124    2.3703159E-08
       789.1200128    1.5809727E-08
       816.3300133    1.0545984E-08
       843.5400137    7.0250432E-09
       870.7500142    4.6653605E-09
       911.5700148    2.4993168E-09
       952.3900155    1.3122802E-09
       993.2000162    7.7212864E-10
      1020.4000166    4.6906162E-10
      1061.2000173    2.1814095E-10
      1088.4000177    1.0959150E-10
      1102.0000179    7.0348588E-11
      1115.7000181    3.5964412E-11
 
