       12.5000002    2.0553093E+03
        15.0000002    1.0345371E+03
        20.0000003    9.9087318E+01
        25.0000004    2.6665812E+01
        30.0000005    1.7779774E+01
        35.0000006    1.0803973E+01
        40.0000007    7.2180710E+00
        45.0000007    5.0067739E+00
        50.0000008    3.3307588E+00
        55.0000009    2.0410571E+00
        60.0000010    1.1507730E+00
        65.0000011    6.1313778E-01
        70.0000011    3.2045817E-01
        75.0000012    6.3734794E-01
        80.0000013    4.8028910E-01
        85.0000014    4.0731084E-01
        90.0000015    3.9308137E-01
        95.2390015    3.2305524E-01
       100.6800016    2.2353749E-01
       114.2900019    1.0491960E-01
       119.7300019    8.4993966E-02
       122.4500020    7.7316552E-02
       125.1700020    7.0667855E-02
       127.8900021    6.4813621E-02
       130.6100021    5.9588123E-02
       133.3300022    5.4873079E-02
       136.0600022    5.0567891E-02
       146.9400024    3.6617137E-02
       149.6600024    3.3765893E-02
       155.1000025    2.8679347E-02
       157.8200026    2.6414307E-02
       160.5500026    2.4310267E-02
       165.9900027    2.4984097E-02
       171.4300028    2.1698797E-02
       176.8700029    1.9871356E-02
       179.5900029    1.8642697E-02
       182.3100030    1.7329833E-02
       185.0400030    1.5983764E-02
       187.7600031    1.4677182E-02
       190.4800031    1.3455829E-02
       195.9200032    1.1298160E-02
       198.6400032    1.0338746E-02
       204.0800033    8.6501231E-03
       206.8000034    7.9178764E-03
       209.5300034    7.2508701E-03
       212.2500035    6.6476315E-03
       214.9700035    6.0996115E-03
       220.4100036    5.1480769E-03
       225.8500037    4.3592695E-03
       236.7400038    3.6485160E-03
       247.6200040    2.7555684E-03
       258.5100042    2.0771883E-03
       272.1100044    1.4674278E-03
       285.7200046    1.0456607E-03
       299.3200049    7.5154461E-04
       312.9300051    5.4444012E-04
       340.1400055    2.9297679E-04
       353.7400058    2.1773162E-04
       380.9500062    1.2351747E-04
       394.5600064    9.4315372E-05
       408.1700066    7.2685616E-05
       435.3800071    4.4365010E-05
       462.5900075    2.8020089E-05
       476.1900077    2.2533490E-05
       489.8000080    1.8248995E-05
       503.4000082    1.4880162E-05
       517.0100084    1.2206099E-05
       557.8300091    6.9561092E-06
       571.4300093    5.8203009E-06
       585.0400095    4.8881834E-06
       612.2500100    3.4838704E-06
       666.6700108    1.8299087E-06
       680.2800111    1.5667284E-06
       707.4900115    1.2280796E-06
       734.7000119    9.2955111E-07
       761.9100124    6.8518790E-07
       789.1200128    5.0931698E-07
       816.3300133    3.8135050E-07
       843.5400137    2.8739464E-07
       870.7500142    2.1786558E-07
       911.5700148    1.4523454E-07
       952.3900155    9.7874981E-08
       993.2000162    1.0943101E-07
      1020.4000166    8.3000828E-08
      1061.2000173    6.6692600E-08
      1088.4000177    5.0902862E-08
      1102.0000179    4.4549019E-08
      1115.7000181    3.8994976E-08
      1129.3000184    3.4204778E-08
      1142.9000186    3.0035718E-08
      1156.5000188    2.6402784E-08
      1170.1000190    2.3233637E-08
      1197.3000195    5.7458262E-08
      1210.9000197    5.1377736E-08
      1224.5000199    4.5929646E-08
      1227.2000200    4.4920537E-08
      1229.9000200    4.3934381E-08
      1232.7000200    4.2935490E-08
      1235.4000201    4.1994618E-08
      1238.1000201    4.1075218E-08
      1240.8000202    4.0176801E-08
      1243.5000202    3.9298893E-08
      1246.3000203    3.8409617E-08
      1249.0000203    3.7572015E-08
      1257.2000204    3.5143348E-08
      1259.9000205    3.4380093E-08
      1262.6000205    3.3634173E-08
      1270.8000207    3.1470886E-08
      1281.6000208    2.8841590E-08
      1289.8000210    2.6999363E-08
      1292.5000210    2.6420070E-08
      1295.2000211    2.5853767E-08
      1298.0000211    2.5279883E-08
      1300.7000212    2.4739105E-08
      1303.4000212    2.4210411E-08
      1306.1000212    2.3693522E-08
      1314.3000214    2.2193257E-08
      1330.6000216    1.9498321E-08
      1341.5000218    1.7888702E-08
      1355.1000220    1.6072647E-08
      1360.6000221    1.5393811E-08
      1371.4000223    1.4146340E-08
      1382.3000225    1.2993684E-08
      1390.5000226    1.2191241E-08
      1395.9000227    1.1691099E-08
      1404.1000228    1.0972033E-08
      1406.8000229    1.0745453E-08
      1409.5000229    1.0523729E-08
      1415.0000230    1.0086640E-08
      1417.7000231    9.8790078E-09
      1420.4000231    9.6758077E-09
      1423.1000231    9.4769410E-09
      1425.9000232    9.2751824E-09
      1428.6000232    9.0848458E-09
      1431.3000233    8.8985557E-09
      1436.7000234    8.5377572E-09
      1439.5000234    8.3566771E-09
      1442.2000235    8.1858298E-09
      1444.9000235    8.0185965E-09
      1447.6000235    7.8549309E-09
      1450.4000236    7.6888194E-09
      1453.1000236    7.5320807E-09
      1455.8000237    7.3786448E-09
      1458.5000237    7.2284392E-09
      1461.2000238    7.0813924E-09
      1466.7000239    6.7913382E-09
      1469.4000239    6.6534676E-09
      1472.1000239    6.5184853E-09
      1477.6000240    6.2521957E-09
      1480.3000241    6.1256049E-09
      1488.4000242    5.7614589E-09
      1491.2000242    5.6408354E-09
      1496.6000243    5.4154965E-09
      1551.0000252    3.6007086E-09
      1632.7000266    1.9639743E-09
      1823.1000296    4.8213783E-10
      2340.2000381    1.8802618E-12
 
