       12.5000002    8.3907318E+02
        15.0000002    2.6489014E+02
        20.0000003    2.6617947E+01
        25.0000004    1.6212059E+01
        30.0000005    1.0995500E+01
        35.0000006    6.9367371E+00
        40.0000007    4.3218007E+00
        45.0000007    2.5069594E+00
        50.0000008    1.3454038E+00
        55.0000009    6.7267442E-01
        60.0000010    3.2534122E-01
        65.0000011    1.6390622E-01
        70.0000011    9.2954226E-02
        75.0000012    2.5367823E-01
        80.0000013    2.2548467E-01
        85.0000014    1.9685087E-01
        90.0000015    1.7620318E-01
        95.2390015    1.4941272E-01
       100.6800016    1.1993327E-01
       114.2900019    7.1394712E-02
       119.7300019    5.8667026E-02
       122.4500020    5.3186476E-02
       125.1700020    4.8203655E-02
       127.8900021    4.3668058E-02
       130.6100021    3.9538044E-02
       133.3300022    3.5778012E-02
       136.0600022    3.2344814E-02
       146.9400024    2.1525925E-02
       149.6600024    1.9422399E-02
       155.1000025    1.5798902E-02
       157.8200026    1.4244959E-02
       160.5500026    1.2837393E-02
       165.9900027    1.2413471E-02
       171.4300028    1.0339341E-02
       176.8700029    9.1259554E-03
       179.5900029    8.3642732E-03
       182.3100030    7.6199402E-03
       185.0400030    6.9171377E-03
       187.7600031    6.2735486E-03
       190.4800031    5.6903525E-03
       195.9200032    4.6912436E-03
       198.6400032    4.2640637E-03
       204.0800033    3.5328784E-03
       206.8000034    3.2211798E-03
       209.5300034    2.9394645E-03
       212.2500035    2.6864393E-03
       214.9700035    2.4580320E-03
       220.4100036    2.0647924E-03
       225.8500037    1.7420233E-03
       236.7400038    1.5052737E-03
       247.6200040    1.1032373E-03
       258.5100042    8.0689392E-04
       272.1100044    5.5064645E-04
       285.7200046    3.8045517E-04
       299.3200049    2.6639007E-04
       312.9300051    1.8899021E-04
       340.1400055    9.9106168E-05
       353.7400058    7.3232892E-05
       380.9500062    4.1514468E-05
       394.5600064    3.1799940E-05
       408.1700066    2.4611985E-05
       435.3800071    1.5152300E-05
       462.5900075    9.6144031E-06
       476.1900077    7.7306649E-06
       489.8000080    6.2479357E-06
       503.4000082    5.0741692E-06
       517.0100084    4.1376302E-06
       557.8300091    2.2918416E-06
       571.4300093    1.8937343E-06
       585.0400095    1.5686461E-06
       612.2500100    1.0841269E-06
       666.6700108    5.3077315E-07
       680.2800111    4.4598556E-07
       707.4900115    3.2356095E-07
       734.7000119    2.3248587E-07
       761.9100124    1.6613055E-07
       789.1200128    1.1949831E-07
       816.3300133    8.6473406E-08
       843.5400137    6.2922062E-08
       870.7500142    4.6018759E-08
       911.5700148    2.9031707E-08
       952.3900155    1.8485173E-08
       993.2000162    1.6229984E-08
      1020.4000166    1.1885771E-08
      1061.2000173    8.5707210E-09
      1088.4000177    6.2921957E-09
      1102.0000179    5.3970437E-09
      1115.7000181    4.6270023E-09
      1129.3000184    3.9735770E-09
      1142.9000186    3.4141603E-09
      1156.5000188    2.9347897E-09
      1170.1000190    2.5236602E-09
      1197.3000195    7.2536110E-09
      1210.9000197    6.3104975E-09
      1224.5000199    5.4823786E-09
      1227.2000200    5.3309486E-09
      1229.9000200    5.1835940E-09
      1232.7000200    5.0349795E-09
      1235.4000201    4.8956177E-09
      1238.1000201    4.7600288E-09
      1240.8000202    4.6281139E-09
      1243.5000202    4.4997774E-09
      1246.3000203    4.3703654E-09
      1249.0000203    4.2490265E-09
      1257.2000204    3.9003556E-09
      1259.9000205    3.7917895E-09
      1262.6000205    3.6861751E-09
      1270.8000207    3.3827021E-09
      1281.6000208    3.0198821E-09
      1289.8000210    2.7699343E-09
      1292.5000210    2.6921114E-09
      1295.2000211    2.6164055E-09
      1298.0000211    2.5400710E-09
      1300.7000212    2.4685023E-09
      1303.4000212    2.3988815E-09
      1306.1000212    2.3311557E-09
      1314.3000214    2.1365651E-09
      1330.6000216    1.7950169E-09
      1341.5000218    1.5964361E-09
      1355.1000220    1.3778494E-09
      1360.6000221    1.2977611E-09
      1371.4000223    1.1530842E-09
      1382.3000225    1.0225042E-09
      1390.5000226    9.3350883E-10
      1395.9000227    8.7888935E-10
      1404.1000228    8.0157425E-10
      1406.8000229    7.7752188E-10
      1409.5000229    7.5413420E-10
      1415.0000230    7.0847478E-10
      1417.7000231    6.8699801E-10
      1420.4000231    6.6611655E-10
      1423.1000231    6.4581435E-10
      1425.9000232    6.2535527E-10
      1428.6000232    6.0618505E-10
      1431.3000233    5.8754784E-10
      1436.7000234    5.5181543E-10
      1439.5000234    5.3406762E-10
      1442.2000235    5.1743992E-10
      1444.9000235    5.0127663E-10
      1447.6000235    4.8556509E-10
      1450.4000236    4.6973575E-10
      1453.1000236    4.5490711E-10
      1455.8000237    4.4049409E-10
      1458.5000237    4.2648549E-10
      1461.2000238    4.1287029E-10
      1466.7000239    3.8630854E-10
      1469.4000239    3.7382397E-10
      1472.1000239    3.6169143E-10
      1477.6000240    3.3802638E-10
      1480.3000241    3.2690534E-10
      1488.4000242    2.9539737E-10
      1491.2000242    2.8512356E-10
      1496.6000243    2.6615724E-10
      1551.0000252    1.2567604E-10
      1632.7000266    1.8865168E-11
 
