       12.5000002    2.1423256E+18
        15.0000002    3.1033235E+18
        20.0000003    3.1856346E+18
        25.0000004    2.7121703E+18
        30.0000005    3.0650566E+18
        35.0000006    2.4087672E+18
        40.0000007    1.8788662E+18
        45.0000007    1.5265618E+18
        50.0000008    1.3020091E+18
        55.0000009    1.1674360E+18
        60.0000010    1.0781136E+18
        65.0000011    9.9642011E+17
        70.0000011    9.0672937E+17
        75.0000012    5.6509983E+18
        80.0000013    6.2277795E+18
        85.0000014    6.2103067E+18
        90.0000015    6.1515944E+18
        95.2390015    5.9610644E+18
       100.6800016    5.4915971E+18
       114.2900019    4.1567642E+18
       119.7300019    3.6872686E+18
       122.4500020    3.4686530E+18
       125.1700020    3.2606694E+18
       127.8900021    3.0631523E+18
       130.6100021    2.8758933E+18
       133.3300022    2.6986452E+18
       136.0600022    2.5305257E+18
       146.9400024    1.9512226E+18
       149.6600024    1.8272450E+18
       155.1000025    1.6016612E+18
       157.8200026    1.4993009E+18
       160.5500026    1.4030563E+18
       165.9900027    1.8838576E+18
       171.4300028    1.7356081E+18
       176.8700029    1.8870394E+18
       179.5900029    1.8233730E+18
       182.3100030    1.7542138E+18
       185.0400030    1.6840233E+18
       187.7600031    1.6156060E+18
       190.4800031    1.5497685E+18
       195.9200032    1.4269341E+18
       198.6400032    1.3697462E+18
       204.0800033    1.2632348E+18
       206.8000034    1.2136982E+18
       209.5300034    1.1663006E+18
       212.2500035    1.1212540E+18
       214.9700035    1.0782515E+18
       220.4100036    9.9790583E+17
       225.8500037    9.2440423E+17
       236.7400038    9.0384316E+17
       247.6200040    7.8131447E+17
       258.5100042    6.7883064E+17
       272.1100044    5.7482623E+17
       285.7200046    4.9153657E+17
       299.3200049    4.2412455E+17
       312.9300051    3.6880850E+17
       340.1400055    2.8439592E+17
       353.7400058    2.5172889E+17
       380.9500062    1.9958876E+17
       394.5600064    1.7857830E+17
       408.1700066    1.6020089E+17
       435.3800071    1.2979228E+17
       462.5900075    1.0592431E+17
       476.1900077    9.5917134E+16
       489.8000080    8.6971481E+16
       503.4000082    7.8970318E+16
       517.0100084    7.1790546E+16
       557.8300091    5.4324232E+16
       571.4300093    4.9617408E+16
       585.0400095    4.5364497E+16
       612.2500100    3.8044133E+16
       666.6700108    2.7085649E+16
       680.2800111    2.4940647E+16
       707.4900115    2.1349677E+16
       734.7000119    1.8257406E+16
       761.9100124    1.5618628E+16
       789.1200128    1.3411529E+16
       816.3300133    1.1557791E+16
       843.5400137    9.9947153E+15
       870.7500142    8.6717784E+15
       911.5700148    7.0500245E+15
       952.3900155    5.7707326E+15
       993.2000162    5.8718973E+15
      1020.4000166    5.1224964E+15
      1061.2000173    4.6486133E+15
      1088.4000177    4.0718284E+15
      1102.0000179    3.8153220E+15
      1115.7000181    3.5760719E+15
      1129.3000184    3.3559790E+15
      1142.9000186    3.1517893E+15
      1156.5000188    2.9621941E+15
      1170.1000190    2.7860049E+15
      1197.3000195    1.0270742E+16
      1210.9000197    9.7508600E+15
      1224.5000199    9.2495965E+15
      1227.2000200    9.1531734E+15
      1229.9000200    9.0578251E+15
      1232.7000200    8.9600856E+15
      1235.4000201    8.8669380E+15
      1238.1000201    8.7748689E+15
      1240.8000202    8.6838736E+15
      1243.5000202    8.5939450E+15
      1246.3000203    8.5018035E+15
      1249.0000203    8.4140213E+15
      1257.2000204    8.1537415E+15
      1259.9000205    8.0700820E+15
      1262.6000205    7.9874146E+15
      1270.8000207    7.7423094E+15
      1281.6000208    7.4327126E+15
      1289.8000210    7.2072644E+15
      1292.5000210    7.1347852E+15
      1295.2000211    7.0631564E+15
      1298.0000211    6.9897602E+15
      1300.7000212    6.9198280E+15
      1303.4000212    6.8507128E+15
      1306.1000212    6.7824035E+15
      1314.3000214    6.5797798E+15
      1330.6000216    6.1976749E+15
      1341.5000218    5.9566515E+15
      1355.1000220    5.6711795E+15
      1360.6000221    5.5603141E+15
      1371.4000223    5.3499374E+15
      1382.3000225    5.1470362E+15
      1390.5000226    5.0003453E+15
      1395.9000227    4.9064284E+15
      1404.1000228    4.7677535E+15
      1406.8000229    4.7231052E+15
      1409.5000229    4.6789486E+15
      1415.0000230    4.5904943E+15
      1417.7000231    4.5477927E+15
      1420.4000231    4.5055581E+15
      1423.1000231    4.4637850E+15
      1425.9000232    4.4209457E+15
      1428.6000232    4.3800941E+15
      1431.3000233    4.3396865E+15
      1436.7000234    4.2601813E+15
      1439.5000234    4.2196325E+15
      1442.2000235    4.1809620E+15
      1444.9000235    4.1427083E+15
      1447.6000235    4.1048664E+15
      1450.4000236    4.0660528E+15
      1453.1000236    4.0290342E+15
      1455.8000237    3.9924124E+15
      1458.5000237    3.9561822E+15
      1461.2000238    3.9203388E+15
      1466.7000239    3.8485022E+15
      1469.4000239    3.8138053E+15
      1472.1000239    3.7794767E+15
      1477.6000240    3.7106684E+15
      1480.3000241    3.6774310E+15
      1488.4000242    3.5798042E+15
      1491.2000242    3.5467698E+15
      1496.6000243    3.4840702E+15
      1551.0000252    2.9201410E+15
      1632.7000266    2.2626226E+15
      1823.1000296    1.2632883E+15
      2340.2000381    3.3531175E+14
      2829.9000460    1.1377671E+14
      3047.6000496    5.3689750E+13
      3700.7000602    0.0000000E+00
      4000.0000650    0.0000000E+00
      4680.3000761    0.0000000E+00
      5006.8000814    0.0000000E+00
      5387.8000876    0.0000000E+00
 
