       12.5000002    4.4581318E+18
        15.0000002    4.5563407E+18
        20.0000003    3.6983346E+18
        25.0000004    3.3215064E+18
        30.0000005    3.5938978E+18
        35.0000006    2.8481046E+18
        40.0000007    2.2369325E+18
        45.0000007    1.8329472E+18
        50.0000008    1.5649933E+18
        55.0000009    1.3574413E+18
        60.0000010    1.1732419E+18
        65.0000011    1.0040639E+18
        70.0000011    8.5216226E+17
        75.0000012    3.1113122E+18
        80.0000013    2.5695639E+18
        85.0000014    1.9620282E+18
        90.0000015    1.4838553E+18
        95.2390015    1.1147904E+18
       100.6800016    8.3957162E+17
       114.2900019    4.4780542E+17
       119.7300019    3.5984610E+17
       122.4500020    3.2465270E+17
       125.1700020    2.9407871E+17
       127.8900021    2.6739628E+17
       130.6100021    2.4400264E+17
       133.3300022    2.2340066E+17
       136.0600022    2.0511207E+17
       146.9400024    1.4989609E+17
       149.6600024    1.3938358E+17
       155.1000025    1.2119515E+17
       157.8200026    1.1329394E+17
       160.5500026    1.0603977E+17
       165.9900027    2.9750513E+17
       171.4300028    2.5500054E+17
       176.8700029    2.9734509E+17
       179.5900029    2.7537334E+17
       182.3100030    2.5485848E+17
       185.0400030    2.3587132E+17
       187.7600031    2.1849832E+17
       190.4800031    2.0255708E+17
       195.9200032    1.7448949E+17
       198.6400032    1.6213833E+17
       204.0800033    1.4031304E+17
       206.8000034    1.3067153E+17
       209.5300034    1.2174788E+17
       212.2500035    1.1354244E+17
       214.9700035    1.0596290E+17
       220.4100036    9.2474065E+16
       225.8500037    8.0913679E+16
       236.7400038    2.0710496E+17
       247.6200040    1.7267894E+17
       258.5100042    1.4377878E+17
       272.1100044    1.1488850E+17
       285.7200046    9.2341058E+16
       299.3200049    7.4679680E+16
       312.9300051    6.0740244E+16
       340.1400055    4.0854974E+16
       353.7400058    3.3768998E+16
       380.9500062    2.3399671E+16
       394.5600064    1.9608338E+16
       408.1700066    1.6500441E+16
       435.3800071    1.1824743E+16
       462.5900075    8.5980268E+15
       476.1900077    7.3689216E+15
       489.8000080    6.3345377E+15
       503.4000082    5.4620769E+15
       517.0100084    4.7224674E+15
       557.8300091    3.0993544E+15
       571.4300093    2.7059744E+15
       585.0400095    2.3671275E+15
       612.2500100    1.8217066E+15
       666.6700108    1.0989562E+15
       680.2800111    9.7142577E+14
       707.4900115    7.6123584E+14
       734.7000119    5.9817150E+14
       761.9100124    4.7088411E+14
       789.1200128    3.7098163E+14
       816.3300133    2.9221706E+14
       843.5400137    2.2989489E+14
       870.7500142    1.8045184E+14
       911.5700148    1.2463425E+14
       952.3900155    6.4723165E+13
       993.2000162    3.3384827E+13
      1020.4000166    1.4905337E+13
      1061.2000173    0.0000000E+00
      1088.4000177    0.0000000E+00
      1102.0000179    0.0000000E+00
      1115.7000181    0.0000000E+00
      1129.3000184    0.0000000E+00
      1142.9000186    0.0000000E+00
      1156.5000188    0.0000000E+00
      1170.1000190    0.0000000E+00
      1197.3000195    0.0000000E+00
      1210.9000197    0.0000000E+00
      1224.5000199    0.0000000E+00
      1227.2000200    0.0000000E+00
      1229.9000200    0.0000000E+00
      1232.7000200    0.0000000E+00
      1235.4000201    0.0000000E+00
      1238.1000201    0.0000000E+00
      1240.8000202    0.0000000E+00
      1243.5000202    0.0000000E+00
      1246.3000203    0.0000000E+00
      1249.0000203    0.0000000E+00
 
