       12.5000002    3.6661995E+18
        15.0000002    5.1395714E+18
        20.0000003    3.7522264E+18
        25.0000004    2.1767067E+18
        30.0000005    2.2086627E+18
        35.0000006    2.1552922E+18
        40.0000007    2.0420259E+18
        45.0000007    1.8590463E+18
        50.0000008    1.6206664E+18
        55.0000009    1.3564860E+18
        60.0000010    1.1145712E+18
        65.0000011    9.2409692E+17
        70.0000011    7.8625829E+17
        75.0000012    6.6837206E+18
        80.0000013    6.7755018E+18
        85.0000014    6.0309648E+18
        90.0000015    5.2086845E+18
        95.2390015    4.3706203E+18
       100.6800016    3.5588481E+18
       114.2900019    2.0866165E+18
       119.7300019    1.6893379E+18
       122.4500020    1.5215096E+18
       125.1700020    1.3713964E+18
       127.8900021    1.2371353E+18
       130.6100021    1.1170509E+18
       133.3300022    1.0096360E+18
       136.0600022    9.1320337E+17
       146.9400024    6.1964723E+17
       149.6600024    5.6430424E+17
       155.1000025    4.7010211E+17
       157.8200026    4.3007500E+17
       160.5500026    3.9396412E+17
       165.9900027    9.8646981E+17
       171.4300028    8.9060689E+17
       176.8700029    1.0733158E+18
       179.5900029    1.0206957E+18
       182.3100030    9.6658060E+17
       185.0400030    9.1358565E+17
       187.7600031    8.6321723E+17
       190.4800031    8.1563539E+17
       195.9200032    7.2876565E+17
       198.6400032    6.8918633E+17
       204.0800033    6.1696937E+17
       206.8000034    5.8404580E+17
       209.5300034    5.5295168E+17
       212.2500035    5.2378741E+17
       214.9700035    4.9631752E+17
       220.4100036    4.4603222E+17
       225.8500037    4.0131601E+17
       236.7400038    5.0996689E+17
       247.6200040    4.4232329E+17
       258.5100042    3.8467060E+17
       272.1100044    3.2462538E+17
       285.7200046    2.7515918E+17
       299.3200049    2.3416136E+17
       312.9300051    1.9992868E+17
       340.1400055    1.4710320E+17
       353.7400058    1.2672791E+17
       380.9500062    9.4807486E+16
       394.5600064    8.2322377E+16
       408.1700066    7.1665597E+16
       435.3800071    5.4729450E+16
       462.5900075    4.2207653E+16
       476.1900077    3.7200163E+16
       489.8000080    3.2859764E+16
       503.4000082    2.9094197E+16
       517.0100084    2.5814972E+16
       557.8300091    1.8266172E+16
       571.4300093    1.6344204E+16
       585.0400095    1.4651727E+16
       612.2500100    1.1841637E+16
       666.6700108    7.8988271E+15
       680.2800111    7.1672390E+15
       707.4900115    5.9325658E+15
       734.7000119    4.9285636E+15
       761.9100124    4.1207049E+15
       789.1200128    3.4627562E+15
       816.3300133    2.9237198E+15
       843.5400137    2.4796280E+15
       870.7500142    2.1118199E+15
       911.5700148    1.6719600E+15
       952.3900155    1.3344787E+15
       993.2000162    1.1535987E+15
      1020.4000166    9.9730040E+14
      1061.2000173    8.4165199E+14
      1088.4000177    7.3168157E+14
      1102.0000179    6.8293007E+14
      1115.7000181    6.3754743E+14
      1129.3000184    5.9588000E+14
      1142.9000186    5.5729858E+14
      1156.5000188    5.2154493E+14
      1170.1000190    4.8838503E+14
      1197.3000195    2.0638684E+15
      1210.9000197    1.9449849E+15
      1224.5000199    1.8309491E+15
      1227.2000200    1.8090859E+15
      1229.9000200    1.7874902E+15
      1232.7000200    1.7653776E+15
      1235.4000201    1.7443290E+15
      1238.1000201    1.7235478E+15
      1240.8000202    1.7030324E+15
      1243.5000202    1.6827808E+15
      1246.3000203    1.6620550E+15
      1249.0000203    1.6423328E+15
      1257.2000204    1.5839912E+15
      1259.9000205    1.5652826E+15
      1262.6000205    1.5468174E+15
      1270.8000207    1.4921963E+15
      1281.6000208    1.3891029E+15
      1289.8000210    1.3397195E+15
      1292.5000210    1.3238838E+15
      1295.2000211    1.3082537E+15
      1298.0000211    1.2922586E+15
      1300.7000212    1.2770381E+15
      1303.4000212    1.2620143E+15
      1306.1000212    1.2471845E+15
      1314.3000214    1.2033069E+15
      1330.6000216    1.1210351E+15
      1341.5000218    1.0694720E+15
      1355.1000220    1.0087511E+15
      1360.6000221    9.8527644E+14
      1371.4000223    9.4090258E+14
      1382.3000225    8.9832570E+14
      1390.5000226    8.6768419E+14
      1395.9000227    8.4813041E+14
      1404.1000228    8.1935165E+14
      1406.8000229    8.1011022E+14
      1409.5000229    8.0098254E+14
      1415.0000230    7.8273423E+14
      1417.7000231    7.7394224E+14
      1420.4000231    7.6525781E+14
      1423.1000231    7.5667949E+14
      1425.9000232    7.4789373E+14
      1428.6000232    7.3952713E+14
      1431.3000233    7.3126227E+14
      1436.7000234    7.1503260E+14
      1439.5000234    7.0677183E+14
      1442.2000235    6.9890439E+14
      1444.9000235    6.9113204E+14
      1447.6000235    6.8345345E+14
      1450.4000236    6.7558836E+14
      1453.1000236    6.6809726E+14
      1455.8000237    6.6069623E+14
      1458.5000237    6.5338418E+14
      1461.2000238    6.4615991E+14
      1466.7000239    6.3171043E+14
      1469.4000239    6.2474574E+14
      1472.1000239    6.1786413E+14
      1477.6000240    6.0409889E+14
      1480.3000241    5.9746337E+14
      1488.4000242    5.7802576E+14
      1491.2000242    5.7146667E+14
      1496.6000243    5.5904328E+14
      1551.0000252    4.1780928E+14
      1632.7000266    2.9941462E+14
      1823.1000296    1.1882701E+14
      2340.2000381    0.0000000E+00
      2829.9000460    0.0000000E+00
      3047.6000496    0.0000000E+00
 
