       12.5000002    1.7824388E+03
        15.0000002    8.1094464E+02
        20.0000003    6.1166325E+01
        25.0000004    1.9483477E+01
        30.0000005    1.2811695E+01
        35.0000006    7.6004515E+00
        40.0000007    4.7732768E+00
        45.0000007    2.8171523E+00
        50.0000008    1.4773685E+00
        55.0000009    6.8255955E-01
        60.0000010    2.8816172E-01
        65.0000011    1.2267458E-01
        70.0000011    6.0446113E-02
        75.0000012    1.5215576E-01
        80.0000013    1.2475430E-01
        85.0000014    9.7801387E-02
        90.0000015    7.6886617E-02
        95.2390015    5.8052991E-02
       100.6800016    3.9997369E-02
       114.2900019    7.8717377E-03
 
