       12.5000002    1.7469788E+01
        15.0000002    1.3797278E+01
        20.0000003    3.5446019E+00
        25.0000004    5.0808191E-01
        30.0000005    1.9437055E-01
        35.0000006    1.2610221E-01
        40.0000007    7.7767342E-02
        45.0000007    4.4370938E-02
        50.0000008    2.3162125E-02
        55.0000009    1.1375668E-02
        60.0000010    5.6844978E-03
        65.0000011    3.1249942E-03
        70.0000011    1.9246591E-03
        75.0000012    1.4563817E-02
        80.0000013    1.0190857E-02
        85.0000014    6.1292057E-03
        90.0000015    3.5198277E-03
        95.2390015    1.9027933E-03
       100.6800016    9.7232475E-04
       114.2900019    1.6278090E-04
       119.7300019    7.5750737E-05
       122.4500020    5.0888000E-05
       125.1700020    3.3715354E-05
       127.8900021    2.1911887E-05
       130.6100021    1.3820500E-05
       133.3300022    8.2517627E-06
       136.0600022    4.2935380E-06
 
