       12.5000002    2.4440405E+01
        15.0000002    3.0821804E+01
        20.0000003    1.0940840E+01
        25.0000004    4.5128813E+00
        30.0000005    1.9136922E+00
        35.0000006    5.9565806E-01
        40.0000007    2.4107762E-01
        45.0000007    1.2990585E-01
        50.0000008    8.4564216E-02
        55.0000009    5.9595775E-02
        60.0000010    4.1044634E-02
        65.0000011    2.6710119E-02
        70.0000011    1.6564844E-02
        75.0000012    8.4582292E-02
        80.0000013    7.2768390E-02
        85.0000014    5.6562431E-02
        90.0000015    4.3410819E-02
        95.2390015    3.1893712E-02
       100.6800016    2.2021526E-02
       114.2900019    8.2656182E-03
       119.7300019    5.5782334E-03
       122.4500020    4.5830044E-03
       125.1700020    3.7656641E-03
       127.8900021    3.0944042E-03
       130.6100021    2.5431016E-03
       133.3300022    2.0903021E-03
       136.0600022    1.7171511E-03
       146.9400024    7.8580261E-04
       149.6600024    6.4670603E-04
       155.1000025    4.3843171E-04
       157.8200026    3.6118744E-04
       160.5500026    2.9746199E-04
       165.9900027    4.1608207E-04
       171.4300028    3.1570526E-04
       176.8700029    3.0363275E-04
       179.5900029    2.6572030E-04
       182.3100030    2.3100121E-04
       185.0400030    2.0000122E-04
       187.7600031    1.7290708E-04
       190.4800031    1.4929597E-04
       195.9200032    1.1098745E-04
       198.6400032    9.5554591E-05
       204.0800033    7.0599410E-05
       206.8000034    6.0575625E-05
       209.5300034    5.1875209E-05
       212.2500035    4.4383232E-05
       214.9700035    3.7910711E-05
       220.4100036    2.7503967E-05
       225.8500037    1.9777153E-05
       236.7400038    1.3406881E-05
       247.6200040    7.0650149E-06
       258.5100042    3.3066899E-06
       272.1100044    2.4624848E-07
 
