       12.5000002    9.9773788E+00
        15.0000002    6.6355429E+00
        20.0000003    5.5699104E-01
        25.0000004    1.5750302E-01
        30.0000005    1.2621666E-01
        35.0000006    6.0557321E-02
        40.0000007    2.5850644E-02
        45.0000007    1.0547696E-02
        50.0000008    4.7531985E-03
        55.0000009    2.5262514E-03
        60.0000010    1.4490576E-03
        65.0000011    8.1201259E-04
        70.0000011    4.2501499E-04
        75.0000012    1.0746763E-03
        80.0000013    4.0646474E-04
        85.0000014    1.0660496E-04
 
