       12.5000002    1.7658971E+02
        15.0000002    3.9794392E+01
        20.0000003    2.0903427E+01
        25.0000004    8.7773600E+00
        30.0000005    6.5150585E+00
        35.0000006    3.2937827E+00
        40.0000007    1.5055954E+00
        45.0000007    6.6642362E-01
        50.0000008    2.9870540E-01
        55.0000009    1.4667614E-01
        60.0000010    8.6438559E-02
        65.0000011    5.9853032E-02
        70.0000011    4.4263914E-02
        75.0000012    1.5551820E-01
        80.0000013    1.4016247E-01
        85.0000014    1.1834599E-01
        90.0000015    1.0151601E-01
        95.2390015    8.5347138E-02
       100.6800016    6.7371547E-02
       114.2900019    3.4274112E-02
       119.7300019    2.5949502E-02
       122.4500020    2.2557983E-02
       125.1700020    1.9599430E-02
       127.8900021    1.7021254E-02
       130.6100021    1.4776736E-02
       133.3300022    1.2824389E-02
       136.0600022    1.1121670E-02
       146.9400024    6.2975758E-03
       149.6600024    5.4629566E-03
       155.1000025    4.1121119E-03
       157.8200026    3.5684102E-03
       160.5500026    3.0955276E-03
       165.9900027    3.0074029E-03
       171.4300028    2.3683263E-03
       176.8700029    2.1001524E-03
       179.5900029    1.8860074E-03
       182.3100030    1.6888791E-03
       185.0400030    1.5103847E-03
       187.7600031    1.3515023E-03
       190.4800031    1.2101942E-03
       195.9200032    9.7320083E-04
       198.6400032    8.7396888E-04
       204.0800033    7.0674584E-04
       206.8000034    6.3639070E-04
       209.5300034    5.7329983E-04
       212.2500035    5.1706744E-04
       214.9700035    4.6669148E-04
       220.4100036    3.8093948E-04
       225.8500037    3.1166419E-04
       236.7400038    2.2342647E-04
       247.6200040    1.4916582E-04
       258.5100042    1.0078204E-04
       272.1100044    6.2933475E-05
       285.7200046    4.0025559E-05
       299.3200049    2.5846957E-05
       312.9300051    1.6860922E-05
       340.1400055    7.2647786E-06
       353.7400058    4.7510966E-06
       380.9500062    1.9607874E-06
       394.5600064    1.2185697E-06
       408.1700066    7.2820279E-07
       435.3800071    1.9584193E-07
 
