       12.5000002    8.2820563E+02
        15.0000002    2.5900244E+02
        20.0000003    2.6536585E+01
        25.0000004    1.5727326E+01
        30.0000005    1.0619434E+01
        35.0000006    6.6582308E+00
        40.0000007    4.0825686E+00
        45.0000007    2.3167558E+00
        50.0000008    1.2137973E+00
        55.0000009    5.9339970E-01
        60.0000010    2.8296122E-01
        65.0000011    1.4298572E-01
        70.0000011    8.2814991E-02
        75.0000012    2.3230192E-01
        80.0000013    2.0672591E-01
        85.0000014    1.7891052E-01
        90.0000015    1.5808140E-01
        95.2390015    1.3377267E-01
       100.6800016    1.0772733E-01
       114.2900019    6.3182920E-02
       119.7300019    5.1275879E-02
       122.4500020    4.6162236E-02
       125.1700020    4.1530553E-02
       127.8900021    3.7335224E-02
       130.6100021    3.3537071E-02
       133.3300022    3.0101549E-02
       136.0600022    2.6986647E-02
       146.9400024    1.7349290E-02
       149.6600024    1.5515339E-02
       155.1000025    1.2395542E-02
       157.8200026    1.1075049E-02
       160.5500026    9.8892795E-03
       165.9900027    9.4147008E-03
       171.4300028    7.6949312E-03
       176.8700029    6.7071458E-03
       179.5900029    6.0913619E-03
       182.3100030    5.5038547E-03
       185.0400030    4.9592312E-03
       187.7600031    4.4671725E-03
       190.4800031    4.0254714E-03
       195.9200032    3.2772953E-03
       198.6400032    2.9611937E-03
       204.0800033    2.4253461E-03
       206.8000034    2.1988335E-03
       209.5300034    1.9951395E-03
       212.2500035    1.8130704E-03
       214.9700035    1.6494875E-03
       220.4100036    1.3697424E-03
       225.8500037    1.1421447E-03
       236.7400038    9.5196837E-04
       247.6200040    6.7136489E-04
       258.5100042    4.7294484E-04
       272.1100044    3.0824548E-04
       285.7200046    2.0358370E-04
       299.3200049    1.3645858E-04
       312.9300051    9.2821690E-05
       340.1400055    4.4921471E-05
       353.7400058    3.1911091E-05
       380.9500062    1.6667276E-05
       394.5600064    1.2212329E-05
       408.1700066    9.0095018E-06
       435.3800071    4.9717491E-06
       462.5900075    2.7651308E-06
       476.1900077    2.0613106E-06
       489.8000080    1.5331827E-06
       503.4000082    1.1368879E-06
       517.0100084    8.3898362E-07
       557.8300091    3.2290296E-07
       571.4300093    2.2983427E-07
       585.0400095    1.6082976E-07
       612.2500100    7.2733144E-08
 
