       12.5000002    5.0085701E+01
        15.0000002    2.9892357E+01
        20.0000003    1.5950460E+01
        25.0000004    6.4121203E+00
        30.0000005    4.1398449E+00
        35.0000006    1.6401380E+00
        40.0000007    6.3831478E-01
        45.0000007    2.7468094E-01
        50.0000008    1.3847859E-01
        55.0000009    8.5520335E-02
        60.0000010    6.0435541E-02
        65.0000011    4.3745328E-02
        70.0000011    3.0783663E-02
        75.0000012    1.2112296E-01
        80.0000013    1.0799044E-01
        85.0000014    8.8871740E-02
        90.0000015    7.3427044E-02
        95.2390015    5.8621656E-02
       100.6800016    4.3703195E-02
       114.2900019    1.9413836E-02
       119.7300019    1.3967698E-02
       122.4500020    1.1844156E-02
       125.1700020    1.0042275E-02
       127.8900021    8.5139479E-03
       130.6100021    7.2180792E-03
       133.3300022    6.1195930E-03
       136.0600022    5.1854770E-03
       146.9400024    2.6833874E-03
       149.6600024    2.2769989E-03
       155.1000025    1.6407440E-03
       157.8200026    1.3933426E-03
       160.5500026    1.1828926E-03
       165.9900027    1.2761416E-03
       171.4300028    9.9506276E-04
       176.8700029    9.1994443E-04
       179.5900029    8.2281721E-04
       182.3100030    7.3257828E-04
       185.0400030    6.5057783E-04
       187.7600031    5.7756604E-04
       190.4800031    5.1273213E-04
       195.9200032    4.0446778E-04
       198.6400032    3.5941385E-04
       204.0800033    2.8406826E-04
       206.8000034    2.5265873E-04
       209.5300034    2.2468388E-04
       212.2500035    1.9993460E-04
       214.9700035    1.7793996E-04
       220.4100036    1.4098259E-04
       225.8500037    1.1170671E-04
       236.7400038    7.4087860E-05
       247.6200040    4.7670688E-05
       258.5100042    3.0935484E-05
       272.1100044    1.8135781E-05
       285.7200046    1.0595512E-05
       299.3200049    6.0961761E-06
       312.9300051    3.3912670E-06
       340.1400055    7.9962308E-07
       353.7400058    1.5779202E-07
 
