       12.5000002    1.4393646E+03
        15.0000002    5.9656238E+02
        20.0000003    4.6431950E+01
        25.0000004    2.0148666E+01
        30.0000005    1.3674572E+01
        35.0000006    8.5566473E+00
        40.0000007    5.6921721E+00
        45.0000007    3.6634600E+00
        50.0000008    2.1839395E+00
        55.0000009    1.1921962E+00
        60.0000010    6.0623217E-01
        65.0000011    3.0071378E-01
        70.0000011    1.5498500E-01
        75.0000012    3.4498125E-01
        80.0000013    2.8460073E-01
        85.0000014    2.4618962E-01
        90.0000015    2.2581984E-01
        95.2390015    1.8652973E-01
       100.6800016    1.4093949E-01
       114.2900019    7.9088069E-02
       119.7300019    6.5244250E-02
       122.4500020    5.9410822E-02
       125.1700020    5.4136176E-02
       127.8900021    4.9339235E-02
       130.6100021    4.4960361E-02
       133.3300022    4.0954109E-02
       136.0600022    3.7271764E-02
       146.9400024    2.5436260E-02
       149.6600024    2.3081085E-02
       155.1000025    1.8971805E-02
       157.8200026    1.7187122E-02
       160.5500026    1.5557856E-02
       165.9900027    1.5203118E-02
       171.4300028    1.2765339E-02
       176.8700029    1.1285724E-02
       179.5900029    1.0379594E-02
       182.3100030    9.4740381E-03
       185.0400030    8.6035244E-03
       187.7600031    7.7972133E-03
       190.4800031    7.0628505E-03
       195.9200032    5.8002616E-03
       198.6400032    5.2581755E-03
       204.0800033    4.3292837E-03
       206.8000034    3.9338735E-03
       209.5300034    3.5771194E-03
       212.2500035    3.2573387E-03
       214.9700035    2.9693036E-03
       220.4100036    2.4751697E-03
       225.8500037    2.0717499E-03
       236.7400038    1.7615457E-03
       247.6200040    1.2805233E-03
       258.5100042    9.2658069E-04
       272.1100044    6.2181754E-04
       285.7200046    4.2106918E-04
       299.3200049    2.8804480E-04
       312.9300051    1.9909172E-04
       340.1400055    9.8471442E-05
       353.7400058    7.0518814E-05
       380.9500062    3.7470498E-05
       394.5600064    2.7774106E-05
       408.1700066    2.0796268E-05
       435.3800071    1.1970208E-05
       462.5900075    7.0800720E-06
       476.1900077    5.4862708E-06
       489.8000080    4.2658253E-06
       503.4000082    3.3264591E-06
       517.0100084    2.5983265E-06
       557.8300091    1.2434714E-06
       571.4300093    9.7194606E-07
       585.0400095    7.5850159E-07
       612.2500100    4.5896732E-07
       666.6700108    1.6050302E-07
       680.2800111    1.2158149E-07
       707.4900115    6.8506466E-08
       734.7000119    3.6082689E-08
       761.9100124    1.6888633E-08
       789.1200128    5.3845199E-09
 
