       12.5000002    2.5922031E+01
        15.0000002    2.2417164E+01
        20.0000003    7.4705186E+00
        25.0000004    2.2123668E+00
        30.0000005    5.5969566E-01
        35.0000006    2.0681615E-01
        40.0000007    1.2427441E-01
        45.0000007    8.2814693E-02
        50.0000008    5.5076953E-02
        55.0000009    3.4361336E-02
        60.0000010    1.9858951E-02
        65.0000011    1.0965468E-02
        70.0000011    6.0569518E-03
        75.0000012    4.5563966E-02
        80.0000013    3.6490802E-02
        85.0000014    2.5781674E-02
        90.0000015    1.7713914E-02
        95.2390015    1.1611310E-02
       100.6800016    7.2363466E-03
       114.2900019    2.1372384E-03
       119.7300019    1.3076798E-03
       122.4500020    1.0221223E-03
       125.1700020    7.9850334E-04
       127.8900021    6.2347174E-04
       130.6100021    4.8654122E-04
       133.3300022    3.7947646E-04
       136.0600022    2.9554020E-04
       146.9400024    1.0857161E-04
       149.6600024    8.4428459E-05
       155.1000025    5.0992523E-05
       157.8200026    3.9605849E-05
       160.5500026    3.0720272E-05
       165.9900027    6.4294567E-05
       171.4300028    4.1683303E-05
       176.8700029    3.5931065E-05
       179.5900029    2.8115355E-05
       182.3100030    2.1648844E-05
       185.0400030    1.6367960E-05
       187.7600031    1.2122686E-05
       190.4800031    8.7094686E-06
       195.9200032    3.7133507E-06
       198.6400032    1.7079935E-06
 
