       12.5000002    8.5200830E+02
        15.0000002    2.6859311E+02
        20.0000003    2.6246178E+01
        25.0000004    1.5808857E+01
        30.0000005    1.1012069E+01
        35.0000006    6.9493046E+00
        40.0000007    4.2899384E+00
        45.0000007    2.4580820E+00
        50.0000008    1.3030356E+00
        55.0000009    6.4469206E-01
        60.0000010    3.1001422E-01
        65.0000011    1.5661237E-01
        70.0000011    8.9809246E-02
        75.0000012    2.4444996E-01
        80.0000013    2.1723282E-01
        85.0000014    1.8886970E-01
        90.0000015    1.6812460E-01
        95.2390015    1.4260225E-01
       100.6800016    1.1475716E-01
       114.2900019    6.7862608E-02
       119.7300019    5.5426966E-02
       122.4500020    5.0077882E-02
       125.1700020    4.5223288E-02
       127.8900021    4.0814877E-02
       130.6100021    3.6812004E-02
       133.3300022    3.3179391E-02
       136.0600022    2.9874036E-02
       146.9400024    1.9552527E-02
       149.6600024    1.7567022E-02
       155.1000025    1.4168089E-02
       157.8200026    1.2719920E-02
       160.5500026    1.1413810E-02
       165.9900027    1.0970653E-02
       171.4300028    9.0642963E-03
       176.8700029    7.9593426E-03
       179.5900029    7.2672772E-03
       182.3100030    6.5974966E-03
       185.0400030    5.9700343E-03
       187.7600031    5.3988937E-03
       190.4800031    4.8836046E-03
       195.9200032    4.0055853E-03
       198.6400032    3.6323005E-03
       204.0800033    2.9963127E-03
       206.8000034    2.7262769E-03
       209.5300034    2.4827849E-03
       212.2500035    2.2645709E-03
       214.9700035    2.0679978E-03
       220.4100036    1.7305352E-03
       225.8500037    1.4545330E-03
       236.7400038    1.2396886E-03
       247.6200040    8.9637371E-04
       258.5100042    6.4714288E-04
       272.1100044    4.3467060E-04
       285.7200046    2.9562885E-04
       299.3200049    2.0380333E-04
       312.9300051    1.4238976E-04
       340.1400055    7.2452509E-05
       353.7400058    5.2738462E-05
       380.9500062    2.8988838E-05
       394.5600064    2.1850223E-05
       408.1700066    1.6629770E-05
       435.3800071    9.8761820E-06
       462.5900075    6.0226794E-06
       476.1900077    4.7403773E-06
       489.8000080    3.7463021E-06
       503.4000082    2.9720311E-06
       517.0100084    2.3647642E-06
       557.8300091    1.2088146E-06
       571.4300093    9.7019552E-07
       585.0400095    7.7959925E-07
       612.2500100    5.0498511E-07
       666.6700108    2.1311106E-07
       680.2800111    1.7174462E-07
       707.4900115    1.1269324E-07
       734.7000119    7.2990204E-08
       761.9100124    4.6738517E-08
       789.1200128    2.9697443E-08
       816.3300133    1.8657399E-08
       843.5400137    1.1533708E-08
       870.7500142    6.9649921E-09
       911.5700148    3.0363974E-09
       952.3900155    1.0777591E-09
 
