       12.5000002    2.0637598E+03
        15.0000002    1.0384911E+03
        20.0000003    9.8093864E+01
        25.0000004    2.6042803E+01
        30.0000005    1.7797775E+01
        35.0000006    1.0906035E+01
        40.0000007    7.2995615E+00
        45.0000007    5.0414495E+00
        50.0000008    3.3303435E+00
        55.0000009    2.0249159E+00
        60.0000010    1.1326194E+00
        65.0000011    5.9887284E-01
        70.0000011    3.1099749E-01
        75.0000012    6.1439192E-01
        80.0000013    4.6208614E-01
        85.0000014    3.9054590E-01
        90.0000015    3.7445387E-01
        95.2390015    3.0691588E-01
       100.6800016    2.1336624E-01
       114.2900019    1.0188928E-01
       119.7300019    8.2775302E-02
       122.4500020    7.5332865E-02
       125.1700020    6.8848446E-02
       127.8900021    6.3108943E-02
       130.6100021    5.7964157E-02
       133.3300022    5.3307153E-02
       136.0600022    4.9045399E-02
       146.9400024    3.5213739E-02
       149.6600024    3.2390963E-02
       155.1000025    2.7366782E-02
       157.8200026    2.5136041E-02
       160.5500026    2.3068445E-02
       165.9900027    2.3520116E-02
       171.4300028    2.0318825E-02
       176.8700029    1.8479183E-02
       179.5900029    1.7279187E-02
       182.3100030    1.6007649E-02
       185.0400030    1.4716507E-02
       187.7600031    1.3472614E-02
       190.4800031    1.2314974E-02
       195.9200032    1.0280070E-02
       198.6400032    9.3812793E-03
       204.0800033    7.8083505E-03
       206.8000034    7.1293665E-03
       209.5300034    6.5125106E-03
       212.2500035    5.9560724E-03
       214.9700035    5.4518734E-03
       220.4100036    4.5797597E-03
       225.8500037    3.8604969E-03
       236.7400038    3.2159332E-03
       247.6200040    2.4072295E-03
       258.5100042    1.7978370E-03
       272.1100044    1.2554525E-03
       285.7200046    8.8440889E-04
       299.3200049    6.2855723E-04
       312.9300051    4.5041821E-04
       340.1400055    2.3748333E-04
       353.7400058    1.7482531E-04
       380.9500062    9.7441552E-05
       394.5600064    7.3787000E-05
       408.1700066    5.6403594E-05
       435.3800071    3.3871165E-05
       462.5900075    2.1029051E-05
       476.1900077    1.6757076E-05
       489.8000080    1.3440061E-05
       503.4000082    1.0847171E-05
       517.0100084    8.8016104E-06
       557.8300091    4.8364245E-06
       571.4300093    3.9928677E-06
       585.0400095    3.3067709E-06
       612.2500100    2.2877894E-06
       666.6700108    1.1254164E-06
       680.2800111    9.4679632E-07
       707.4900115    7.0353866E-07
       734.7000119    5.0913360E-07
       761.9100124    3.6170735E-07
       789.1200128    2.5857733E-07
       816.3300133    1.8579425E-07
       843.5400137    1.3405693E-07
       870.7500142    9.7054581E-08
       911.5700148    6.0068423E-08
       952.3900155    3.7312958E-08
       993.2000162    3.4426201E-08
      1020.4000166    2.4438615E-08
      1061.2000173    1.7081142E-08
      1088.4000177    1.2020501E-08
      1102.0000179    1.0076063E-08
      1115.7000181    8.4292511E-09
      1129.3000184    7.0546839E-09
      1142.9000186    5.8981620E-09
      1156.5000188    4.9251581E-09
      1170.1000190    4.1066843E-09
      1197.3000195    1.0465651E-08
      1210.9000197    8.8014831E-09
      1224.5000199    7.3719537E-09
      1227.2000200    7.1139579E-09
      1229.9000200    6.8639845E-09
      1232.7000200    6.6129848E-09
      1235.4000201    6.3786585E-09
      1238.1000201    6.1516792E-09
      1240.8000202    5.9318324E-09
      1243.5000202    5.7189080E-09
      1246.3000203    5.5051901E-09
      1249.0000203    5.3057381E-09
      1257.2000204    4.7379269E-09
      1259.9000205    4.5628297E-09
      1262.6000205    4.3933137E-09
      1270.8000207    3.9109831E-09
      1281.6000208    3.3444247E-09
      1289.8000210    2.9612406E-09
      1292.5000210    2.8432239E-09
      1295.2000211    2.7290370E-09
      1298.0000211    2.6145388E-09
      1300.7000212    2.5077875E-09
      1303.4000212    2.4045137E-09
      1306.1000212    2.3046074E-09
      1314.3000214    2.0207518E-09
      1330.6000216    1.5349325E-09
      1341.5000218    1.2603550E-09
      1355.1000220    9.6498831E-10
      1360.6000221    8.5840557E-10
      1371.4000223    6.6729033E-10
      1382.3000225    4.9413973E-10
      1390.5000226    3.7228562E-10
      1395.9000227    2.9272121E-10
      1404.1000228    1.5939218E-10
      1406.8000229    1.0005421E-10
 
