       12.5000002    1.8426891E+01
        15.0000002    1.4346872E+01
        20.0000003    3.8556204E+00
        25.0000004    5.9351087E-01
        30.0000005    2.0734073E-01
        35.0000006    1.3513133E-01
        40.0000007    8.6774141E-02
        45.0000007    5.2458461E-02
        50.0000008    2.9420944E-02
        55.0000009    1.5454841E-02
        60.0000010    8.0313655E-03
        65.0000011    4.4216095E-03
        70.0000011    2.6836267E-03
        75.0000012    2.3101572E-02
        80.0000013    1.7514821E-02
        85.0000014    1.1557658E-02
        90.0000015    7.3849941E-03
        95.2390015    4.5234985E-03
       100.6800016    2.6687325E-03
       114.2900019    7.0953829E-04
       119.7300019    4.2079671E-04
       122.4500020    3.2474200E-04
       125.1700020    2.5101448E-04
       127.8900021    1.9436487E-04
       130.6100021    1.5078603E-04
       133.3300022    1.1721790E-04
       136.0600022    9.1239497E-05
       146.9400024    3.4446977E-05
       149.6600024    2.7179194E-05
       155.1000025    1.7056504E-05
       157.8200026    1.3564392E-05
       160.5500026    1.0804200E-05
       165.9900027    2.7391345E-05
       171.4300028    1.7839744E-05
       176.8700029    1.5793164E-05
       179.5900029    1.2509397E-05
       182.3100030    9.8180253E-06
       185.0400030    7.6311271E-06
       187.7600031    5.8785463E-06
       190.4800031    4.4746439E-06
       195.9200032    2.4634098E-06
       198.6400032    1.7565801E-06
       204.0800033    7.4329188E-07
       206.8000034    3.5116221E-07
 
