       12.5000002    2.0778659E+18
        15.0000002    3.0524133E+18
        20.0000003    2.9957346E+18
        25.0000004    2.5235771E+18
        30.0000005    2.7309604E+18
        35.0000006    2.0528238E+18
        40.0000007    1.5779798E+18
        45.0000007    1.3006865E+18
        50.0000008    1.1426734E+18
        55.0000009    1.0501094E+18
        60.0000010    9.7119580E+17
        65.0000011    8.7744629E+17
        70.0000011    7.6835914E+17
        75.0000012    5.1075581E+18
        80.0000013    5.5348547E+18
        85.0000014    5.3657064E+18
        90.0000015    5.1084674E+18
        95.2390015    4.7051989E+18
       100.6800016    4.1027386E+18
       114.2900019    2.6717390E+18
       119.7300019    2.2155862E+18
       122.4500020    2.0119136E+18
       125.1700020    1.8236353E+18
       127.8900021    1.6500284E+18
       130.6100021    1.4903392E+18
       133.3300022    1.3437955E+18
       136.0600022    1.2091475E+18
       146.9400024    7.8095583E+17
       149.6600024    6.9732642E+17
       155.1000025    5.5340616E+17
       157.8200026    4.9187893E+17
       160.5500026    4.3634579E+17
       165.9900027    7.4298921E+17
       171.4300028    6.4173993E+17
       176.8700029    7.0688626E+17
       179.5900029    6.5591847E+17
       182.3100030    6.0375627E+17
       185.0400030    5.5253376E+17
       187.7600031    5.0360948E+17
       190.4800031    4.5713179E+17
       195.9200032    3.7148976E+17
       198.6400032    3.3204633E+17
       204.0800033    2.5900862E+17
       206.8000034    2.2495821E+17
       209.5300034    1.9203182E+17
       212.2500035    1.6001947E+17
       214.9700035    1.2806540E+17
       220.4100036    5.5089505E+16
 
