       12.5000002    4.6813621E+18
        15.0000002    4.1663890E+18
        20.0000003    2.0966185E+18
        25.0000004    2.0534783E+18
        30.0000005    2.6213435E+18
        35.0000006    2.6179342E+18
        40.0000007    2.5494087E+18
        45.0000007    2.3440466E+18
        50.0000008    1.9995218E+18
        55.0000009    1.5886018E+18
        60.0000010    1.2117315E+18
        65.0000011    9.3020628E+17
        70.0000011    7.4660942E+17
        75.0000012    3.5220873E+18
        80.0000013    3.8727988E+18
        85.0000014    3.9921720E+18
        90.0000015    4.1555206E+18
        95.2390015    4.1576281E+18
       100.6800016    3.9309949E+18
       114.2900019    3.3430549E+18
       119.7300019    3.1395711E+18
       122.4500020    3.0400413E+18
       125.1700020    2.9412288E+18
       127.8900021    2.8428670E+18
       130.6100021    2.7448607E+18
       133.3300022    2.6472405E+18
       136.0600022    2.5497691E+18
       146.9400024    2.1703234E+18
       149.6600024    2.0788345E+18
       155.1000025    1.9014024E+18
       157.8200026    1.8158147E+18
       160.5500026    1.7322105E+18
       165.9900027    2.0457516E+18
       171.4300028    1.9099357E+18
       176.8700029    1.9604558E+18
       179.5900029    1.8983476E+18
       182.3100030    1.8268177E+18
       185.0400030    1.7515979E+18
       187.7600031    1.6768462E+18
       190.4800031    1.6043531E+18
       195.9200032    1.4684607E+18
       198.6400032    1.4049448E+18
       204.0800033    1.2868815E+18
       206.8000034    1.2322891E+18
       209.5300034    1.1803059E+18
       212.2500035    1.1311541E+18
       214.9700035    1.0844797E+18
       220.4100036    9.9796603E+17
       225.8500037    9.1965723E+17
       236.7400038    9.2076203E+17
       247.6200040    7.8703709E+17
       258.5100042    6.6884653E+17
       272.1100044    5.4615605E+17
       285.7200046    4.4739262E+17
       299.3200049    3.6809485E+17
       312.9300051    3.0426531E+17
       340.1400055    2.1093622E+17
       353.7400058    1.7669021E+17
       380.9500062    1.2460429E+17
       394.5600064    1.0448004E+17
       408.1700066    8.7207928E+16
       435.3800071    5.8977533E+16
       462.5900075    3.6344018E+16
       476.1900077    2.6090840E+16
       489.8000080    1.5345273E+16
 
