       12.5000002    2.4433474E+18
        15.0000002    2.5840019E+18
        20.0000003    2.7250480E+18
        25.0000004    2.3865232E+18
        30.0000005    2.9255585E+18
        35.0000006    2.4628527E+18
        40.0000007    1.9374251E+18
        45.0000007    1.5105738E+18
        50.0000008    1.2106577E+18
        55.0000009    1.0261717E+18
        60.0000010    9.1956851E+17
        65.0000011    8.4517109E+17
        70.0000011    7.7389401E+17
        75.0000012    4.6541964E+18
        80.0000013    5.1256456E+18
        85.0000014    5.1070072E+18
        90.0000015    5.0510212E+18
        95.2390015    4.8807046E+18
       100.6800016    4.4707831E+18
       114.2900019    3.2850980E+18
       119.7300019    2.8617179E+18
       122.4500020    2.6642461E+18
       125.1700020    2.4764751E+18
       127.8900021    2.2984509E+18
       130.6100021    2.1301400E+18
       133.3300022    1.9714250E+18
       136.0600022    1.8215998E+18
       146.9400024    1.3134340E+18
       149.6600024    1.2069661E+18
       155.1000025    1.0161382E+18
       157.8200026    9.3101092E+17
       160.5500026    8.5195205E+17
       165.9900027    1.1668838E+18
       171.4300028    1.0425716E+18
       176.8700029    1.1238138E+18
       179.5900029    1.0692732E+18
       182.3100030    1.0119797E+18
       185.0400030    9.5479432E+17
       187.7600031    8.9958839E+17
       190.4800031    8.4678538E+17
       195.9200032    7.4889476E+17
       198.6400032    7.0361879E+17
       204.0800033    6.1987256E+17
       206.8000034    5.8120116E+17
       209.5300034    5.4438635E+17
       212.2500035    5.0958900E+17
       214.9700035    4.7656823E+17
       220.4100036    4.1548088E+17
       225.8500037    3.6043706E+17
       236.7400038    3.1153195E+17
       247.6200040    2.3275630E+17
       258.5100042    1.6632910E+17
       272.1100044    8.9636663E+16
 
