       80.0000013    1.2957017E-03
        85.0000014    7.0898148E-04
        90.0000015    4.0649436E-04
        95.2390015    2.3836996E-04
       100.6800016    1.4398246E-04
       114.2900019    4.9270784E-05
       119.7300019    3.4036944E-05
       122.4500020    2.8561653E-05
       125.1700020    2.4099694E-05
       127.8900021    2.0435764E-05
       130.6100021    1.7406172E-05
       133.3300022    1.4885207E-05
       136.0600022    1.2768365E-05
       146.9400024    6.0671839E-05
       149.6600024    5.0998115E-05
       155.1000025    3.6259371E-05
       157.8200026    3.0682571E-05
       160.5500026    2.6008447E-05
       165.9900027    1.8836685E-05
       171.4300028    1.3758907E-05
       176.8700029    1.0130783E-05
       179.5900029    8.7180888E-06
       182.3100030    7.5163107E-06
       185.0400030    6.4884634E-06
       187.7600031    5.6141203E-06
       190.4800031    4.8660186E-06
       195.9200032    3.6740619E-06
       198.6400032    3.2003286E-06
       204.0800033    9.7080756E-06
       206.8000034    8.6961345E-06
       209.5300034    7.7838504E-06
       212.2500035    6.9729467E-06
       214.9700035    6.2511208E-06
       220.4100036    5.0375211E-06
       225.8500037    4.0751638E-06
       236.7400038    2.6963733E-06
       247.6200040    1.8105236E-06
       258.5100042    1.2315606E-06
       272.1100044    7.7446902E-07
       285.7200046    4.9566040E-07
       299.3200049    3.2263952E-07
       312.9300051    2.1322327E-07
       340.1400055    9.7194494E-08
       353.7400058    6.6922077E-08
       380.9500062    3.2854896E-08
       394.5600064    2.3395717E-08
       408.1700066    1.6828519E-08
       435.3800071    8.9568317E-09
       462.5900075    4.9330424E-09
       476.1900077    3.7045693E-09
       489.8000080    2.8018203E-09
       503.4000082    2.1342343E-09
       517.0100084    1.6361407E-09
       557.8300091    7.6463758E-10
       571.4300093    6.0012212E-10
       585.0400095    4.7335158E-10
       612.2500100    2.9884606E-10
       666.6700108    1.2548854E-10
       680.2800111    1.0200026E-10
       707.4900115    6.8117033E-11
       734.7000119    4.6091752E-11
       761.9100124    3.1568869E-11
       789.1200128    2.1865931E-11
       816.3300133    1.5303739E-11
       843.5400137    1.0815133E-11
       870.7500142    7.7084727E-12
       911.5700148    4.7136726E-12
       952.3900155    2.9320663E-12
       993.2000162    1.8524780E-12
      1020.4000166    1.3748277E-12
      1061.2000173    8.8503792E-13
      1088.4000177    6.6542382E-13
      1102.0000179    5.7802900E-13
      1115.7000181    5.0217187E-13
      1129.3000184    4.3719886E-13
      1142.9000186    3.8103312E-13
      1156.5000188    3.3241815E-13
      1170.1000190    2.8690846E-13
      1197.3000195    2.1900336E-13
      1210.9000197    1.9157413E-13
      1224.5000199    1.6770828E-13
      1227.2000200    1.6335067E-13
      1229.9000200    1.5911078E-13
      1232.7000200    1.5483463E-13
      1235.4000201    1.5082430E-13
      1238.1000201    1.4692185E-13
      1240.8000202    1.4312423E-13
      1243.5000202    1.3942849E-13
      1246.3000203    1.3570042E-13
      1249.0000203    1.3220345E-13
      1257.2000204    1.2050431E-13
      1259.9000205    1.1738307E-13
      1262.6000205    1.1433941E-13
      1270.8000207    1.0557156E-13
      1281.6000208    9.5062379E-14
      1289.8000210    8.8530921E-14
      1292.5000210    8.6252559E-14
      1295.2000211    8.4032099E-14
      1298.0000211    8.1790064E-14
      1300.7000212    7.9685614E-14
      1303.4000212    7.7636390E-14
      1306.1000212    7.5641059E-14
      1314.3000214    6.9897389E-14
      1330.6000216    5.6680487E-14
      1341.5000218    5.0974700E-14
      1355.1000220    4.4668249E-14
      1360.6000221    4.2349069E-14
      1371.4000223    3.8145068E-14
      1382.3000225    3.4331336E-14
      1390.5000226    2.8773797E-14
      1395.9000227    2.7281839E-14
      1404.1000228    2.5164534E-14
      1406.8000229    2.4504385E-14
      1409.5000229    2.3861740E-14
      1415.0000230    2.2604833E-14
      1417.7000231    2.2012496E-14
      1420.4000231    2.1435829E-14
      1423.1000231    2.0874407E-14
      1425.9000232    2.0307855E-14
      1428.6000232    1.9776230E-14
      1431.3000233    1.9258636E-14
      1436.7000234    1.5327837E-14
      1439.5000234    1.4900714E-14
      1442.2000235    1.4500211E-14
      1444.9000235    1.4110560E-14
      1447.6000235    1.3731459E-14
      1450.4000236    1.3349151E-14
      1453.1000236    1.2990651E-14
      1455.8000237    8.7321636E-14
      1458.5000237    8.5719097E-14
      1461.2000238    8.3862157E-14
      1466.7000239    7.9771015E-14
      1469.4000239    7.7737885E-14
      1472.1000239    7.5726677E-14
      1477.6000240    5.1054735E-14
      1480.3000241    4.9664439E-14
      1488.4000242    4.5705752E-14
      1491.2000242    4.4410429E-14
      1496.6000243    4.2014308E-14
      1551.0000252    0.0000000E+00
      1632.7000266    0.0000000E+00
      1823.1000296    0.0000000E+00
 
