       80.0000013    7.7854143E-03
        85.0000014    4.2664278E-03
        90.0000015    2.4066176E-03
        95.2390015    1.3628328E-03
       100.6800016    7.8139693E-04
       114.2900019    2.2698466E-04
       119.7300019    1.4716598E-04
       122.4500020    1.1996362E-04
       125.1700020    9.8555000E-05
       127.8900021    8.1572005E-05
       130.6100021    6.7993948E-05
       133.3300022    5.7054582E-05
       136.0600022    4.8145306E-05
       146.9400024    3.0535486E-04
       149.6600024    2.6004971E-04
       155.1000025    1.8935480E-04
       157.8200026    1.6203566E-04
       160.5500026    1.3884845E-04
       165.9900027    1.0264251E-04
       171.4300028    7.6415556E-05
       176.8700029    5.7269266E-05
       179.5900029    4.9696526E-05
       182.3100030    4.3191518E-05
       185.0400030    3.7575432E-05
       187.7600031    3.2754615E-05
       190.4800031    2.8593598E-05
       195.9200032    2.1882583E-05
       198.6400032    1.9182751E-05
       204.0800033    4.0573028E-05
       206.8000034    3.6564586E-05
       209.5300034    3.2940137E-05
       212.2500035    2.9703380E-05
       214.9700035    2.6805727E-05
       220.4100036    2.1888151E-05
       225.8500037    1.7936200E-05
       236.7400038    1.2164140E-05
       247.6200040    8.3593386E-06
       258.5100042    5.8120504E-06
       272.1100044    3.7502066E-06
       285.7200046    2.4589810E-06
       299.3200049    1.6376235E-06
       312.9300051    1.1059477E-06
       340.1400055    5.2468516E-07
       353.7400058    3.6798261E-07
       380.9500062    1.8689408E-07
       394.5600064    1.3517504E-07
       408.1700066    9.8670320E-08
       435.3800071    5.3947357E-08
       462.5900075    3.0429884E-08
       476.1900077    2.3103265E-08
       489.8000080    1.7655216E-08
       503.4000082    1.3581180E-08
       517.0100084    1.0509332E-08
       557.8300091    5.0395568E-09
       571.4300093    3.9870405E-09
       585.0400095    3.1694407E-09
       612.2500100    2.0315736E-09
       666.6700108    8.7882107E-10
       680.2800111    7.1970724E-10
       707.4900115    4.8801824E-10
       734.7000119    3.3544753E-10
       761.9100124    2.3352498E-10
       789.1200128    1.6451009E-10
       816.3300133    1.1718333E-10
       843.5400137    8.4341832E-11
       870.7500142    6.1296829E-11
       911.5700148    3.8622643E-11
       952.3900155    2.4793521E-11
       993.2000162    1.6190155E-11
      1020.4000166    1.2293145E-11
      1061.2000173    8.2320947E-12
      1088.4000177    6.3484478E-12
      1102.0000179    5.5868847E-12
      1115.7000181    4.9188500E-12
      1129.3000184    4.3405058E-12
      1142.9000186    3.8351180E-12
      1156.5000188    3.3928429E-12
      1170.1000190    3.0052532E-12
      1197.3000195    2.3662339E-12
      1210.9000197    2.1032490E-12
      1224.5000199    1.8715585E-12
      1227.2000200    1.8289276E-12
      1229.9000200    1.7873432E-12
      1232.7000200    1.7452944E-12
      1235.4000201    1.7057572E-12
      1238.1000201    1.6671849E-12
      1240.8000202    1.6295524E-12
      1243.5000202    1.5928349E-12
      1246.3000203    1.5556984E-12
      1249.0000203    1.5207716E-12
      1257.2000204    1.4547329E-12
      1259.9000205    1.4224556E-12
      1262.6000205    1.3908206E-12
      1270.8000207    1.2989951E-12
      1281.6000208    1.1837105E-12
      1289.8000210    1.1220091E-12
      1292.5000210    1.0973973E-12
      1295.2000211    1.0733126E-12
      1298.0000211    1.0489042E-12
      1300.7000212    1.0259157E-12
      1303.4000212    1.0034591E-12
      1306.1000212    9.8152508E-13
      1314.3000214    9.1799853E-13
      1330.6000216    8.0444858E-13
      1341.5000218    7.3699066E-13
      1355.1000220    6.6121734E-13
      1360.6000221    6.3298677E-13
      1371.4000223    5.8124317E-13
      1382.3000225    5.3358956E-13
      1390.5000226    5.0050486E-13
      1395.9000227    4.7992187E-13
      1404.1000228    4.5038029E-13
      1406.8000229    4.4108418E-13
      1409.5000229    4.3199312E-13
      1415.0000230    4.1408863E-13
      1417.7000231    4.0559122E-13
      1420.4000231    3.9728008E-13
      1423.1000231    3.8915084E-13
      1425.9000232    3.8090811E-13
      1428.6000232    3.7313636E-13
      1431.3000233    3.6553391E-13
      1436.7000234    3.5082126E-13
      1439.5000234    3.4344280E-13
      1442.2000235    3.3648472E-13
      1444.9000235    3.2967707E-13
      1447.6000235    3.2301635E-13
      1450.4000236    3.1626053E-13
      1453.1000236    3.0988872E-13
      1455.8000237    2.0701782E-12
      1458.5000237    2.0462685E-12
      1461.2000238    2.0158929E-12
      1466.7000239    1.9450802E-12
      1469.4000239    1.9089029E-12
      1472.1000239    1.8727095E-12
      1477.6000240    1.8000845E-12
      1480.3000241    1.7652489E-12
      1488.4000242    1.6645513E-12
      1491.2000242    1.6311089E-12
      1496.6000243    1.5685712E-12
      1551.0000252    1.0369833E-12
      1632.7000266    5.8109257E-13
      1823.1000296    1.4432585E-13
      2340.2000381    0.0000000E+00
      2829.9000460    0.0000000E+00
      3047.6000496    0.0000000E+00
 
