       80.0000013    1.2021270E+00
        85.0000014    7.7673900E-01
        90.0000015    5.0862563E-01
        95.2390015    3.3100936E-01
       100.6800016    2.1500856E-01
       114.2900019    7.7582568E-02
       119.7300019    5.2742839E-02
       122.4500020    4.3668274E-02
       125.1700020    3.6250066E-02
       127.8900021    3.0168116E-02
       130.6100021    2.5167672E-02
       133.3300022    2.1045282E-02
       136.0600022    1.7626535E-02
       146.9400024    2.2943465E-02
       149.6600024    2.0636888E-02
       155.1000025    1.6497953E-02
       157.8200026    1.4734013E-02
       160.5500026    1.3159859E-02
       165.9900027    1.0536819E-02
       171.4300028    8.4754676E-03
       176.8700029    6.8497951E-03
       179.5900029    6.1685569E-03
       182.3100030    5.5612088E-03
       185.0400030    5.0171278E-03
       187.7600031    4.5326534E-03
       190.4800031    4.0990231E-03
       195.9200032    3.3617502E-03
       198.6400032    3.0485515E-03
       204.0800033    2.6144583E-03
       206.8000034    2.3796826E-03
       209.5300034    2.1674531E-03
       212.2500035    1.9772735E-03
       214.9700035    1.8061362E-03
       220.4100036    1.5129393E-03
       225.8500037    1.2737773E-03
       236.7400038    9.1544923E-04
       247.6200040    6.6934869E-04
       258.5100042    4.9655314E-04
       272.1100044    3.4815495E-04
       285.7200046    2.4821344E-04
       299.3200049    1.7956267E-04
       312.9300051    1.3147622E-04
       340.1400055    7.2706171E-05
       353.7400058    5.4786928E-05
       380.9500062    3.1802880E-05
       394.5600064    2.4471507E-05
       408.1700066    1.8945037E-05
       435.3800071    1.1549786E-05
       462.5900075    7.1883651E-06
       476.1900077    5.7123470E-06
       489.8000080    4.5592519E-06
       503.4000082    3.6553984E-06
       517.0100084    2.9425742E-06
       557.8300091    1.5720474E-06
       571.4300093    1.2852622E-06
       585.0400095    1.0543429E-06
       612.2500100    7.1683661E-07
       666.6700108    3.4406298E-07
       680.2800111    2.8846060E-07
       707.4900115    2.0445306E-07
       734.7000119    1.4642728E-07
       761.9100124    1.0590848E-07
       789.1200128    7.7321111E-08
       816.3300133    5.6953368E-08
       843.5400137    4.2306322E-08
       870.7500142    3.1679608E-08
       911.5700148    2.0821197E-08
       952.3900155    1.3906210E-08
       993.2000162    9.4290726E-09
      1020.4000166    7.3352027E-09
      1061.2000173    5.0892206E-09
      1088.4000177    4.0167127E-09
      1102.0000179    3.5756957E-09
      1115.7000181    3.1846072E-09
      1129.3000184    2.8423615E-09
      1142.9000186    2.5400970E-09
      1156.5000188    2.2727820E-09
      1170.1000190    2.0360620E-09
      1197.3000195    1.6398076E-09
      1210.9000197    1.4741491E-09
      1224.5000199    1.3267080E-09
      1227.2000200    1.2994104E-09
      1229.9000200    1.2727291E-09
      1232.7000200    1.2456947E-09
      1235.4000201    1.2202228E-09
      1238.1000201    1.1953225E-09
      1240.8000202    1.1709801E-09
      1243.5000202    1.1471816E-09
      1246.3000203    1.1230624E-09
      1249.0000203    1.1003318E-09
      1257.2000204    1.1944665E-09
      1259.9000205    1.1711276E-09
      1262.6000205    1.1477320E-09
      1270.8000207    1.0784804E-09
      1281.6000208    9.9346331E-10
      1289.8000210    1.0013531E-09
      1292.5000210    9.8147923E-10
      1295.2000211    9.6182495E-10
      1298.0000211    9.4177821E-10
      1300.7000212    9.2281865E-10
      1303.4000212    9.0424379E-10
      1306.1000212    8.8605995E-10
      1314.3000214    8.3320684E-10
      1330.6000216    7.3809736E-10
      1341.5000218    6.8118172E-10
      1355.1000220    6.1683209E-10
      1360.6000221    5.9273275E-10
      1371.4000223    5.4836746E-10
      1382.3000225    5.0726734E-10
      1390.5000226    4.7858262E-10
      1395.9000227    4.6066981E-10
      1404.1000228    4.3486453E-10
      1406.8000229    4.2671944E-10
      1409.5000229    4.1874204E-10
      1415.0000230    4.0299505E-10
      1417.7000231    3.9550438E-10
      1420.4000231    3.8816683E-10
      1423.1000231    3.8097897E-10
      1425.9000232    3.7367948E-10
      1428.6000232    3.6678638E-10
      1431.3000233    3.6003317E-10
      1436.7000234    3.4693401E-10
      1439.5000234    3.4034933E-10
      1442.2000235    3.3413006E-10
      1444.9000235    3.2803585E-10
      1447.6000235    3.2206390E-10
      1450.4000236    3.1599712E-10
      1453.1000236    3.1026609E-10
      1455.8000237    1.7964074E-09
      1458.5000237    1.7790759E-09
      1461.2000238    1.7563853E-09
      1466.7000239    1.7027552E-09
      1469.4000239    1.6751880E-09
      1472.1000239    1.6475352E-09
      1477.6000240    1.5918575E-09
      1480.3000241    1.5650646E-09
      1488.4000242    1.4872935E-09
      1491.2000242    1.4613543E-09
      1496.6000243    1.4126902E-09
      1551.0000252    1.0095329E-09
      1632.7000266    6.2006927E-10
      1823.1000296    2.1579054E-10
      2340.2000381    1.9362215E-11
      2829.9000460    3.0218677E-12
      3047.6000496    1.4543189E-12
      3700.7000602    2.0588721E-13
      4000.0000650    9.0448116E-14
      4680.3000761    1.2218021E-14
      5006.8000814    8.1373497E-16
      5387.8000876    0.0000000E+00
 
