       80.0000013    3.4754174E+00
        85.0000014    2.3869410E+00
        90.0000015    1.6524551E+00
        95.2390015    1.1340262E+00
       100.6800016    7.7454197E-01
       114.2900019    3.1164515E-01
       119.7300019    2.2023989E-01
       122.4500020    1.8578051E-01
       125.1700020    1.5706013E-01
       127.8900021    1.3306680E-01
       130.6100021    1.1297623E-01
       133.3300022    9.6115433E-02
       136.0600022    8.1885904E-02
       146.9400024    7.0231222E-02
       149.6600024    6.2659979E-02
       155.1000025    4.9710002E-02
       157.8200026    4.4333480E-02
       160.5500026    3.9585374E-02
       165.9900027    3.1757634E-02
       171.4300028    2.5664523E-02
       176.8700029    2.0885037E-02
       179.5900029    1.8886276E-02
       182.3100030    1.7105015E-02
       185.0400030    1.5508929E-02
       187.7600031    1.4086518E-02
       190.4800031    1.2811612E-02
       195.9200032    1.0637319E-02
       198.6400032    9.7098053E-03
       204.0800033    9.0833558E-03
       206.8000034    8.3097499E-03
       209.5300034    7.5838747E-03
       212.2500035    6.9210972E-03
       214.9700035    6.3186008E-03
       220.4100036    5.2788425E-03
       225.8500037    4.4275075E-03
       236.7400038    3.1531067E-03
       247.6200040    2.2836409E-03
       258.5100042    1.6795351E-03
       272.1100044    1.1678955E-03
       285.7200046    8.2883518E-04
       299.3200049    5.9928838E-04
       312.9300051    4.4031235E-04
       340.1400055    2.4767045E-04
       353.7400058    1.8896429E-04
       380.9500062    1.1302325E-04
       394.5600064    8.8420464E-05
       408.1700066    6.9633199E-05
       435.3800071    4.3952568E-05
       462.5900075    2.8307717E-05
       476.1900077    2.2872151E-05
       489.8000080    1.8553530E-05
       503.4000082    1.5111359E-05
       517.0100084    1.2351717E-05
       557.8300091    6.8877939E-06
       571.4300093    5.7068023E-06
       585.0400095    4.7421736E-06
       612.2500100    3.3039928E-06
       666.6700108    1.6576101E-06
       680.2800111    1.4039827E-06
       707.4900115    1.0146609E-06
       734.7000119    7.4011655E-07
       761.9100124    5.4461930E-07
       789.1200128    4.0412357E-07
       816.3300133    3.0226008E-07
       843.5400137    2.2778681E-07
       870.7500142    1.7290282E-07
       911.5700148    1.1580566E-07
       952.3900155    7.8686554E-08
       993.2000162    5.4192377E-08
      1020.4000166    4.2563553E-08
      1061.2000173    2.9922830E-08
      1088.4000177    2.3807750E-08
      1102.0000179    2.1274765E-08
      1115.7000181    1.9018195E-08
      1129.3000184    1.7034633E-08
      1142.9000186    1.5275242E-08
      1156.5000188    1.3712790E-08
      1170.1000190    1.2323577E-08
      1197.3000195    9.9848840E-09
      1210.9000197    9.0016332E-09
      1224.5000199    8.1234175E-09
      1227.2000200    7.9604829E-09
      1229.9000200    7.8011198E-09
      1232.7000200    7.6395370E-09
      1235.4000201    7.4871904E-09
      1238.1000201    7.3381656E-09
      1240.8000202    7.1923831E-09
      1243.5000202    7.0497665E-09
      1246.3000203    6.9051329E-09
      1249.0000203    6.7687376E-09
      1257.2000204    8.0183433E-09
      1259.9000205    7.8670226E-09
      1262.6000205    7.7133180E-09
      1270.8000207    7.2540800E-09
      1281.6000208    6.6877655E-09
      1289.8000210    6.9740556E-09
      1292.5000210    6.8376473E-09
      1295.2000211    6.7021007E-09
      1298.0000211    6.5635026E-09
      1300.7000212    6.4322427E-09
      1303.4000212    6.3035439E-09
      1306.1000212    6.1774879E-09
      1314.3000214    5.8108478E-09
      1330.6000216    5.1503908E-09
      1341.5000218    4.7547486E-09
      1355.1000220    4.3070418E-09
      1360.6000221    4.1392654E-09
      1371.4000223    3.8302463E-09
      1382.3000225    3.5437937E-09
      1390.5000226    3.3437730E-09
      1395.9000227    3.2188259E-09
      1404.1000228    3.0387712E-09
      1406.8000229    2.9819260E-09
      1409.5000229    2.9262455E-09
      1415.0000230    2.8163176E-09
      1417.7000231    2.7640183E-09
      1420.4000231    2.7127831E-09
      1423.1000231    2.6625884E-09
      1425.9000232    2.6116096E-09
      1428.6000232    2.5634648E-09
      1431.3000233    2.5162927E-09
      1436.7000234    2.4247826E-09
      1439.5000234    2.3787772E-09
      1442.2000235    2.3353213E-09
      1444.9000235    2.2927360E-09
      1447.6000235    2.2510025E-09
      1450.4000236    2.2086031E-09
      1453.1000236    2.1685478E-09
      1455.8000237    1.1330942E-08
      1458.5000237    1.1219556E-08
      1461.2000238    1.1075985E-08
      1466.7000239    1.0740132E-08
      1469.4000239    1.0568260E-08
      1472.1000239    1.0396080E-08
      1477.6000240    1.0049721E-08
      1480.3000241    9.8830997E-09
      1488.4000242    9.3993746E-09
      1491.2000242    9.2379704E-09
      1496.6000243    8.9350349E-09
      1551.0000252    6.4170158E-09
      1632.7000266    3.9672892E-09
      1823.1000296    1.3984486E-09
      2340.2000381    1.2978400E-10
      2829.9000460    2.1094796E-11
      3047.6000496    1.0362627E-11
      3700.7000602    1.5928829E-12
      4000.0000650    7.4870519E-13
      4680.3000761    1.5906761E-13
      5006.8000814    7.8780840E-14
      5387.8000876    3.4378394E-14
 
