       80.0000013    1.8207562E+00
        85.0000014    1.2013062E+00
        90.0000015    8.0160671E-01
        95.2390015    5.3108132E-01
       100.6800016    3.5083926E-01
       114.2900019    1.3137655E-01
       119.7300019    9.0526082E-02
       122.4500020    7.5443685E-02
       125.1700020    6.3032858E-02
       127.8900021    5.2791882E-02
       130.6100021    4.4318568E-02
       133.3300022    3.7289493E-02
       136.0600022    3.1424176E-02
       146.9400024    3.4112267E-02
       149.6600024    3.0643445E-02
       155.1000025    2.4509899E-02
       157.8200026    2.1912372E-02
       160.5500026    1.9598510E-02
       165.9900027    1.5747245E-02
       171.4300028    1.2720622E-02
       176.8700029    1.0330637E-02
       179.5900029    9.3275094E-03
       182.3100030    8.4320018E-03
       185.0400030    7.6285657E-03
       187.7600031    6.9119432E-03
       190.4800031    6.2693446E-03
       195.9200032    5.1734964E-03
       198.6400032    4.7063958E-03
       204.0800033    4.1055786E-03
       206.8000034    3.7386259E-03
       209.5300034    3.4043288E-03
       212.2500035    3.1037137E-03
       214.9700035    2.8327927E-03
       220.4100036    2.3684537E-03
       225.8500037    1.9900249E-03
       236.7400038    1.4246275E-03
       247.6200040    1.0382498E-03
       258.5100042    7.6845346E-04
       272.1100044    5.3810672E-04
       285.7200046    3.8383383E-04
       299.3200049    2.7827208E-04
       312.9300051    2.0447404E-04
       340.1400055    1.1422214E-04
       353.7400058    8.6592860E-05
       380.9500062    5.0927290E-05
       394.5600064    3.9452658E-05
       408.1700066    3.0749812E-05
       435.3800071    1.8996334E-05
       462.5900075    1.1973447E-05
       476.1900077    9.5726682E-06
       489.8000080    7.6853312E-06
       503.4000082    6.1968635E-06
       517.0100084    5.0159601E-06
       557.8300091    2.7214860E-06
       571.4300093    2.2357663E-06
       585.0400095    1.8426640E-06
       612.2500100    1.2640205E-06
       666.6700108    6.1661279E-07
       680.2800111    5.1890254E-07
       707.4900115    3.7041633E-07
       734.7000119    2.6706886E-07
       761.9100124    1.9437857E-07
       789.1200128    1.4274160E-07
       816.3300133    1.0571379E-07
       843.5400137    7.8923961E-08
       870.7500142    5.9376308E-08
       911.5700148    3.9273250E-08
       952.3900155    2.6377615E-08
       993.2000162    1.7973608E-08
      1020.4000166    1.4023414E-08
      1061.2000173    9.7678763E-09
      1088.4000177    7.7273814E-09
      1102.0000179    6.8864257E-09
      1115.7000181    6.1396306E-09
      1129.3000184    5.4852265E-09
      1142.9000186    4.9065303E-09
      1156.5000188    4.3941197E-09
      1170.1000190    3.9398249E-09
      1197.3000195    3.1781306E-09
      1210.9000197    2.8591907E-09
      1224.5000199    2.5750471E-09
      1227.2000200    2.5224101E-09
      1229.9000200    2.4709521E-09
      1232.7000200    2.4188032E-09
      1235.4000201    2.3696596E-09
      1238.1000201    2.3216102E-09
      1240.8000202    2.2746287E-09
      1243.5000202    2.2286895E-09
      1246.3000203    2.1821227E-09
      1249.0000203    2.1382294E-09
      1257.2000204    2.3866888E-09
      1259.9000205    2.3405144E-09
      1262.6000205    2.2940279E-09
      1270.8000207    2.1559945E-09
      1281.6000208    1.9862905E-09
      1289.8000210    2.0247406E-09
      1292.5000210    1.9846811E-09
      1295.2000211    1.9450013E-09
      1298.0000211    1.9044950E-09
      1300.7000212    1.8661686E-09
      1303.4000212    1.8286104E-09
      1306.1000212    1.7918375E-09
      1314.3000214    1.6849374E-09
      1330.6000216    1.4925411E-09
      1341.5000218    1.3773942E-09
      1355.1000220    1.2471971E-09
      1360.6000221    1.1984352E-09
      1371.4000223    1.1086653E-09
      1382.3000225    1.0255002E-09
      1390.5000226    9.6745723E-10
      1395.9000227    9.3121122E-10
      1404.1000228    8.7899543E-10
      1406.8000229    8.6251439E-10
      1409.5000229    8.4637281E-10
      1415.0000230    8.1450791E-10
      1417.7000231    7.9935164E-10
      1420.4000231    7.8450529E-10
      1423.1000231    7.6996204E-10
      1425.9000232    7.5519313E-10
      1428.6000232    7.4124662E-10
      1431.3000233    7.2758333E-10
      1436.7000234    7.0108130E-10
      1439.5000234    6.8775963E-10
      1442.2000235    6.7517741E-10
      1444.9000235    6.6284839E-10
      1447.6000235    6.5076694E-10
      1450.4000236    6.3849387E-10
      1453.1000236    6.2690025E-10
      1455.8000237    3.5124337E-09
      1458.5000237    3.4783010E-09
      1461.2000238    3.4338503E-09
      1466.7000239    3.3291510E-09
      1469.4000239    3.2754131E-09
      1472.1000239    3.2215324E-09
      1477.6000240    3.1130829E-09
      1480.3000241    3.0609029E-09
      1488.4000242    2.9094420E-09
      1491.2000242    2.8589211E-09
      1496.6000243    2.7641309E-09
      1551.0000252    1.9782247E-09
      1632.7000266    1.2177014E-09
      1823.1000296    4.2604545E-10
      2340.2000381    3.8899540E-11
      2829.9000460    6.1903490E-12
      3047.6000496    3.0087675E-12
      3700.7000602    4.4404224E-13
      4000.0000650    2.0186645E-13
      4680.3000761    3.6479256E-14
      5006.8000814    1.5346858E-14
      5387.8000876    2.8317055E-15
 
