       80.0000013    7.3809797E-01
        85.0000014    4.6716005E-01
        90.0000015    3.0025437E-01
        95.2390015    1.9194590E-01
       100.6800016    1.2255625E-01
       114.2900019    4.2519849E-02
       119.7300019    2.8481018E-02
       122.4500020    2.3409735E-02
       125.1700020    1.9293582E-02
       127.8900021    1.5942670E-02
       130.6100021    1.3206912E-02
       133.3300022    1.0967243E-02
       136.0600022    9.1227517E-03
       146.9400024    1.4870609E-02
       149.6600024    1.3347678E-02
       155.1000025    1.0610275E-02
       157.8200026    9.4457967E-03
       160.5500026    8.4086526E-03
       165.9900027    6.6861762E-03
       171.4300028    5.3392928E-03
       176.8700029    4.2828918E-03
       179.5900029    3.8421825E-03
       182.3100030    3.4504782E-03
       185.0400030    3.1006886E-03
       187.7600031    2.7902361E-03
       190.4800031    2.5132922E-03
       195.9200032    2.0448130E-03
       198.6400032    1.8468755E-03
       204.0800033    1.6053357E-03
       206.8000034    1.4621438E-03
       209.5300034    1.3330277E-03
       212.2500035    1.2173826E-03
       214.9700035    1.1132648E-03
       220.4100036    9.3459879E-04
       225.8500037    7.8843627E-04
       236.7400038    5.6840613E-04
       247.6200040    4.1629671E-04
       258.5100042    3.0887919E-04
       272.1100044    2.1618140E-04
       285.7200046    1.5355504E-04
       299.3200049    1.1050736E-04
       312.9300051    8.0401638E-05
       340.1400055    4.3808977E-05
       353.7400058    3.2750235E-05
       380.9500062    1.8705592E-05
       394.5600064    1.4278405E-05
       408.1700066    1.0966983E-05
       435.3800071    6.5849622E-06
       462.5900075    4.0398718E-06
       476.1900077    3.1884369E-06
       489.8000080    2.5280053E-06
       503.4000082    2.0139116E-06
       517.0100084    1.6111873E-06
       557.8300091    8.4601697E-07
       571.4300093    6.8798954E-07
       585.0400095    5.6148195E-07
       612.2500100    3.7805324E-07
       666.6700108    1.7835238E-07
       680.2800111    1.4895022E-07
       707.4900115    1.0480702E-07
       734.7000119    7.4564625E-08
       761.9100124    5.3605820E-08
       789.1200128    3.8921520E-08
       816.3300133    2.8526294E-08
       843.5400137    2.1094666E-08
       870.7500142    1.5731828E-08
       911.5700148    1.0284304E-08
       952.3900155    6.8373422E-09
       993.2000162    4.6179194E-09
      1020.4000166    3.5842052E-09
      1061.2000173    2.4791940E-09
      1088.4000177    1.9532023E-09
      1102.0000179    1.7372843E-09
      1115.7000181    1.5460113E-09
      1129.3000184    1.3787932E-09
      1142.9000186    1.2312485E-09
      1156.5000188    1.1008813E-09
      1170.1000190    9.8553354E-10
      1197.3000195    7.9267687E-10
      1210.9000197    7.1214423E-10
      1224.5000199    6.4051864E-10
      1227.2000200    6.2726330E-10
      1229.9000200    6.1430899E-10
      1232.7000200    6.0118488E-10
      1235.4000201    5.8882105E-10
      1238.1000201    5.7673627E-10
      1240.8000202    5.6492372E-10
      1243.5000202    5.5337668E-10
      1246.3000203    5.4167554E-10
      1249.0000203    5.3064947E-10
      1257.2000204    5.6132848E-10
      1259.9000205    5.5025584E-10
      1262.6000205    5.3920196E-10
      1270.8000207    5.0658261E-10
      1281.6000208    4.6659265E-10
      1289.8000210    4.6519183E-10
      1292.5000210    4.5592977E-10
      1295.2000211    4.4678466E-10
      1298.0000211    4.3746462E-10
      1300.7000212    4.2865389E-10
      1303.4000212    4.2002393E-10
      1306.1000212    4.1157669E-10
      1314.3000214    3.8702630E-10
      1330.6000216    3.4284839E-10
      1341.5000218    3.1641020E-10
      1355.1000220    2.8651775E-10
      1360.6000221    2.7532246E-10
      1371.4000223    2.5471195E-10
      1382.3000225    2.3561736E-10
      1390.5000226    2.2229017E-10
      1395.9000227    2.1396747E-10
      1404.1000228    2.0197723E-10
      1406.8000229    1.9819253E-10
      1409.5000229    1.9448572E-10
      1415.0000230    1.8716836E-10
      1417.7000231    1.8368755E-10
      1420.4000231    1.8027783E-10
      1423.1000231    1.7693765E-10
      1425.9000232    1.7354551E-10
      1428.6000232    1.7034218E-10
      1431.3000233    1.6720381E-10
      1436.7000234    1.6111620E-10
      1439.5000234    1.5805601E-10
      1442.2000235    1.5516560E-10
      1444.9000235    1.5233327E-10
      1447.6000235    1.4955773E-10
      1450.4000236    1.4673807E-10
      1453.1000236    1.4407442E-10
      1455.8000237    8.5986607E-10
      1458.5000237    8.5158641E-10
      1461.2000238    8.4070612E-10
      1466.7000239    8.1492457E-10
      1469.4000239    8.0165757E-10
      1472.1000239    7.8834494E-10
      1477.6000240    7.6153445E-10
      1480.3000241    7.4863182E-10
      1488.4000242    7.1118184E-10
      1491.2000242    6.9869255E-10
      1496.6000243    6.7526446E-10
      1551.0000252    4.8137322E-10
      1632.7000266    2.9453595E-10
      1823.1000296    1.0153761E-10
      2340.2000381    8.8920538E-12
      2829.9000460    1.3711879E-12
      3047.6000496    6.4316315E-13
      3700.7000602    8.3943425E-14
      4000.0000650    3.2401995E-14
      4680.3000761    0.0000000E+00
      5006.8000814    0.0000000E+00
      5387.8000876    0.0000000E+00
 
