       80.0000013    2.5861270E+00
        85.0000014    1.7417361E+00
        90.0000015    1.1841995E+00
        95.2390015    7.9867744E-01
       100.6800016    5.3657097E-01
       114.2900019    2.0835230E-01
       119.7300019    1.4542268E-01
       122.4500020    1.2194418E-01
       125.1700020    1.0250000E-01
       127.8900021    8.6355306E-02
       130.6100021    7.2916389E-02
       133.3300022    6.1702251E-02
       136.0600022    5.2290678E-02
       146.9400024    4.9453538E-02
       149.6600024    4.4280220E-02
       155.1000025    3.5301890E-02
       157.8200026    3.1538468E-02
       160.5500026    2.8199874E-02
       165.9900027    2.2666497E-02
       171.4300028    1.8334636E-02
       176.8700029    1.4921746E-02
       179.5900029    1.3490673E-02
       182.3100030    1.2213504E-02
       185.0400030    1.1067715E-02
       187.7600031    1.0045577E-02
       190.4800031    9.1286972E-03
       195.9200032    7.5637172E-03
       198.6400032    6.8958015E-03
       204.0800033    6.2167570E-03
       206.8000034    5.6710537E-03
       209.5300034    5.1675010E-03
       212.2500035    4.7117434E-03
       214.9700035    4.2995587E-03
       220.4100036    3.5913084E-03
       225.8500037    3.0133268E-03
       236.7400038    2.1500096E-03
       247.6200040    1.5614065E-03
       258.5100042    1.1519388E-03
       272.1100044    8.0410257E-04
       285.7200046    5.7251524E-04
       299.3200049    4.1489935E-04
       312.9300051    3.0517674E-04
       340.1400055    1.7143409E-04
       353.7400058    1.3050783E-04
       380.9500062    7.7531375E-05
       394.5600064    6.0397379E-05
       408.1700066    4.7344984E-05
       435.3800071    2.9589990E-05
       462.5900075    1.8864359E-05
       476.1900077    1.5165238E-05
       489.8000080    1.2240745E-05
       503.4000082    9.9214158E-06
       517.0100084    8.0712498E-06
       557.8300091    4.4412900E-06
       571.4300093    3.6646036E-06
       585.0400095    3.0330675E-06
       612.2500100    2.0973691E-06
       666.6700108    1.0381573E-06
       680.2800111    8.7660493E-07
       707.4900115    6.2981900E-07
       734.7000119    4.5688157E-07
       761.9100124    3.3445713E-07
       789.1200128    2.4695930E-07
       816.3300133    1.8385133E-07
       843.5400137    1.3793836E-07
       870.7500142    1.0425944E-07
       911.5700148    6.9411271E-08
       952.3900155    4.6898446E-08
       993.2000162    3.2130369E-08
      1020.4000166    2.5152543E-08
      1061.2000173    1.7600403E-08
      1088.4000177    1.3962760E-08
      1102.0000179    1.2459724E-08
      1115.7000181    1.1122834E-08
      1129.3000184    9.9495097E-09
      1142.9000186    8.9103649E-09
      1156.5000188    7.9889038E-09
      1170.1000190    7.1707982E-09
      1197.3000195    5.7963936E-09
      1210.9000197    5.2197597E-09
      1224.5000199    4.7054036E-09
      1227.2000200    4.6100506E-09
      1229.9000200    4.5168118E-09
      1232.7000200    4.4222985E-09
      1235.4000201    4.3332111E-09
      1238.1000201    4.2460875E-09
      1240.8000202    4.1608805E-09
      1243.5000202    4.0775450E-09
      1246.3000203    3.9930521E-09
      1249.0000203    3.9133918E-09
      1257.2000204    4.4978172E-09
      1259.9000205    4.4118180E-09
      1262.6000205    4.3248529E-09
      1270.8000207    4.0658104E-09
      1281.6000208    3.7468433E-09
      1289.8000210    3.8631902E-09
      1292.5000210    3.7871351E-09
      1295.2000211    3.7116792E-09
      1298.0000211    3.6345866E-09
      1300.7000212    3.5616088E-09
      1303.4000212    3.4900747E-09
      1306.1000212    3.4200232E-09
      1314.3000214    3.2163321E-09
      1330.6000216    2.8495941E-09
      1341.5000218    2.6300224E-09
      1355.1000220    2.3816740E-09
      1360.6000221    2.2886397E-09
      1371.4000223    2.1173345E-09
      1382.3000225    1.9585977E-09
      1390.5000226    1.8477915E-09
      1395.9000227    1.7785887E-09
      1404.1000228    1.6788846E-09
      1406.8000229    1.6474120E-09
      1409.5000229    1.6165865E-09
      1415.0000230    1.5557361E-09
      1417.7000231    1.5267890E-09
      1420.4000231    1.4984330E-09
      1423.1000231    1.4706549E-09
      1425.9000232    1.4424449E-09
      1428.6000232    1.4158050E-09
      1431.3000233    1.3897052E-09
      1436.7000234    1.3390787E-09
      1439.5000234    1.3136294E-09
      1442.2000235    1.2895921E-09
      1444.9000235    1.2660379E-09
      1447.6000235    1.2429563E-09
      1450.4000236    1.2195078E-09
      1453.1000236    1.1973572E-09
      1455.8000237    6.4813430E-09
      1458.5000237    6.4179182E-09
      1461.2000238    6.3357657E-09
      1466.7000239    6.1429470E-09
      1469.4000239    6.0441310E-09
      1472.1000239    5.9450977E-09
      1477.6000240    5.7458291E-09
      1480.3000241    5.6499627E-09
      1488.4000242    5.3716813E-09
      1491.2000242    5.2788458E-09
      1496.6000243    5.1046398E-09
      1551.0000252    3.6587369E-09
      1632.7000266    2.2563980E-09
      1823.1000296    7.9223395E-10
      2340.2000381    7.3076961E-11
      2829.9000460    1.1786542E-11
      3047.6000496    5.7646834E-12
      3700.7000602    8.7285837E-13
      4000.0000650    4.0477626E-13
      4680.3000761    8.2995073E-14
      5006.8000814    3.9597367E-14
      5387.8000876    1.6278230E-14
 
