       80.0000013    8.9804709E-02
        85.0000014    5.2823283E-02
        90.0000015    3.1653903E-02
        95.2390015    1.8854713E-02
       100.6800016    1.1216114E-02
       114.2900019    3.3043921E-03
       119.7300019    2.0881956E-03
       122.4500020    1.6704086E-03
       125.1700020    1.3418013E-03
       127.8900021    1.0823736E-03
       130.6100021    8.7680382E-04
       133.3300022    7.1331137E-04
       136.0600022    5.8237731E-04
       146.9400024    2.4355883E-03
       149.6600024    2.1288621E-03
       155.1000025    1.6194910E-03
       157.8200026    1.4137552E-03
       160.5500026    1.2350604E-03
       165.9900027    9.4741542E-04
       171.4300028    7.3081598E-04
       176.8700029    5.6675356E-04
       179.5900029    5.0005369E-04
       182.3100030    4.4174431E-04
       185.0400030    3.9052279E-04
       187.7600031    3.4579885E-04
       190.4800031    3.0654311E-04
       195.9200032    2.4168701E-04
       198.6400032    2.1494357E-04
       204.0800033    2.6752832E-04
       206.8000034    2.4359289E-04
       209.5300034    2.2184984E-04
       212.2500035    2.0228581E-04
       214.9700035    1.8461148E-04
       220.4100036    1.5416488E-04
       225.8500037    1.2916501E-04
       236.7400038    9.1455629E-05
       247.6200040    6.5471322E-05
       258.5100042    4.7307003E-05
       272.1100044    3.1917134E-05
       285.7200046    2.1801292E-05
       299.3200049    1.5071859E-05
       312.9300051    1.0532651E-05
       340.1400055    5.3064300E-06
       353.7400058    3.8217568E-06
       380.9500062    2.0355894E-06
       394.5600064    1.5042780E-06
       408.1700066    1.1204859E-06
       435.3800071    6.3590323E-07
       462.5900075    3.7107185E-07
       476.1900077    2.8625368E-07
       489.8000080    2.2213638E-07
       503.4000082    1.7342674E-07
       517.0100084    1.3613744E-07
       557.8300091    6.7971961E-08
       571.4300093    5.4461335E-08
       585.0400095    4.3829488E-08
       612.2500100    2.8764230E-08
       666.6700108    1.2992921E-08
       680.2800111    1.0748058E-08
       707.4900115    7.4296915E-09
       734.7000119    5.2006195E-09
       761.9100124    3.6831240E-09
       789.1200128    2.6370834E-09
       816.3300133    1.9075630E-09
       843.5400137    1.3931929E-09
       870.7500142    1.0267768E-09
       911.5700148    6.5999273E-10
       952.3900155    4.3180490E-10
       993.2000162    2.8719357E-10
      1020.4000166    2.2070397E-10
      1061.2000173    1.5046599E-10
      1088.4000177    1.1743297E-10
      1102.0000179    1.0396854E-10
      1115.7000181    9.2095206E-11
      1129.3000184    8.1761910E-11
      1142.9000186    7.2684962E-11
      1156.5000188    6.4700134E-11
      1170.1000190    5.7666174E-11
      1197.3000195    4.5980351E-11
      1210.9000197    4.1132511E-11
      1224.5000199    3.6839087E-11
      1227.2000200    3.6046558E-11
      1229.9000200    3.5272681E-11
      1232.7000200    3.4489321E-11
      1235.4000201    3.3751963E-11
      1238.1000201    3.3031841E-11
      1240.8000202    3.2328525E-11
      1243.5000202    3.1641589E-11
      1246.3000203    3.0946062E-11
      1249.0000203    3.0291217E-11
      1257.2000204    3.0003451E-11
      1259.9000205    2.9380803E-11
      1262.6000205    2.8766448E-11
      1270.8000207    2.6971285E-11
      1281.6000208    2.4783542E-11
      1289.8000210    2.3957399E-11
      1292.5000210    2.3464182E-11
      1295.2000211    2.2979743E-11
      1298.0000211    2.2487559E-11
      1300.7000212    2.2023158E-11
      1303.4000212    2.1568853E-11
      1306.1000212    2.1124574E-11
      1314.3000214    1.9835066E-11
      1330.6000216    1.7519942E-11
      1341.5000218    1.6137770E-11
      1355.1000220    1.4578286E-11
      1360.6000221    1.3995196E-11
      1371.4000223    1.2923207E-11
      1382.3000225    1.1931883E-11
      1390.5000226    1.1241095E-11
      1395.9000227    1.0810193E-11
      1404.1000228    1.0190102E-11
      1406.8000229    9.9945495E-12
      1409.5000229    9.8031045E-12
      1415.0000230    9.4254474E-12
      1417.7000231    9.2459157E-12
      1420.4000231    9.0701292E-12
      1423.1000231    8.8980013E-12
      1425.9000232    8.7232756E-12
      1428.6000232    8.5583485E-12
      1431.3000233    8.3968362E-12
      1436.7000234    8.0837498E-12
      1439.5000234    7.9264685E-12
      1442.2000235    7.7779779E-12
      1444.9000235    7.6325344E-12
      1447.6000235    7.4900693E-12
      1450.4000236    7.3454021E-12
      1453.1000236    7.2088004E-12
      1455.8000237    4.6443703E-11
      1458.5000237    4.5979540E-11
      1461.2000238    4.5370763E-11
      1466.7000239    4.3927768E-11
      1469.4000239    4.3185174E-11
      1472.1000239    4.2440187E-11
      1477.6000240    4.0940720E-11
      1480.3000241    4.0219640E-11
      1488.4000242    3.8129166E-11
      1491.2000242    3.7432918E-11
      1496.6000243    3.6128187E-11
      1551.0000252    2.5408725E-11
      1632.7000266    1.5248651E-11
      1823.1000296    5.0397421E-12
      2340.2000381    3.7255312E-13
      2829.9000460    3.0007931E-14
      3047.6000496    4.0874583E-16
      3700.7000602    0.0000000E+00
      4000.0000650    0.0000000E+00
      4680.3000761    0.0000000E+00
      5006.8000814    0.0000000E+00
      5387.8000876    0.0000000E+00
 
