       80.0000013    1.4909754E-04
        85.0000014    9.0087611E-05
        90.0000015    5.7109519E-05
        95.2390015    3.6847901E-05
       100.6800016    2.4139643E-05
       114.2900019    9.2272194E-06
       119.7300019    6.4551355E-06
       122.4500020    5.4234774E-06
       125.1700020    4.5691413E-06
       127.8900021    3.8592625E-06
       130.6100021    3.2675848E-06
       133.3300022    2.7730093E-06
       136.0600022    2.3570942E-06
       146.9400024    6.0612415E-06
       149.6600024    5.0374074E-06
       155.1000025    3.5036455E-06
       157.8200026    2.9331909E-06
       160.5500026    2.4603210E-06
       165.9900027    1.7461946E-06
       171.4300028    1.2511681E-06
       176.8700029    9.0459713E-07
       179.5900029    7.7166646E-07
       182.3100030    6.5964275E-07
       185.0400030    5.6470964E-07
       187.7600031    4.8467700E-07
       190.4800031    4.1679411E-07
       195.9200032    3.0996304E-07
       198.6400032    2.6803596E-07
       204.0800033    1.2213359E-06
       206.8000034    1.0847000E-06
       209.5300034    9.6221481E-07
       212.2500035    8.5413279E-07
       214.9700035    7.5872310E-07
       220.4100036    6.0042453E-07
       225.8500037    4.7721187E-07
       236.7400038    3.0532141E-07
       247.6200040    1.9872833E-07
       258.5100042    1.3133216E-07
       272.1100044    7.9895663E-08
       285.7200046    4.9606360E-08
       299.3200049    3.1403502E-08
       312.9300051    2.0224945E-08
       340.1400055    8.7969587E-09
       353.7400058    5.9267857E-09
       380.9500062    2.7914435E-09
       394.5600064    1.9480075E-09
       408.1700066    1.3733491E-09
       435.3800071    7.0209355E-10
       462.5900075    3.7112155E-10
       476.1900077    2.7291749E-10
       489.8000080    2.0205704E-10
       503.4000082    1.5061592E-10
       517.0100084    1.1294906E-10
       557.8300091    4.9306583E-11
       571.4300093    3.7802886E-11
       585.0400095    2.9117372E-11
       612.2500100    1.7512746E-11
       666.6700108    6.6457161E-12
       680.2800111    5.2614202E-12
       707.4900115    3.3285007E-12
       734.7000119    2.1285283E-12
       761.9100124    1.3737075E-12
       789.1200128    8.9325742E-13
       816.3300133    5.8423291E-13
       843.5400137    3.8366288E-13
       870.7500142    2.5249556E-13
       911.5700148    1.3474757E-13
       952.3900155    5.9773726E-14
       993.2000162    2.4968990E-14
      1020.4000166    1.0036532E-14
      1061.2000173    0.0000000E+00
      1088.4000177    0.0000000E+00
      1102.0000179    0.0000000E+00
      1115.7000181    0.0000000E+00
      1129.3000184    0.0000000E+00
      1142.9000186    0.0000000E+00
      1156.5000188    0.0000000E+00
      1170.1000190    0.0000000E+00
      1197.3000195    0.0000000E+00
      1210.9000197    0.0000000E+00
      1224.5000199    0.0000000E+00
      1227.2000200    0.0000000E+00
      1229.9000200    0.0000000E+00
      1232.7000200    0.0000000E+00
      1235.4000201    0.0000000E+00
      1238.1000201    0.0000000E+00
      1240.8000202    0.0000000E+00
      1243.5000202    0.0000000E+00
      1246.3000203    0.0000000E+00
      1249.0000203    0.0000000E+00
 
