       80.0000013    1.2874563E-05
        85.0000014    7.9328101E-06
        90.0000015    4.9793930E-06
        95.2390015    3.1113659E-06
       100.6800016    1.9429567E-06
       114.2900019    6.4184053E-07
       119.7300019    4.2286985E-07
       122.4500020    3.4496568E-07
       125.1700020    2.8231923E-07
       127.8900021    2.3177071E-07
       130.6100021    1.9084906E-07
       133.3300022    1.5761427E-07
       136.0600022    1.3044806E-07
       146.9400024    1.5124388E-07
       149.6600024    1.2397300E-07
       155.1000025    8.3946318E-08
       157.8200026    6.9373179E-08
       160.5500026    5.7455111E-08
       165.9900027    3.9796451E-08
       171.4300028    2.7860601E-08
       176.8700029    1.9700964E-08
       179.5900029    1.6625803E-08
       182.3100030    1.4062609E-08
       185.0400030    1.1913641E-08
       187.7600031    1.0120846E-08
       190.4800031    8.6156762E-09
       195.9200032    6.2810059E-09
       198.6400032    5.3783196E-09
       204.0800033    3.8584616E-08
       206.8000034    3.3793015E-08
       209.5300034    2.9545296E-08
       212.2500035    2.5842944E-08
       214.9700035    2.2617110E-08
       220.4100036    1.7370629E-08
       225.8500037    1.3398686E-08
       236.7400038    8.0751548E-09
       247.6200040    4.9522910E-09
       258.5100042    3.0835441E-09
       272.1100044    1.7408861E-09
       285.7200046    1.0023837E-09
       299.3200049    5.8787775E-10
       312.9300051    3.5021755E-10
       340.1400055    1.2949163E-10
       353.7400058    8.0070978E-11
       380.9500062    3.1368103E-11
       394.5600064    1.9787103E-11
       408.1700066    1.2515399E-11
       435.3800071    5.0018050E-12
       462.5900075    1.9552411E-12
       476.1900077    1.1990192E-12
       489.8000080    7.1815150E-13
       503.4000082    4.0022713E-13
       517.0100084    2.1371743E-13
 
