       80.0000013    2.0716940E-01
        85.0000014    1.2544848E-01
        90.0000015    7.7330031E-02
        95.2390015    4.7402445E-02
       100.6800016    2.9012840E-02
       114.2900019    9.0974756E-03
       119.7300019    5.8653057E-03
       122.4500020    4.7327536E-03
       125.1700020    3.8311691E-03
       127.8900021    3.1111841E-03
       130.6100021    2.5344566E-03
       133.3300022    2.0710998E-03
       136.0600022    1.6965063E-03
       146.9400024    4.9910150E-03
       149.6600024    4.4117989E-03
       155.1000025    3.4161045E-03
       157.8200026    3.0050941E-03
       160.5500026    2.6444474E-03
       165.9900027    2.0566343E-03
       171.4300028    1.6073827E-03
       176.8700029    1.2624470E-03
       179.5900029    1.1208088E-03
       182.3100030    9.9619944E-04
       185.0400030    8.8604947E-04
       187.7600031    7.8927318E-04
       190.4800031    7.0380809E-04
       195.9200032    5.6135101E-04
       198.6400032    5.0207274E-04
       204.0800033    5.2228686E-04
       206.8000034    4.7640229E-04
       209.5300034    4.3480881E-04
       212.2500035    3.9740014E-04
       214.9700035    3.6359741E-04
       220.4100036    3.0530081E-04
       225.8500037    2.5731805E-04
       236.7400038    1.8457750E-04
       247.6200040    1.3399555E-04
       258.5100042    9.8237593E-05
       272.1100044    6.7508772E-05
       285.7200046    4.6959289E-05
       299.3200049    3.3042401E-05
       312.9300051    2.3484961E-05
       340.1400055    1.2206304E-05
       353.7400058    8.9163022E-06
       380.9500062    4.8715588E-06
       394.5600064    3.6411789E-06
       408.1700066    2.7408660E-06
       435.3800071    1.5848424E-06
       462.5900075    9.3965281E-07
       476.1900077    7.3000325E-07
       489.8000080    5.7020048E-07
       503.4000082    4.4786299E-07
       517.0100084    3.5354037E-07
       557.8300091    1.7911314E-07
       571.4300093    1.4412309E-07
       585.0400095    1.1645388E-07
       612.2500100    7.6993736E-08
       666.6700108    3.5234457E-08
       680.2800111    2.9234492E-08
       707.4900115    2.0326292E-08
       734.7000119    1.4308029E-08
       761.9100124    1.0188770E-08
       789.1200128    7.3345130E-09
       816.3300133    5.3338445E-09
       843.5400137    3.9161860E-09
       870.7500142    2.9013187E-09
       911.5700148    1.8793711E-09
       952.3900155    1.2389018E-09
       993.2000162    8.3004653E-10
      1020.4000166    6.4090250E-10
      1061.2000173    4.3993847E-10
      1088.4000177    3.4486222E-10
      1102.0000179    3.0597336E-10
      1115.7000181    2.7160296E-10
      1129.3000184    2.4162419E-10
      1142.9000186    2.1523278E-10
      1156.5000188    1.9196680E-10
      1170.1000190    1.7142789E-10
      1197.3000195    1.3720165E-10
      1210.9000197    1.2295882E-10
      1224.5000199    1.1031989E-10
      1227.2000200    1.0798409E-10
      1229.9000200    1.0570233E-10
      1232.7000200    1.0339176E-10
      1235.4000201    1.0121603E-10
      1238.1000201    9.9090354E-11
      1240.8000202    9.7013494E-11
      1243.5000202    9.4984236E-11
      1246.3000203    9.2928824E-11
      1249.0000203    9.0992894E-11
      1257.2000204    9.1937499E-11
      1259.9000205    9.0066371E-11
      1262.6000205    8.8213367E-11
      1270.8000207    8.2780706E-11
      1281.6000208    7.6144639E-11
      1289.8000210    7.4335101E-11
      1292.5000210    7.2825766E-11
      1295.2000211    7.1340676E-11
      1298.0000211    6.9830038E-11
      1300.7000212    6.8403630E-11
      1303.4000212    6.7007531E-11
      1306.1000212    6.5641693E-11
      1314.3000214    6.1674846E-11
      1330.6000216    5.4544858E-11
      1341.5000218    5.0283055E-11
      1355.1000220    4.5469562E-11
      1360.6000221    4.3668350E-11
      1371.4000223    4.0354713E-11
      1382.3000225    3.7287760E-11
      1390.5000226    3.5148998E-11
      1395.9000227    3.3814181E-11
      1404.1000228    3.1892326E-11
      1406.8000229    3.1285995E-11
      1409.5000229    3.0692289E-11
      1415.0000230    2.9520743E-11
      1417.7000231    2.8963649E-11
      1420.4000231    2.8418067E-11
      1423.1000231    2.7883737E-11
      1425.9000232    2.7341237E-11
      1428.6000232    2.6829062E-11
      1431.3000233    2.6327395E-11
      1436.7000234    2.5354654E-11
      1439.5000234    2.4865852E-11
      1442.2000235    2.4404284E-11
      1444.9000235    2.3952102E-11
      1447.6000235    2.3509099E-11
      1450.4000236    2.3059166E-11
      1453.1000236    2.2634238E-11
      1455.8000237    1.4248243E-10
      1458.5000237    1.4107934E-10
      1461.2000238    1.3923622E-10
      1466.7000239    1.3486549E-10
      1469.4000239    1.3261571E-10
      1472.1000239    1.3035831E-10
      1477.6000240    1.2581343E-10
      1480.3000241    1.2362716E-10
      1488.4000242    1.1728610E-10
      1491.2000242    1.1517313E-10
      1496.6000243    1.1121210E-10
      1551.0000252    7.8585138E-11
      1632.7000266    4.7486091E-11
      1823.1000296    1.5923266E-11
      2340.2000381    1.3098202E-12
      2829.9000460    1.8708493E-13
      3047.6000496    7.1536547E-14
      3700.7000602    0.0000000E+00
      4000.0000650    0.0000000E+00
      4680.3000761    0.0000000E+00
      5006.8000814    0.0000000E+00
      5387.8000876    0.0000000E+00
 
