       80.0000013    3.1009357E-02
        85.0000014    1.7589748E-02
        90.0000015    1.0191667E-02
        95.2390015    5.8804774E-03
       100.6800016    3.3995411E-03
       114.2900019    9.5641514E-04
       119.7300019    6.0059101E-04
       122.4500020    4.8028471E-04
       125.1700020    3.8643513E-04
       127.8900021    3.1283943E-04
       130.6100021    2.5482048E-04
       133.3300022    2.0883653E-04
       136.0600022    1.7207389E-04
       146.9400024    9.8879938E-04
       149.6600024    8.5361442E-04
       155.1000025    6.3643703E-04
       157.8200026    5.5062748E-04
       160.5500026    4.7689927E-04
       165.9900027    3.5984471E-04
       171.4300028    2.7320103E-04
       176.8700029    2.0862512E-04
       179.5900029    1.8268604E-04
       182.3100030    1.6018427E-04
       185.0400030    1.4056869E-04
       187.7600031    1.2357022E-04
       190.4800031    1.0876128E-04
       195.9200032    8.4558276E-05
       198.6400032    7.4689080E-05
       204.0800033    1.1766626E-04
       206.8000034    1.0666424E-04
       209.5300034    9.6682495E-05
       212.2500035    8.7725719E-05
       214.9700035    7.9662343E-05
       220.4100036    6.5854227E-05
       225.8500037    5.4615553E-05
       236.7400038    3.7893886E-05
       247.6200040    2.6596095E-05
       258.5100042    1.8854811E-05
       272.1100044    1.2438375E-05
       285.7200046    8.3206005E-06
       299.3200049    5.6427484E-06
       312.9300051    3.8744424E-06
       340.1400055    1.8929225E-06
       353.7400058    1.3452475E-06
       380.9500062    7.0004717E-07
       394.5600064    5.1208951E-07
       408.1700066    3.7788695E-07
       435.3800071    2.1092029E-07
       462.5900075    1.2130762E-07
       476.1900077    9.2960832E-08
       489.8000080    7.1684724E-08
       503.4000082    5.5629037E-08
       517.0100084    4.3414893E-08
       557.8300091    2.1323793E-08
       571.4300093    1.6996507E-08
       585.0400095    1.3608660E-08
       612.2500100    8.8423366E-09
       666.6700108    3.9185220E-09
       680.2800111    3.2265923E-09
       707.4900115    2.2104301E-09
       734.7000119    1.5338598E-09
       761.9100124    1.0772448E-09
       789.1200128    7.6514145E-10
       816.3300133    5.4925769E-10
       843.5400137    3.9824655E-10
       870.7500142    2.9149133E-10
       911.5700148    1.8557185E-10
       952.3900155    1.2034730E-10
       993.2000162    7.9401659E-11
      1020.4000166    6.0711387E-11
      1061.2000173    4.1101726E-11
      1088.4000177    3.1938324E-11
      1102.0000179    2.8216741E-11
      1115.7000181    2.4942388E-11
      1129.3000184    2.2099003E-11
      1142.9000186    1.9606636E-11
      1156.5000188    1.7418674E-11
      1170.1000190    1.5495126E-11
      1197.3000195    1.2308537E-11
      1210.9000197    1.0990369E-11
      1224.5000199    9.8250592E-12
      1227.2000200    9.6101859E-12
      1229.9000200    9.4004414E-12
      1232.7000200    9.1882031E-12
      1235.4000201    8.9884983E-12
      1238.1000201    8.7935301E-12
      1240.8000202    8.6031755E-12
      1243.5000202    8.4173172E-12
      1246.3000203    8.2292012E-12
      1249.0000203    8.0521484E-12
      1257.2000204    7.8337536E-12
      1259.9000205    7.6678490E-12
      1262.6000205    7.5047017E-12
      1270.8000207    7.0294343E-12
      1281.6000208    6.4514566E-12
      1289.8000210    6.1783950E-12
      1292.5000210    6.0491668E-12
      1295.2000211    5.9224492E-12
      1298.0000211    5.7938398E-12
      1300.7000212    5.6725727E-12
      1303.4000212    5.5539982E-12
      1306.1000212    5.4380840E-12
      1314.3000214    5.1018369E-12
      1330.6000216    4.4987863E-12
      1341.5000218    4.1391508E-12
      1355.1000220    3.7337724E-12
      1360.6000221    3.5823167E-12
      1371.4000223    3.3040491E-12
      1382.3000225    3.0469394E-12
      1390.5000226    2.8679103E-12
      1395.9000227    2.7562950E-12
      1404.1000228    2.5957593E-12
      1406.8000229    2.5451542E-12
      1409.5000229    2.4956228E-12
      1415.0000230    2.3979447E-12
      1417.7000231    2.3515254E-12
      1420.4000231    2.3060839E-12
      1423.1000231    2.2615980E-12
      1425.9000232    2.2164501E-12
      1428.6000232    2.1738436E-12
      1431.3000233    2.1321280E-12
      1436.7000234    2.0512897E-12
      1439.5000234    2.0106933E-12
      1442.2000235    1.9723745E-12
      1444.9000235    1.9348498E-12
      1447.6000235    1.8981015E-12
      1450.4000236    1.8607936E-12
      1453.1000236    1.8255735E-12
      1455.8000237    1.2003459E-11
      1458.5000237    1.1879603E-11
      1461.2000238    1.1718142E-11
      1466.7000239    1.1336515E-11
      1469.4000239    1.1140360E-11
      1472.1000239    1.0943668E-11
      1477.6000240    1.0548000E-11
      1480.3000241    1.0357822E-11
      1488.4000242    9.8068229E-12
      1491.2000242    9.6234227E-12
      1496.6000243    9.2799041E-12
      1551.0000252    6.4670938E-12
      1632.7000266    3.8230807E-12
      1823.1000296    1.1884311E-12
      2340.2000381    6.3725663E-14
      2829.9000460    0.0000000E+00
      3047.6000496    0.0000000E+00
      3700.7000602    0.0000000E+00
      4000.0000650    0.0000000E+00
      4680.3000761    0.0000000E+00
 
