       80.0000013    4.4762354E+00
        85.0000014    3.1317084E+00
        90.0000015    2.2058301E+00
        95.2390015    1.5394254E+00
       100.6800016    1.0684785E+00
       114.2900019    4.4519189E-01
       119.7300019    3.1848004E-01
       122.4500020    2.7021182E-01
       125.1700020    2.2972594E-01
       127.8900021    1.9569662E-01
       130.6100021    1.6703455E-01
       133.3300022    1.4284346E-01
       136.0600022    1.2231521E-01
       146.9400024    9.8290414E-02
       149.6600024    8.7454893E-02
       155.1000025    6.9049329E-02
       157.8200026    6.1454397E-02
       160.5500026    5.4770883E-02
       165.9900027    4.3804273E-02
       171.4300028    3.5316762E-02
       176.8700029    2.8692426E-02
       179.5900029    2.5931567E-02
       182.3100030    2.3476066E-02
       185.0400030    2.1279890E-02
       187.7600031    1.9325983E-02
       190.4800031    1.7577365E-02
       195.9200032    1.4600965E-02
       198.6400032    1.3333442E-02
       204.0800033    1.2897293E-02
       206.8000034    1.1841602E-02
       209.5300034    1.0831942E-02
       212.2500035    9.9005736E-03
       214.9700035    9.0486472E-03
       220.4100036    7.5701615E-03
       225.8500037    6.3537373E-03
       236.7400038    4.5250827E-03
       247.6200040    3.2731621E-03
       258.5100042    2.4020805E-03
       272.1100044    1.6646030E-03
       285.7200046    1.1770311E-03
       299.3200049    8.4821385E-04
       312.9300051    6.2155654E-04
       340.1400055    3.4877195E-04
       353.7400058    2.6618488E-04
       380.9500062    1.5974499E-04
       394.5600064    1.2532042E-04
       408.1700066    9.9024539E-05
       435.3800071    6.3001353E-05
       462.5900075    4.0936684E-05
       476.1900077    3.3227530E-05
       489.8000080    2.7077642E-05
       503.4000082    2.2154845E-05
       517.0100084    1.8190758E-05
       557.8300091    1.0275926E-05
       571.4300093    8.5486681E-06
       585.0400095    7.1316645E-06
       612.2500100    5.0059480E-06
       666.6700108    2.5450606E-06
       680.2800111    2.1621440E-06
       707.4900115    1.5714934E-06
       734.7000119    1.1523424E-06
       761.9100124    8.5213429E-07
       789.1200128    6.3521901E-07
       816.3300133    4.7715992E-07
       843.5400137    3.6106204E-07
       870.7500142    2.7512451E-07
       911.5700148    1.8527601E-07
       952.3900155    1.2653213E-07
       993.2000162    8.7562370E-08
      1020.4000166    6.8982139E-08
      1061.2000173    4.8706728E-08
      1088.4000177    3.8860190E-08
      1102.0000179    3.4772391E-08
      1115.7000181    3.1125435E-08
      1129.3000184    2.7915156E-08
      1142.9000186    2.5063727E-08
      1156.5000188    2.2528013E-08
      1170.1000190    2.0270415E-08
      1197.3000195    1.6462453E-08
      1210.9000197    1.4858323E-08
      1224.5000199    1.3423746E-08
      1227.2000200    1.3157386E-08
      1229.9000200    1.2896804E-08
      1232.7000200    1.2632525E-08
      1235.4000201    1.2383293E-08
      1238.1000201    1.2139433E-08
      1240.8000202    1.1900823E-08
      1243.5000202    1.1667337E-08
      1246.3000203    1.1430491E-08
      1249.0000203    1.1207082E-08
      1257.2000204    1.3700813E-08
      1259.9000205    1.3445638E-08
      1262.6000205    1.3185288E-08
      1270.8000207    1.2405178E-08
      1281.6000208    1.1441917E-08
      1289.8000210    1.2067373E-08
      1292.5000210    1.1832977E-08
      1295.2000211    1.1599711E-08
      1298.0000211    1.1361020E-08
      1300.7000212    1.1134873E-08
      1303.4000212    1.0913086E-08
      1306.1000212    1.0695816E-08
      1314.3000214    1.0063712E-08
      1330.6000216    8.9244825E-09
      1341.5000218    8.2416518E-09
      1355.1000220    7.4685795E-09
      1360.6000221    7.1787620E-09
      1371.4000223    6.6447936E-09
      1382.3000225    6.1496164E-09
      1390.5000226    5.8037291E-09
      1395.9000227    5.5876113E-09
      1404.1000228    5.2761018E-09
      1406.8000229    5.1777369E-09
      1409.5000229    5.0813784E-09
      1415.0000230    4.8911160E-09
      1417.7000231    4.8005844E-09
      1420.4000231    4.7118869E-09
      1423.1000231    4.6249835E-09
      1425.9000232    4.5367146E-09
      1428.6000232    4.4533452E-09
      1431.3000233    4.3716541E-09
      1436.7000234    4.2131592E-09
      1439.5000234    4.1334678E-09
      1442.2000235    4.0581867E-09
      1444.9000235    3.9844079E-09
      1447.6000235    3.9120986E-09
      1450.4000236    3.8386299E-09
      1453.1000236    3.7692174E-09
      1455.8000237    1.8991152E-08
      1458.5000237    1.8803981E-08
      1461.2000238    1.8563828E-08
      1466.7000239    1.8003847E-08
      1469.4000239    1.7717676E-08
      1472.1000239    1.7431107E-08
      1477.6000240    1.6854775E-08
      1480.3000241    1.6577534E-08
      1488.4000242    1.5772530E-08
      1491.2000242    1.5503860E-08
      1496.6000243    1.4999484E-08
      1551.0000252    1.0799911E-08
      1632.7000266    6.6989188E-09
      1823.1000296    2.3743143E-09
      2340.2000381    2.2172163E-10
      2829.9000460    3.6173464E-11
      3047.6000496    1.7813265E-11
      3700.7000602    2.7704800E-12
      4000.0000650    1.3074663E-12
      4680.3000761    2.8487683E-13
      5006.8000814    1.4467514E-13
      5387.8000876    6.9797053E-14
 
