       80.0000013    4.1327274E-01
        85.0000014    2.5613847E-01
        90.0000015    1.6146387E-01
        95.2390015    1.0126296E-01
       100.6800016    6.3435987E-02
       114.2900019    2.1028984E-02
       119.7300019    1.3840874E-02
       122.4500020    1.1278896E-02
       125.1700020    9.2172511E-03
       127.8900021    7.5532272E-03
       130.6100021    6.2062480E-03
       133.3300022    5.1128706E-03
       136.0600022    4.2200140E-03
       146.9400024    9.0270778E-03
       149.6600024    8.0540543E-03
       155.1000025    6.3319318E-03
       157.8200026    5.6076478E-03
       160.5500026    4.9664206E-03
       165.9900027    3.9097662E-03
       171.4300028    3.0915546E-03
       176.8700029    2.4557700E-03
       179.5900029    2.1923974E-03
       182.3100030    1.9593835E-03
       185.0400030    1.7522598E-03
       187.7600031    1.5692755E-03
       190.4800031    1.4067942E-03
       195.9200032    1.1338033E-03
       198.6400032    1.0192763E-03
       204.0800033    9.4094436E-04
       206.8000034    8.5797790E-04
       209.5300034    7.8303489E-04
       212.2500035    7.1579259E-04
       214.9700035    6.5513881E-04
       220.4100036    5.5075914E-04
       225.8500037    4.6504239E-04
       236.7400038    3.3534988E-04
       247.6200040    2.4519218E-04
       258.5100042    1.8130524E-04
       272.1100044    1.2610682E-04
       285.7200046    8.8872417E-05
       299.3200049    6.3384934E-05
       312.9300051    4.5670153E-05
       340.1400055    2.4380914E-05
       353.7400058    1.8039496E-05
       380.9500062    1.0097456E-05
       394.5600064    7.6328697E-06
       408.1700066    5.8075079E-06
       435.3800071    3.4250252E-06
       462.5900075    2.0666537E-06
       476.1900077    1.6184340E-06
       489.8000080    1.2736664E-06
       503.4000082    1.0074506E-06
       517.0100084    8.0052820E-07
       557.8300091    4.1264192E-07
       571.4300093    3.3370193E-07
       585.0400095    2.7090402E-07
       612.2500100    1.8063146E-07
       666.6700108    8.3817348E-08
       680.2800111    6.9749682E-08
       707.4900115    4.8757872E-08
       734.7000119    3.4487186E-08
       761.9100124    2.4665527E-08
       789.1200128    1.7826750E-08
       816.3300133    1.3012210E-08
       843.5400137    9.5872075E-09
       870.7500142    7.1264976E-09
       911.5700148    4.6386424E-09
       952.3900155    3.0722800E-09
       993.2000162    2.0680087E-09
      1020.4000166    1.6017367E-09
      1061.2000173    1.1046369E-09
      1088.4000177    8.6861845E-10
      1102.0000179    7.7187218E-10
      1115.7000181    6.8624584E-10
      1129.3000184    6.1145394E-10
      1142.9000186    5.4551808E-10
      1156.5000188    4.8730775E-10
      1170.1000190    4.3584669E-10
      1197.3000195    3.4990935E-10
      1210.9000197    3.1406830E-10
      1224.5000199    2.8221694E-10
      1227.2000200    2.7632527E-10
      1229.9000200    2.7056832E-10
      1232.7000200    2.6473690E-10
      1235.4000201    2.5924413E-10
      1238.1000201    2.5387620E-10
      1240.8000202    2.4863003E-10
      1243.5000202    2.4350255E-10
      1246.3000203    2.3830751E-10
      1249.0000203    2.3341301E-10
      1257.2000204    2.4106292E-10
      1259.9000205    2.3624594E-10
      1262.6000205    2.3145635E-10
      1270.8000207    2.1736729E-10
      1281.6000208    2.0012172E-10
      1289.8000210    1.9740336E-10
      1292.5000210    1.9344511E-10
      1295.2000211    1.8954321E-10
      1298.0000211    1.8557032E-10
      1300.7000212    1.8181646E-10
      1303.4000212    1.7814072E-10
      1306.1000212    1.7454348E-10
      1314.3000214    1.6409092E-10
      1330.6000216    1.4528681E-10
      1341.5000218    1.3403646E-10
      1355.1000220    1.2131905E-10
      1360.6000221    1.1655711E-10
      1371.4000223    1.0779189E-10
      1382.3000225    9.9673235E-11
      1390.5000226    9.4007850E-11
      1395.9000227    9.0470492E-11
      1404.1000228    8.5375124E-11
      1406.8000229    8.3766986E-11
      1409.5000229    8.2192045E-11
      1415.0000230    7.9083406E-11
      1417.7000231    7.7604777E-11
      1420.4000231    7.6156442E-11
      1423.1000231    7.4737730E-11
      1425.9000232    7.3297056E-11
      1428.6000232    7.1936665E-11
      1431.3000233    7.0603835E-11
      1436.7000234    6.8018986E-11
      1439.5000234    6.6719748E-11
      1442.2000235    6.5492674E-11
      1444.9000235    6.4290337E-11
      1447.6000235    6.3112196E-11
      1450.4000236    6.1915410E-11
      1453.1000236    6.0784933E-11
      1455.8000237    3.7301939E-10
      1458.5000237    3.6939868E-10
      1461.2000238    3.6463679E-10
      1466.7000239    3.5334233E-10
      1469.4000239    3.4752790E-10
      1472.1000239    3.4169301E-10
      1477.6000240    3.2994243E-10
      1480.3000241    3.2428818E-10
      1488.4000242    3.0788097E-10
      1491.2000242    3.0241104E-10
      1496.6000243    2.9215291E-10
      1551.0000252    2.0742309E-10
      1632.7000266    1.2615815E-10
      1823.1000296    4.2930048E-11
      2340.2000381    3.6600150E-12
      2829.9000460    5.5200522E-13
      3047.6000496    2.4523265E-13
      3700.7000602    2.3485345E-14
      4000.0000650    2.0593171E-15
      4680.3000761    0.0000000E+00
      5006.8000814    0.0000000E+00
      5387.8000876    0.0000000E+00
 
