       12.5000002    2.4807081E+01
        15.0000002    3.0912083E+01
        20.0000003    1.1332366E+01
        25.0000004    4.8167419E+00
        30.0000005    2.2062731E+00
        35.0000006    7.1713489E-01
        40.0000007    2.8862804E-01
        45.0000007    1.5156157E-01
        50.0000008    9.7008318E-02
        55.0000009    6.9045208E-02
        60.0000010    4.9199231E-02
        65.0000011    3.3544697E-02
        70.0000011    2.1888399E-02
        75.0000012    1.0205742E-01
        80.0000013    9.0084843E-02
        85.0000014    7.2522104E-02
        90.0000015    5.8127590E-02
        95.2390015    4.4885006E-02
       100.6800016    3.2598726E-02
       114.2900019    1.3950745E-02
       119.7300019    9.9637890E-03
       122.4500020    8.4297266E-03
       125.1700020    7.1372716E-03
       127.8900021    6.0476805E-03
       130.6100021    5.1285112E-03
       133.3300022    4.3525835E-03
       136.0600022    3.6949071E-03
       146.9400024    1.9400403E-03
       149.6600024    1.6551113E-03
       155.1000025    1.2079758E-03
       157.8200026    1.0334387E-03
       160.5500026    8.8446413E-04
       165.9900027    1.0640543E-03
       171.4300028    8.5191464E-04
       176.8700029    8.2488294E-04
       179.5900029    7.4626808E-04
       182.3100030    6.7174248E-04
       185.0400030    6.0306740E-04
       187.7600031    5.4123544E-04
       190.4800031    4.8578865E-04
       195.9200032    3.9195054E-04
       198.6400032    3.5236689E-04
       204.0800033    2.8530866E-04
       206.8000034    2.5697416E-04
       209.5300034    2.3151096E-04
       212.2500035    2.0877783E-04
       214.9700035    1.8838723E-04
       220.4100036    1.5364173E-04
       225.8500037    1.2556605E-04
       236.7400038    8.9595953E-05
       247.6200040    6.2212384E-05
       258.5100042    4.3882053E-05
       272.1100044    2.8939290E-05
       285.7200046    1.9426370E-05
       299.3200049    1.3233498E-05
       312.9300051    9.1149586E-06
       340.1400055    4.4323197E-06
       353.7400058    3.1176401E-06
       380.9500062    1.5577756E-06
       394.5600064    1.1041773E-06
       408.1700066    7.8314793E-07
       435.3800071    3.9334691E-07
       462.5900075    1.9581968E-07
       476.1900077    1.3734287E-07
       489.8000080    9.5737661E-08
       503.4000082    6.6243700E-08
       517.0100084    4.5368463E-08
       557.8300091    1.3189363E-08
       571.4300093    8.2237861E-09
       585.0400095    4.7995008E-09
       612.2500100    3.4269668E-10
 
