       12.5000002    5.4279648E+01
        15.0000002    2.9692608E+01
        20.0000003    1.6494152E+01
        25.0000004    6.7802100E+00
        30.0000005    4.5519371E+00
        35.0000006    1.8765910E+00
        40.0000007    7.5160789E-01
        45.0000007    3.2639617E-01
        50.0000008    1.6234952E-01
        55.0000009    9.7772889E-02
        60.0000010    6.8506889E-02
        65.0000011    5.0308548E-02
        70.0000011    3.6427204E-02
        75.0000012    1.3752584E-01
        80.0000013    1.2397448E-01
        85.0000014    1.0380276E-01
        90.0000015    8.7767385E-02
        95.2390015    7.2149478E-02
       100.6800016    5.5517975E-02
       114.2900019    2.6796043E-02
       119.7300019    1.9973977E-02
       122.4500020    1.7248623E-02
       125.1700020    1.4898476E-02
       127.8900021    1.2872171E-02
       130.6100021    1.1125195E-02
       133.3300022    9.6190227E-03
       136.0600022    8.3159357E-03
       146.9400024    4.6793106E-03
       149.6600024    4.0585753E-03
       155.1000025    3.0590044E-03
       157.8200026    2.6583362E-03
       160.5500026    2.3105247E-03
       165.9900027    2.3844677E-03
       171.4300028    1.9104123E-03
       176.8700029    1.7594133E-03
       179.5900029    1.5953215E-03
       182.3100030    1.4417532E-03
       185.0400030    1.3009328E-03
       187.7600031    1.1742661E-03
       190.4800031    1.0605680E-03
       195.9200032    8.6749694E-04
       198.6400032    7.8564096E-04
       204.0800033    6.4609078E-04
       206.8000034    5.8668805E-04
       209.5300034    5.3301721E-04
       212.2500035    4.8482444E-04
       214.9700035    4.4133281E-04
       220.4100036    3.6650273E-04
       225.8500037    3.0517412E-04
       236.7400038    2.2422557E-04
       247.6200040    1.5664299E-04
       258.5100042    1.1100317E-04
       272.1100044    7.3734387E-05
       285.7200046    5.0027877E-05
       299.3200049    3.4602730E-05
       312.9300051    2.4321913E-05
       340.1400055    1.2502383E-05
       353.7400058    9.1051497E-06
       380.9500062    4.9401760E-06
       394.5600064    3.6716508E-06
       408.1700066    2.7419790E-06
       435.3800071    1.5474109E-06
       462.5900075    8.8364294E-07
       476.1900077    6.7002463E-07
       489.8000080    5.0879612E-07
       503.4000082    3.8694509E-07
       517.0100084    2.9449060E-07
       557.8300091    1.3008496E-07
       571.4300093    9.9014002E-08
       585.0400095    7.5268495E-08
       612.2500100    4.3278423E-08
       666.6700108    1.3761967E-08
       680.2800111    1.0195149E-08
       707.4900115    5.4568798E-09
       734.7000119    2.7562754E-09
       761.9100124    1.2424110E-09
       789.1200128    3.7720957E-10
 
