       12.5000002    4.7062531E+02
        15.0000002    1.1427338E+02
        20.0000003    2.3354921E+01
        25.0000004    1.2828585E+01
        30.0000005    9.1403837E+00
        35.0000006    5.4786572E+00
        40.0000007    3.0457990E+00
        45.0000007    1.5701841E+00
        50.0000008    7.6313549E-01
        55.0000009    3.5898271E-01
        60.0000010    1.7575300E-01
        65.0000011    9.8377556E-02
        70.0000011    6.4813755E-02
        75.0000012    2.0678978E-01
        80.0000013    1.8788217E-01
        85.0000014    1.6230698E-01
        90.0000015    1.4267130E-01
        95.2390015    1.2264450E-01
       100.6800016    1.0036298E-01
       114.2900019    5.8339894E-02
       119.7300019    4.6832576E-02
       122.4500020    4.1925054E-02
       125.1700020    3.7509285E-02
       127.8900021    3.3538751E-02
       130.6100021    2.9971845E-02
       133.3300022    2.6770769E-02
       136.0600022    2.3891015E-02
       146.9400024    1.5133357E-02
       149.6600024    1.3495266E-02
       155.1000025    1.0731288E-02
       157.8200026    9.5702559E-03
       160.5500026    8.5322829E-03
       165.9900027    8.1622051E-03
       171.4300028    6.6678491E-03
       176.8700029    5.8612260E-03
       179.5900029    5.3302953E-03
       182.3100030    4.8274407E-03
       185.0400030    4.3633110E-03
       187.7600031    3.9446498E-03
       190.4800031    3.5686346E-03
       195.9200032    2.9302682E-03
       198.6400032    2.6597888E-03
       204.0800033    2.1994384E-03
       206.8000034    2.0038674E-03
       209.5300034    1.8273671E-03
       212.2500035    1.6690237E-03
       214.9700035    1.5262150E-03
       220.4100036    1.2805742E-03
       225.8500037    1.0790884E-03
       236.7400038    9.0840616E-04
       247.6200040    6.5325503E-04
       258.5100042    4.7077262E-04
       272.1100044    3.1668137E-04
       285.7200046    2.1644786E-04
       299.3200049    1.5042108E-04
       312.9300051    1.0621658E-04
       340.1400055    5.5491138E-05
       353.7400058    4.0979055E-05
       380.9500062    2.3180353E-05
       394.5600064    1.7711141E-05
       408.1700066    1.3654158E-05
       435.3800071    8.3022387E-06
       462.5900075    5.1717502E-06
       476.1900077    4.1121721E-06
       489.8000080    3.2827154E-06
       503.4000082    2.6307291E-06
       517.0100084    2.1149515E-06
       557.8300091    1.1182445E-06
       571.4300093    9.0888113E-07
       585.0400095    7.4024734E-07
       612.2500100    4.9413450E-07
       666.6700108    2.2495753E-07
       680.2800111    1.8549589E-07
       707.4900115    1.2812386E-07
       734.7000119    8.8156497E-08
       761.9100124    6.0571423E-08
       789.1200128    4.1787811E-08
       816.3300133    2.8920415E-08
       843.5400137    2.0060256E-08
       870.7500142    1.3932759E-08
       911.5700148    8.0664826E-09
       952.3900155    4.6564623E-09
       993.2000162    3.3078948E-09
      1020.4000166    2.2281210E-09
      1061.2000173    1.3381261E-09
      1088.4000177    8.7507190E-10
      1102.0000179    7.0357553E-10
      1115.7000181    5.6199434E-10
      1129.3000184    4.4695395E-10
      1142.9000186    3.5284359E-10
      1156.5000188    2.7595917E-10
      1170.1000190    2.1322492E-10
      1197.3000195    5.3297550E-10
      1210.9000197    3.8628797E-10
      1224.5000199    2.6169700E-10
      1227.2000200    2.3895858E-10
      1229.9000200    2.1668496E-10
      1232.7000200    1.9394596E-10
      1235.4000201    1.7219740E-10
      1238.1000201    1.5038838E-10
      1240.8000202    1.2815619E-10
      1243.5000202    1.0486180E-10
      1246.3000203    7.8094912E-11
      1249.0000203    4.4914475E-11
 
