       12.5000002    3.3401828E+00
        15.0000002    9.7394848E-01
        20.0000003    2.3566891E-01
        25.0000004    1.0752980E-01
        30.0000005    5.7574525E-02
        35.0000006    2.1566017E-02
        40.0000007    8.8698594E-03
        45.0000007    4.4870116E-03
        50.0000008    2.5347406E-03
        55.0000009    1.4379858E-03
        60.0000010    7.9288828E-04
        65.0000011    4.2721198E-04
        70.0000011    2.2844841E-04
        75.0000012    4.6745583E-04
        80.0000013    2.2241763E-04
        85.0000014    1.0012516E-04
        90.0000015    4.5041859E-05
        95.2390015    1.9644573E-05
       100.6800016    8.2052384E-06
 
