       12.5000002    1.8438488E+01
        15.0000002    1.4371753E+01
        20.0000003    4.0472803E+00
        25.0000004    6.6165668E-01
        30.0000005    2.2227164E-01
        35.0000006    1.4339778E-01
        40.0000007    9.3952507E-02
        45.0000007    5.8588497E-02
        50.0000008    3.4180857E-02
        55.0000009    1.8669516E-02
        60.0000010    9.9692475E-03
        65.0000011    5.5323262E-03
        70.0000011    3.3355034E-03
        75.0000012    2.9442962E-02
        80.0000013    2.3217095E-02
        85.0000014    1.6027257E-02
        90.0000015    1.0763075E-02
        95.2390015    6.9612083E-03
       100.6800016    4.3470087E-03
       114.2900019    1.3431819E-03
       119.7300019    8.4888935E-04
       122.4500020    6.7667931E-04
       125.1700020    5.4044626E-04
       127.8900021    4.3251918E-04
       130.6100021    3.4688847E-04
       133.3300022    2.7884103E-04
       136.0600022    2.2449948E-04
       146.9400024    9.7151504E-05
       149.6600024    7.9363293E-05
       155.1000025    5.3458894E-05
       157.8200026    4.4088578E-05
       160.5500026    3.6456662E-05
       165.9900027    8.8479799E-05
       171.4300028    6.5807624E-05
       176.8700029    6.6855064E-05
       179.5900029    5.7707035E-05
       182.3100030    4.9640854E-05
       185.0400030    4.2628766E-05
       187.7600031    3.6620349E-05
       190.4800031    3.1464511E-05
       195.9200032    2.3248755E-05
       198.6400032    1.9991989E-05
       204.0800033    1.4790788E-05
       206.8000034    1.2723951E-05
       209.5300034    1.0940017E-05
       212.2500035    9.4109564E-06
       214.9700035    8.0946820E-06
       220.4100036    5.9851518E-06
       225.8500037    4.4199560E-06
       236.7400038    4.7196895E-06
       247.6200040    2.8235559E-06
       258.5100042    1.6543744E-06
       272.1100044    8.1428840E-07
       285.7200046    3.7025126E-07
       299.3200049    1.4092782E-07
 
