       12.5000002    8.3964893E+02
        15.0000002    2.6478006E+02
        20.0000003    2.6453644E+01
        25.0000004    1.6203331E+01
        30.0000005    1.1048594E+01
        35.0000006    6.9676013E+00
        40.0000007    4.3324590E+00
        45.0000007    2.5079055E+00
        50.0000008    1.3433070E+00
        55.0000009    6.7041701E-01
        60.0000010    3.2375407E-01
        65.0000011    1.6296314E-01
        70.0000011    9.2418261E-02
        75.0000012    2.5247392E-01
        80.0000013    2.2447254E-01
        85.0000014    1.9592611E-01
        90.0000015    1.7532000E-01
        95.2390015    1.4874274E-01
       100.6800016    1.1947370E-01
       114.2900019    7.1051605E-02
       119.7300019    5.8324862E-02
       122.4500020    5.2845191E-02
       125.1700020    4.7864527E-02
       127.8900021    4.3332495E-02
       130.6100021    3.9207563E-02
       133.3300022    3.5454143E-02
       136.0600022    3.2028947E-02
       146.9400024    2.1251751E-02
       149.6600024    1.9160124E-02
       155.1000025    1.5560997E-02
       157.8200026    1.4019251E-02
       160.5500026    1.2623797E-02
       165.9900027    1.2190472E-02
       171.4300028    1.0137969E-02
       176.8700029    8.9372396E-03
       179.5900029    8.1850588E-03
       182.3100030    7.4512437E-03
       185.0400030    6.7593679E-03
       187.7600031    6.1265142E-03
       190.4800031    5.5535482E-03
       195.9200032    4.5730686E-03
       198.6400032    4.1543571E-03
       204.0800033    3.4384159E-03
       206.8000034    3.1335033E-03
       209.5300034    2.8580811E-03
       212.2500035    2.6108471E-03
       214.9700035    2.3877895E-03
       220.4100036    2.0040567E-03
       225.8500037    1.6894022E-03
       236.7400038    1.4557282E-03
       247.6200040    1.0645152E-03
       258.5100042    7.7696174E-04
       272.1100044    5.2896212E-04
       285.7200046    3.6467664E-04
       299.3200049    2.5483358E-04
       312.9300051    1.8046050E-04
       340.1400055    9.4316711E-05
       353.7400058    6.9580296E-05
       380.9500062    3.9307452E-05
       394.5600064    3.0051200E-05
       408.1700066    2.3209352E-05
       435.3800071    1.4219613E-05
       462.5900075    8.9713121E-06
       476.1900077    7.1908757E-06
       489.8000080    5.7922898E-06
       503.4000082    4.6876735E-06
       517.0100084    3.8085061E-06
       557.8300091    2.0849056E-06
       571.4300093    1.7156462E-06
       585.0400095    1.4151401E-06
       612.2500100    9.6957046E-07
       666.6700108    4.6608585E-07
       680.2800111    3.8977294E-07
       707.4900115    2.7952044E-07
       734.7000119    1.9867964E-07
       761.9100124    1.4053474E-07
       789.1200128    1.0001001E-07
       816.3300133    7.1556279E-08
       843.5400137    5.1445209E-08
       870.7500142    3.7144730E-08
       911.5700148    2.2944270E-08
       952.3900155    1.4266818E-08
       993.2000162    1.1953182E-08
      1020.4000166    8.5818286E-09
      1061.2000173    5.9420100E-09
      1088.4000177    4.2534198E-09
      1102.0000179    3.5990597E-09
      1115.7000181    3.0414793E-09
      1129.3000184    2.5730322E-09
      1142.9000186    2.1761362E-09
      1156.5000188    1.8397283E-09
      1170.1000190    1.5544994E-09
      1197.3000195    4.4267230E-09
      1210.9000197    3.7736849E-09
      1224.5000199    3.2084122E-09
      1227.2000200    3.1059451E-09
      1229.9000200    3.0065221E-09
      1232.7000200    2.9065448E-09
      1235.4000201    2.8130702E-09
      1238.1000201    2.7223936E-09
      1240.8000202    2.6344360E-09
      1243.5000202    2.5491198E-09
      1246.3000203    2.4633533E-09
      1249.0000203    2.3831859E-09
      1257.2000204    2.1542435E-09
      1259.9000205    2.0834121E-09
      1262.6000205    2.0147259E-09
      1270.8000207    1.8186359E-09
      1281.6000208    1.5869064E-09
      1289.8000210    1.4291860E-09
      1292.5000210    1.3804283E-09
      1295.2000211    1.3331657E-09
      1298.0000211    1.2856846E-09
      1300.7000212    1.2413319E-09
      1303.4000212    1.1983440E-09
      1306.1000212    1.1566802E-09
      1314.3000214    1.0378645E-09
      1330.6000216    8.3288210E-10
      1341.5000218    7.1610401E-10
      1355.1000220    5.8995436E-10
      1360.6000221    5.4443755E-10
      1371.4000223    4.6327775E-10
      1382.3000225    3.9131337E-10
      1390.5000226    3.4303221E-10
      1395.9000227    3.1372691E-10
      1404.1000228    2.7268485E-10
      1406.8000229    2.6002339E-10
      1409.5000229    2.4776017E-10
      1415.0000230    2.2395359E-10
      1417.7000231    2.1281518E-10
      1420.4000231    2.0201985E-10
      1423.1000231    1.9155423E-10
      1425.9000232    1.8103501E-10
      1428.6000232    1.7119973E-10
      1431.3000233    1.6165345E-10
      1436.7000234    1.4337238E-10
      1439.5000234    1.3428869E-10
      1442.2000235    1.2576416E-10
      1444.9000235    1.1745331E-10
      1447.6000235    1.0933801E-10
      1450.4000236    1.0110705E-10
      1453.1000236    9.3324376E-11
      1455.8000237    8.5665357E-11
      1458.5000237    7.8096155E-11
      1461.2000238    7.0573380E-11
      1466.7000239    5.5120988E-11
      1469.4000239    4.7248806E-11
      1472.1000239    3.8902992E-11
      1477.6000240    1.7017499E-11
 
