       12.5000002    2.0442203E+03
        15.0000002    1.0279219E+03
        20.0000003    9.7993271E+01
        25.0000004    2.6512842E+01
        30.0000005    1.7780930E+01
        35.0000006    1.0805590E+01
        40.0000007    7.2160110E+00
        45.0000007    5.0025687E+00
        50.0000008    3.3256042E+00
        55.0000009    2.0361717E+00
        60.0000010    1.1469113E+00
        65.0000011    6.1041516E-01
        70.0000011    3.1865036E-01
        75.0000012    6.3326144E-01
        80.0000013    4.7751164E-01
        85.0000014    4.0510932E-01
        90.0000015    3.9089239E-01
        95.2390015    3.2117423E-01
       100.6800016    2.2231391E-01
       114.2900019    1.0454779E-01
       119.7300019    8.4728464E-02
       122.4500020    7.7082388E-02
       125.1700020    7.0455626E-02
       127.8900021    6.4616494E-02
       130.6100021    5.9401285E-02
       133.3300022    5.4693226E-02
       136.0600022    5.0392792E-02
       146.9400024    3.6452074E-02
       149.6600024    3.3602931E-02
       155.1000025    2.8521268E-02
       157.8200026    2.6259115E-02
       160.5500026    2.4158282E-02
       165.9900027    2.4787493E-02
       171.4300028    2.1510884E-02
       176.8700029    1.9675128E-02
       179.5900029    1.8448237E-02
       182.3100030    1.7139351E-02
       185.0400030    1.5799938E-02
       187.7600031    1.4501653E-02
       190.4800031    1.3288910E-02
       195.9200032    1.1147947E-02
       198.6400032    1.0196969E-02
       204.0800033    8.5246144E-03
       206.8000034    7.7998503E-03
       209.5300034    7.1398728E-03
       212.2500035    6.5431865E-03
       214.9700035    6.0012932E-03
       220.4100036    5.0608716E-03
       225.8500037    4.2818347E-03
       236.7400038    3.5800836E-03
       247.6200040    2.6993204E-03
       258.5100042    2.0310564E-03
       272.1100044    1.4314788E-03
       285.7200046    1.0176662E-03
       299.3200049    7.2976603E-04
       312.9300051    5.2751839E-04
       340.1400055    2.8276557E-04
       353.7400058    2.0978694E-04
       380.9500062    1.1867022E-04
       394.5600064    9.0506335E-05
       408.1700066    6.9676367E-05
       435.3800071    4.2449832E-05
       462.5900075    2.6764379E-05
       476.1900077    2.1504267E-05
       489.8000080    1.7398621E-05
       503.4000082    1.4171759E-05
       517.0100084    1.1611447E-05
       557.8300091    6.5890981E-06
       571.4300093    5.5039091E-06
       585.0400095    4.6140444E-06
       612.2500100    3.2752509E-06
       666.6700108    1.7041930E-06
       680.2800111    1.4553151E-06
       707.4900115    1.1314227E-06
       734.7000119    8.5060378E-07
       761.9100124    6.2359095E-07
       789.1200128    4.6089107E-07
       816.3300133    3.4305219E-07
       843.5400137    2.5695979E-07
       870.7500142    1.9357908E-07
       911.5700148    1.2780764E-07
       952.3900155    8.5281819E-08
       993.2000162    9.2969643E-08
      1020.4000166    7.0008575E-08
      1061.2000173    5.5396747E-08
      1088.4000177    4.1956159E-08
      1102.0000179    3.6575280E-08
      1115.7000181    3.1887769E-08
      1129.3000184    2.7858658E-08
      1142.9000186    2.4363910E-08
      1156.5000188    2.1329086E-08
      1170.1000190    1.8690498E-08
      1197.3000195    4.6817881E-08
      1210.9000197    4.1682917E-08
      1224.5000199    3.7097539E-08
      1227.2000200    3.6249968E-08
      1229.9000200    3.5422239E-08
      1232.7000200    3.4584353E-08
      1235.4000201    3.3795708E-08
      1238.1000201    3.3025589E-08
      1240.8000202    3.2273569E-08
      1243.5000202    3.1539216E-08
      1246.3000203    3.0795885E-08
      1249.0000203    3.0096238E-08
      1257.2000204    2.8070421E-08
      1259.9000205    2.7434680E-08
      1262.6000205    2.6813817E-08
      1270.8000207    2.5015799E-08
      1281.6000208    2.2835914E-08
      1289.8000210    2.1312477E-08
      1292.5000210    2.0834142E-08
      1295.2000211    2.0366876E-08
      1298.0000211    1.9893713E-08
      1300.7000212    1.9448182E-08
      1303.4000212    1.9012933E-08
      1306.1000212    1.8587718E-08
      1314.3000214    1.7355399E-08
      1330.6000216    1.5149338E-08
      1341.5000218    1.3836896E-08
      1355.1000220    1.2361432E-08
      1360.6000221    1.1811496E-08
      1371.4000223    1.0803381E-08
      1382.3000225    9.8750039E-09
      1390.5000226    9.2306660E-09
      1395.9000227    8.8299252E-09
      1404.1000228    8.2550304E-09
      1406.8000229    8.0742044E-09
      1409.5000229    7.8974107E-09
      1415.0000230    7.5493674E-09
      1417.7000231    7.3842616E-09
      1420.4000231    7.2228277E-09
      1423.1000231    7.0649802E-09
      1425.9000232    6.9049872E-09
      1428.6000232    6.7541945E-09
      1431.3000233    6.6067440E-09
      1436.7000234    6.3215690E-09
      1439.5000234    6.1786487E-09
      1442.2000235    6.0439351E-09
      1444.9000235    5.9121978E-09
      1447.6000235    5.7833680E-09
      1450.4000236    5.6527680E-09
      1453.1000236    5.5296598E-09
      1455.8000237    5.4092633E-09
      1458.5000237    5.2915170E-09
      1461.2000238    5.1763616E-09
      1466.7000239    4.9495559E-09
      1469.4000239    4.8419140E-09
      1472.1000239    4.7366342E-09
      1477.6000240    4.5292610E-09
      1480.3000241    4.4308330E-09
      1488.4000242    4.1482959E-09
      1491.2000242    4.0549013E-09
      1496.6000243    3.8807109E-09
      1551.0000252    2.4939772E-09
      1632.7000266    1.2804796E-09
      1823.1000296    2.5519536E-10
 
