       12.5000002    1.1848015E+01
        15.0000002    8.8558521E+00
        20.0000003    1.0351384E+00
        25.0000004    2.0419917E-01
        30.0000005    1.7742306E-01
        35.0000006    1.0674412E-01
        40.0000007    5.9116758E-02
        45.0000007    3.0876923E-02
        50.0000008    1.5687769E-02
        55.0000009    8.2713310E-03
        60.0000010    4.8024165E-03
        65.0000011    3.0980227E-03
        70.0000011    2.1480881E-03
        75.0000012    1.6049763E-02
        80.0000013    1.2293222E-02
        85.0000014    8.2659209E-03
        90.0000015    5.4308185E-03
        95.2390015    3.4724753E-03
       100.6800016    2.1760354E-03
       114.2900019    7.0710620E-04
       119.7300019    4.6232258E-04
       122.4500020    3.7590438E-04
       125.1700020    3.0678848E-04
       127.8900021    2.5133241E-04
       130.6100021    2.0669129E-04
       133.3300022    1.7063723E-04
       136.0600022    1.4132443E-04
       146.9400024    6.9338326E-05
       149.6600024    5.8598998E-05
       155.1000025    4.2336487E-05
       157.8200026    3.6189373E-05
       160.5500026    3.1031777E-05
       165.9900027    8.6929591E-05
       171.4300028    6.7933564E-05
       176.8700029    7.3226671E-05
       179.5900029    6.4945569E-05
       182.3100030    5.7480633E-05
       185.0400030    5.0847066E-05
       187.7600031    4.5034161E-05
       190.4800031    3.9930048E-05
       195.9200032    3.1506654E-05
       198.6400032    2.8037322E-05
       204.0800033    2.2279881E-05
       206.8000034    1.9894360E-05
       209.5300034    1.7776289E-05
       212.2500035    1.5907126E-05
       214.9700035    1.4249194E-05
       220.4100036    1.1468187E-05
       225.8500037    9.2658292E-06
       236.7400038    1.1036600E-05
       247.6200040    7.9513038E-06
       258.5100042    5.7786465E-06
       272.1100044    3.9310471E-06
       285.7200046    2.7104436E-06
       299.3200049    1.8931680E-06
       312.9300051    1.3376227E-06
       340.1400055    6.8989385E-07
       353.7400058    5.0296154E-07
       380.9500062    2.7461007E-07
       394.5600064    2.0546614E-07
       408.1700066    1.5494000E-07
       435.3800071    9.0079723E-08
       462.5900075    5.3798434E-08
       476.1900077    4.1967755E-08
       489.8000080    3.2923747E-08
       503.4000082    2.5977181E-08
       517.0100084    2.0601895E-08
       557.8300091    1.0588150E-08
       571.4300093    8.5607628E-09
       585.0400095    6.9504327E-09
       612.2500100    4.6389550E-09
       666.6700108    2.1620365E-09
       680.2800111    1.8018103E-09
       707.4900115    1.2641248E-09
       734.7000119    8.9740770E-10
       761.9100124    6.4430716E-10
       789.1200128    4.6756810E-10
       816.3300133    3.4274428E-10
       843.5400137    2.5363817E-10
       870.7500142    1.8938361E-10
       911.5700148    1.2376342E-10
       952.3900155    8.2452239E-11
       993.2000162    5.8877972E-11
      1020.4000166    4.5619113E-11
      1061.2000173    3.2551600E-11
      1088.4000177    2.5563839E-11
      1102.0000179    2.2701651E-11
      1115.7000181    2.0169708E-11
      1129.3000184    1.7959157E-11
      1142.9000186    1.6011173E-11
      1156.5000188    1.4292089E-11
      1170.1000190    1.2772861E-11
      1197.3000195    5.0251078E-11
      1210.9000197    4.5251903E-11
      1224.5000199    4.0726065E-11
      1227.2000200    3.9884623E-11
      1229.9000200    3.9061494E-11
      1232.7000200    3.8226870E-11
      1235.4000201    3.7440009E-11
      1238.1000201    3.6670424E-11
      1240.8000202    3.5917748E-11
      1243.5000202    3.5181622E-11
      1246.3000203    3.4435319E-11
      1249.0000203    3.3731778E-11
      1257.2000204    3.1688388E-11
      1259.9000205    3.1045111E-11
      1262.6000205    3.0415906E-11
      1270.8000207    2.8587945E-11
      1281.6000208    2.6359281E-11
      1289.8000210    2.4792666E-11
      1292.5000210    2.4299087E-11
      1295.2000211    2.3816109E-11
      1298.0000211    2.3326176E-11
      1300.7000212    2.2864041E-11
      1303.4000212    2.2411777E-11
      1306.1000212    2.1969164E-11
      1314.3000214    2.0681826E-11
      1330.6000216    1.8358247E-11
      1341.5000218    1.6962546E-11
      1355.1000220    1.5379489E-11
      1360.6000221    1.4785182E-11
      1371.4000223    1.3688958E-11
      1382.3000225    1.2670831E-11
      1390.5000226    1.1958722E-11
      1395.9000227    1.1513372E-11
      1404.1000228    1.0870874E-11
      1406.8000229    1.0667848E-11
      1409.5000229    1.0468894E-11
      1415.0000230    1.0075850E-11
      1417.7000231    9.8887331E-12
      1420.4000231    9.7053459E-12
      1423.1000231    9.5256095E-12
      1425.9000232    9.3429873E-12
      1428.6000232    9.1704465E-12
      1431.3000233    9.0013240E-12
      1436.7000234    8.6730441E-12
      1439.5000234    8.5079079E-12
      1442.2000235    8.3518626E-12
      1444.9000235    8.1988851E-12
      1447.6000235    8.0489122E-12
      1450.4000236    7.8964890E-12
      1453.1000236    7.7524393E-12
      1455.8000237    7.6112059E-12
      1458.5000237    7.4727290E-12
      1461.2000238    6.3757480E-12
      1466.7000239    6.1335212E-12
      1469.4000239    6.0182215E-12
      1472.1000239    5.9052316E-12
      1477.6000240    5.6820082E-12
      1480.3000241    5.5757365E-12
      1488.4000242    5.2694463E-12
      1491.2000242    5.1677842E-12
      1496.6000243    4.9775800E-12
      1551.0000252    3.1385246E-12
      1632.7000266    1.5404475E-12
      1823.1000296    0.0000000E+00
      2340.2000381    0.0000000E+00
      2829.9000460    0.0000000E+00
      3047.6000496    0.0000000E+00
      3700.7000602    0.0000000E+00
      4000.0000650    0.0000000E+00
 
