       12.5000002    2.3351360E+02
        15.0000002    4.9854504E+01
        20.0000003    2.1594870E+01
        25.0000004    9.4132681E+00
        30.0000005    7.2139144E+00
        35.0000006    3.8187003E+00
        40.0000007    1.8343436E+00
        45.0000007    8.4744072E-01
        50.0000008    3.9044368E-01
        55.0000009    1.9061349E-01
        60.0000010    1.0809244E-01
        65.0000011    7.2557732E-02
        70.0000011    5.3657237E-02
        75.0000012    1.8213783E-01
        80.0000013    1.6593930E-01
        85.0000014    1.4230280E-01
        90.0000015    1.2430202E-01
        95.2390015    1.0695691E-01
       100.6800016    8.7016784E-02
       114.2900019    4.8488125E-02
       119.7300019    3.8207103E-02
       122.4500020    3.3901248E-02
       125.1700020    3.0074127E-02
       127.8900021    2.6674677E-02
       130.6100021    2.3657123E-02
       133.3300022    2.0980218E-02
       136.0600022    1.8598646E-02
       146.9400024    1.1524632E-02
       149.6600024    1.0231967E-02
       155.1000025    8.0745742E-03
       157.8200026    7.1776058E-03
       160.5500026    6.3805347E-03
       165.9900027    6.2021171E-03
       171.4300028    5.0662132E-03
       176.8700029    4.5265448E-03
       179.5900029    4.1262195E-03
       182.3100030    3.7494842E-03
       185.0400030    3.4026909E-03
       187.7600031    3.0898142E-03
       190.4800031    2.8082032E-03
       195.9200032    2.3279598E-03
       198.6400032    2.1234178E-03
       204.0800033    1.7731348E-03
       206.8000034    1.6232713E-03
       209.5300034    1.4873715E-03
       212.2500035    1.3648595E-03
       214.9700035    1.2538282E-03
       220.4100036    1.0614697E-03
       225.8500037    9.0215413E-04
       236.7400038    7.5374119E-04
       247.6200040    5.4796378E-04
       258.5100042    4.0052799E-04
       272.1100044    2.7489450E-04
       285.7200046    1.9201970E-04
       299.3200049    1.3653314E-04
       312.9300051    9.8709213E-05
       340.1400055    5.4090524E-05
       353.7400058    4.0905677E-05
       380.9500062    2.4257333E-05
       394.5600064    1.8976363E-05
       408.1700066    1.4980879E-05
       435.3800071    9.5608375E-06
       462.5900075    6.2641907E-06
       476.1900077    5.1131819E-06
       489.8000080    4.1935004E-06
       503.4000082    3.4552133E-06
       517.0100084    2.8583254E-06
       557.8300091    1.6547473E-06
       571.4300093    1.3884923E-06
       585.0400095    1.1684821E-06
       612.2500100    8.3475612E-07
       666.6700108    4.3951258E-07
       680.2800111    3.7660578E-07
       707.4900115    2.8288335E-07
       734.7000119    2.1191711E-07
       761.9100124    1.5869820E-07
       789.1200128    1.1981840E-07
       816.3300133    9.1157773E-08
       843.5400137    6.9853989E-08
       870.7500142    5.3894873E-08
       911.5700148    3.6964618E-08
       952.3900155    2.5698142E-08
       993.2000162    2.4841897E-08
      1020.4000166    1.9491615E-08
      1061.2000173    1.5729848E-08
      1088.4000177    1.2462331E-08
      1102.0000179    1.1115628E-08
      1115.7000181    9.9196784E-09
      1129.3000184    8.8715622E-09
      1142.9000186    7.9445064E-09
      1156.5000188    7.1233894E-09
      1170.1000190    6.3951133E-09
      1197.3000195    1.9269487E-08
      1210.9000197    1.7517813E-08
      1224.5000199    1.5922096E-08
      1227.2000200    1.5623964E-08
      1229.9000200    1.5331826E-08
      1232.7000200    1.5035088E-08
      1235.4000201    1.4754833E-08
      1238.1000201    1.4480247E-08
      1240.8000202    1.4211219E-08
      1243.5000202    1.3947636E-08
      1246.3000203    1.3679923E-08
      1249.0000203    1.3427089E-08
      1257.2000204    1.2690093E-08
      1259.9000205    1.2457229E-08
      1262.6000205    1.2229049E-08
      1270.8000207    1.1563743E-08
      1281.6000208    1.0747469E-08
      1289.8000210    1.0170039E-08
      1292.5000210    9.9874526E-09
      1295.2000211    9.8084687E-09
      1298.0000211    9.6265786E-09
      1300.7000212    9.4546966E-09
      1303.4000212    9.2861896E-09
      1306.1000212    9.1209849E-09
      1314.3000214    8.6387812E-09
      1330.6000216    7.7615212E-09
      1341.5000218    7.2298745E-09
      1355.1000220    6.6220869E-09
      1360.6000221    6.3924910E-09
      1371.4000223    5.9667835E-09
      1382.3000225    5.5686429E-09
      1390.5000226    5.2884577E-09
      1395.9000227    5.1124638E-09
      1404.1000228    4.8574584E-09
      1406.8000229    4.7765951E-09
      1409.5000229    4.6972164E-09
      1415.0000230    4.5399893E-09
      1417.7000231    4.4649409E-09
      1420.4000231    4.3912611E-09
      1423.1000231    4.3189234E-09
      1425.9000232    4.2452948E-09
      1428.6000232    4.1756079E-09
      1431.3000233    4.1071839E-09
      1436.7000234    3.9740229E-09
      1439.5000234    3.9068615E-09
      1442.2000235    3.8432857E-09
      1444.9000235    3.7808516E-09
      1447.6000235    3.7195378E-09
      1450.4000236    3.6571117E-09
      1453.1000236    3.5980112E-09
      1455.8000237    3.5399652E-09
      1458.5000237    3.4829533E-09
      1461.2000238    3.4269552E-09
      1466.7000239    3.3159400E-09
      1469.4000239    3.2629024E-09
      1472.1000239    3.2108016E-09
      1477.6000240    3.1074940E-09
      1480.3000241    3.0581295E-09
      1488.4000242    2.9151681E-09
      1491.2000242    2.8674825E-09
      1496.6000243    2.7779361E-09
      1551.0000252    2.0298598E-09
      1632.7000266    1.2915378E-09
      1823.1000296    4.8709531E-10
      2340.2000381    5.2860955E-11
      2829.9000460    9.4243615E-12
      3047.6000496    4.7779701E-12
      3700.7000602    6.8052584E-13
      4000.0000650    1.8808635E-13
      4680.3000761    0.0000000E+00
      5006.8000814    0.0000000E+00
      5387.8000876    0.0000000E+00
 
