       12.5000002    3.8977874E+03
        15.0000002    1.8742695E+03
        20.0000003    1.6313979E+02
        25.0000004    3.0262594E+01
        30.0000005    1.8882231E+01
        35.0000006    1.1444326E+01
        40.0000007    7.6223440E+00
        45.0000007    5.2909126E+00
        50.0000008    3.5385027E+00
        55.0000009    2.1861627E+00
        60.0000010    1.2441933E+00
        65.0000011    6.6889894E-01
        70.0000011    3.5189632E-01
        75.0000012    6.9598556E-01
        80.0000013    5.2081317E-01
        85.0000014    4.4068414E-01
        90.0000015    4.2783555E-01
        95.2390015    3.5303405E-01
       100.6800016    2.4333285E-01
       114.2900019    1.1224785E-01
       119.7300019    9.0641916E-02
       122.4500020    8.2401775E-02
       125.1700020    7.5309284E-02
       127.8900021    6.9097787E-02
       130.6100021    6.3578419E-02
       133.3300022    5.8615953E-02
       136.0600022    5.4096740E-02
       146.9400024    3.9489433E-02
       149.6600024    3.6502145E-02
       155.1000025    3.1162342E-02
       157.8200026    2.8778162E-02
       160.5500026    2.6558805E-02
       165.9900027    2.7561039E-02
       171.4300028    2.4094259E-02
       176.8700029    2.2236999E-02
       179.5900029    2.0949278E-02
       182.3100030    1.9551542E-02
       185.0400030    1.8096521E-02
       187.7600031    1.6668765E-02
       190.4800031    1.5326558E-02
       195.9200032    1.2941819E-02
       198.6400032    1.1872664E-02
       204.0800033    9.9783586E-03
       206.8000034    9.1531640E-03
       209.5300034    8.3997138E-03
       212.2500035    7.7167703E-03
       214.9700035    7.0949793E-03
       220.4100036    6.0119038E-03
       225.8500037    5.1102513E-03
       236.7400038    4.2466708E-03
       247.6200040    3.2334479E-03
       258.5100042    2.4612565E-03
       272.1100044    1.7619025E-03
       285.7200046    1.2733359E-03
       299.3200049    9.2875189E-04
       312.9300051    6.8304653E-04
       340.1400055    3.7887320E-04
       353.7400058    2.8576332E-04
       380.9500062    1.6673353E-04
       394.5600064    1.2899762E-04
       408.1700066    1.0066140E-04
       435.3800071    6.2871994E-05
       462.5900075    4.0550807E-05
       476.1900077    3.2937558E-05
       489.8000080    2.6937430E-05
       503.4000082    2.2179127E-05
       517.0100084    1.8371673E-05
       557.8300091    1.0791658E-05
       571.4300093    9.1262182E-06
       585.0400095    7.7495170E-06
       612.2500100    5.6526555E-06
       666.6700108    3.1251852E-06
       680.2800111    2.7129768E-06
       707.4900115    2.2506597E-06
       734.7000119    1.7755895E-06
       761.9100124    1.3446218E-06
       789.1200128    1.0287790E-06
       816.3300133    7.9417202E-07
       843.5400137    6.1798784E-07
       870.7500142    4.8439148E-07
       911.5700148    3.4029020E-07
       952.3900155    2.4227117E-07
       993.2000162    3.1885767E-07
      1020.4000166    2.5164795E-07
      1061.2000173    2.2072727E-07
      1088.4000177    1.7575221E-07
      1102.0000179    1.5713952E-07
      1115.7000181    1.4056310E-07
      1129.3000184    1.2599466E-07
      1142.9000186    1.1307360E-07
      1156.5000188    1.0159861E-07
      1170.1000190    9.1395080E-08
      1197.3000195    2.0505259E-07
      1210.9000197    1.8742257E-07
      1224.5000199    1.7133176E-07
      1227.2000200    1.6831694E-07
      1229.9000200    1.6535954E-07
      1232.7000200    1.6235214E-07
      1235.4000201    1.5950806E-07
      1238.1000201    1.5671868E-07
      1240.8000202    1.5398250E-07
      1243.5000202    1.5129847E-07
      1246.3000203    1.4856900E-07
      1249.0000203    1.4598801E-07
      1257.2000204    1.3844597E-07
      1259.9000205    1.3605695E-07
      1262.6000205    1.3371309E-07
      1270.8000207    1.2686203E-07
      1281.6000208    1.1841985E-07
      1289.8000210    1.1242195E-07
      1292.5000210    1.1052068E-07
      1295.2000211    1.0865466E-07
      1298.0000211    1.0675601E-07
      1300.7000212    1.0495964E-07
      1303.4000212    1.0319641E-07
      1306.1000212    1.0146567E-07
      1314.3000214    9.6401884E-08
      1330.6000216    8.7140336E-08
      1341.5000218    8.1494797E-08
      1355.1000220    7.5007492E-08
      1360.6000221    7.2547067E-08
      1371.4000223    6.7969900E-08
      1382.3000225    6.3670377E-08
      1390.5000226    6.0633106E-08
      1395.9000227    5.8719969E-08
      1404.1000228    5.5940912E-08
      1406.8000229    5.5057768E-08
      1409.5000229    5.4189982E-08
      1415.0000230    5.2468426E-08
      1417.7000231    5.1645422E-08
      1420.4000231    5.0836608E-08
      1423.1000231    5.0041681E-08
      1425.9000232    4.9231776E-08
      1428.6000232    4.8464408E-08
      1431.3000233    4.7710223E-08
      1436.7000234    4.6240284E-08
      1439.5000234    4.5497803E-08
      1442.2000235    4.4794216E-08
      1444.9000235    4.4102627E-08
      1447.6000235    4.3422780E-08
      1450.4000236    4.2729880E-08
      1453.1000236    4.2073282E-08
      1455.8000237    4.1427757E-08
      1458.5000237    4.0793125E-08
      1461.2000238    4.0169191E-08
      1466.7000239    3.8930477E-08
      1469.4000239    3.8337834E-08
      1472.1000239    3.7755111E-08
      1477.6000240    3.6598024E-08
      1480.3000241    3.6044337E-08
      1488.4000242    3.4437896E-08
      1491.2000242    3.3901060E-08
      1496.6000243    3.2891577E-08
      1551.0000252    2.4379906E-08
      1632.7000266    1.5808542E-08
      1823.1000296    6.1717818E-09
      2340.2000381    7.0498635E-10
      2829.9000460    1.3192963E-10
      3047.6000496    6.8404532E-11
      3700.7000602    1.2185884E-11
      4000.0000650    6.0949041E-12
      4680.3000761    1.4941222E-12
      5006.8000814    7.2623808E-13
      5387.8000876    3.3482329E-13
 
