       12.5000002    6.4458366E+01
        15.0000002    3.1761236E+01
        20.0000003    1.6878157E+01
        25.0000004    6.8497624E+00
        30.0000005    4.7609248E+00
        35.0000006    2.0269129E+00
        40.0000007    8.3179200E-01
        45.0000007    3.6488116E-01
        50.0000008    1.8023784E-01
        55.0000009    1.0665452E-01
        60.0000010    7.4131086E-02
        65.0000011    5.4884844E-02
        70.0000011    4.0484764E-02
        75.0000012    1.4896008E-01
        80.0000013    1.3527176E-01
        85.0000014    1.1446516E-01
        90.0000015    9.8114520E-02
        95.2390015    8.2119972E-02
       100.6800016    6.4498879E-02
       114.2900019    3.2848563E-02
       119.7300019    2.5036456E-02
       122.4500020    2.1865176E-02
       125.1700020    1.9101478E-02
       127.8900021    1.6693110E-02
       130.6100021    1.4594385E-02
       133.3300022    1.2765403E-02
       136.0600022    1.1165776E-02
       146.9400024    6.5869121E-03
       149.6600024    5.7819854E-03
       155.1000025    4.4644861E-03
       157.8200026    3.9272164E-03
       160.5500026    3.4555164E-03
       165.9900027    3.4966464E-03
       171.4300028    2.8401886E-03
       176.8700029    2.6033572E-03
       179.5900029    2.3738805E-03
       182.3100030    2.1583333E-03
       185.0400030    1.9598973E-03
       187.7600031    1.7806584E-03
       190.4800031    1.6190613E-03
       195.9200032    1.3428051E-03
       198.6400032    1.2248381E-03
       204.0800033    1.0222703E-03
       206.8000034    9.3537761E-04
       209.5300034    8.5646054E-04
       212.2500035    7.8521960E-04
       214.9700035    7.2057638E-04
       220.4100036    6.0842256E-04
       225.8500037    5.1541149E-04
       236.7400038    4.0469129E-04
       247.6200040    2.9139561E-04
       258.5100042    2.1224175E-04
       272.1100044    1.4568398E-04
       285.7200046    1.0211083E-04
       299.3200049    7.3013842E-05
       312.9300051    5.3145755E-05
       340.1400055    2.9519104E-05
       353.7400058    2.2447297E-05
       380.9500062    1.3405712E-05
       394.5600064    1.0501971E-05
       408.1700066    8.2913566E-06
       435.3800071    5.2739351E-06
       462.5900075    3.4316340E-06
       476.1900077    2.7887190E-06
       489.8000080    2.2759523E-06
       503.4000082    1.8654295E-06
       517.0100084    1.5346764E-06
       557.8300091    8.7305762E-07
       571.4300093    7.2823337E-07
       585.0400095    6.0920843E-07
       612.2500100    4.3012440E-07
       666.6700108    2.2142348E-07
       680.2800111    1.8871752E-07
       707.4900115    1.3934766E-07
       734.7000119    1.0314002E-07
       761.9100124    7.6634649E-08
       789.1200128    5.7421911E-08
       816.3300133    4.3369759E-08
       843.5400137    3.3004802E-08
       870.7500142    2.5298233E-08
       911.5700148    1.7194029E-08
       952.3900155    1.1855477E-08
       993.2000162    1.0658697E-08
      1020.4000166    8.3476923E-09
      1061.2000173    6.5757773E-09
      1088.4000177    5.2048201E-09
      1102.0000179    4.6404720E-09
      1115.7000181    4.1396810E-09
      1129.3000184    3.7011081E-09
      1142.9000186    3.3134482E-09
      1156.5000188    2.9702976E-09
      1170.1000190    2.6661158E-09
      1197.3000195    8.5977794E-09
      1210.9000197    7.8080129E-09
      1224.5000199    7.0889392E-09
      1227.2000200    6.9546826E-09
      1229.9000200    6.8231576E-09
      1232.7000200    6.6895960E-09
      1235.4000201    6.5634880E-09
      1238.1000201    6.4399632E-09
      1240.8000202    6.3189707E-09
      1243.5000202    6.2004593E-09
      1246.3000203    6.0801240E-09
      1249.0000203    5.9665073E-09
      1257.2000204    5.6355032E-09
      1259.9000205    5.5309748E-09
      1262.6000205    5.4285767E-09
      1270.8000207    5.1301727E-09
      1281.6000208    4.7643920E-09
      1289.8000210    4.5058730E-09
      1292.5000210    4.4241695E-09
      1295.2000211    4.3440975E-09
      1298.0000211    4.2627462E-09
      1300.7000212    4.1858899E-09
      1303.4000212    4.1105608E-09
      1306.1000212    4.0367261E-09
      1314.3000214    3.8213162E-09
      1330.6000216    3.4298318E-09
      1341.5000218    3.1928460E-09
      1355.1000220    2.9221794E-09
      1360.6000221    2.8200080E-09
      1371.4000223    2.6306790E-09
      1382.3000225    2.4537476E-09
      1390.5000226    2.3293172E-09
      1395.9000227    2.2511943E-09
      1404.1000228    2.1380488E-09
      1406.8000229    2.1021824E-09
      1409.5000229    2.0669808E-09
      1415.0000230    1.9972741E-09
      1417.7000231    1.9640101E-09
      1420.4000231    1.9313580E-09
      1423.1000231    1.8993056E-09
      1425.9000232    1.8666870E-09
      1428.6000232    1.8358197E-09
      1431.3000233    1.8055164E-09
      1436.7000234    1.7465571E-09
      1439.5000234    1.7168273E-09
      1442.2000235    1.6886891E-09
      1444.9000235    1.6610605E-09
      1447.6000235    1.6339315E-09
      1450.4000236    1.6063150E-09
      1453.1000236    1.5801735E-09
      1455.8000237    1.5545023E-09
      1458.5000237    1.5292920E-09
      1461.2000238    1.5045337E-09
      1466.7000239    1.4554615E-09
      1469.4000239    1.4320223E-09
      1472.1000239    1.4090004E-09
      1477.6000240    1.3633611E-09
      1480.3000241    1.3415574E-09
      1488.4000242    1.2784299E-09
      1491.2000242    1.2573791E-09
      1496.6000243    1.2178566E-09
      1551.0000252    8.8810947E-10
      1632.7000266    5.6332078E-10
      1823.1000296    2.1114945E-10
      2340.2000381    2.2226603E-11
      2829.9000460    3.6989127E-12
      3047.6000496    1.8248163E-12
      3700.7000602    5.4189478E-14
      4000.0000650    0.0000000E+00
      4680.3000761    0.0000000E+00
      5006.8000814    0.0000000E+00
      5387.8000876    0.0000000E+00
 
