       12.5000002    2.7354673E+01
        15.0000002    2.4223839E+01
        20.0000003    8.0812016E+00
        25.0000004    2.7311938E+00
        30.0000005    7.9767060E-01
        35.0000006    2.7796721E-01
        40.0000007    1.5605828E-01
        45.0000007    1.0426738E-01
        50.0000008    7.3569775E-02
        55.0000009    5.0882023E-02
        60.0000010    3.3215024E-02
        65.0000011    2.0638777E-02
        70.0000011    1.2524123E-02
        75.0000012    7.9518430E-02
        80.0000013    6.9117889E-02
        85.0000014    5.4005694E-02
        90.0000015    4.1675612E-02
        95.2390015    3.1031555E-02
       100.6800016    2.1993864E-02
       114.2900019    9.1038505E-03
       119.7300019    6.4514983E-03
       122.4500020    5.4420163E-03
       125.1700020    4.5966874E-03
       127.8900021    3.8879013E-03
       130.6100021    3.2928470E-03
       133.3300022    2.7926457E-03
       136.0600022    2.3702336E-03
       146.9400024    1.2500500E-03
       149.6600024    1.0690120E-03
       155.1000025    7.8516011E-04
       157.8200026    6.7435938E-04
       160.5500026    5.7972840E-04
       165.9900027    8.0287561E-04
       171.4300028    6.5410859E-04
       176.8700029    6.6157698E-04
       179.5900029    6.0243730E-04
       182.3100030    5.4571166E-04
       185.0400030    4.9306144E-04
       187.7600031    4.4539585E-04
       190.4800031    4.0244011E-04
       195.9200032    3.2922541E-04
       198.6400032    2.9811432E-04
       204.0800033    2.4502436E-04
       206.8000034    2.2241540E-04
       209.5300034    2.0198866E-04
       212.2500035    1.8365157E-04
       214.9700035    1.6711107E-04
       220.4100036    1.3868179E-04
       225.8500037    1.1542615E-04
       236.7400038    8.7934597E-05
       247.6200040    6.4042848E-05
       258.5100042    4.7374771E-05
       272.1100044    3.3149576E-05
       285.7200046    2.3618186E-05
       299.3200049    1.7092096E-05
       312.9300051    1.2528608E-05
       340.1400055    6.9535445E-06
       353.7400058    5.2517025E-06
       380.9500062    3.0642266E-06
       394.5600064    2.3644022E-06
       408.1700066    1.8357388E-06
       435.3800071    1.1259796E-06
       462.5900075    7.0535071E-07
       476.1900077    5.6243107E-07
       489.8000080    4.5048378E-07
       503.4000082    3.6249830E-07
       517.0100084    2.9291539E-07
       557.8300091    1.5840844E-07
       571.4300093    1.3007532E-07
       585.0400095    1.0718796E-07
       612.2500100    7.3569900E-08
       666.6700108    3.6050800E-08
       680.2800111    3.0392190E-08
       707.4900115    2.1841634E-08
       734.7000119    1.5838088E-08
       761.9100124    1.1590690E-08
       789.1200128    8.5653227E-09
       816.3300133    6.3879977E-09
       843.5400137    4.8055999E-09
       870.7500142    3.6448640E-09
       911.5700148    2.4422793E-09
       952.3900155    1.6628890E-09
       993.2000162    1.3175433E-09
      1020.4000166    1.0302332E-09
      1061.2000173    7.7468509E-10
      1088.4000177    6.1308564E-10
      1102.0000179    5.4656724E-10
      1115.7000181    4.8753851E-10
      1129.3000184    4.3584075E-10
      1142.9000186    3.9014131E-10
      1156.5000188    3.4968542E-10
      1170.1000190    3.1382053E-10
      1197.3000195    1.1395426E-09
      1210.9000197    1.0324557E-09
      1224.5000199    9.3483665E-10
      1227.2000200    9.1666819E-10
      1229.9000200    8.9887658E-10
      1232.7000200    8.8081736E-10
      1235.4000201    8.6377355E-10
      1238.1000201    8.4708635E-10
      1240.8000202    8.3074858E-10
      1243.5000202    8.1475315E-10
      1246.3000203    7.9851925E-10
      1249.0000203    7.8319906E-10
      1257.2000204    7.3860790E-10
      1259.9000205    7.2453993E-10
      1262.6000205    7.1076517E-10
      1270.8000207    6.7066158E-10
      1281.6000208    6.2158478E-10
      1289.8000210    5.8695721E-10
      1292.5000210    5.7602384E-10
      1295.2000211    5.6531391E-10
      1298.0000211    5.5443800E-10
      1300.7000212    5.4416804E-10
      1303.4000212    5.3410681E-10
      1306.1000212    5.2424975E-10
      1314.3000214    4.9551935E-10
      1330.6000216    4.4341381E-10
      1341.5000218    4.1194556E-10
      1355.1000220    3.7607961E-10
      1360.6000221    3.6256306E-10
      1371.4000223    3.3755035E-10
      1382.3000225    3.1421815E-10
      1390.5000226    2.9783567E-10
      1395.9000227    2.8756178E-10
      1404.1000228    2.7269889E-10
      1406.8000229    2.6799177E-10
      1409.5000229    2.6337396E-10
      1415.0000230    2.5423594E-10
      1417.7000231    2.4987823E-10
      1420.4000231    2.4560262E-10
      1423.1000231    2.4140745E-10
      1425.9000232    2.3714006E-10
      1428.6000232    2.3310368E-10
      1431.3000233    2.2914279E-10
      1436.7000234    2.2144150E-10
      1439.5000234    2.1756082E-10
      1442.2000235    2.1388954E-10
      1444.9000235    2.1028640E-10
      1447.6000235    2.0674999E-10
      1450.4000236    2.0315163E-10
      1453.1000236    1.9974702E-10
      1455.8000237    1.9640516E-10
      1458.5000237    1.9312475E-10
      1461.2000238    1.8990461E-10
      1466.7000239    1.8352637E-10
      1469.4000239    1.8048189E-10
      1472.1000239    1.7749295E-10
      1477.6000240    1.7157156E-10
      1480.3000241    1.6874459E-10
      1488.4000242    1.6056693E-10
      1491.2000242    1.5784243E-10
      1496.6000243    1.5273070E-10
      1551.0000252    1.1009164E-10
      1632.7000266    6.8781869E-11
      1823.1000296    2.4694512E-11
      2340.2000381    1.9975425E-12
      2829.9000460    0.0000000E+00
      3047.6000496    0.0000000E+00
      3700.7000602    0.0000000E+00
      4000.0000650    0.0000000E+00
      4680.3000761    0.0000000E+00
      5006.8000814    0.0000000E+00
      5387.8000876    0.0000000E+00
 
