       12.5000002    4.7577914E+02
        15.0000002    1.1551413E+02
        20.0000003    2.3037111E+01
        25.0000004    1.2599992E+01
        30.0000005    9.1365232E+00
        35.0000006    5.4622030E+00
        40.0000007    3.0161204E+00
        45.0000007    1.5432136E+00
        50.0000008    7.4531686E-01
        55.0000009    3.4958401E-01
        60.0000010    1.7168033E-01
        65.0000011    9.6909806E-02
        70.0000011    6.4346083E-02
        75.0000012    2.0303902E-01
        80.0000013    1.8417580E-01
        85.0000014    1.5872936E-01
        90.0000015    1.3921863E-01
        95.2390015    1.1955723E-01
       100.6800016    9.7686917E-02
       114.2900019    5.6307204E-02
       119.7300019    4.5008130E-02
       122.4500020    4.0202178E-02
       125.1700020    3.5886284E-02
       127.8900021    3.2013766E-02
       130.6100021    2.8542612E-02
       133.3300022    2.5434516E-02
       136.0600022    2.2644928E-02
       146.9400024    1.4209167E-02
       149.6600024    1.2641314E-02
       155.1000025    1.0005223E-02
       157.8200026    8.9019630E-03
       160.5500026    7.9179909E-03
       165.9900027    7.5665470E-03
       171.4300028    6.1581242E-03
       176.8700029    5.4078037E-03
       179.5900029    4.9106102E-03
       182.3100030    4.4414252E-03
       185.0400030    4.0095625E-03
       187.7600031    3.6208129E-03
       190.4800031    3.2722051E-03
       195.9200032    2.6814993E-03
       198.6400032    2.4316751E-03
       204.0800033    2.0070861E-03
       206.8000034    1.8269301E-03
       209.5300034    1.6644570E-03
       212.2500035    1.5187962E-03
       214.9700035    1.3875046E-03
       220.4100036    1.1618643E-03
       225.8500037    9.7697857E-04
       236.7400038    8.1253768E-04
       247.6200040    5.7980581E-04
       258.5100042    4.1479641E-04
       272.1100044    2.7652064E-04
       285.7200046    1.8729278E-04
       299.3200049    1.2898186E-04
       312.9300051    9.0248752E-05
       340.1400055    4.6279667E-05
       353.7400058    3.3850272E-05
       380.9500062    1.8766641E-05
       394.5600064    1.4187089E-05
       408.1700066    1.0816724E-05
       435.3800071    6.4231021E-06
       462.5900075    3.8990502E-06
       476.1900077    3.0576837E-06
       489.8000080    2.4059038E-06
       503.4000082    1.8991675E-06
       517.0100084    1.5028684E-06
       557.8300091    7.5428198E-07
       571.4300093    6.0145533E-07
       585.0400095    4.8010259E-07
       612.2500100    3.0682233E-07
       666.6700108    1.2598225E-07
       680.2800111    1.0082585E-07
       707.4900115    6.4978217E-08
       734.7000119    4.1443773E-08
       761.9100124    2.6168715E-08
       789.1200128    1.6374965E-08
       816.3300133    1.0112505E-08
       843.5400137    6.1272316E-09
       870.7500142    3.6087404E-09
       911.5700148    1.4833540E-09
       952.3900155    4.3865561E-10
 
