       12.5000002    1.0863068E+01
        15.0000002    7.6081586E+00
        20.0000003    7.3390210E-01
        25.0000004    1.7471014E-01
        30.0000005    1.4921704E-01
        35.0000006    8.0541678E-02
        40.0000007    3.9400864E-02
        45.0000007    1.8099818E-02
        50.0000008    8.4572649E-03
        55.0000009    4.4270433E-03
        60.0000010    2.6467845E-03
        65.0000011    1.7058748E-03
        70.0000011    1.1197786E-03
        75.0000012    5.5886218E-03
        80.0000013    3.6019585E-03
        85.0000014    2.0383017E-03
        90.0000015    1.1186803E-03
        95.2390015    5.9013092E-04
       100.6800016    3.0288461E-04
       114.2900019    5.9159654E-05
       119.7300019    3.1465570E-05
       122.4500020    2.3057277E-05
       125.1700020    1.6942460E-05
       127.8900021    1.2475707E-05
       130.6100021    9.1970387E-06
       133.3300022    6.7780197E-06
       136.0600022    4.9779160E-06
       146.9400024    1.3023518E-06
       149.6600024    8.5649464E-07
       155.1000025    1.5129993E-07
 
