       12.5000002    1.8368994E+01
        15.0000002    1.4250832E+01
        20.0000003    3.9066477E+00
        25.0000004    6.1678821E-01
        30.0000005    2.1192141E-01
        35.0000006    1.3784468E-01
        40.0000007    8.9336000E-02
        45.0000007    5.4776389E-02
        50.0000008    3.1280827E-02
        55.0000009    1.6728781E-02
        60.0000010    8.8043222E-03
        65.0000011    4.8676529E-03
        70.0000011    2.9484690E-03
        75.0000012    2.5841238E-02
        80.0000013    1.9956131E-02
        85.0000014    1.3442761E-02
        90.0000015    8.7854872E-03
        95.2390015    5.5155861E-03
       100.6800016    3.3389791E-03
       114.2900019    9.5108134E-04
       119.7300019    5.8107544E-04
       122.4500020    4.5536185E-04
       125.1700020    3.5752400E-04
       127.8900021    2.8128200E-04
       130.6100021    2.2178533E-04
       133.3300022    1.7528509E-04
       136.0600022    1.3876370E-04
       146.9400024    5.6239496E-05
       149.6600024    4.5216053E-05
       155.1000025    2.9514815E-05
       157.8200026    2.3964687E-05
       160.5500026    1.9508299E-05
       165.9900027    4.9819264E-05
       171.4300028    3.5111563E-05
       176.8700029    3.3952052E-05
       179.5900029    2.8370601E-05
       182.3100030    2.3603636E-05
       185.0400030    1.9573919E-05
       187.7600031    1.6211943E-05
       190.4800031    1.3403111E-05
       195.9200032    9.1061629E-06
       198.6400032    7.4794675E-06
       204.0800033    5.0021331E-06
       206.8000034    4.0695163E-06
       209.5300034    3.2945043E-06
       212.2500035    2.6563816E-06
       214.9700035    2.1299197E-06
       220.4100036    1.3407466E-06
       225.8500037    8.1141496E-07
       236.7400038    6.3750076E-07
 
