       12.5000002    1.4498634E+03
        15.0000002    6.0490735E+02
        20.0000003    4.6532185E+01
        25.0000004    2.0318287E+01
        30.0000005    1.4169075E+01
        35.0000006    8.9035606E+00
        40.0000007    5.9441547E+00
        45.0000007    3.8588264E+00
        50.0000008    2.3292375E+00
        55.0000009    1.2896830E+00
        60.0000010    6.6469193E-01
        65.0000011    3.3269796E-01
        70.0000011    1.7141512E-01
        75.0000012    3.7430665E-01
        80.0000013    3.0665785E-01
        85.0000014    2.6616597E-01
        90.0000015    2.4715395E-01
        95.2390015    2.0494227E-01
       100.6800016    1.5379158E-01
       114.2900019    8.5559666E-02
       119.7300019    7.0792310E-02
       122.4500020    6.4615771E-02
       125.1700020    5.9045512E-02
       127.8900021    5.3986024E-02
       130.6100021    4.9367685E-02
       133.3300022    4.5138430E-02
       136.0600022    4.1244246E-02
       146.9400024    2.8641725E-02
       149.6600024    2.6109895E-02
       155.1000025    2.1664619E-02
       157.8200026    1.9720908E-02
       160.5500026    1.7938290E-02
       165.9900027    1.7741462E-02
       171.4300028    1.5058300E-02
       176.8700029    1.3439946E-02
       179.5900029    1.2434539E-02
       182.3100030    1.1411384E-02
       185.0400030    1.0412793E-02
       187.7600031    9.4775725E-03
       190.4800031    8.6199334E-03
       195.9200032    7.1338876E-03
       198.6400032    6.4899996E-03
       204.0800033    5.3785774E-03
       206.8000034    4.9027661E-03
       209.5300034    4.4720992E-03
       212.2500035    4.0848912E-03
       214.9700035    3.7350978E-03
       220.4100036    3.1325112E-03
       225.8500037    2.6378965E-03
       236.7400038    2.2517005E-03
       247.6200040    1.6694138E-03
       258.5100042    1.2334062E-03
       272.1100044    8.5030746E-04
       285.7200046    5.9200713E-04
       299.3200049    4.1651464E-04
       312.9300051    2.9605636E-04
       340.1400055    1.5458741E-04
       353.7400058    1.1360800E-04
       380.9500062    6.3433821E-05
       394.5600064    4.8168968E-05
       408.1700066    3.6951726E-05
       435.3800071    2.2366648E-05
       462.5900075    1.3985583E-05
       476.1900077    1.1175232E-05
       489.8000080    8.9817931E-06
       503.4000082    7.2588314E-06
       517.0100084    5.8936453E-06
       557.8300091    3.2315236E-06
       571.4300093    2.6628666E-06
       585.0400095    2.2001311E-06
       612.2500100    1.5133004E-06
       666.6700108    7.3363890E-07
       680.2800111    6.1474282E-07
       707.4900115    4.4688605E-07
       734.7000119    3.1946081E-07
       761.9100124    2.2588397E-07
       789.1200128    1.6062867E-07
       816.3300133    1.1477279E-07
       843.5400137    8.2338097E-08
       870.7500142    5.9265705E-08
       911.5700148    3.6361836E-08
       952.3900155    2.2392578E-08
       993.2000162    1.9384409E-08
      1020.4000166    1.3721736E-08
      1061.2000173    9.3950856E-09
      1088.4000177    6.5928254E-09
      1102.0000179    5.5181659E-09
      1115.7000181    4.6091322E-09
      1129.3000184    3.8513286E-09
      1142.9000186    3.2145224E-09
      1156.5000188    2.6794418E-09
      1170.1000190    2.2299236E-09
      1197.3000195    5.9496825E-09
      1210.9000197    4.9851767E-09
      1224.5000199    4.1587609E-09
      1227.2000200    4.0098675E-09
      1229.9000200    3.8656864E-09
      1232.7000200    3.7209984E-09
      1235.4000201    3.5860013E-09
      1238.1000201    3.4553131E-09
      1240.8000202    3.3288059E-09
      1243.5000202    3.2063543E-09
      1246.3000203    3.0835203E-09
      1249.0000203    2.9689549E-09
      1257.2000204    2.6431912E-09
      1259.9000205    2.5428570E-09
      1262.6000205    2.4457794E-09
      1270.8000207    2.1698912E-09
      1281.6000208    1.8465031E-09
      1289.8000210    1.6282420E-09
      1292.5000210    1.5610999E-09
      1295.2000211    1.4961741E-09
      1298.0000211    1.4311087E-09
      1300.7000212    1.3704803E-09
      1303.4000212    1.3118590E-09
      1306.1000212    1.2551797E-09
      1314.3000214    1.0943062E-09
      1330.6000216    8.1950297E-10
      1341.5000218    6.6438244E-10
      1355.1000220    4.9734528E-10
      1360.6000221    4.3686030E-10
      1371.4000223    3.2756994E-10
      1382.3000225    2.2602792E-10
      1390.5000226    1.4975483E-10
      1395.9000227    9.1963104E-11
 
