       12.5000002    2.0480652E+03
        15.0000002    1.0304623E+03
        20.0000003    9.7639473E+01
        25.0000004    2.6244194E+01
        30.0000005    1.7845299E+01
        35.0000006    1.0899279E+01
        40.0000007    7.2855296E+00
        45.0000007    5.0389614E+00
        50.0000008    3.3378563E+00
        55.0000009    2.0358624E+00
        60.0000010    1.1423142E+00
        65.0000011    6.0567051E-01
        70.0000011    3.1509751E-01
        75.0000012    6.2409955E-01
        80.0000013    4.6985117E-01
        85.0000014    3.9780083E-01
        90.0000015    3.8260955E-01
        95.2390015    3.1398070E-01
       100.6800016    2.1785046E-01
       114.2900019    1.0334827E-01
       119.7300019    8.3881333E-02
       122.4500020    7.6331615E-02
       125.1700020    6.9768138E-02
       127.8900021    6.3969426E-02
       130.6100021    5.8779120E-02
       133.3300022    5.4085832E-02
       136.0600022    4.9793977E-02
       146.9400024    3.5868764E-02
       149.6600024    3.3024631E-02
       155.1000025    2.7957520E-02
       157.8200026    2.5705034E-02
       160.5500026    2.3615431E-02
       165.9900027    2.4134159E-02
       171.4300028    2.0891419E-02
       176.8700029    1.9042561E-02
       179.5900029    1.7826797E-02
       182.3100030    1.6534468E-02
       185.0400030    1.5217967E-02
       187.7600031    1.3946443E-02
       190.4800031    1.2761195E-02
       195.9200032    1.0673823E-02
       198.6400032    9.7496593E-03
       204.0800033    8.1289718E-03
       206.8000034    7.4281800E-03
       209.5300034    6.7908773E-03
       212.2500035    6.2154424E-03
       214.9700035    5.6935386E-03
       220.4100036    4.7895727E-03
       225.8500037    4.0427116E-03
       236.7400038    3.3692585E-03
       247.6200040    2.5288600E-03
       258.5100042    1.8940234E-03
       272.1100044    1.3273309E-03
       285.7200046    9.3841820E-04
       299.3200049    6.6936767E-04
       312.9300051    4.8141475E-04
       340.1400055    2.5568114E-04
       353.7400058    1.8890545E-04
       380.9500062    1.0605592E-04
       394.5600064    8.0604463E-05
       408.1700066    6.1843515E-05
       435.3800071    3.7422145E-05
       462.5900075    2.3421580E-05
       476.1900077    1.8742632E-05
       489.8000080    1.5098570E-05
       503.4000082    1.2241097E-05
       517.0100084    9.9794634E-06
       557.8300091    5.5670553E-06
       571.4300093    4.6207674E-06
       585.0400095    3.8479975E-06
       612.2500100    2.6931498E-06
       666.6700108    1.3585179E-06
       680.2800111    1.1506016E-06
       707.4900115    8.7250140E-07
       734.7000119    6.4243108E-07
       761.9100124    4.6312311E-07
       789.1200128    3.3633881E-07
       816.3300133    2.4582380E-07
       843.5400137    1.8067713E-07
       870.7500142    1.3345762E-07
       911.5700148    8.5413525E-08
       952.3900155    5.5126360E-08
       993.2000162    5.5248293E-08
      1020.4000166    4.0540193E-08
      1061.2000173    3.0342168E-08
      1088.4000177    2.2291699E-08
      1102.0000179    1.9125237E-08
      1115.7000181    1.6399520E-08
      1129.3000184    1.4085109E-08
      1142.9000186    1.2102698E-08
      1156.5000188    1.0403136E-08
      1170.1000190    8.9450571E-09
      1197.3000195    2.2972715E-08
      1210.9000197    2.0029439E-08
      1224.5000199    1.7440602E-08
      1227.2000200    1.6966503E-08
      1229.9000200    1.6504924E-08
      1232.7000200    1.6039150E-08
      1235.4000201    1.5602138E-08
      1238.1000201    1.5176727E-08
      1240.8000202    1.4762622E-08
      1243.5000202    1.4359532E-08
      1246.3000203    1.3952842E-08
      1249.0000203    1.3571310E-08
      1257.2000204    1.2473788E-08
      1259.9000205    1.2131677E-08
      1262.6000205    1.1798689E-08
      1270.8000207    1.0840870E-08
      1281.6000208    9.6936450E-09
      1289.8000210    8.9018863E-09
      1292.5000210    8.6551140E-09
      1295.2000211    8.4149354E-09
      1298.0000211    8.1726395E-09
      1300.7000212    7.9453573E-09
      1303.4000212    7.7241529E-09
      1306.1000212    7.5088638E-09
      1314.3000214    6.8897013E-09
      1330.6000216    5.8006475E-09
      1341.5000218    5.1659845E-09
      1355.1000220    4.4659876E-09
      1360.6000221    4.2091188E-09
      1371.4000223    3.7445096E-09
      1382.3000225    3.3244789E-09
      1390.5000226    3.0378042E-09
      1395.9000227    2.8616878E-09
      1404.1000228    2.6121509E-09
      1406.8000229    2.5344611E-09
      1409.5000229    2.4588902E-09
      1415.0000230    2.3112712E-09
      1417.7000231    2.2417970E-09
      1420.4000231    2.1742237E-09
      1423.1000231    2.1085014E-09
      1425.9000232    2.0422470E-09
      1428.6000232    1.9801438E-09
      1431.3000233    1.9197461E-09
      1436.7000234    1.8038876E-09
      1439.5000234    1.7463118E-09
      1442.2000235    1.6923508E-09
      1444.9000235    1.6398790E-09
      1447.6000235    1.5888567E-09
      1450.4000236    1.5374343E-09
      1453.1000236    1.4892463E-09
      1455.8000237    1.4423934E-09
      1458.5000237    1.3968403E-09
      1461.2000238    1.3525521E-09
      1466.7000239    1.2661086E-09
      1469.4000239    1.2254585E-09
      1472.1000239    1.1859423E-09
      1477.6000240    1.1088278E-09
      1480.3000241    1.0725718E-09
      1488.4000242    9.6979036E-10
      1491.2000242    9.3625585E-10
      1496.6000243    8.7432078E-10
      1551.0000252    4.1428877E-10
      1632.7000266    6.2580219E-11
 
