       12.5000002    2.6653980E+01
        15.0000002    2.2883709E+01
        20.0000003    7.5889702E+00
        25.0000004    2.4021931E+00
        30.0000005    6.4879769E-01
        35.0000006    2.3290047E-01
        40.0000007    1.3633725E-01
        45.0000007    9.1514155E-02
        50.0000008    6.2931351E-02
        55.0000009    4.1387185E-02
        60.0000010    2.5402201E-02
        65.0000011    1.4846899E-02
        70.0000011    8.5616736E-03
        75.0000012    5.9972409E-02
        80.0000013    5.0245069E-02
        85.0000014    3.7483729E-02
        90.0000015    2.7409807E-02
        95.2390015    1.9249074E-02
       100.6800016    1.2880364E-02
       114.2900019    4.6087913E-03
       119.7300019    3.0712427E-03
       122.4500020    2.5104582E-03
       125.1700020    2.0539325E-03
       127.8900021    1.6819955E-03
       130.6100021    1.3787417E-03
       133.3300022    1.1312979E-03
       136.0600022    9.2856569E-04
       146.9400024    4.2757942E-04
       149.6600024    3.5334378E-04
       155.1000025    2.4233568E-04
       157.8200026    2.0114984E-04
       160.5500026    1.6712202E-04
       165.9900027    2.8536841E-04
       171.4300028    2.2035821E-04
       176.8700029    2.2193091E-04
       179.5900029    1.9581638E-04
       182.3100030    1.7185985E-04
       185.0400030    1.5041920E-04
       187.7600031    1.3161493E-04
       190.4800031    1.1515259E-04
       195.9200032    8.8212058E-05
       198.6400032    7.7240831E-05
       204.0800033    5.9274615E-05
       206.8000034    5.1947041E-05
       209.5300034    4.5514200E-05
       212.2500035    3.9905350E-05
       214.9700035    3.4993558E-05
       220.4100036    2.6918626E-05
       225.8500037    2.0711475E-05
       236.7400038    1.7059987E-05
       247.6200040    1.1003907E-05
       258.5100042    7.0828987E-06
       272.1100044    4.0514010E-06
       285.7200046    2.2746804E-06
       299.3200049    1.2396143E-06
       312.9300051    6.4254141E-07
       340.1400055    1.1411543E-07
 
