       80.0000013    4.4443906E+17
        85.0000014    3.1811984E+17
        90.0000015    2.3614010E+17
        95.2390015    1.7913630E+17
       100.6800016    1.3907684E+17
       114.2900019    8.2457952E+16
       119.7300019    6.8920679E+16
       122.4500020    6.3273853E+16
       125.1700020    5.8221189E+16
       127.8900021    5.3675791E+16
       130.6100021    4.9567475E+16
       133.3300022    4.5839013E+16
       136.0600022    4.2431395E+16
       146.9400024    2.0841946E+17
       149.6600024    1.8726123E+17
       155.1000025    1.5154412E+17
       157.8200026    1.3655757E+17
       160.5500026    1.2314860E+17
       165.9900027    1.0056383E+17
       171.4300028    8.2471464E+16
       176.8700029    6.7907938E+16
       179.5900029    6.1710683E+16
       182.3100030    5.6132130E+16
       185.0400030    5.1087644E+16
       187.7600031    4.6554765E+16
       190.4800031    4.2462156E+16
       195.9200032    3.5417219E+16
       198.6400032    3.2387584E+16
       204.0800033    1.3088918E+17
       206.8000034    1.2282288E+17
       209.5300034    1.1507764E+17
       212.2500035    1.0780183E+17
       214.9700035    1.0098633E+17
       220.4100036    8.8685045E+16
       225.8500037    7.7992990E+16
       236.7400038    6.0595576E+16
       247.6200040    4.7387684E+16
       258.5100042    3.7274097E+16
       272.1100044    2.7840841E+16
       285.7200046    2.0966087E+16
       299.3200049    1.5916714E+16
       312.9300051    1.2169947E+16
       340.1400055    7.2591851E+15
       353.7400058    5.6567586E+15
       380.9500062    3.4863009E+15
       394.5600064    2.7546063E+15
       408.1700066    2.1841866E+15
       435.3800071    1.3857635E+15
       462.5900075    8.8644494E+14
       476.1900077    7.1052751E+14
       489.8000080    5.6957991E+14
       503.4000082    4.5670283E+14
       517.0100084    3.6577958E+14
       557.8300091    1.8529319E+14
       571.4300093    1.4635306E+14
       585.0400095    1.1461416E+14
       612.2500100    6.7326473E+13
       666.6700108    1.2013786E+12
 
