       80.0000013    1.1582299E+19
        85.0000014    9.9124217E+18
        90.0000015    8.4690999E+18
        95.2390015    7.1755454E+18
       100.6800016    6.0402606E+18
       114.2900019    3.9407316E+18
       119.7300019    3.3310255E+18
       122.4500020    3.0646520E+18
       125.1700020    2.8209620E+18
       127.8900021    2.5979574E+18
       130.6100021    2.3938075E+18
       133.3300022    2.2068406E+18
       136.0600022    2.0349291E+18
       146.9400024    2.8123493E+18
       149.6600024    2.6963610E+18
       155.1000025    2.4560528E+18
       157.8200026    2.3416541E+18
       160.5500026    2.2327067E+18
       165.9900027    2.0337513E+18
       171.4300028    1.8574142E+18
       176.8700029    1.7009005E+18
       179.5900029    1.6291982E+18
       182.3100030    1.5614367E+18
       185.0400030    1.4970959E+18
       187.7600031    1.4363799E+18
       190.4800031    1.3788031E+18
       195.9200032    1.2722000E+18
       198.6400032    1.2227869E+18
       204.0800033    1.3031935E+18
       206.8000034    1.2567135E+18
       209.5300034    1.2089167E+18
       212.2500035    1.1620965E+18
       214.9700035    1.1168583E+18
       220.4100036    1.0320994E+18
       225.8500037    9.5508370E+17
       236.7400038    8.2193545E+17
       247.6200040    7.1240114E+17
       258.5100042    6.2155372E+17
       272.1100044    5.2885461E+17
       285.7200046    4.5400378E+17
       299.3200049    3.9294415E+17
       312.9300051    3.4247970E+17
       340.1400055    2.6479533E+17
       353.7400058    2.3450752E+17
       380.9500062    1.8591247E+17
       394.5600064    1.6624727E+17
       408.1700066    1.4901016E+17
       435.3800071    1.2042140E+17
       462.5900075    9.7933922E+16
       476.1900077    8.8497277E+16
       489.8000080    8.0059496E+16
       503.4000082    7.2512706E+16
       517.0100084    6.5742742E+16
       557.8300091    4.9293988E+16
       571.4300093    4.4870850E+16
       585.0400095    4.0879885E+16
       612.2500100    3.4027108E+16
       666.6700108    2.3830276E+16
       680.2800111    2.1847227E+16
       707.4900115    1.8411187E+16
       734.7000119    1.5568431E+16
       761.9100124    1.3208558E+16
       789.1200128    1.1243109E+16
       816.3300133    9.6007186E+15
       843.5400137    8.2239148E+15
       870.7500142    7.0660168E+15
       911.5700148    5.6586828E+15
       952.3900155    4.5608617E+15
       993.2000162    3.6989482E+15
      1020.4000166    3.2276027E+15
      1061.2000173    2.6433414E+15
      1088.4000177    2.3209797E+15
      1102.0000179    2.1768077E+15
      1115.7000181    2.0418399E+15
      1129.3000184    1.9172490E+15
      1142.9000186    1.8012879E+15
      1156.5000188    1.6932931E+15
      1170.1000190    1.5926563E+15
      1197.3000195    1.4112736E+15
      1210.9000197    1.3295475E+15
      1224.5000199    1.2532109E+15
      1227.2000200    1.2386620E+15
      1229.9000200    1.2243069E+15
      1232.7000200    1.2096217E+15
      1235.4000201    1.1956523E+15
      1238.1000201    1.1818682E+15
      1240.8000202    1.1682664E+15
      1243.5000202    1.1548442E+15
      1246.3000203    1.1411120E+15
      1249.0000203    1.1280477E+15
      1257.2000204    1.3611788E+15
      1259.9000205    1.3466469E+15
      1262.6000205    1.3313693E+15
      1270.8000207    1.2840742E+15
      1281.6000208    1.2235408E+15
      1289.8000210    1.3044353E+15
      1292.5000210    1.2893666E+15
      1295.2000211    1.2741175E+15
      1298.0000211    1.2583111E+15
      1300.7000212    1.2431737E+15
      1303.4000212    1.2281871E+15
      1306.1000212    1.2133755E+15
      1314.3000214    1.1695544E+15
      1330.6000216    1.0876646E+15
      1341.5000218    1.0365738E+15
      1355.1000220    9.7664691E+14
      1360.6000221    9.5354965E+14
      1371.4000223    9.0999881E+14
      1382.3000225    8.6835078E+14
      1390.5000226    8.3846506E+14
      1395.9000227    8.1943252E+14
      1404.1000228    7.9147758E+14
      1406.8000229    7.8251533E+14
      1409.5000229    7.7367031E+14
      1415.0000230    7.5600813E+14
      1417.7000231    7.4750872E+14
      1420.4000231    7.3911978E+14
      1423.1000231    7.3083976E+14
      1425.9000232    7.2236639E+14
      1428.6000232    7.1430326E+14
      1431.3000233    7.0634435E+14
      1436.7000234    6.9073295E+14
      1439.5000234    6.8279598E+14
      1442.2000235    6.7524254E+14
      1444.9000235    6.6778588E+14
      1447.6000235    6.6042471E+14
      1450.4000236    6.5289026E+14
      1453.1000236    6.4571921E+14
      1455.8000237    3.4341895E+15
      1458.5000237    3.4252904E+15
      1461.2000238    3.4060795E+15
      1466.7000239    3.3517152E+15
      1469.4000239    3.3218689E+15
      1472.1000239    3.2912657E+15
      1477.6000240    3.2282781E+15
      1480.3000241    3.1974595E+15
      1488.4000242    3.1064215E+15
      1491.2000242    3.0755539E+15
      1496.6000243    3.0169571E+15
      1551.0000252    2.4906223E+15
      1632.7000266    1.8810994E+15
      1823.1000296    1.0184565E+15
      2340.2000381    2.4657362E+14
      2829.9000460    8.1380906E+13
      3047.6000496    5.2347762E+13
      3700.7000602    1.5797343E+13
      4000.0000650    9.6152427E+12
      4680.3000761    3.0603265E+12
      5006.8000814    1.6785245E+12
      5387.8000876    7.7198531E+11
 
