       80.0000013    8.9629060E+18
        85.0000014    7.2100112E+18
        90.0000015    5.8148184E+18
        95.2390015    4.6572586E+18
       100.6800016    3.7130376E+18
       114.2900019    2.1448008E+18
       119.7300019    1.7342072E+18
       122.4500020    1.5615613E+18
       125.1700020    1.4073610E+18
       127.8900021    1.2694980E+18
       130.6100021    1.1461234E+18
       133.3300022    1.0356123E+18
       136.0600022    9.3619154E+17
       146.9400024    2.1670753E+18
       149.6600024    2.0793549E+18
       155.1000025    1.8877932E+18
       157.8200026    1.7943026E+18
       160.5500026    1.7043495E+18
       165.9900027    1.5382375E+18
       171.4300028    1.3894270E+18
       176.8700029    1.2564345E+18
       179.5900029    1.1953150E+18
       182.3100030    1.1374921E+18
       185.0400030    1.0825671E+18
       187.7600031    1.0307523E+18
       190.4800031    9.8166370E+17
       195.9200032    8.9101832E+17
       198.6400032    8.4916671E+17
       204.0800033    9.0341916E+17
       206.8000034    8.6675409E+17
       209.5300034    8.3170358E+17
       212.2500035    7.9860251E+17
       214.9700035    7.6726375E+17
       220.4100036    7.0947939E+17
       225.8500037    6.5752678E+17
       236.7400038    5.6811099E+17
       247.6200040    4.9432771E+17
       258.5100042    4.3253599E+17
       272.1100044    3.6848352E+17
       285.7200046    3.1569405E+17
       299.3200049    2.7173421E+17
       312.9300051    2.3473252E+17
       340.1400055    1.7669789E+17
       353.7400058    1.5385827E+17
       380.9500062    1.1733669E+17
       394.5600064    1.0274184E+17
       408.1700066    9.0116823E+16
       435.3800071    6.9682520E+16
       462.5900075    5.4232273E+16
       476.1900077    4.7960843E+16
       489.8000080    4.2478184E+16
       503.4000082    3.7685074E+16
       517.0100084    3.3482472E+16
       557.8300091    2.3705161E+16
       571.4300093    2.1193561E+16
       585.0400095    1.8975099E+16
       612.2500100    1.5279456E+16
       666.6700108    1.0079602E+16
       680.2800111    9.1152198E+15
       707.4900115    7.4848927E+15
       734.7000119    6.1781054E+15
       761.9100124    5.1250121E+15
       789.1200128    4.2719149E+15
       816.3300133    3.5773148E+15
       843.5400137    3.0089741E+15
       870.7500142    2.5417211E+15
       911.5700148    1.9882808E+15
       952.3900155    1.5687960E+15
       993.2000162    1.2479078E+15
      1020.4000166    1.0759138E+15
      1061.2000173    8.6649549E+14
      1088.4000177    7.5290065E+14
      1102.0000179    7.0258055E+14
      1115.7000181    6.5575755E+14
      1129.3000184    6.1278761E+14
      1142.9000186    5.7302051E+14
      1156.5000188    5.3618872E+14
      1170.1000190    5.0204953E+14
      1197.3000195    4.4098671E+14
      1210.9000197    4.1367984E+14
      1224.5000199    3.8829548E+14
      1227.2000200    3.8347119E+14
      1229.9000200    3.7871555E+14
      1232.7000200    3.7385506E+14
      1235.4000201    3.6923562E+14
      1238.1000201    3.6468175E+14
      1240.8000202    3.6019213E+14
      1243.5000202    3.5576580E+14
      1246.3000203    3.5124128E+14
      1249.0000203    3.4694075E+14
      1257.2000204    3.7519136E+14
      1259.9000205    3.7079449E+14
      1262.6000205    3.6630991E+14
      1270.8000207    3.5271466E+14
      1281.6000208    3.3547698E+14
      1289.8000210    3.4218216E+14
      1292.5000210    3.3803349E+14
      1295.2000211    3.3387999E+14
      1298.0000211    3.2959854E+14
      1300.7000212    3.2551057E+14
      1303.4000212    3.2147028E+14
      1306.1000212    3.1748143E+14
      1314.3000214    3.0569537E+14
      1330.6000216    2.8371098E+14
      1341.5000218    2.7001986E+14
      1355.1000220    2.5398618E+14
      1360.6000221    2.4781396E+14
      1371.4000223    2.3618743E+14
      1382.3000225    2.2508293E+14
      1390.5000226    2.1712303E+14
      1395.9000227    2.1205752E+14
      1404.1000228    2.0462254E+14
      1406.8000229    2.0224025E+14
      1409.5000229    1.9988974E+14
      1415.0000230    1.9519803E+14
      1417.7000231    1.9294117E+14
      1420.4000231    1.9071423E+14
      1423.1000231    1.8851675E+14
      1425.9000232    1.8626854E+14
      1428.6000232    1.8412973E+14
      1431.3000233    1.8201909E+14
      1436.7000234    1.7788050E+14
      1439.5000234    1.7577724E+14
      1442.2000235    1.7377610E+14
      1444.9000235    1.7180111E+14
      1447.6000235    1.6985185E+14
      1450.4000236    1.6785717E+14
      1453.1000236    1.6595918E+14
      1455.8000237    1.0026431E+15
      1458.5000237    9.9991563E+14
      1461.2000238    9.9400535E+14
      1466.7000239    9.7716291E+14
      1469.4000239    9.6788578E+14
      1472.1000239    9.5836363E+14
      1477.6000240    9.3875302E+14
      1480.3000241    9.2915752E+14
      1488.4000242    9.0082939E+14
      1491.2000242    8.9123316E+14
      1496.6000243    8.7303216E+14
      1551.0000252    7.1070361E+14
      1632.7000266    5.2574752E+14
      1823.1000296    2.7134098E+14
      2340.2000381    5.7541854E+13
      2829.9000460    1.6388592E+13
      3047.6000496    9.7064866E+12
      3700.7000602    1.1786845E+12
      4000.0000650    0.0000000E+00
      4680.3000761    0.0000000E+00
      5006.8000814    0.0000000E+00
 
