       80.0000013    2.1067250E+18
        85.0000014    1.5073080E+18
        90.0000015    1.0907860E+18
        95.2390015    7.8742872E+17
       100.6800016    5.6985028E+17
       114.2900019    2.7321344E+17
       119.7300019    2.1020968E+17
       122.4500020    1.8568367E+17
       125.1700020    1.6478724E+17
       127.8900021    1.4692138E+17
       130.6100021    1.3159131E+17
       133.3300022    1.1838779E+17
       136.0600022    1.0693267E+17
       146.9400024    8.2378455E+17
       149.6600024    7.5908262E+17
       155.1000025    6.4343991E+17
       157.8200026    5.9273284E+17
       160.5500026    5.4618652E+17
       165.9900027    4.6492086E+17
       171.4300028    3.9669967E+17
       176.8700029    3.3925545E+17
       179.5900029    3.1398716E+17
       182.3100030    2.9075406E+17
       185.0400030    2.6930428E+17
       187.7600031    2.4963522E+17
       190.4800031    2.3152014E+17
       195.9200032    1.9943847E+17
       198.6400032    1.8524374E+17
       204.0800033    3.8947265E+17
       206.8000034    3.7063894E+17
       209.5300034    3.5243746E+17
       212.2500035    3.3516825E+17
       214.9700035    3.1878824E+17
       220.4100036    2.8859232E+17
       225.8500037    2.6152824E+17
       236.7400038    2.1539678E+17
       247.6200040    1.7811625E+17
       258.5100042    1.4779780E+17
       272.1100044    1.1765459E+17
       285.7200046    9.4144481E+16
       299.3200049    7.5737857E+16
       312.9300051    6.1230626E+16
       340.1400055    4.0618197E+16
       353.7400058    3.3317835E+16
       380.9500062    2.2712863E+16
       394.5600064    1.8870050E+16
       408.1700066    1.5740051E+16
       435.3800071    1.1078027E+16
       462.5900075    7.9083877E+15
       476.1900077    6.7158052E+15
       489.8000080    5.7204986E+15
       503.4000082    4.8881887E+15
       517.0100084    4.1888266E+15
       557.8300091    2.6804700E+15
       571.4300093    2.3221240E+15
       585.0400095    2.0164302E+15
       612.2500100    1.5313645E+15
       666.6700108    9.0631796E+14
       680.2800111    7.9881506E+14
       707.4900115    6.2395070E+14
       734.7000119    4.9063046E+14
       761.9100124    3.8816267E+14
       789.1200128    3.0880919E+14
       816.3300133    2.4716827E+14
       843.5400137    1.9857912E+14
       870.7500142    1.6019332E+14
       911.5700148    1.1683047E+14
       952.3900155    8.5761236E+13
       993.2000162    6.3270237E+13
      1020.4000166    5.1761641E+13
      1061.2000173    3.8366993E+13
      1088.4000177    3.1434876E+13
      1102.0000179    2.8450516E+13
      1115.7000181    2.5725875E+13
      1129.3000184    2.3272968E+13
      1142.9000186    2.1046275E+13
      1156.5000188    1.9023742E+13
      1170.1000190    1.7185616E+13
      1197.3000195    1.4160571E+13
      1210.9000197    1.2775225E+13
      1224.5000199    1.1513297E+13
      1227.2000200    1.1276420E+13
      1229.9000200    1.1043861E+13
      1232.7000200    1.0807161E+13
      1235.4000201    1.0583144E+13
      1238.1000201    1.0363198E+13
      1240.8000202    1.0147244E+13
      1243.5000202    9.9352062E+12
      1246.3000203    9.7193705E+12
      1249.0000203    9.5150775E+12
      1257.2000204    9.0918449E+12
      1259.9000205    8.8987046E+12
      1262.6000205    8.7083796E+12
      1270.8000207    8.1495332E+12
      1281.6000208    7.4581609E+12
      1289.8000210    7.0448909E+12
      1292.5000210    6.8869476E+12
      1295.2000211    6.7315638E+12
      1298.0000211    6.5732110E+12
      1300.7000212    6.4232195E+12
      1303.4000212    6.2758710E+12
      1306.1000212    6.1311350E+12
      1314.3000214    5.7071685E+12
      1330.6000216    4.9299959E+12
      1341.5000218    4.4550812E+12
      1355.1000220    3.9081657E+12
      1360.6000221    3.7003683E+12
      1371.4000223    3.3131817E+12
      1382.3000225    2.9486238E+12
      1390.5000226    2.6904798E+12
      1395.9000227    2.5275793E+12
      1404.1000228    2.2903935E+12
      1406.8000229    2.2148680E+12
      1409.5000229    2.1405696E+12
      1415.0000230    2.0814054E+12
      1417.7000231    2.0095267E+12
      1420.4000231    1.9387276E+12
      1423.1000231    1.8689792E+12
      1425.9000232    1.7977256E+12
      1428.6000232    1.7300254E+12
      1431.3000233    1.6632847E+12
      1436.7000234    1.5325562E+12
      1439.5000234    1.4661473E+12
      1442.2000235    1.4029533E+12
      1444.9000235    1.3405507E+12
      1447.6000235    1.2789017E+12
      1450.4000236    1.2157219E+12
      1453.1000236    1.1554791E+12
      1455.8000237    7.5518470E+12
      1458.5000237    7.2078291E+12
      1461.2000238    6.8376084E+12
      1466.7000239    6.0467939E+12
      1469.4000239    5.6514105E+12
      1472.1000239    5.2539881E+12
      1477.6000240    4.4386432E+12
      1480.3000241    4.0339600E+12
      1488.4000242    2.7769593E+12
      1491.2000242    2.3111357E+12
      1496.6000243    1.2812226E+12
 
