       80.0000013    3.4569599E+18
        85.0000014    2.5459348E+18
        90.0000015    1.8892064E+18
        95.2390015    1.3935525E+18
       100.6800016    1.0254041E+18
       114.2900019    4.9758766E+17
       119.7300019    3.7994463E+17
       122.4500020    3.3349054E+17
       125.1700020    2.9362066E+17
       127.8900021    2.5933614E+17
       130.6100021    2.2979621E+17
       133.3300022    2.0429235E+17
       136.0600022    1.8215125E+17
       146.9400024    1.1723117E+18
       149.6600024    1.0931561E+18
       155.1000025    9.4557546E+17
       157.8200026    8.7918599E+17
       160.5500026    8.1748202E+17
       165.9900027    7.0801773E+17
       171.4300028    6.1429261E+17
       176.8700029    5.3388402E+17
       179.5900029    4.9802039E+17
       182.3100030    4.6474786E+17
       185.0400030    4.3375390E+17
       187.7600031    4.0508252E+17
       190.4800031    3.7844603E+17
       195.9200032    3.3067177E+17
       198.6400032    3.0926245E+17
       204.0800033    5.1260101E+17
       206.8000034    4.8995259E+17
       209.5300034    4.6806433E+17
       212.2500035    4.4725608E+17
       214.9700035    4.2745851E+17
       220.4100036    3.9074527E+17
       225.8500037    3.5754228E+17
       236.7400038    3.0012273E+17
       247.6200040    2.5276669E+17
       258.5100042    2.1346151E+17
       272.1100044    1.7350261E+17
       285.7200046    1.4158455E+17
       299.3200049    1.1602534E+17
       312.9300051    9.5450116E+16
       340.1400055    6.5384284E+16
       353.7400058    5.4438109E+16
       380.9500062    3.8164006E+16
       394.5600064    3.2129250E+16
       408.1700066    2.7144949E+16
       435.3800071    1.9577483E+16
       462.5900075    1.4302870E+16
       476.1900077    1.2281782E+16
       489.8000080    1.0575731E+16
       503.4000082    9.1331610E+15
       517.0100084    7.9078197E+15
       557.8300091    5.2123589E+15
       571.4300093    4.5583057E+15
       585.0400095    3.9949558E+15
       612.2500100    3.0887829E+15
       666.6700108    1.8913849E+15
       680.2800111    1.6808505E+15
       707.4900115    1.3345050E+15
       734.7000119    1.0665267E+15
       761.9100124    8.5766826E+14
       789.1200128    6.9375983E+14
       816.3300133    5.6456875E+14
       843.5400137    4.6165412E+14
       870.7500142    3.7936473E+14
       911.5700148    2.8503396E+14
       952.3900155    2.1621127E+14
       993.2000162    1.6544499E+14
      1020.4000166    1.3902767E+14
      1061.2000173    1.0774144E+14
      1088.4000177    9.1235692E+13
      1102.0000179    8.4042226E+13
      1115.7000181    7.7419378E+13
      1129.3000184    7.1405173E+13
      1142.9000186    6.5896857E+13
      1156.5000188    6.0847552E+13
      1170.1000190    5.6215158E+13
      1197.3000195    4.8053411E+13
      1210.9000197    4.4459245E+13
      1224.5000199    4.1151583E+13
      1227.2000200    4.0526779E+13
      1229.9000200    3.9912083E+13
      1232.7000200    3.9285114E+13
      1235.4000201    3.8690466E+13
      1238.1000201    3.8105399E+13
      1240.8000202    3.7529735E+13
      1243.5000202    3.6963315E+13
      1246.3000203    3.6385499E+13
      1249.0000203    3.5837400E+13
      1257.2000204    3.5444146E+13
      1259.9000205    3.4916553E+13
      1262.6000205    3.4392729E+13
      1270.8000207    3.2841040E+13
      1281.6000208    3.0902684E+13
      1289.8000210    3.0094590E+13
      1292.5000210    2.9644061E+13
      1295.2000211    2.9198641E+13
      1298.0000211    2.8742989E+13
      1300.7000212    2.8310059E+13
      1303.4000212    2.7883626E+13
      1306.1000212    2.7463728E+13
      1314.3000214    2.6228094E+13
      1330.6000216    2.3940758E+13
      1341.5000218    2.2527827E+13
      1355.1000220    2.0885189E+13
      1360.6000221    2.0256490E+13
      1371.4000223    1.9078016E+13
      1382.3000225    1.7959846E+13
      1390.5000226    1.7162999E+13
      1395.9000227    1.6658019E+13
      1404.1000228    1.5919924E+13
      1406.8000229    1.5684227E+13
      1409.5000229    1.5452063E+13
      1415.0000230    1.4989835E+13
      1417.7000231    1.4768060E+13
      1420.4000231    1.4549595E+13
      1423.1000231    1.4334386E+13
      1425.9000232    1.4114590E+13
      1428.6000232    1.3905853E+13
      1431.3000233    1.3700216E+13
      1436.7000234    1.3298045E+13
      1439.5000234    1.3094188E+13
      1442.2000235    1.2900572E+13
      1444.9000235    1.2709814E+13
      1447.6000235    1.2521870E+13
      1450.4000236    1.2329889E+13
      1453.1000236    1.2147539E+13
      1455.8000237    8.0740696E+13
      1458.5000237    8.0242362E+13
      1461.2000238    7.9479964E+13
      1466.7000239    7.7532741E+13
      1469.4000239    7.6498040E+13
      1472.1000239    7.5447283E+13
      1477.6000240    7.3303675E+13
      1480.3000241    7.2261399E+13
      1488.4000242    6.9202191E+13
      1491.2000242    6.8171176E+13
      1496.6000243    6.6222633E+13
      1551.0000252    4.9281629E+13
      1632.7000266    3.1138783E+13
      1823.1000296    8.3642690E+12
 
