       80.0000013    1.0715693E+18
        85.0000014    7.5053323E+17
        90.0000015    5.3652838E+17
        95.2390015    3.8638010E+17
       100.6800016    2.8212654E+17
       114.2900019    1.4459251E+17
       119.7300019    1.1563419E+17
       122.4500020    1.0425686E+17
       125.1700020    9.4465856E+16
       127.8900021    8.5986233E+16
       130.6100021    7.8596622E+16
       133.3300022    7.2116512E+16
       136.0600022    6.6379832E+16
       146.9400024    4.7998964E+17
       149.6600024    4.3676993E+17
       155.1000025    3.6203582E+17
       157.8200026    3.3002742E+17
       160.5500026    3.0102337E+17
       165.9900027    2.5127526E+17
       171.4300028    2.1045300E+17
       176.8700029    1.7682081E+17
       179.5900029    1.6226244E+17
       182.3100030    1.4901329E+17
       185.0400030    1.3690347E+17
       187.7600031    1.2590789E+17
       190.4800031    1.1587787E+17
       195.9200032    9.8357715E+16
       198.6400032    9.0711462E+16
       204.0800033    2.5738536E+17
       206.8000034    2.4353782E+17
       209.5300034    2.3017846E+17
       212.2500035    2.1754812E+17
       214.9700035    2.0562615E+17
       220.4100036    1.8383343E+17
       225.8500037    1.6454401E+17
       236.7400038    1.3229362E+17
       247.6200040    1.0689973E+17
       258.5100042    8.6762007E+16
       272.1100044    6.7268796E+16
       285.7200046    5.2491316E+16
       299.3200049    4.1228637E+16
       312.9300051    3.2575414E+16
       340.1400055    2.0697364E+16
       353.7400058    1.6636087E+16
       380.9500062    1.0913407E+16
       394.5600064    8.9036444E+15
       408.1700066    7.2972675E+15
       435.3800071    4.9664377E+15
       462.5900075    3.4345841E+15
       476.1900077    2.8721818E+15
       489.8000080    2.4097961E+15
       503.4000082    2.0286662E+15
       517.0100084    1.7128273E+15
       557.8300091    1.0482461E+15
       571.4300093    8.9469618E+14
       585.0400095    7.6504669E+14
       612.2500100    5.6276816E+14
       666.6700108    3.1041463E+14
       680.2800111    2.6832624E+14
       707.4900115    2.0125358E+14
       734.7000119    1.5121634E+14
       761.9100124    1.1375798E+14
       789.1200128    8.5555421E+13
       816.3300133    6.4395363E+13
       843.5400137    4.8174887E+13
       870.7500142    3.5942035E+13
       911.5700148    2.2675397E+13
       952.3900155    1.3664580E+13
       993.2000162    7.5253620E+12
      1020.4000166    4.0864624E+12
 
