       80.0000013    1.1261996E+19
        85.0000014    9.5021158E+18
        90.0000015    8.0101737E+18
        95.2390015    6.6977465E+18
       100.6800016    5.5665580E+18
       114.2900019    3.5307770E+18
       119.7300019    2.9547377E+18
       122.4500020    2.7054432E+18
       125.1700020    2.4787077E+18
       127.8900021    2.2723761E+18
       130.6100021    2.0845006E+18
       133.3300022    1.9133241E+18
       136.0600022    1.7567145E+18
       146.9400024    2.6522230E+18
       149.6600024    2.5460327E+18
       155.1000025    2.3228349E+18
       157.8200026    2.2156853E+18
       160.5500026    2.1132196E+18
       165.9900027    1.9251337E+18
       171.4300028    1.7574444E+18
       176.8700029    1.6078637E+18
       179.5900029    1.5391131E+18
       182.3100030    1.4740170E+18
       185.0400030    1.4120998E+18
       187.7600031    1.3535796E+18
       190.4800031    1.2980087E+18
       195.9200032    1.1949425E+18
       198.6400032    1.1471019E+18
       204.0800033    1.2060778E+18
       206.8000034    1.1603300E+18
       209.5300034    1.1145660E+18
       212.2500035    1.0703573E+18
       214.9700035    1.0279863E+18
       220.4100036    9.4915651E+17
       225.8500037    8.7794231E+17
       236.7400038    7.5544922E+17
       247.6200040    6.5511047E+17
       258.5100042    5.7207264E+17
       272.1100044    4.8737787E+17
       285.7200046    4.1888074E+17
       299.3200049    3.6281990E+17
       312.9300051    3.1628500E+17
       340.1400055    2.4415434E+17
       353.7400058    2.1584626E+17
       380.9500062    1.7023288E+17
       394.5600064    1.5173101E+17
       408.1700066    1.3551214E+17
       435.3800071    1.0865237E+17
       462.5900075    8.7620880E+16
       476.1900077    7.8838540E+16
       489.8000080    7.1015158E+16
       503.4000082    6.4045951E+16
       517.0100084    5.7820233E+16
       557.8300091    4.2821378E+16
       571.4300093    3.8825220E+16
       585.0400095    3.5235499E+16
       612.2500100    2.9111263E+16
       666.6700108    2.0109033E+16
       680.2800111    1.8376600E+16
       707.4900115    1.5391509E+16
       734.7000119    1.2939585E+16
       761.9100124    1.0918126E+16
       789.1200128    9.2454787E+15
       816.3300133    7.8563832E+15
       843.5400137    6.6987263E+15
       870.7500142    5.7305800E+15
       911.5700148    4.5614512E+15
       952.3900155    3.6561220E+15
       993.2000162    2.9501639E+15
      1020.4000166    2.5661675E+15
      1061.2000173    2.0924891E+15
      1088.4000177    1.8323611E+15
      1102.0000179    1.7163305E+15
      1115.7000181    1.6078911E+15
      1129.3000184    1.5079531E+15
      1142.9000186    1.4150852E+15
      1156.5000188    1.3287305E+15
      1170.1000190    1.2483802E+15
      1197.3000195    1.1038708E+15
      1210.9000197    1.0388958E+15
      1224.5000199    9.7828685E+14
      1227.2000200    9.6674452E+14
      1229.9000200    9.5535884E+14
      1232.7000200    9.4371437E+14
      1235.4000201    9.3264047E+14
      1238.1000201    9.2171602E+14
      1240.8000202    9.1093887E+14
      1243.5000202    9.0030668E+14
      1246.3000203    8.8943149E+14
      1249.0000203    8.7908793E+14
      1257.2000204    1.0301968E+15
      1259.9000205    1.0189564E+15
      1262.6000205    1.0072312E+15
      1270.8000207    9.7111606E+14
      1281.6000208    9.2499221E+14
      1289.8000210    9.7528386E+14
      1292.5000210    9.6390126E+14
      1295.2000211    9.5241195E+14
      1298.0000211    9.4051805E+14
      1300.7000212    9.2913524E+14
      1303.4000212    9.1787028E+14
      1306.1000212    9.0673960E+14
      1314.3000214    8.7381955E+14
      1330.6000216    8.1233401E+14
      1341.5000218    7.7399512E+14
      1355.1000220    7.2904755E+14
      1360.6000221    7.1173010E+14
      1371.4000223    6.7908714E+14
      1382.3000225    6.4788206E+14
      1390.5000226    6.2549696E+14
      1395.9000227    6.1124411E+14
      1404.1000228    5.9031379E+14
      1406.8000229    5.8360465E+14
      1409.5000229    5.7698376E+14
      1415.0000230    5.6376432E+14
      1417.7000231    5.5740354E+14
      1420.4000231    5.5112584E+14
      1423.1000231    5.4493008E+14
      1425.9000232    5.3859004E+14
      1428.6000232    5.3255742E+14
      1431.3000233    5.2660312E+14
      1436.7000234    5.1492494E+14
      1439.5000234    5.0898819E+14
      1442.2000235    5.0333866E+14
      1444.9000235    4.9776188E+14
      1447.6000235    4.9225680E+14
      1450.4000236    4.8662248E+14
      1453.1000236    4.8126025E+14
      1455.8000237    2.6488601E+15
      1458.5000237    2.6420746E+15
      1461.2000238    2.6272100E+15
      1466.7000239    2.5849177E+15
      1469.4000239    2.5616530E+15
      1472.1000239    2.5377842E+15
      1477.6000240    2.4886367E+15
      1480.3000241    2.4645859E+15
      1488.4000242    2.3935423E+15
      1491.2000242    2.3694580E+15
      1496.6000243    2.3237462E+15
      1551.0000252    1.9137675E+15
      1632.7000266    1.4405425E+15
      1823.1000296    7.7416739E+14
      2340.2000381    1.8346798E+14
      2829.9000460    5.9137405E+13
      3047.6000496    3.7605668E+13
      3700.7000602    1.0873201E+13
      4000.0000650    6.3017404E+12
      4680.3000761    1.7568043E+12
      5006.8000814    7.1386274E+11
      5387.8000876    1.3014716E+11
 
