       80.0000013    9.9558414E+18
        85.0000014    8.1440700E+18
        90.0000015    6.6707228E+18
        95.2390015    5.4240915E+18
       100.6800016    4.3884294E+18
       114.2900019    2.6219034E+18
       119.7300019    2.1469880E+18
       122.4500020    1.9452666E+18
       125.1700020    1.7639266E+18
       127.8900021    1.6007582E+18
       130.6100021    1.4538073E+18
       133.3300022    1.3213443E+18
       136.0600022    1.2014208E+18
       146.9400024    2.3374372E+18
       149.6600024    2.2463142E+18
       155.1000025    2.0477302E+18
       157.8200026    1.9507755E+18
       160.5500026    1.8574273E+18
       165.9900027    1.6848307E+18
       171.4300028    1.5298928E+18
       176.8700029    1.3910717E+18
       179.5900029    1.3271303E+18
       182.3100030    1.2665375E+18
       185.0400030    1.2088788E+18
       187.7600031    1.1543812E+18
       190.4800031    1.1026467E+18
       195.9200032    1.0068070E+18
       198.6400032    9.6240239E+17
       204.0800033    1.0034512E+18
       206.8000034    9.6282618E+17
       209.5300034    9.2367629E+17
       212.2500035    8.8656907E+17
       214.9700035    8.5138381E+17
       220.4100036    7.8648713E+17
       225.8500037    7.2821095E+17
       236.7400038    6.2827407E+17
       247.6200040    5.4633482E+17
       258.5100042    4.7818939E+17
       272.1100044    4.0808577E+17
       285.7200046    3.5072273E+17
       299.3200049    3.0320102E+17
       312.9300051    2.6331450E+17
       340.1400055    2.0074986E+17
       353.7400058    1.7602982E+17
       380.9500062    1.3621722E+17
       394.5600064    1.2015706E+17
       408.1700066    1.0616650E+17
       435.3800071    8.3273755E+16
       462.5900075    6.5697211E+16
       476.1900077    5.8478368E+16
       489.8000080    5.2119789E+16
       503.4000082    4.6519654E+16
       517.0100084    4.1573875E+16
       557.8300091    2.9914576E+16
       571.4300093    2.6878425E+16
       585.0400095    2.4180017E+16
       612.2500100    1.9645833E+16
       666.6700108    1.3165671E+16
       680.2800111    1.1948061E+16
       707.4900115    9.8761195E+15
       734.7000119    8.2014349E+15
       761.9100124    6.8414582E+15
       789.1200128    5.7319608E+15
       816.3300133    4.8227313E+15
       843.5400137    4.0743448E+15
       870.7500142    3.4557092E+15
       911.5700148    2.7184971E+15
       952.3900155    2.1560014E+15
       993.2000162    1.7231795E+15
      1020.4000166    1.4901486E+15
      1061.2000173    1.2052863E+15
      1088.4000177    1.0501845E+15
      1102.0000179    9.8133111E+14
      1115.7000181    9.1717604E+14
      1129.3000184    8.5822245E+14
      1142.9000186    8.0359254E+14
      1156.5000188    7.5293159E+14
      1170.1000190    7.0591626E+14
      1197.3000195    6.2167256E+14
      1210.9000197    5.8393201E+14
      1224.5000199    5.4880793E+14
      1227.2000200    5.4212802E+14
      1229.9000200    5.3554162E+14
      1232.7000200    5.2880849E+14
      1235.4000201    5.2240808E+14
      1238.1000201    5.1609679E+14
      1240.8000202    5.0987322E+14
      1243.5000202    5.0373601E+14
      1246.3000203    4.9746123E+14
      1249.0000203    4.9149572E+14
      1257.2000204    5.4513265E+14
      1259.9000205    5.3891904E+14
      1262.6000205    5.3253487E+14
      1270.8000207    5.1307532E+14
      1281.6000208    4.8833765E+14
      1289.8000210    5.0359609E+14
      1292.5000210    4.9759357E+14
      1295.2000211    4.9156713E+14
      1298.0000211    4.8534553E+14
      1300.7000212    4.7940006E+14
      1303.4000212    4.7352098E+14
      1306.1000212    4.6771496E+14
      1314.3000214    4.5055308E+14
      1330.6000216    4.1852436E+14
      1341.5000218    3.9856786E+14
      1355.1000220    3.7518623E+14
      1360.6000221    3.6618207E+14
      1371.4000223    3.4921587E+14
      1382.3000225    3.3300472E+14
      1390.5000226    3.2138022E+14
      1395.9000227    3.1398080E+14
      1404.1000228    3.0311745E+14
      1406.8000229    2.9963594E+14
      1409.5000229    2.9620054E+14
      1415.0000230    2.8934228E+14
      1417.7000231    2.8604274E+14
      1420.4000231    2.8278662E+14
      1423.1000231    2.7957325E+14
      1425.9000232    2.7628535E+14
      1428.6000232    2.7315715E+14
      1431.3000233    2.7006981E+14
      1436.7000234    2.6401536E+14
      1439.5000234    2.6093787E+14
      1442.2000235    2.5800952E+14
      1444.9000235    2.5511911E+14
      1447.6000235    2.5226606E+14
      1450.4000236    2.4934627E+14
      1453.1000236    2.4656770E+14
      1455.8000237    1.4469025E+15
      1458.5000237    1.4431533E+15
      1461.2000238    1.4348651E+15
      1466.7000239    1.4111586E+15
      1469.4000239    1.3980890E+15
      1472.1000239    1.3846709E+15
      1477.6000240    1.3570289E+15
      1480.3000241    1.3435003E+15
      1488.4000242    1.3035459E+15
      1491.2000242    1.2900062E+15
      1496.6000243    1.2643169E+15
      1551.0000252    1.0346331E+15
      1632.7000266    7.7140438E+14
      1823.1000296    4.0541257E+14
      2340.2000381    9.0478335E+13
      2829.9000460    2.7594878E+13
      3047.6000496    1.7086058E+13
      3700.7000602    3.6074477E+12
      4000.0000650    1.6144587E+12
      4680.3000761    0.0000000E+00
      5006.8000814    0.0000000E+00
      5387.8000876    0.0000000E+00
 
