       80.0000013    1.0725108E+19
        85.0000014    8.9141179E+18
        90.0000015    7.4098337E+18
        95.2390015    6.1117673E+18
       100.6800016    5.0132942E+18
       114.2900019    3.0889380E+18
       119.7300019    2.5581763E+18
       122.4500020    2.3305991E+18
       125.1700020    2.1248022E+18
       127.8900021    1.9385584E+18
       130.6100021    1.7698780E+18
       133.3300022    1.6169844E+18
       136.0600022    1.4778063E+18
       146.9400024    2.4964618E+18
       149.6600024    2.3989271E+18
       155.1000025    2.1898548E+18
       157.8200026    2.0884975E+18
       160.5500026    1.9911625E+18
       165.9900027    1.8116468E+18
       171.4300028    1.6508231E+18
       176.8700029    1.5068559E+18
       179.5900029    1.4405500E+18
       182.3100030    1.3777028E+18
       185.0400030    1.3178745E+18
       187.7600031    1.2612928E+18
       190.4800031    1.2075391E+18
       195.9200032    1.1078140E+18
       198.6400032    1.0615271E+18
       204.0800033    1.1056340E+18
       206.8000034    1.0618513E+18
       209.5300034    1.0190039E+18
       212.2500035    9.7807552E+17
       214.9700035    9.3910147E+17
       220.4100036    8.6698705E+17
       225.8500037    8.0211236E+17
       236.7400038    6.9086095E+17
       247.6200040    5.9986042E+17
       258.5100042    5.2449879E+17
       272.1100044    4.4742337E+17
       285.7200046    3.8479846E+17
       299.3200049    3.3325850E+17
       312.9300051    2.9023406E+17
       340.1400055    2.2307557E+17
       353.7400058    1.9658237E+17
       380.9500062    1.5382207E+17
       394.5600064    1.3648983E+17
       408.1700066    1.2132520E+17
       435.3800071    9.6322287E+16
       462.5900075    7.6900324E+16
       476.1900077    6.8847600E+16
       489.8000080    6.1709759E+16
       503.4000082    5.5383668E+16
       517.0100084    4.9761779E+16
       557.8300091    3.6352827E+16
       571.4300093    3.2818062E+16
       585.0400095    2.9658654E+16
       612.2500100    2.4307112E+16
       666.6700108    1.6545213E+16
       680.2800111    1.5068487E+16
       707.4900115    1.2539202E+16
       734.7000119    1.0477826E+16
       761.9100124    8.7907989E+15
       789.1200128    7.4045263E+15
       816.3300133    6.2607942E+15
       843.5400137    5.3134630E+15
       870.7500142    4.5257949E+15
       911.5700148    3.5809437E+15
       952.3900155    2.8547552E+15
       993.2000162    2.2923389E+15
      1020.4000166    1.9880326E+15
      1061.2000173    1.6144212E+15
      1088.4000177    1.4101633E+15
      1102.0000179    1.3192820E+15
      1115.7000181    1.2344807E+15
      1129.3000184    1.1564473E+15
      1142.9000186    1.0840412E+15
      1156.5000188    1.0168089E+15
      1170.1000190    9.5433757E+14
      1197.3000195    8.4220215E+14
      1210.9000197    7.9187956E+14
      1224.5000199    7.4499463E+14
      1227.2000200    7.3607230E+14
      1229.9000200    7.2727299E+14
      1232.7000200    7.1827584E+14
      1235.4000201    7.0972140E+14
      1238.1000201    7.0128441E+14
      1240.8000202    6.9296298E+14
      1243.5000202    6.8475529E+14
      1246.3000203    6.7636192E+14
      1249.0000203    6.6838060E+14
      1257.2000204    7.6154917E+14
      1259.9000205    7.5306359E+14
      1262.6000205    7.4427971E+14
      1270.8000207    7.1736309E+14
      1281.6000208    6.8306428E+14
      1289.8000210    7.1226248E+14
      1292.5000210    7.0386984E+14
      1295.2000211    6.9542097E+14
      1298.0000211    6.8668622E+14
      1300.7000212    6.7833284E+14
      1303.4000212    6.7006919E+14
      1306.1000212    6.6190600E+14
      1314.3000214    6.3776983E+14
      1330.6000216    5.9270891E+14
      1341.5000218    5.6462311E+14
      1355.1000220    5.3170749E+14
      1360.6000221    5.1902908E+14
      1371.4000223    4.9513544E+14
      1382.3000225    4.7230024E+14
      1390.5000226    4.5592272E+14
      1395.9000227    4.4549646E+14
      1404.1000228    4.3018745E+14
      1406.8000229    4.2528072E+14
      1409.5000229    4.2043874E+14
      1415.0000230    4.1077181E+14
      1417.7000231    4.0612070E+14
      1420.4000231    4.0153055E+14
      1423.1000231    3.9700050E+14
      1425.9000232    3.9236519E+14
      1428.6000232    3.8795480E+14
      1431.3000233    3.8360185E+14
      1436.7000234    3.7506490E+14
      1439.5000234    3.7072527E+14
      1442.2000235    3.6659579E+14
      1444.9000235    3.6251960E+14
      1447.6000235    3.5849599E+14
      1450.4000236    3.5437802E+14
      1453.1000236    3.5045910E+14
      1455.8000237    1.9934318E+15
      1458.5000237    1.9883531E+15
      1461.2000238    1.9771046E+15
      1466.7000239    1.9449625E+15
      1469.4000239    1.9272528E+15
      1472.1000239    1.9090742E+15
      1477.6000240    1.8716297E+15
      1480.3000241    1.8533034E+15
      1488.4000242    1.7991723E+15
      1491.2000242    1.7808240E+15
      1496.6000243    1.7460049E+15
      1551.0000252    1.4341626E+15
      1632.7000266    1.0753504E+15
      1823.1000296    5.7277657E+14
      2340.2000381    1.3141578E+14
      2829.9000460    4.1018213E+13
      3047.6000496    2.5668627E+13
      3700.7000602    6.7792981E+12
      4000.0000650    3.6881886E+12
      4680.3000761    5.6793078E+11
      5006.8000814    0.0000000E+00
      5387.8000876    0.0000000E+00
 
