       80.0000013    1.8188070E+17
        85.0000014    1.4234647E+17
        90.0000015    1.1382005E+17
        95.2390015    9.1434717E+16
       100.6800016    7.3634380E+16
       114.2900019    4.4041587E+16
       119.7300019    3.6108713E+16
       122.4500020    3.2730885E+16
       125.1700020    2.9688781E+16
       127.8900021    2.6946580E+16
       130.6100021    2.4472767E+16
       133.3300022    2.2239495E+16
       136.0600022    2.0215009E+16
       146.9400024    5.1147876E+16
       149.6600024    4.5166464E+16
       155.1000025    3.5325307E+16
       157.8200026    3.1302128E+16
       160.5500026    2.7763828E+16
       165.9900027    2.1952074E+16
       171.4300028    1.7450262E+16
       176.8700029    1.3942804E+16
       179.5900029    1.2485957E+16
       182.3100030    1.1194543E+16
       185.0400030    1.0044264E+16
       187.7600031    9.0258469E+15
       190.4800031    8.1194886E+15
       195.9200032    6.5912463E+15
       198.6400032    5.9475542E+15
       204.0800033    3.7021901E+16
       206.8000034    3.4243643E+16
       209.5300034    3.1605492E+16
       212.2500035    2.9156435E+16
       214.9700035    2.6890960E+16
       220.4100036    2.2880706E+16
       225.8500037    1.9487349E+16
       236.7400038    1.4179410E+16
       247.6200040    1.0359790E+16
       258.5100042    7.5864676E+15
       272.1100044    5.1489410E+15
       285.7200046    3.4896236E+15
       299.3200049    2.3541226E+15
       312.9300051    1.5713396E+15
       340.1400055    6.4988184E+14
       353.7400058    3.7938600E+14
 
