       80.0000013    6.4134348E+18
        85.0000014    4.9672439E+18
        90.0000015    3.8655464E+18
        95.2390015    2.9878659E+18
       100.6800016    2.2993530E+18
       114.2900019    1.2227020E+18
       119.7300019    9.5864838E+17
       122.4500020    8.5050310E+17
       125.1700020    7.5555017E+17
       127.8900021    6.7209222E+17
       130.6100021    5.9866250E+17
       133.3300022    5.3399146E+17
       136.0600022    4.7678191E+17
       146.9400024    1.7500889E+18
       149.6600024    1.6627659E+18
       155.1000025    1.4830158E+18
       157.8200026    1.3978719E+18
       160.5500026    1.3169816E+18
       165.9900027    1.1697759E+18
       171.4300028    1.0400431E+18
       176.8700029    9.2580212E+17
       179.5900029    8.7386937E+17
       182.3100030    8.2508926E+17
       185.0400030    7.7908831E+17
       187.7600031    7.3600793E+17
       190.4800031    6.9549367E+17
       195.9200032    6.2150740E+17
       198.6400032    5.8773686E+17
       204.0800033    7.1545991E+17
       206.8000034    6.8664343E+17
       209.5300034    6.5901456E+17
       212.2500035    6.3283718E+17
       214.9700035    6.0796114E+17
       220.4100036    5.6182567E+17
       225.8500037    5.2000210E+17
       236.7400038    4.4716073E+17
       247.6200040    3.8621105E+17
       258.5100042    3.3464688E+17
       272.1100044    2.8087614E+17
       285.7200046    2.3654543E+17
       299.3200049    1.9984143E+17
       312.9300051    1.6927588E+17
       340.1400055    1.2240198E+17
       353.7400058    1.0447475E+17
       380.9500062    7.6657753E+16
       394.5600064    6.5897795E+16
       408.1700066    5.6784622E+16
       435.3800071    4.2472442E+16
       462.5900075    3.2068674E+16
       476.1900077    2.7963944E+16
       489.8000080    2.4437771E+16
       503.4000082    2.1406274E+16
       517.0100084    1.8790334E+16
       557.8300091    1.2873753E+16
       571.4300093    1.1396497E+16
       585.0400095    1.0107794E+16
       612.2500100    7.9974820E+15
       666.6700108    5.1158075E+15
       680.2800111    4.5942959E+15
       707.4900115    3.7232502E+15
       734.7000119    3.0356045E+15
       761.9100124    2.4891086E+15
       789.1200128    2.0520241E+15
       816.3300133    1.7003325E+15
       843.5400137    1.4157264E+15
       870.7500142    1.1841547E+15
       911.5700148    9.1313656E+14
       952.3900155    7.1053161E+14
       993.2000162    5.5756557E+14
      1020.4000166    4.7644961E+14
      1061.2000173    3.7867978E+14
      1088.4000177    3.2618783E+14
      1102.0000179    3.0307601E+14
      1115.7000181    2.8165600E+14
      1129.3000184    2.6207664E+14
      1142.9000186    2.4402795E+14
      1156.5000188    2.2737684E+14
      1170.1000190    2.1200351E+14
      1197.3000195    1.8466425E+14
      1210.9000197    1.7251015E+14
      1224.5000199    1.6125522E+14
      1227.2000200    1.5912121E+14
      1229.9000200    1.5701916E+14
      1232.7000200    1.5487244E+14
      1235.4000201    1.5283384E+14
      1238.1000201    1.5082563E+14
      1240.8000202    1.4884726E+14
      1243.5000202    1.4689823E+14
      1246.3000203    1.4490753E+14
      1249.0000203    1.4301684E+14
      1257.2000204    1.4769265E+14
      1259.9000205    1.4582036E+14
      1262.6000205    1.4393717E+14
      1270.8000207    1.3829332E+14
      1281.6000208    1.3118419E+14
      1289.8000210    1.3091281E+14
      1292.5000210    1.2923001E+14
      1295.2000211    1.2755542E+14
      1298.0000211    1.2583534E+14
      1300.7000212    1.2419653E+14
      1303.4000212    1.2257911E+14
      1306.1000212    1.2098394E+14
      1314.3000214    1.1627762E+14
      1330.6000216    1.0752154E+14
      1341.5000218    1.0208324E+14
      1355.1000220    9.5729536E+13
      1360.6000221    9.3288250E+13
      1371.4000223    8.8696771E+13
      1382.3000225    8.4320610E+13
      1390.5000226    8.1189436E+13
      1395.9000227    7.9199423E+13
      1404.1000228    7.6282277E+13
      1406.8000229    7.5348541E+13
      1409.5000229    7.4427723E+13
      1415.0000230    7.2591130E+13
      1417.7000231    7.1708355E+13
      1420.4000231    7.0837718E+13
      1423.1000231    6.9979026E+13
      1425.9000232    6.9100961E+13
      1428.6000232    6.8266052E+13
      1431.3000233    6.7442546E+13
      1436.7000234    6.5829048E+13
      1439.5000234    6.5009653E+13
      1442.2000235    6.4230439E+13
      1444.9000235    6.3461778E+13
      1447.6000235    6.2703511E+13
      1450.4000236    6.1927972E+13
      1453.1000236    6.1190395E+13
      1455.8000237    3.8981271E+14
      1458.5000237    3.8854173E+14
      1461.2000238    3.8600827E+14
      1466.7000239    3.7893527E+14
      1469.4000239    3.7506325E+14
      1472.1000239    3.7109621E+14
      1477.6000240    3.6294057E+14
      1480.3000241    3.5895528E+14
      1488.4000242    3.4720667E+14
      1491.2000242    3.4323238E+14
      1496.6000243    3.3570219E+14
      1551.0000252    2.6904474E+14
      1632.7000266    1.9436635E+14
      1823.1000296    9.4574316E+13
      2340.2000381    1.5726907E+13
      2829.9000460    1.5304671E+12
      3047.6000496    0.0000000E+00
 
