       80.0000013    4.9386285E+18
        85.0000014    3.7367021E+18
        90.0000015    2.8438011E+18
        95.2390015    2.1495983E+18
       100.6800016    1.6182442E+18
       114.2900019    8.1964654E+17
       119.7300019    6.3231141E+17
       122.4500020    5.5692772E+17
       125.1700020    4.9147953E+17
       127.8900021    4.3458469E+17
       130.6100021    3.8506196E+17
       133.3300022    3.4190063E+17
       136.0600022    3.0410526E+17
       146.9400024    1.4829095E+18
       149.6600024    1.3970972E+18
       155.1000025    1.2290532E+18
       157.8200026    1.1514315E+18
       160.5500026    1.0784514E+18
       165.9900027    9.4719683E+17
       171.4300028    8.3301867E+17
       176.8700029    7.3362625E+17
       179.5900029    6.8881895E+17
       182.3100030    6.4695883E+17
       185.0400030    6.0769568E+17
       187.7600031    5.7112235E+17
       190.4800031    5.3691039E+17
       195.9200032    4.7492913E+17
       198.6400032    4.4686661E+17
       204.0800033    6.1953453E+17
       206.8000034    5.9385970E+17
       209.5300034    5.6911643E+17
       212.2500035    5.4560516E+17
       214.9700035    5.2322381E+17
       220.4100036    4.8163471E+17
       225.8500037    4.4387583E+17
       236.7400038    3.7808820E+17
       247.6200040    3.2316344E+17
       258.5100042    2.7693446E+17
       272.1100044    2.2914150E+17
       285.7200046    1.9021460E+17
       299.3200049    1.5842997E+17
       312.9300051    1.3235233E+17
       340.1400055    9.3240699E+16
       353.7400058    7.8627657E+16
       380.9500062    5.6421770E+16
       394.5600064    4.8010231E+16
       408.1700066    4.0975135E+16
       435.3800071    3.0113551E+16
       462.5900075    2.2383847E+16
       476.1900077    1.9378639E+16
       489.8000080    1.6819492E+16
       503.4000082    1.4637370E+16
       517.0100084    1.2768902E+16
       557.8300091    8.5992713E+15
       571.4300093    7.5721320E+15
       585.0400095    6.6813408E+15
       612.2500100    5.2343883E+15
       666.6700108    3.2869084E+15
       680.2800111    2.9387833E+15
       707.4900115    2.3610273E+15
       734.7000119    1.9087233E+15
       761.9100124    1.5521605E+15
       789.1200128    1.2692234E+15
       816.3300133    1.0433151E+15
       843.5400137    8.6188236E+14
       870.7500142    7.1535908E+14
       911.5700148    5.4542199E+14
       952.3900155    4.1975189E+14
       993.2000162    3.2586903E+14
      1020.4000166    2.7651578E+14
      1061.2000173    2.1779959E+14
      1088.4000177    1.8638136E+14
      1102.0000179    1.7261405E+14
      1115.7000181    1.5989395E+14
      1129.3000184    1.4830218E+14
      1142.9000186    1.3764849E+14
      1156.5000188    1.2784874E+14
      1170.1000190    1.1882701E+14
      1197.3000195    1.0285032E+14
      1210.9000197    9.5777485E+13
      1224.5000199    8.9245679E+13
      1227.2000200    8.8009207E+13
      1229.9000200    8.6791894E+13
      1232.7000200    8.5549382E+13
      1235.4000201    8.4370086E+13
      1238.1000201    8.3208960E+13
      1240.8000202    8.2065693E+13
      1243.5000202    8.0939976E+13
      1246.3000203    7.9790795E+13
      1249.0000203    7.8699907E+13
      1257.2000204    7.9540286E+13
      1259.9000205    7.8475411E+13
      1262.6000205    7.7411501E+13
      1270.8000207    7.4241211E+13
      1281.6000208    7.0263014E+13
      1289.8000210    6.9333091E+13
      1292.5000210    6.8399485E+13
      1295.2000211    6.7473399E+13
      1298.0000211    6.6523973E+13
      1300.7000212    6.5620532E+13
      1303.4000212    6.4729641E+13
      1306.1000212    6.3851580E+13
      1314.3000214    6.1263606E+13
      1330.6000216    5.6457605E+13
      1341.5000218    5.3478349E+13
      1355.1000220    5.0003515E+13
      1360.6000221    4.8670104E+13
      1371.4000223    4.6165068E+13
      1382.3000225    4.3780946E+13
      1390.5000226    4.2077245E+13
      1395.9000227    4.0995417E+13
      1404.1000228    3.9410981E+13
      1406.8000229    3.8904183E+13
      1409.5000229    3.8404574E+13
      1415.0000230    3.7408620E+13
      1417.7000231    3.6930155E+13
      1420.4000231    3.6458434E+13
      1423.1000231    3.5993348E+13
      1425.9000232    3.5517933E+13
      1428.6000232    3.5066044E+13
      1431.3000233    3.4620484E+13
      1436.7000234    3.3747940E+13
      1439.5000234    3.3305062E+13
      1442.2000235    3.2884048E+13
      1444.9000235    3.2468879E+13
      1447.6000235    3.2059465E+13
      1450.4000236    3.1640871E+13
      1453.1000236    3.1242905E+13
      1455.8000237    2.0376855E+14
      1458.5000237    2.0296972E+14
      1461.2000238    2.0150576E+14
      1466.7000239    1.9751743E+14
      1469.4000239    1.9535090E+14
      1472.1000239    1.9313619E+14
      1477.6000240    1.8859203E+14
      1480.3000241    1.8637437E+14
      1488.4000242    1.7984434E+14
      1491.2000242    1.7763762E+14
      1496.6000243    1.7345945E+14
      1551.0000252    1.3665783E+14
      1632.7000266    9.5910982E+13
      1823.1000296    4.2741371E+13
      2340.2000381    2.6249527E+12
 
