       80.0000013    7.7752949E+18
        85.0000014    6.1439935E+18
        90.0000015    4.8731306E+18
        95.2390015    3.8392170E+18
       100.6800016    3.0113493E+18
       114.2900019    1.6741979E+18
       119.7300019    1.3342607E+18
       122.4500020    1.1929924E+18
       125.1700020    1.0677768E+18
       127.8900021    9.5667730E+17
       130.6100021    8.5800706E+17
       133.3300022    7.7029434E+17
       136.0600022    6.9198225E+17
       146.9400024    1.9756428E+18
       149.6600024    1.8886357E+18
       155.1000025    1.7023141E+18
       157.8200026    1.6123152E+18
       160.5500026    1.5261175E+18
       165.9900027    1.3678069E+18
       171.4300028    1.2268782E+18
       176.8700029    1.1016718E+18
       179.5900029    1.0443864E+18
       182.3100030    9.9035225E+17
       185.0400030    9.3918208E+17
       187.7600031    8.9105872E+17
       190.4800031    8.4561082E+17
       195.9200032    7.6209020E+17
       198.6400032    7.2372054E+17
       204.0800033    8.0824165E+17
       206.8000034    7.7569384E+17
       209.5300034    7.4461092E+17
       212.2500035    7.1524668E+17
       214.9700035    6.8741549E+17
       220.4100036    6.3597622E+17
       225.8500037    5.8954996E+17
       236.7400038    5.0914449E+17
       247.6200040    4.4224862E+17
       258.5100042    3.8582086E+17
       272.1100044    3.2698153E+17
       285.7200046    2.7830935E+17
       299.3200049    2.3775369E+17
       312.9300051    2.0368944E+17
       340.1400055    1.5064491E+17
       353.7400058    1.2999226E+17
       380.9500062    9.7378591E+16
       394.5600064    8.4529157E+16
       408.1700066    7.3518433E+16
       435.3800071    5.5943478E+16
       462.5900075    4.2899010E+16
       476.1900077    3.7675749E+16
       489.8000080    3.3148109E+16
       503.4000082    2.9222217E+16
       517.0100084    2.5806968E+16
       557.8300091    1.7972756E+16
       571.4300093    1.5988935E+16
       585.0400095    1.4247671E+16
       612.2500100    1.1372298E+16
       666.6700108    7.3883799E+15
       680.2800111    6.6587831E+15
       707.4900115    5.4330434E+15
       734.7000119    4.4582131E+15
       761.9100124    3.6781955E+15
       789.1200128    3.0503854E+15
       816.3300133    2.5422231E+15
       843.5400137    2.1286721E+15
       870.7500142    1.7903652E+15
       911.5700148    1.3918970E+15
       952.3900155    1.0917593E+15
       993.2000162    8.6348197E+14
      1020.4000166    7.4168374E+14
      1061.2000173    5.9400928E+14
      1088.4000177    5.1424345E+14
      1102.0000179    4.7899636E+14
      1115.7000181    4.4625193E+14
      1129.3000184    4.1625048E+14
      1142.9000186    3.8852955E+14
      1156.5000188    3.6289564E+14
      1170.1000190    3.3917343E+14
      1197.3000195    2.9684227E+14
      1210.9000197    2.7795753E+14
      1224.5000199    2.6042987E+14
      1227.2000200    2.5710198E+14
      1229.9000200    2.5382245E+14
      1232.7000200    2.5047170E+14
      1235.4000201    2.4728828E+14
      1238.1000201    2.4415087E+14
      1240.8000202    2.4105873E+14
      1243.5000202    2.3801113E+14
      1246.3000203    2.3489693E+14
      1249.0000203    2.3193783E+14
      1257.2000204    2.4498039E+14
      1259.9000205    2.4200470E+14
      1262.6000205    2.3899131E+14
      1270.8000207    2.2990681E+14
      1281.6000208    2.1842338E+14
      1289.8000210    2.2038192E+14
      1292.5000210    2.1764051E+14
      1295.2000211    2.1490401E+14
      1298.0000211    2.1208795E+14
      1300.7000212    2.0940184E+14
      1303.4000212    2.0674870E+14
      1306.1000212    2.0413052E+14
      1314.3000214    1.9639919E+14
      1330.6000216    1.8199256E+14
      1341.5000218    1.7302987E+14
      1355.1000220    1.6254367E+14
      1360.6000221    1.5850993E+14
      1371.4000223    1.5091638E+14
      1382.3000225    1.4366973E+14
      1390.5000226    1.3847910E+14
      1395.9000227    1.3517764E+14
      1404.1000228    1.3033438E+14
      1406.8000229    1.2878318E+14
      1409.5000229    1.2725299E+14
      1415.0000230    1.2419961E+14
      1417.7000231    1.2273131E+14
      1420.4000231    1.2128266E+14
      1423.1000231    1.1985359E+14
      1425.9000232    1.1839183E+14
      1428.6000232    1.1700150E+14
      1431.3000233    1.1562976E+14
      1436.7000234    1.1294095E+14
      1439.5000234    1.1157486E+14
      1442.2000235    1.1027538E+14
      1444.9000235    1.0899314E+14
      1447.6000235    1.0772787E+14
      1450.4000236    1.0643341E+14
      1453.1000236    1.0520194E+14
      1455.8000237    6.5301508E+14
      1458.5000237    6.5108845E+14
      1461.2000238    6.4706675E+14
      1466.7000239    6.3570569E+14
      1469.4000239    6.2946383E+14
      1472.1000239    6.2306185E+14
      1477.6000240    6.0988677E+14
      1480.3000241    6.0344378E+14
      1488.4000242    5.8443465E+14
      1491.2000242    5.7799932E+14
      1496.6000243    5.6579926E+14
      1551.0000252    4.5736788E+14
      1632.7000266    3.3479653E+14
      1823.1000296    1.6851695E+14
      2340.2000381    3.2671267E+13
      2829.9000460    7.9173926E+12
      3047.6000496    4.1849795E+12
      3700.7000602    0.0000000E+00
      4000.0000650    0.0000000E+00
 
