       12.5000002    4.1317053E+00
        15.0000002    1.3374941E+00
        20.0000003    2.6350927E-01
        25.0000004    1.3551396E-01
        30.0000005    8.5453466E-02
        35.0000006    3.6740672E-02
        40.0000007    1.6022120E-02
        45.0000007    7.9820137E-03
        50.0000008    4.6451907E-03
        55.0000009    2.9498003E-03
        60.0000010    1.9210055E-03
        65.0000011    1.2514557E-03
        70.0000011    8.1307627E-04
        75.0000012    3.0552873E-03
        80.0000013    2.0014467E-03
        85.0000014    1.2032209E-03
        90.0000015    7.1991066E-04
        95.2390015    4.2612664E-04
       100.6800016    2.5256936E-04
       114.2900019    7.7068886E-05
       119.7300019    5.0396742E-05
       122.4500020    4.1169093E-05
       125.1700020    3.3849719E-05
       127.8900021    2.8005687E-05
       130.6100021    2.3309209E-05
       133.3300022    1.9510879E-05
       136.0600022    1.6409487E-05
       146.9400024    8.6360442E-06
       149.6600024    7.4336958E-06
       155.1000025    5.5677451E-06
       157.8200026    4.8423649E-06
       160.5500026    4.2220231E-06
       165.9900027    1.1729386E-05
       171.4300028    8.8264405E-06
       176.8700029    9.1883476E-06
       179.5900029    7.9987003E-06
       182.3100030    6.9632315E-06
       185.0400030    6.0650614E-06
       187.7600031    5.2928431E-06
       190.4800031    4.6259270E-06
       195.9200032    3.5496964E-06
       198.6400032    3.1163627E-06
       204.0800033    2.4121650E-06
       206.8000034    2.1265762E-06
       209.5300034    1.8764431E-06
       212.2500035    1.6586555E-06
       214.9700035    1.4680201E-06
       220.4100036    1.1542651E-06
       225.8500037    9.1196125E-07
       236.7400038    1.7051158E-06
       247.6200040    1.1814976E-06
       258.5100042    8.2408889E-07
       272.1100044    5.3289301E-07
       285.7200046    3.4984859E-07
       299.3200049    2.3312393E-07
       312.9300051    1.5742971E-07
       340.1400055    7.4538903E-08
       353.7400058    5.2173963E-08
       380.9500062    2.6340988E-08
       394.5600064    1.8975500E-08
       408.1700066    1.3786211E-08
       435.3800071    7.4517779E-09
       462.5900075    4.1442259E-09
       476.1900077    3.1211194E-09
       489.8000080    2.3643760E-09
       503.4000082    1.8018093E-09
       517.0100084    1.3803595E-09
       557.8300091    6.3986527E-10
       571.4300093    4.9990423E-10
       585.0400095    3.9216794E-10
       612.2500100    2.4432076E-10
       666.6700108    9.8975071E-11
       680.2800111    7.9574992E-11
       707.4900115    5.1865619E-11
       734.7000119    3.4126316E-11
       761.9100124    2.2634592E-11
       789.1200128    1.5109622E-11
       816.3300133    1.0135170E-11
       843.5400137    6.8198290E-12
       870.7500142    4.5952708E-12
       911.5700148    2.5373998E-12
       952.3900155    1.1513784E-12
       993.2000162    5.0248260E-13
      1020.4000166    2.0459260E-13
      1061.2000173    0.0000000E+00
      1088.4000177    0.0000000E+00
      1102.0000179    0.0000000E+00
      1115.7000181    0.0000000E+00
      1129.3000184    0.0000000E+00
      1142.9000186    0.0000000E+00
      1156.5000188    0.0000000E+00
      1170.1000190    0.0000000E+00
      1197.3000195    0.0000000E+00
      1210.9000197    0.0000000E+00
      1224.5000199    0.0000000E+00
      1227.2000200    0.0000000E+00
      1229.9000200    0.0000000E+00
      1232.7000200    0.0000000E+00
      1235.4000201    0.0000000E+00
      1238.1000201    0.0000000E+00
      1240.8000202    0.0000000E+00
      1243.5000202    0.0000000E+00
      1246.3000203    0.0000000E+00
      1249.0000203    0.0000000E+00
 
