       12.5000002    8.6607770E+02
        15.0000002    2.7508881E+02
        20.0000003    2.7021076E+01
        25.0000004    1.6521633E+01
        30.0000005    1.1213598E+01
        35.0000006    7.0969100E+00
        40.0000007    4.4609880E+00
        45.0000007    2.6190498E+00
        50.0000008    1.4243048E+00
        55.0000009    7.2132438E-01
        60.0000010    3.5214341E-01
        65.0000011    1.7762989E-01
        70.0000011    9.9870741E-02
        75.0000012    2.6742902E-01
        80.0000013    2.3712467E-01
        85.0000014    2.0784588E-01
        90.0000015    1.8738775E-01
        95.2390015    1.5897796E-01
       100.6800016    1.2717047E-01
       114.2900019    7.6059155E-02
       119.7300019    6.2876284E-02
       122.4500020    5.7201188E-02
       125.1700020    5.2035365E-02
       127.8900021    4.7324035E-02
       130.6100021    4.3023068E-02
       133.3300022    3.9095569E-02
       136.0600022    3.5497271E-02
       146.9400024    2.4052911E-02
       149.6600024    2.1803187E-02
       155.1000025    1.7902490E-02
       157.8200026    1.6218176E-02
       160.5500026    1.4685571E-02
       165.9900027    1.4335187E-02
       171.4300028    1.2060666E-02
       176.8700029    1.0725949E-02
       179.5900029    9.8809889E-03
       182.3100030    9.0432949E-03
       185.0400030    8.2432646E-03
       187.7600031    7.5044888E-03
       190.4800031    6.8312795E-03
       195.9200032    5.6703184E-03
       198.6400032    5.1703225E-03
       204.0800033    4.3094363E-03
       206.8000034    3.9406200E-03
       209.5300034    3.6063071E-03
       212.2500035    3.3051961E-03
       214.9700035    3.0326389E-03
       220.4100036    2.5615592E-03
       225.8500037    2.1729395E-03
       236.7400038    1.9000300E-03
       247.6200040    1.4166292E-03
       258.5100042    1.0535640E-03
       272.1100044    7.3366897E-04
       285.7200046    5.1691761E-04
       299.3200049    3.6873156E-04
       312.9300051    2.6621445E-04
       340.1400055    1.4408080E-04
       353.7400058    1.0799796E-04
       380.9500062    6.2876534E-05
       394.5600064    4.8789479E-05
       408.1700066    3.8255344E-05
       435.3800071    2.4199808E-05
       462.5900075    1.5819103E-05
       476.1900077    1.2926188E-05
       489.8000080    1.0626012E-05
       503.4000082    8.7852977E-06
       517.0100084    7.2993566E-06
       557.8300091    4.2980341E-06
       571.4300093    3.6299573E-06
       585.0400095    3.0754325E-06
       612.2500100    2.2276870E-06
       666.6700108    1.2056240E-06
       680.2800111    1.0399268E-06
       707.4900115    8.0892841E-07
       734.7000119    6.1800091E-07
       761.9100124    4.6589466E-07
       789.1200128    3.5416983E-07
       816.3300133    2.7129514E-07
       843.5400137    2.0928793E-07
       870.7500142    1.6252672E-07
       911.5700148    1.1251709E-07
       952.3900155    7.8913693E-08
       993.2000162    8.7312699E-08
      1020.4000166    6.8516322E-08
      1061.2000173    5.7359301E-08
      1088.4000177    4.5424404E-08
      1102.0000179    4.0506546E-08
      1115.7000181    3.6139387E-08
      1129.3000184    3.2312652E-08
      1142.9000186    2.8928280E-08
      1156.5000188    2.5931033E-08
      1170.1000190    2.3273060E-08
      1197.3000195    6.1636648E-08
      1210.9000197    5.6119926E-08
      1224.5000199    5.1094251E-08
      1227.2000200    5.0154583E-08
      1229.9000200    4.9233510E-08
      1232.7000200    4.8297615E-08
      1235.4000201    4.7413405E-08
      1238.1000201    4.6546766E-08
      1240.8000202    4.5697362E-08
      1243.5000202    4.4864841E-08
      1246.3000203    4.4018954E-08
      1249.0000203    4.3219764E-08
      1257.2000204    4.0888395E-08
      1259.9000205    4.0151185E-08
      1262.6000205    3.9428524E-08
      1270.8000207    3.7319815E-08
      1281.6000208    3.4729098E-08
      1289.8000210    3.2893944E-08
      1292.5000210    3.2313206E-08
      1295.2000211    3.1743713E-08
      1298.0000211    3.1164753E-08
      1300.7000212    3.0617439E-08
      1303.4000212    3.0080670E-08
      1306.1000212    2.9554222E-08
      1314.3000214    2.8016478E-08
      1330.6000216    2.5214311E-08
      1341.5000218    2.3513026E-08
      1355.1000220    2.1565011E-08
      1360.6000221    2.0828233E-08
      1371.4000223    1.9460744E-08
      1382.3000225    1.8180103E-08
      1390.5000226    1.7277827E-08
      1395.9000227    1.6710619E-08
      1404.1000228    1.5888110E-08
      1406.8000229    1.5627123E-08
      1409.5000229    1.5370848E-08
      1415.0000230    1.4863002E-08
      1417.7000231    1.4620483E-08
      1420.4000231    1.4382313E-08
      1423.1000231    1.4148410E-08
      1425.9000232    1.3910260E-08
      1428.6000232    1.3684792E-08
      1431.3000233    1.3463342E-08
      1436.7000234    1.3032190E-08
      1439.5000234    1.2814634E-08
      1442.2000235    1.2608632E-08
      1444.9000235    1.2406272E-08
      1447.6000235    1.2207484E-08
      1450.4000236    1.2005033E-08
      1453.1000236    1.1813311E-08
      1455.8000237    1.1624956E-08
      1458.5000237    1.1439905E-08
      1461.2000238    1.1258094E-08
      1466.7000239    1.0897505E-08
      1469.4000239    1.0725161E-08
      1472.1000239    1.0555815E-08
      1477.6000240    1.0219891E-08
      1480.3000241    1.0059308E-08
      1488.4000242    9.5940056E-09
      1491.2000242    9.4387183E-09
      1496.6000243    9.1469987E-09
      1551.0000252    6.7035972E-09
      1632.7000266    4.2789052E-09
      1823.1000296    1.6178824E-09
      2340.2000381    1.7262505E-10
      2829.9000460    3.0373433E-11
      3047.6000496    1.5329614E-11
      3700.7000602    2.4067066E-12
      4000.0000650    1.0962839E-12
      4680.3000761    1.1125991E-13
      5006.8000814    0.0000000E+00
      5387.8000876    0.0000000E+00
 
