       12.5000002    1.9466884E+02
        15.0000002    4.2536930E+01
        20.0000003    2.1729694E+01
        25.0000004    9.5598841E+00
        30.0000005    7.1762757E+00
        35.0000006    3.7919254E+00
        40.0000007    1.8238904E+00
        45.0000007    8.4404767E-01
        50.0000008    3.8855496E-01
        55.0000009    1.8879417E-01
        60.0000010    1.0635772E-01
        65.0000011    7.1068600E-02
        70.0000011    5.2464925E-02
        75.0000012    1.8241705E-01
        80.0000013    1.6643412E-01
        85.0000014    1.4285684E-01
        90.0000015    1.2484908E-01
        95.2390015    1.0742984E-01
       100.6800016    8.7385185E-02
       114.2900019    4.8660435E-02
       119.7300019    3.8327321E-02
       122.4500020    3.3999782E-02
       125.1700020    3.0153487E-02
       127.8900021    2.6737234E-02
       130.6100021    2.3704968E-02
       133.3300022    2.1015299E-02
       136.0600022    1.8622587E-02
       146.9400024    1.1518182E-02
       149.6600024    1.0220706E-02
       155.1000025    8.0562020E-03
       157.8200026    7.1567339E-03
       160.5500026    6.3577434E-03
       165.9900027    6.1622756E-03
       171.4300028    5.0238166E-03
       176.8700029    4.4788737E-03
       179.5900029    4.0787361E-03
       182.3100030    3.7029809E-03
       185.0400030    3.3576135E-03
       187.7600031    3.0463857E-03
       190.4800031    2.7665258E-03
       195.9200032    2.2898719E-03
       198.6400032    2.0871232E-03
       204.0800033    1.7403326E-03
       206.8000034    1.5921479E-03
       209.5300034    1.4578780E-03
       212.2500035    1.3369323E-03
       214.9700035    1.2274070E-03
       220.4100036    1.0378764E-03
       225.8500037    8.8114268E-04
       236.7400038    7.3484099E-04
       247.6200040    5.3331541E-04
       258.5100042    3.8931731E-04
       272.1100044    2.6692852E-04
       285.7200046    1.8637843E-04
       299.3200049    1.3253401E-04
       312.9300051    9.5862357E-05
       340.1400055    5.2608157E-05
       353.7400058    3.9814669E-05
       380.9500062    2.3635321E-05
       394.5600064    1.8493171E-05
       408.1700066    1.4598184E-05
       435.3800071    9.3071785E-06
       462.5900075    6.0855182E-06
       476.1900077    4.9605342E-06
       489.8000080    4.0619143E-06
       503.4000082    3.3409576E-06
       517.0100084    2.7585827E-06
       557.8300091    1.5868450E-06
       571.4300093    1.3284679E-06
       585.0400095    1.1153492E-06
       612.2500100    7.9299321E-07
       666.6700108    4.1353189E-07
       680.2800111    3.5351201E-07
       707.4900115    2.6421716E-07
       734.7000119    1.9703189E-07
       761.9100124    1.4694464E-07
       789.1200128    1.1051375E-07
       816.3300133    8.3772669E-08
       843.5400137    6.3976472E-08
       870.7500142    4.9203763E-08
       911.5700148    3.3600365E-08
       952.3900155    2.3267484E-08
       993.2000162    2.2235474E-08
      1020.4000166    1.7406800E-08
      1061.2000173    1.3963496E-08
      1088.4000177    1.1040181E-08
      1102.0000179    9.8372857E-09
      1115.7000181    8.7701304E-09
      1129.3000184    7.8358031E-09
      1142.9000186    7.0101698E-09
      1156.5000188    6.2795471E-09
      1170.1000190    5.6321032E-09
      1197.3000195    1.7111045E-08
      1210.9000197    1.5539349E-08
      1224.5000199    1.4108695E-08
      1227.2000200    1.3841532E-08
      1229.9000200    1.3579782E-08
      1232.7000200    1.3313953E-08
      1235.4000201    1.3062932E-08
      1238.1000201    1.2817028E-08
      1240.8000202    1.2576141E-08
      1243.5000202    1.2340167E-08
      1246.3000203    1.2100536E-08
      1249.0000203    1.1874259E-08
      1257.2000204    1.1214893E-08
      1259.9000205    1.1006627E-08
      1262.6000205    1.0802581E-08
      1270.8000207    1.0207843E-08
      1281.6000208    9.4785699E-09
      1289.8000210    8.9629850E-09
      1292.5000210    8.8000087E-09
      1295.2000211    8.6402743E-09
      1298.0000211    8.4779748E-09
      1300.7000212    8.3246317E-09
      1303.4000212    8.1743234E-09
      1306.1000212    8.0269862E-09
      1314.3000214    7.5970794E-09
      1330.6000216    6.8155561E-09
      1341.5000218    6.3423395E-09
      1355.1000220    5.8017755E-09
      1360.6000221    5.5977019E-09
      1371.4000223    5.2195182E-09
      1382.3000225    4.8660795E-09
      1390.5000226    4.6175130E-09
      1395.9000227    4.4614530E-09
      1404.1000228    4.2354356E-09
      1406.8000229    4.1637915E-09
      1409.5000229    4.0934762E-09
      1415.0000230    3.9542414E-09
      1417.7000231    3.8878007E-09
      1420.4000231    3.8225840E-09
      1423.1000231    3.7585672E-09
      1425.9000232    3.6934211E-09
      1428.6000232    3.6317749E-09
      1431.3000233    3.5712573E-09
      1436.7000234    3.4535181E-09
      1439.5000234    3.3941527E-09
      1442.2000235    3.3379677E-09
      1444.9000235    3.2828031E-09
      1447.6000235    3.2286385E-09
      1450.4000236    3.1735032E-09
      1453.1000236    3.1213157E-09
      1455.8000237    3.0700695E-09
      1458.5000237    3.0197465E-09
      1461.2000238    2.9703284E-09
      1466.7000239    2.8723883E-09
      1469.4000239    2.8256122E-09
      1472.1000239    2.7796716E-09
      1477.6000240    2.6886076E-09
      1480.3000241    2.6451077E-09
      1488.4000242    2.5191822E-09
      1491.2000242    2.4771973E-09
      1496.6000243    2.3983815E-09
      1551.0000252    1.7414744E-09
      1632.7000266    1.0968789E-09
      1823.1000296    4.0325820E-10
      2340.2000381    4.0647426E-11
      2829.9000460    6.9125907E-12
      3047.6000496    3.1847021E-12
      3700.7000602    3.3604339E-13
      4000.0000650    3.0275106E-14
      4680.3000761    0.0000000E+00
      5006.8000814    0.0000000E+00
      5387.8000876    0.0000000E+00
 
