       12.5000002    4.8505078E+02
        15.0000002    1.1877732E+02
        20.0000003    2.3656305E+01
        25.0000004    1.3125696E+01
        30.0000005    9.2938137E+00
        35.0000006    5.6272645E+00
        40.0000007    3.1809306E+00
        45.0000007    1.6697140E+00
        50.0000008    8.2546657E-01
        55.0000009    3.9315957E-01
        60.0000010    1.9272169E-01
        65.0000011    1.0656212E-01
        70.0000011    6.9127820E-02
        75.0000012    2.1798751E-01
        80.0000013    1.9848686E-01
        85.0000014    1.7238237E-01
        90.0000015    1.5237738E-01
        95.2390015    1.3125777E-01
       100.6800016    1.0773516E-01
       114.2900019    6.3937016E-02
       119.7300019    5.1899120E-02
       122.4500020    4.6734117E-02
       125.1700020    4.2064451E-02
       127.8900021    3.7843909E-02
       130.6100021    3.4031555E-02
       133.3300022    3.0590462E-02
       136.0600022    2.7476322E-02
       146.9400024    1.7866591E-02
       149.6600024    1.6038954E-02
       155.1000025    1.2925933E-02
       157.8200026    1.1605372E-02
       160.5500026    1.0417133E-02
       165.9900027    1.0046583E-02
       171.4300028    8.3133373E-03
       176.8700029    7.3570060E-03
       179.5900029    6.7290743E-03
       182.3100030    6.1256881E-03
       185.0400030    5.5627334E-03
       187.7600031    5.0508678E-03
       190.4800031    4.5884429E-03
       195.9200032    3.7976846E-03
       198.6400032    3.4601768E-03
       204.0800033    2.8822809E-03
       206.8000034    2.6354413E-03
       209.5300034    2.4119413E-03
       212.2500035    2.2108001E-03
       214.9700035    2.0288380E-03
       220.4100036    1.7144892E-03
       225.8500037    1.4551824E-03
       236.7400038    1.2621699E-03
       247.6200040    9.2873053E-04
       258.5100042    6.8361912E-04
       272.1100044    4.7141570E-04
       285.7200046    3.2982300E-04
       299.3200049    2.3427515E-04
       312.9300051    1.6885727E-04
       340.1400055    9.1653172E-05
       353.7400058    6.8948830E-05
       380.9500062    4.0509993E-05
       394.5600064    3.1580625E-05
       408.1700066    2.4868006E-05
       435.3800071    1.5834765E-05
       462.5900075    1.0385279E-05
       476.1900077    8.4895446E-06
       489.8000080    6.9763219E-06
       503.4000082    5.7617144E-06
       517.0100084    4.7791386E-06
       557.8300091    2.7918172E-06
       571.4300093    2.3499738E-06
       585.0400095    1.9838335E-06
       612.2500100    1.4259832E-06
       666.6700108    7.5935731E-07
       680.2800111    6.5235241E-07
       707.4900115    4.9723087E-07
       734.7000119    3.7537697E-07
       761.9100124    2.8166451E-07
       789.1200128    2.1309532E-07
       816.3300133    1.6245777E-07
       843.5400137    1.2474705E-07
       870.7500142    9.6442847E-08
       911.5700148    6.6345322E-08
       952.3900155    4.6258698E-08
       993.2000162    4.7752568E-08
      1020.4000166    3.7428741E-08
      1061.2000173    3.0733148E-08
      1088.4000177    2.4319927E-08
      1102.0000179    2.1679472E-08
      1115.7000181    1.9336053E-08
      1129.3000184    1.7283396E-08
      1142.9000186    1.5468951E-08
      1156.5000188    1.3862729E-08
      1170.1000190    1.2438869E-08
      1197.3000195    3.5192361E-08
      1210.9000197    3.2008554E-08
      1224.5000199    2.9108808E-08
      1227.2000200    2.8566909E-08
      1229.9000200    2.8035840E-08
      1232.7000200    2.7496343E-08
      1235.4000201    2.6986749E-08
      1238.1000201    2.6487394E-08
      1240.8000202    2.5998078E-08
      1243.5000202    2.5518597E-08
      1246.3000203    2.5031532E-08
      1249.0000203    2.4571465E-08
      1257.2000204    2.3229999E-08
      1259.9000205    2.2806013E-08
      1262.6000205    2.2390491E-08
      1270.8000207    2.1178582E-08
      1281.6000208    1.9690871E-08
      1289.8000210    1.8637905E-08
      1292.5000210    1.8304849E-08
      1295.2000211    1.7978314E-08
      1298.0000211    1.7646428E-08
      1300.7000212    1.7332757E-08
      1303.4000212    1.7025199E-08
      1306.1000212    1.6723623E-08
      1314.3000214    1.5843121E-08
      1330.6000216    1.4240215E-08
      1341.5000218    1.3268118E-08
      1355.1000220    1.2156121E-08
      1360.6000221    1.1735860E-08
      1371.4000223    1.0956329E-08
      1382.3000225    1.0226914E-08
      1390.5000226    9.7133777E-09
      1395.9000227    9.3907131E-09
      1404.1000228    8.9230552E-09
      1406.8000229    8.7747249E-09
      1409.5000229    8.6291019E-09
      1415.0000230    8.3406153E-09
      1417.7000231    8.2028917E-09
      1420.4000231    8.0676648E-09
      1423.1000231    7.9348865E-09
      1425.9000232    7.7997253E-09
      1428.6000232    7.6717868E-09
      1431.3000233    7.5461530E-09
      1436.7000234    7.3016206E-09
      1439.5000234    7.1782691E-09
      1442.2000235    7.0614909E-09
      1444.9000235    6.9467996E-09
      1447.6000235    6.8341550E-09
      1450.4000236    6.7194570E-09
      1453.1000236    6.6108581E-09
      1455.8000237    6.5041879E-09
      1458.5000237    6.3994081E-09
      1461.2000238    6.2964829E-09
      1466.7000239    6.0924084E-09
      1469.4000239    5.9948988E-09
      1472.1000239    5.8991039E-09
      1477.6000240    5.7091341E-09
      1480.3000241    5.6183485E-09
      1488.4000242    5.3553872E-09
      1491.2000242    5.2676619E-09
      1496.6000243    5.1029083E-09
      1551.0000252    3.7256349E-09
      1632.7000266    2.3649533E-09
      1823.1000296    8.8342672E-10
      2340.2000381    9.1832757E-11
      2829.9000460    1.6015309E-11
      3047.6000496    7.8294437E-12
      3700.7000602    1.1385214E-12
      4000.0000650    4.5576515E-13
      4680.3000761    0.0000000E+00
      5006.8000814    0.0000000E+00
      5387.8000876    0.0000000E+00
 
