       80.0000013    2.5112121E+00
        85.0000014    1.6856247E+00
        90.0000015    1.1426871E+00
        95.2390015    7.6865399E-01
       100.6800016    5.1522791E-01
       114.2900019    1.9926299E-01
       119.7300019    1.3892020E-01
       122.4500020    1.1643193E-01
       125.1700020    9.7819053E-02
       127.8900021    8.2372837E-02
       130.6100021    6.9521382E-02
       133.3300022    5.8801942E-02
       136.0600022    4.9808938E-02
       146.9400024    4.7622945E-02
       149.6600024    4.2647164E-02
       155.1000025    3.3987645E-02
       157.8200026    3.0352136E-02
       160.5500026    2.7125036E-02
       165.9900027    2.1773657E-02
       171.4300028    1.7583108E-02
       176.8700029    1.4282125E-02
       179.5900029    1.2898501E-02
       182.3100030    1.1664139E-02
       185.0400030    1.0557265E-02
       187.7600031    9.5703779E-03
       190.4800031    8.6856689E-03
       195.9200032    7.1772062E-03
       198.6400032    6.5342123E-03
       204.0800033    5.8633569E-03
       206.8000034    5.3402623E-03
       209.5300034    4.8589306E-03
       212.2500035    4.4241482E-03
       214.9700035    4.0315697E-03
       220.4100036    3.3584160E-03
       225.8500037    2.8105283E-03
       236.7400038    1.9952022E-03
       247.6200040    1.4421241E-03
       258.5100042    1.0592535E-03
       272.1100044    7.3568156E-04
       285.7200046    5.2139576E-04
       299.3200049    3.7625385E-04
       312.9300051    2.7564660E-04
       340.1400055    1.5366421E-04
       353.7400058    1.1653537E-04
       380.9500062    6.8686189E-05
       394.5600064    5.3284886E-05
       408.1700066    4.1589316E-05
       435.3800071    2.5754376E-05
       462.5900075    1.6255055E-05
       476.1900077    1.2998081E-05
       489.8000080    1.0433460E-05
       503.4000082    8.4080748E-06
       517.0100084    6.7994938E-06
       557.8300091    3.6710326E-06
       571.4300093    3.0088688E-06
       585.0400095    2.4733417E-06
       612.2500100    1.6863304E-06
       666.6700108    8.1034744E-07
       680.2800111    6.7905000E-07
       707.4900115    4.8042028E-07
       734.7000119    3.4311850E-07
       761.9100124    2.4727683E-07
       789.1200128    1.7974814E-07
       816.3300133    1.3174032E-07
       843.5400137    9.7317091E-08
       870.7500142    7.2431334E-08
       911.5700148    4.7133245E-08
       952.3900155    3.1139578E-08
       993.2000162    2.0869177E-08
      1020.4000166    1.6102403E-08
      1061.2000173    1.1029058E-08
      1088.4000177    8.6271372E-09
      1102.0000179    7.6447444E-09
      1115.7000181    6.7766988E-09
      1129.3000184    6.0198411E-09
      1142.9000186    5.3538751E-09
      1156.5000188    4.7671294E-09
      1170.1000190    4.2495261E-09
      1197.3000195    3.3880583E-09
      1210.9000197    3.0301048E-09
      1224.5000199    2.7128091E-09
      1227.2000200    2.6542111E-09
      1229.9000200    2.5969835E-09
      1232.7000200    2.5390468E-09
      1235.4000201    2.4845044E-09
      1238.1000201    2.4312306E-09
      1240.8000202    2.3791933E-09
      1243.5000202    2.3283613E-09
      1246.3000203    2.2768880E-09
      1249.0000203    2.2284199E-09
      1257.2000204    2.4937081E-09
      1259.9000205    2.4424358E-09
      1262.6000205    2.3909175E-09
      1270.8000207    2.2383924E-09
      1281.6000208    2.0516639E-09
      1289.8000210    2.0878588E-09
      1292.5000210    2.0438908E-09
      1295.2000211    2.0004098E-09
      1298.0000211    1.9560866E-09
      1300.7000212    1.9142037E-09
      1303.4000212    1.8732109E-09
      1306.1000212    1.8331227E-09
      1314.3000214    1.7168559E-09
      1330.6000216    1.5086730E-09
      1341.5000218    1.3847975E-09
      1355.1000220    1.2454534E-09
      1360.6000221    1.1934791E-09
      1371.4000223    1.0981240E-09
      1382.3000225    1.0101924E-09
      1390.5000226    9.4907338E-10
      1395.9000227    9.1101804E-10
      1404.1000228    8.5635465E-10
      1406.8000229    8.3914170E-10
      1409.5000229    8.2230289E-10
      1415.0000230    7.8912277E-10
      1417.7000231    7.7336754E-10
      1420.4000231    7.5795248E-10
      1423.1000231    7.4286977E-10
      1425.9000232    7.2757111E-10
      1428.6000232    7.1314160E-10
      1431.3000233    6.9902162E-10
      1436.7000234    6.7168165E-10
      1439.5000234    6.5796329E-10
      1442.2000235    6.4502192E-10
      1444.9000235    6.3235583E-10
      1447.6000235    6.1995870E-10
      1450.4000236    6.0737992E-10
      1453.1000236    5.9551186E-10
      1455.8000237    3.3206249E-09
      1458.5000237    3.2838638E-09
      1461.2000238    3.2374783E-09
      1466.7000239    3.1300662E-09
      1469.4000239    3.0753466E-09
      1472.1000239    3.0206326E-09
      1477.6000240    2.9108280E-09
      1480.3000241    2.8581191E-09
      1488.4000242    2.7055127E-09
      1491.2000242    2.6547333E-09
      1496.6000243    2.5596252E-09
      1551.0000252    1.7806072E-09
      1632.7000266    1.0484555E-09
      1823.1000296    3.2818553E-10
      2340.2000381    2.1228711E-11
      2829.9000460    2.3289359E-12
      3047.6000496    9.3936133E-13
      3700.7000602    6.1324108E-14
      4000.0000650    1.5832955E-14
      4680.3000761    0.0000000E+00
 
