       80.0000013    6.1874352E-03
        85.0000014    3.3323045E-03
        90.0000015    1.8477025E-03
        95.2390015    1.0284830E-03
       100.6800016    5.8012444E-04
       114.2900019    1.6336433E-04
       119.7300019    1.0503762E-04
       122.4500020    8.5323554E-05
       125.1700020    6.9875154E-05
       127.8900021    5.7664922E-05
       130.6100021    4.7931935E-05
       133.3300022    4.0109644E-05
       136.0600022    3.3751410E-05
       146.9400024    2.0088768E-04
       149.6600024    1.6915861E-04
       155.1000025    1.2047125E-04
       157.8200026    1.0196238E-04
       160.5500026    8.6414489E-05
       165.9900027    6.2497056E-05
       171.4300028    4.5521112E-05
       176.8700029    3.3377291E-05
       179.5900029    2.8648426E-05
       182.3100030    2.4627119E-05
       185.0400030    2.1190226E-05
       187.7600031    1.8269629E-05
       190.4800031    1.5773992E-05
       195.9200032    1.1807707E-05
       198.6400032    1.0236527E-05
       204.0800033    2.3778921E-05
       206.8000034    2.1221504E-05
       209.5300034    1.8926976E-05
       212.2500035    1.6894244E-05
       214.9700035    1.5089423E-05
       220.4100036    1.2064626E-05
       225.8500037    9.6761769E-06
       236.7400038    6.2782319E-06
       247.6200040    4.1215094E-06
       258.5100042    2.7332514E-06
       272.1100044    1.6591914E-06
       285.7200046    1.0213291E-06
       299.3200049    6.3735524E-07
       312.9300051    4.0259224E-07
       340.1400055    1.6627899E-07
       353.7400058    1.0855668E-07
       380.9500062    4.7542748E-08
       394.5600064    3.1846401E-08
       408.1700066    2.1486153E-08
       435.3800071    9.9658637E-09
       462.5900075    4.7128599E-09
       476.1900077    3.2582324E-09
       489.8000080    2.2571420E-09
       503.4000082    1.5662035E-09
       517.0100084    1.0869066E-09
       557.8300091    3.6020253E-10
       571.4300093    2.4748362E-10
       585.0400095    1.6887887E-10
       612.2500100    7.6314476E-11
       666.6700108    1.1455003E-11
       680.2800111    5.6978706E-12
 
