       80.0000013    2.6379209E-02
        85.0000014    1.4786108E-02
        90.0000015    8.4694410E-03
        95.2390015    4.8304168E-03
       100.6800016    2.7603563E-03
       114.2900019    7.5640914E-04
       119.7300019    4.7066758E-04
       122.4500020    3.7480026E-04
       125.1700020    3.0036585E-04
       127.8900021    2.4225724E-04
       130.6100021    1.9664300E-04
       133.3300022    1.6063613E-04
       136.0600022    1.3195844E-04
       146.9400024    7.6971756E-04
       149.6600024    6.5902184E-04
       155.1000025    4.8350837E-04
       157.8200026    4.1498311E-04
       160.5500026    3.5653854E-04
       165.9900027    2.6473581E-04
       171.4300028    1.9777330E-04
       176.8700029    1.4860037E-04
       179.5900029    1.2907444E-04
       182.3100030    1.1226317E-04
       185.0400030    9.7718832E-05
       187.7600031    8.5210435E-05
       190.4800031    7.4395757E-05
       195.9200032    5.6916950E-05
       198.6400032    4.9872520E-05
       204.0800033    8.3386993E-05
       206.8000034    7.5126707E-05
       209.5300034    6.7671113E-05
       212.2500035    6.1016581E-05
       214.9700035    5.5058437E-05
       220.4100036    4.4938904E-05
       225.8500037    3.6795263E-05
       236.7400038    2.4878702E-05
       247.6200040    1.7012013E-05
       258.5100042    1.1746070E-05
       272.1100044    7.4933150E-06
       285.7200046    4.8436882E-06
       299.3200049    3.1715065E-06
       312.9300051    2.1004605E-06
       340.1400055    9.5181156E-07
       353.7400058    6.5039364E-07
       380.9500062    3.1188742E-07
       394.5600064    2.1866575E-07
       408.1700066    1.5450163E-07
       435.3800071    7.8845119E-08
       462.5900075    4.1319716E-08
       476.1900077    3.0190510E-08
       489.8000080    2.2179647E-08
       503.4000082    1.6386215E-08
       517.0100084    1.2165343E-08
       557.8300091    5.1197322E-09
       571.4300093    3.8693981E-09
       585.0400095    2.9347116E-09
       612.2500100    1.7055333E-09
       666.6700108    5.9491029E-10
       680.2800111    4.5944876E-10
       707.4900115    2.7515978E-10
       734.7000119    1.6529432E-10
       761.9100124    9.9327019E-11
       789.1200128    5.9521915E-11
       816.3300133    3.5441802E-11
       843.5400137    2.0873338E-11
       870.7500142    1.2082189E-11
       911.5700148    5.0315507E-12
       952.3900155    1.8178225E-12
       993.2000162    3.2334666E-13
 
