       80.0000013    8.0505580E-02
        85.0000014    4.6802975E-02
        90.0000015    2.7730905E-02
        95.2390015    1.6331485E-02
       100.6800016    9.6069630E-03
       114.2900019    2.7603223E-03
       119.7300019    1.7292406E-03
       122.4500020    1.3776693E-03
       125.1700020    1.1023970E-03
       127.8900021    8.8602549E-04
       130.6100021    7.1529299E-04
       133.3300022    5.8005255E-04
       136.0600022    4.7216020E-04
       146.9400024    2.0716581E-03
       149.6600024    1.8016762E-03
       155.1000025    1.3574947E-03
       157.8200026    1.1793909E-03
       160.5500026    1.0253389E-03
       165.9900027    7.7881833E-04
       171.4300028    5.9467851E-04
       176.8700029    4.5635944E-04
       179.5900029    4.0049656E-04
       182.3100030    3.5187771E-04
       185.0400030    3.0936280E-04
       187.7600031    2.7241179E-04
       190.4800031    2.4013163E-04
       195.9200032    1.8717634E-04
       198.6400032    1.6550501E-04
       204.0800033    2.1275503E-04
       206.8000034    1.9284236E-04
       209.5300034    1.7481593E-04
       212.2500035    1.5865522E-04
       214.9700035    1.4411070E-04
       220.4100036    1.1920011E-04
       225.8500037    9.8910961E-05
       236.7400038    6.8679255E-05
       247.6200040    4.8207879E-05
       258.5100042    3.4151635E-05
       272.1100044    2.2480384E-05
       285.7200046    1.4982604E-05
       299.3200049    1.0107724E-05
       312.9300051    6.8934105E-06
       340.1400055    3.3078466E-06
       353.7400058    2.3247328E-06
       380.9500062    1.1782812E-06
       394.5600064    8.4897630E-07
       408.1700066    6.1631641E-07
       435.3800071    3.3176707E-07
       462.5900075    1.8323621E-07
       476.1900077    1.3740168E-07
       489.8000080    1.0358258E-07
       503.4000082    7.8517580E-08
       517.0100084    5.9807320E-08
       557.8300091    2.7193360E-08
       571.4300093    2.1097380E-08
       585.0400095    1.6432029E-08
       612.2500100    1.0086770E-08
       666.6700108    3.9656691E-09
       680.2800111    3.1653378E-09
       707.4900115    2.0347453E-09
       734.7000119    1.3222989E-09
       761.9100124    8.6789509E-10
       789.1200128    5.7480115E-10
       816.3300133    3.8377665E-10
       843.5400137    2.5807653E-10
       870.7500142    1.7462951E-10
       911.5700148    9.8129671E-11
       952.3900155    5.5617566E-11
       993.2000162    3.1689148E-11
      1020.4000166    2.1804236E-11
      1061.2000173    1.2428582E-11
      1088.4000177    8.5195444E-12
      1102.0000179    7.0434847E-12
      1115.7000181    5.8084878E-12
      1129.3000184    4.7889318E-12
      1142.9000186    3.9412250E-12
      1156.5000188    3.2366557E-12
      1170.1000190    2.6521634E-12
      1197.3000195    1.7639575E-12
      1210.9000197    1.4299945E-12
      1224.5000199    1.1535423E-12
      1227.2000200    1.1052758E-12
      1229.9000200    1.0581910E-12
      1232.7000200    1.0112103E-12
      1235.4000201    9.6762507E-13
      1238.1000201    9.2566471E-13
      1240.8000202    8.8527091E-13
      1243.5000202    8.4638752E-13
      1246.3000203    8.0760106E-13
      1249.0000203    7.7192143E-13
      1257.2000204    6.8716560E-13
      1259.9000205    6.5559092E-13
      1262.6000205    6.2515124E-13
      1270.8000207    5.3948209E-13
      1281.6000208    4.4098639E-13
      1289.8000210    3.8084309E-13
      1292.5000210    3.6075434E-13
      1295.2000211    3.4141930E-13
      1298.0000211    3.2214137E-13
      1300.7000212    3.0427185E-13
      1303.4000212    2.8708218E-13
      1306.1000212    2.7054520E-13
      1314.3000214    2.2404307E-13
      1330.6000216    1.4573358E-13
      1341.5000218    1.0120296E-13
      1355.1000220    4.8160674E-14
      1360.6000221    1.9356878E-14
 
