       80.0000013    8.1289894E-05
        85.0000014    4.8254802E-05
        90.0000015    2.9776287E-05
        95.2390015    1.8489816E-05
       100.6800016    1.1529120E-05
       114.2900019    3.7733653E-06
       119.7300019    2.4585897E-06
       122.4500020    1.9905735E-06
       125.1700020    1.6146114E-06
       127.8900021    1.3119175E-06
       130.6100021    1.0677012E-06
       133.3300022    8.7027649E-07
       136.0600022    7.0985209E-07
       146.9400024    1.1527692E-06
       149.6600024    9.1233125E-07
       155.1000025    5.7395039E-07
       157.8200026    4.5636261E-07
       160.5500026    3.6314199E-07
       165.9900027    2.3132310E-07
       171.4300028    1.4806893E-07
       176.8700029    9.5120427E-08
       179.5900029    7.6310783E-08
       182.3100030    6.1244698E-08
       185.0400030    4.9123717E-08
       187.7600031    3.9434141E-08
       190.4800031    3.1649989E-08
       195.9200032    2.0359140E-08
       198.6400032    1.6309421E-08
       204.0800033    8.7068841E-08
       206.8000034    7.1285548E-08
       209.5300034    5.8038271E-08
       212.2500035    4.7094911E-08
       214.9700035    3.8063071E-08
       220.4100036    2.4535677E-08
       225.8500037    1.5463428E-08
       236.7400038    5.4471587E-09
       247.6200040    1.0411106E-09
 
