       80.0000013    1.1553760E+00
        85.0000014    7.4562711E-01
        90.0000015    4.8774198E-01
        95.2390015    3.1707796E-01
       100.6800016    2.0570448E-01
       114.2900019    7.3897280E-02
       119.7300019    5.0112199E-02
       122.4500020    4.1431312E-02
       125.1700020    3.4340262E-02
       127.8900021    2.8531529E-02
       130.6100021    2.3760349E-02
       133.3300022    1.9831225E-02
       136.0600022    1.6576676E-02
       146.9400024    2.1669390E-02
       149.6600024    1.9457610E-02
       155.1000025    1.5496835E-02
       157.8200026    1.3812721E-02
       160.5500026    1.2312239E-02
       165.9900027    9.8182037E-03
       171.4300028    7.8651728E-03
       176.8700029    6.3306093E-03
       179.5900029    5.6894030E-03
       182.3100030    5.1188366E-03
       185.0400030    4.6086907E-03
       187.7600031    4.1553127E-03
       190.4800031    3.7503003E-03
       195.9200032    3.0636499E-03
       198.6400032    2.7728179E-03
       204.0800033    2.3783089E-03
       206.8000034    2.1619692E-03
       209.5300034    1.9668136E-03
       212.2500035    1.7922367E-03
       214.9700035    1.6353786E-03
       220.4100036    1.3671829E-03
       225.8500037    1.1489437E-03
       236.7400038    8.2294550E-04
       247.6200040    5.9981435E-04
       258.5100042    4.4357646E-04
       272.1100044    3.0973912E-04
       285.7200046    2.1983484E-04
       299.3200049    1.5823983E-04
       312.9300051    1.1521778E-04
       340.1400055    6.2894942E-05
       353.7400058    4.7047557E-05
       380.9500062    2.6871026E-05
       394.5600064    2.0495514E-05
       408.1700066    1.5721780E-05
       435.3800071    9.4007146E-06
       462.5900075    5.7324473E-06
       476.1900077    4.5077454E-06
       489.8000080    3.5596370E-06
       503.4000082    2.8233753E-06
       517.0100084    2.2482427E-06
       557.8300091    1.1623272E-06
       571.4300093    9.3995078E-07
       585.0400095    7.6270334E-07
       612.2500100    5.0743319E-07
       666.6700108    2.3341431E-07
       680.2800111    1.9366091E-07
       707.4900115    1.3445907E-07
       734.7000119    9.4361290E-08
       761.9100124    6.6895652E-08
       789.1200128    4.7880686E-08
       816.3300133    3.4582218E-08
       843.5400137    2.5191829E-08
       870.7500142    1.8500261E-08
       911.5700148    1.1808668E-08
       952.3900155    7.6578006E-09
       993.2000162    5.0395585E-09
      1020.4000166    3.8420209E-09
      1061.2000173    2.5846350E-09
      1088.4000177    1.9976054E-09
      1102.0000179    1.7594964E-09
      1115.7000181    1.5502407E-09
      1129.3000184    1.3687754E-09
      1142.9000186    1.2099632E-09
      1156.5000188    1.0707979E-09
      1170.1000190    9.4869590E-10
      1197.3000195    7.4709494E-10
      1210.9000197    6.6402522E-10
      1224.5000199    5.9079469E-10
      1227.2000200    5.7731592E-10
      1229.9000200    5.6416677E-10
      1232.7000200    5.5086957E-10
      1235.4000201    5.3836552E-10
      1238.1000201    5.2616561E-10
      1240.8000202    5.1426202E-10
      1243.5000202    5.0264698E-10
      1246.3000203    4.9089866E-10
      1249.0000203    4.7984861E-10
      1257.2000204    5.0532106E-10
      1259.9000205    4.9423537E-10
      1262.6000205    4.8320881E-10
      1270.8000207    4.5083978E-10
      1281.6000208    4.1144929E-10
      1289.8000210    4.0763581E-10
      1292.5000210    3.9858644E-10
      1295.2000211    3.8967699E-10
      1298.0000211    3.8061990E-10
      1300.7000212    3.7207742E-10
      1303.4000212    3.6372810E-10
      1306.1000212    3.5557260E-10
      1314.3000214    3.3196668E-10
      1330.6000216    2.8987188E-10
      1341.5000218    2.6493865E-10
      1355.1000220    2.3700736E-10
      1360.6000221    2.2662335E-10
      1371.4000223    2.0762486E-10
      1382.3000225    1.9017055E-10
      1390.5000226    1.7807857E-10
      1395.9000227    1.7056735E-10
      1404.1000228    1.5980348E-10
      1406.8000229    1.5642050E-10
      1409.5000229    1.5311419E-10
      1415.0000230    1.4660854E-10
      1417.7000231    1.4352386E-10
      1420.4000231    1.4050865E-10
      1423.1000231    1.3756123E-10
      1425.9000232    1.3457450E-10
      1428.6000232    1.3176020E-10
      1431.3000233    1.2900887E-10
      1436.7000234    1.2368921E-10
      1439.5000234    1.2102386E-10
      1442.2000235    1.1851191E-10
      1444.9000235    1.1605576E-10
      1447.6000235    1.1365408E-10
      1450.4000236    1.1121960E-10
      1453.1000236    1.0892493E-10
      1455.8000237    6.4968386E-10
      1458.5000237    6.4184513E-10
      1461.2000238    6.3208255E-10
      1466.7000239    6.0961741E-10
      1469.4000239    5.9820687E-10
      1472.1000239    5.8681321E-10
      1477.6000240    5.6398958E-10
      1480.3000241    5.5305305E-10
      1488.4000242    5.2146198E-10
      1491.2000242    5.1097515E-10
      1496.6000243    4.9136922E-10
      1551.0000252    3.3281172E-10
      1632.7000266    1.8821136E-10
      1823.1000296    5.3529164E-11
      2340.2000381    2.5279514E-12
      2829.9000460    1.5563313E-13
      3047.6000496    3.3098703E-14
 
