       80.0000013    4.4235487E+00
        85.0000014    3.0841897E+00
        90.0000015    2.1647270E+00
        95.2390015    1.5052109E+00
       100.6800016    1.0408787E+00
       114.2900019    4.3011379E-01
       119.7300019    3.0682570E-01
       122.4500020    2.5998586E-01
       125.1700020    2.2076178E-01
       127.8900021    1.8784414E-01
       130.6100021    1.6015926E-01
       133.3300022    1.3682567E-01
       136.0600022    1.1705135E-01
       146.9400024    9.4709277E-02
       149.6600024    8.4297054E-02
       155.1000025    6.6592634E-02
       157.8200026    5.9282511E-02
       160.5500026    5.2847505E-02
       165.9900027    4.2283379E-02
       171.4300028    3.4101326E-02
       176.8700029    2.7710196E-02
       179.5900029    2.5044804E-02
       182.3100030    2.2673206E-02
       185.0400030    2.0551182E-02
       187.7600031    1.8662477E-02
       190.4800031    1.6971551E-02
       195.9200032    1.4091834E-02
       198.6400032    1.2864886E-02
       204.0800033    1.2388913E-02
       206.8000034    1.1364724E-02
       209.5300034    1.0388024E-02
       212.2500035    9.4884299E-03
       214.9700035    8.6663328E-03
       220.4100036    7.2408863E-03
       225.8500037    6.0691605E-03
       236.7400038    4.3097939E-03
       247.6200040    3.1074833E-03
       258.5100042    2.2727039E-03
       272.1100044    1.5679026E-03
       285.7200046    1.1035606E-03
       299.3200049    7.9160242E-04
       312.9300051    5.7743036E-04
       340.1400055    3.2117884E-04
       353.7400058    2.4410310E-04
       380.9500062    1.4533284E-04
       394.5600064    1.1358227E-04
       408.1700066    8.9417372E-05
       435.3800071    5.6482229E-05
       462.5900075    3.6444737E-05
       476.1900077    2.9479015E-05
       489.8000080    2.3939667E-05
       503.4000082    1.9519362E-05
       517.0100084    1.5970725E-05
       557.8300091    8.9251480E-06
       571.4300093    7.3974811E-06
       585.0400095    6.1480150E-06
       612.2500100    4.2819806E-06
       666.6700108    2.1409844E-06
       680.2800111    1.8108555E-06
       707.4900115    1.3042234E-06
       734.7000119    9.4731121E-07
       761.9100124    6.9363421E-07
       789.1200128    5.1180496E-07
       816.3300133    3.8042489E-07
       843.5400137    2.8476506E-07
       870.7500142    2.1460062E-07
       911.5700148    1.4208729E-07
       952.3900155    9.5374332E-08
       993.2000162    6.4857154E-08
      1020.4000166    5.0500411E-08
      1061.2000173    3.5036521E-08
      1088.4000177    2.7629088E-08
      1102.0000179    2.4579249E-08
      1115.7000181    2.1873076E-08
      1129.3000184    1.9503865E-08
      1142.9000186    1.7410875E-08
      1156.5000188    1.5559687E-08
      1170.1000190    1.3920444E-08
      1197.3000195    1.1177385E-08
      1210.9000197    1.0031341E-08
      1224.5000199    9.0119237E-09
      1227.2000200    8.8232639E-09
      1229.9000200    8.6388923E-09
      1232.7000200    8.4521066E-09
      1235.4000201    8.2761451E-09
      1238.1000201    8.1041609E-09
      1240.8000202    7.9360554E-09
      1243.5000202    7.7717361E-09
      1246.3000203    7.6052311E-09
      1249.0000203    7.4483406E-09
      1257.2000204    8.9006722E-09
      1259.9000205    8.7245287E-09
      1262.6000205    8.5458352E-09
      1270.8000207    8.0131528E-09
      1281.6000208    7.3585720E-09
      1289.8000210    7.6803541E-09
      1292.5000210    7.5226678E-09
      1295.2000211    7.3661712E-09
      1298.0000211    7.2063377E-09
      1300.7000212    7.0551307E-09
      1303.4000212    6.9070238E-09
      1306.1000212    6.7621024E-09
      1314.3000214    6.3414065E-09
      1330.6000216    5.5867853E-09
      1341.5000218    5.1368820E-09
      1355.1000220    4.6299200E-09
      1360.6000221    4.4405692E-09
      1371.4000223    4.0927843E-09
      1382.3000225    3.7715950E-09
      1390.5000226    3.5480536E-09
      1395.9000227    3.4087388E-09
      1404.1000228    3.2084424E-09
      1406.8000229    3.1453249E-09
      1409.5000229    3.0835570E-09
      1415.0000230    2.9617799E-09
      1417.7000231    2.9039238E-09
      1420.4000231    2.8472966E-09
      1423.1000231    2.7918705E-09
      1425.9000232    2.7356304E-09
      1428.6000232    2.6825662E-09
      1431.3000233    2.6306215E-09
      1436.7000234    2.5299898E-09
      1439.5000234    2.4794684E-09
      1442.2000235    2.4317910E-09
      1444.9000235    2.3851112E-09
      1447.6000235    2.3394064E-09
      1450.4000236    2.2930151E-09
      1453.1000236    2.2492292E-09
      1455.8000237    1.1641929E-08
      1458.5000237    1.1516787E-08
      1461.2000238    1.1358998E-08
      1466.7000239    1.0994307E-08
      1469.4000239    1.0808670E-08
      1472.1000239    1.0623068E-08
      1477.6000240    1.0250492E-08
      1480.3000241    1.0071558E-08
      1488.4000242    9.5530304E-09
      1491.2000242    9.3803116E-09
      1496.6000243    9.0565422E-09
      1551.0000252    6.3880066E-09
      1632.7000266    3.8424455E-09
      1823.1000296    1.2671665E-09
      2340.2000381    9.5386817E-11
      2829.9000460    1.2247472E-11
      3047.6000496    5.3703500E-12
      3700.7000602    5.6935641E-13
      4000.0000650    2.2026654E-13
      4680.3000761    2.6997806E-14
      5006.8000814    5.7312972E-15
      5387.8000876    0.0000000E+00
 
