       80.0000013    1.9366379E-01
        85.0000014    1.1622800E-01
        90.0000015    7.0979446E-02
        95.2390015    4.3074448E-02
       100.6800016    2.6087945E-02
       114.2900019    7.9733580E-03
       119.7300019    5.0912960E-03
       122.4500020    4.0892176E-03
       125.1700020    3.2953832E-03
       127.8900021    2.6644832E-03
       130.6100021    2.1614914E-03
       133.3300022    1.7592349E-03
       136.0600022    1.4354995E-03
       146.9400024    4.4112694E-03
       149.6600024    3.8868776E-03
       155.1000025    2.9922337E-03
       157.8200026    2.6248819E-03
       160.5500026    2.3034269E-03
       165.9900027    1.7813838E-03
       171.4300028    1.3842495E-03
       176.8700029    1.0807222E-03
       179.5900029    9.5652964E-04
       182.3100030    8.4752671E-04
       185.0400030    7.5140549E-04
       187.7600031    6.6716113E-04
       190.4800031    5.9295015E-04
       195.9200032    4.6972086E-04
       198.6400032    4.1865159E-04
       204.0800033    4.4504390E-04
       206.8000034    4.0488053E-04
       209.5300034    3.6851704E-04
       212.2500035    3.3586111E-04
       214.9700035    3.0640105E-04
       220.4100036    2.5572706E-04
       225.8500037    2.1418148E-04
       236.7400038    1.5160016E-04
       247.6200040    1.0851266E-04
       258.5100042    7.8390978E-05
       272.1100044    5.2855172E-05
       285.7200046    3.6057059E-05
       299.3200049    2.4876344E-05
       312.9300051    1.7334429E-05
       340.1400055    8.6614209E-06
       353.7400058    6.2047548E-06
       380.9500062    3.2620119E-06
       394.5600064    2.3922094E-06
       408.1700066    1.7670164E-06
       435.3800071    9.8411942E-07
       462.5900075    5.6203157E-07
       476.1900077    4.2849609E-07
       489.8000080    3.2841419E-07
       503.4000082    2.5307554E-07
       517.0100084    1.9595895E-07
       557.8300091    9.3559677E-08
       571.4300093    7.3767367E-08
       585.0400095    5.8386320E-08
       612.2500100    3.7003527E-08
       666.6700108    1.5496907E-08
       680.2800111    1.2565343E-08
       707.4900115    8.3353049E-09
       734.7000119    5.5909117E-09
       761.9100124    3.7892098E-09
       789.1200128    2.5932068E-09
       816.3300133    1.7909677E-09
       843.5400137    1.2475497E-09
       870.7500142    8.7603108E-10
       911.5700148    5.2270965E-10
       952.3900155    3.1672287E-10
       993.2000162    1.9460950E-10
      1020.4000166    1.4164715E-10
      1061.2000173    8.8784730E-11
      1088.4000177    6.5391519E-11
      1102.0000179    5.6204642E-11
      1115.7000181    4.8300544E-11
      1129.3000184    4.1590870E-11
      1142.9000186    3.5842988E-11
      1156.5000188    3.0913393E-11
      1170.1000190    2.6680951E-11
      1197.3000195    1.9913583E-11
      1210.9000197    1.7218432E-11
      1224.5000199    1.4895366E-11
      1227.2000200    1.4473664E-11
      1229.9000200    1.4064133E-11
      1232.7000200    1.3651902E-11
      1235.4000201    1.3266052E-11
      1238.1000201    1.2891304E-11
      1240.8000202    1.2527327E-11
      1243.5000202    1.2173800E-11
      1246.3000203    1.1817886E-11
      1249.0000203    1.1484697E-11
      1257.2000204    1.1034028E-11
      1259.9000205    1.0724899E-11
      1262.6000205    1.0422726E-11
      1270.8000207    9.5525523E-12
      1281.6000208    8.5150923E-12
      1289.8000210    8.0049188E-12
      1292.5000210    7.7789285E-12
      1295.2000211    7.5587080E-12
      1298.0000211    7.3365810E-12
      1300.7000212    7.1284124E-12
      1303.4000212    6.9260773E-12
      1306.1000212    6.7294551E-12
      1314.3000214    6.1658599E-12
      1330.6000216    5.1819963E-12
      1341.5000218    4.6132564E-12
      1355.1000220    3.9900574E-12
      1360.6000221    3.7624660E-12
      1371.4000223    3.3523280E-12
      1382.3000225    2.9832311E-12
      1390.5000226    2.7322393E-12
      1395.9000227    2.5784114E-12
      1404.1000228    2.3609268E-12
      1406.8000229    2.2933270E-12
      1409.5000229    2.2276204E-12
      1415.0000230    2.0994094E-12
      1417.7000231    2.0391317E-12
      1420.4000231    1.9805409E-12
      1423.1000231    1.9235893E-12
      1425.9000232    1.8662107E-12
      1428.6000232    1.8124573E-12
      1431.3000233    1.7602073E-12
      1436.7000234    1.6600497E-12
      1439.5000234    1.6103101E-12
      1442.2000235    1.5637124E-12
      1444.9000235    1.5184174E-12
      1447.6000235    1.4743888E-12
      1450.4000236    1.4300289E-12
      1453.1000236    1.3884713E-12
      1455.8000237    9.0099959E-12
      1458.5000237    8.8248792E-12
      1461.2000238    8.6144364E-12
      1466.7000239    8.1566837E-12
      1469.4000239    7.9305954E-12
      1472.1000239    7.7074579E-12
      1477.6000240    7.2666092E-12
      1480.3000241    7.0578925E-12
      1488.4000242    6.4635328E-12
      1491.2000242    6.2690183E-12
      1496.6000243    5.9091568E-12
      1551.0000252    3.2072906E-12
      1632.7000266    1.1861979E-12
 
