       80.0000013    8.7903993E-04
        85.0000014    4.7115292E-04
        90.0000015    2.6617208E-04
        95.2390015    1.5453043E-04
       100.6800016    9.2732233E-05
       114.2900019    3.1227770E-05
       119.7300019    2.1333812E-05
       122.4500020    1.7777027E-05
       125.1700020    1.4880543E-05
       127.8900021    1.2505717E-05
       130.6100021    1.0546878E-05
       133.3300022    8.9225814E-06
       136.0600022    7.5648459E-06
       146.9400024    2.9390525E-05
       149.6600024    2.4242281E-05
       155.1000025    1.6585953E-05
       157.8200026    1.3762456E-05
       160.5500026    1.1435663E-05
       165.9900027    7.9539896E-06
       171.4300028    5.5743858E-06
       176.8700029    3.9346787E-06
       179.5900029    3.3141896E-06
       182.3100030    2.7961639E-06
       185.0400030    2.3614616E-06
       187.7600031    1.9987069E-06
       190.4800031    1.6943040E-06
       195.9200032    1.2230055E-06
       198.6400032    1.0413487E-06
       204.0800033    3.5713197E-06
       206.8000034    3.1328234E-06
       209.5300034    2.7448316E-06
       212.2500035    2.4063065E-06
       214.9700035    2.1105657E-06
       220.4100036    1.6270604E-06
       225.8500037    1.2582401E-06
       236.7400038    7.5917688E-07
       247.6200040    4.6360353E-07
       258.5100042    2.8590188E-07
       272.1100044    1.5828111E-07
       285.7200046    8.8581558E-08
       299.3200049    5.0015164E-08
       312.9300051    2.8381114E-08
       340.1400055    9.1685415E-09
       353.7400058    5.1790314E-09
       380.9500062    1.5874615E-09
       394.5600064    8.4607227E-10
       408.1700066    4.2976428E-10
       435.3800071    7.2227398E-11
 
