       80.0000013    3.4051189E+00
        85.0000014    2.3298261E+00
        90.0000015    1.6071295E+00
        95.2390015    1.0990795E+00
       100.6800016    7.4822074E-01
       114.2900019    2.9910180E-01
       119.7300019    2.1095993E-01
       122.4500020    1.7779848E-01
       125.1700020    1.5019251E-01
       127.8900021    1.2715524E-01
       130.6100021    1.0788441E-01
       133.3300022    9.1726221E-02
       136.0600022    7.8100935E-02
       146.9400024    6.7681529E-02
       149.6600024    6.0416318E-02
       155.1000025    4.7959067E-02
       157.8200026    4.2778645E-02
       160.5500026    3.8200039E-02
       165.9900027    3.0644214E-02
       171.4300028    2.4756143E-02
       176.8700029    2.0133343E-02
       179.5900029    1.8199068E-02
       182.3100030    1.6474811E-02
       185.0400030    1.4929479E-02
       187.7600031    1.3552098E-02
       190.4800031    1.2317450E-02
       195.9200032    1.0211833E-02
       198.6400032    9.3137408E-03
       204.0800033    8.6710239E-03
       206.8000034    7.9225954E-03
       209.5300034    7.2223493E-03
       212.2500035    6.5840771E-03
       214.9700035    6.0045733E-03
       220.4100036    5.0059292E-03
       225.8500037    4.1896664E-03
       236.7400038    2.9707660E-03
       247.6200040    2.1421323E-03
       258.5100042    1.5685873E-03
       272.1100044    1.0849687E-03
       285.7200046    7.6609006E-04
       299.3200049    5.5127655E-04
       312.9300051    4.0321355E-04
       340.1400055    2.2492326E-04
       353.7400058    1.7094146E-04
       380.9500062    1.0147997E-04
       394.5600064    7.9097859E-05
       408.1700066    6.2062820E-05
       435.3800071    3.8883416E-05
       462.5900075    2.4850911E-05
       476.1900077    1.9999301E-05
       489.8000080    1.6156866E-05
       503.4000082    1.3104139E-05
       517.0100084    1.0664779E-05
       557.8300091    5.8657206E-06
       571.4300093    4.8363936E-06
       585.0400095    3.9988240E-06
       612.2500100    2.7571957E-06
       666.6700108    1.3526253E-06
       680.2800111    1.1389194E-06
       707.4900115    8.1318905E-07
       734.7000119    5.8579718E-07
       761.9100124    4.2558148E-07
       789.1200128    3.1169859E-07
       816.3300133    2.3006611E-07
       843.5400137    1.7107830E-07
       870.7500142    1.2812252E-07
       911.5700148    8.4093919E-08
       952.3900155    5.5997830E-08
       993.2000162    3.7802167E-08
      1020.4000166    2.9300720E-08
      1061.2000173    2.0199257E-08
      1088.4000177    1.5865410E-08
      1102.0000179    1.4087052E-08
      1115.7000181    1.2512436E-08
      1129.3000184    1.1136731E-08
      1142.9000186    9.9238502E-09
      1156.5000188    8.8531857E-09
      1170.1000190    7.9069018E-09
      1197.3000195    6.3276886E-09
      1210.9000197    5.6696869E-09
      1224.5000199    5.0853921E-09
      1227.2000200    4.9773701E-09
      1229.9000200    4.8718376E-09
      1232.7000200    4.7649600E-09
      1235.4000201    4.6643094E-09
      1238.1000201    4.5659654E-09
      1240.8000202    4.4698716E-09
      1243.5000202    4.3759716E-09
      1246.3000203    4.2808539E-09
      1249.0000203    4.1912585E-09
      1257.2000204    4.8433617E-09
      1259.9000205    4.7458051E-09
      1262.6000205    4.6473079E-09
      1270.8000207    4.3546615E-09
      1281.6000208    3.9956762E-09
      1289.8000210    4.1182955E-09
      1292.5000210    4.0327950E-09
      1295.2000211    3.9480859E-09
      1298.0000211    3.8616492E-09
      1300.7000212    3.7799208E-09
      1303.4000212    3.6998966E-09
      1306.1000212    3.6216141E-09
      1314.3000214    3.3944605E-09
      1330.6000216    2.9873382E-09
      1341.5000218    2.7448306E-09
      1355.1000220    2.4717821E-09
      1360.6000221    2.3698605E-09
      1371.4000223    2.1827529E-09
      1382.3000225    2.0100670E-09
      1390.5000226    1.8899493E-09
      1395.9000227    1.8151196E-09
      1404.1000228    1.7075769E-09
      1406.8000229    1.6736984E-09
      1409.5000229    1.6405495E-09
      1415.0000230    1.5752104E-09
      1417.7000231    1.5441751E-09
      1420.4000231    1.5138035E-09
      1423.1000231    1.4840804E-09
      1425.9000232    1.4539254E-09
      1428.6000232    1.4254775E-09
      1431.3000233    1.3976340E-09
      1436.7000234    1.3437049E-09
      1439.5000234    1.3166362E-09
      1442.2000235    1.2910951E-09
      1444.9000235    1.2660920E-09
      1447.6000235    1.2416147E-09
      1450.4000236    1.2167735E-09
      1453.1000236    1.1933307E-09
      1455.8000237    6.4174439E-09
      1458.5000237    6.3478023E-09
      1461.2000238    6.2598429E-09
      1466.7000239    6.0561960E-09
      1469.4000239    5.9524567E-09
      1472.1000239    5.8487197E-09
      1477.6000240    5.6404783E-09
      1480.3000241    5.5404827E-09
      1488.4000242    5.2508091E-09
      1491.2000242    5.1543614E-09
      1496.6000243    4.9736300E-09
      1551.0000252    3.4879568E-09
      1632.7000266    2.0795352E-09
      1823.1000296    6.7095551E-10
      2340.2000381    4.7289318E-11
      2829.9000460    5.6872705E-12
      3047.6000496    2.4174959E-12
      3700.7000602    2.2102623E-13
      4000.0000650    7.6633212E-14
      4680.3000761    1.6244799E-15
      5006.8000814    0.0000000E+00
      5387.8000876    0.0000000E+00
 
