       80.0000013    3.9470825E-01
        85.0000014    2.4355742E-01
        90.0000015    1.5274119E-01
        95.2390015    9.5203355E-02
       100.6800016    5.9217747E-02
       114.2900019    1.9242834E-02
       119.7300019    1.2558452E-02
       122.4500020    1.0190228E-02
       125.1700020    8.2920445E-03
       127.8900021    6.7661293E-03
       130.6100021    5.5359914E-03
       133.3300022    4.5415740E-03
       136.0600022    3.7329041E-03
       146.9400024    8.1670685E-03
       149.6600024    7.2676530E-03
       155.1000025    5.6862407E-03
       157.8200026    5.0243507E-03
       160.5500026    4.4398904E-03
       165.9900027    3.4800875E-03
       171.4300028    2.7400630E-03
       176.8700029    2.1673446E-03
       179.5900029    1.9308015E-03
       182.3100030    1.7219227E-03
       185.0400030    1.5366022E-03
       187.7600031    1.3731868E-03
       190.4800031    1.2283510E-03
       195.9200032    9.8567002E-04
       198.6400032    8.8414614E-04
       204.0800033    8.2845008E-04
       206.8000034    7.5451785E-04
       209.5300034    6.8775774E-04
       212.2500035    6.2788121E-04
       214.9700035    5.7389773E-04
       220.4100036    4.8106839E-04
       225.8500037    4.0492619E-04
       236.7400038    2.8995244E-04
       247.6200040    2.1030966E-04
       258.5100042    1.5412990E-04
       272.1100044    1.0589832E-04
       285.7200046    7.3642688E-05
       299.3200049    5.1784478E-05
       312.9300051    3.6762816E-05
       340.1400055    1.9027551E-05
       353.7400058    1.3856899E-05
       380.9500062    7.5117023E-06
       394.5600064    5.5879163E-06
       408.1700066    4.1842613E-06
       435.3800071    2.3909786E-06
       462.5900075    1.3986180E-06
       476.1900077    1.0786555E-06
       489.8000080    8.3609547E-07
       503.4000082    6.5147231E-07
       517.0100084    5.0998898E-07
       557.8300091    2.5146915E-07
       571.4300093    2.0039145E-07
       585.0400095    1.6030175E-07
       612.2500100    1.0377160E-07
       666.6700108    4.5341295E-08
       680.2800111    3.7155868E-08
       707.4900115    2.5175044E-08
       734.7000119    1.7246668E-08
       761.9100124    1.1937500E-08
       789.1200128    8.3427087E-09
       816.3300133    5.8833756E-09
       843.5400137    4.1844346E-09
       870.7500142    3.0000222E-09
       911.5700148    1.8468438E-09
       952.3900155    1.1548851E-09
       993.2000162    7.3278178E-10
      1020.4000166    5.4519161E-10
      1061.2000173    3.5356229E-10
      1088.4000177    2.6664787E-10
      1102.0000179    2.3200081E-10
      1115.7000181    2.0189579E-10
      1129.3000184    1.7608365E-10
      1142.9000186    1.5374774E-10
      1156.5000188    1.3439524E-10
      1170.1000190    1.1760649E-10
      1197.3000195    9.0342546E-11
      1210.9000197    7.9302773E-11
      1224.5000199    6.9678742E-11
      1227.2000200    6.7919503E-11
      1229.9000200    6.6207130E-11
      1232.7000200    6.4479380E-11
      1235.4000201    6.2858434E-11
      1238.1000201    6.1280467E-11
      1240.8000202    5.9744265E-11
      1243.5000202    5.8248670E-11
      1246.3000203    5.6739349E-11
      1249.0000203    5.5322979E-11
      1257.2000204    5.4949347E-11
      1259.9000205    5.3597737E-11
      1262.6000205    5.2267884E-11
      1270.8000207    4.8406872E-11
      1281.6000208    4.3756967E-11
      1289.8000210    4.2051061E-11
      1292.5000210    4.1014629E-11
      1295.2000211    4.0000135E-11
      1298.0000211    3.8973096E-11
      1300.7000212    3.8007507E-11
      1303.4000212    3.7066256E-11
      1306.1000212    3.6149042E-11
      1314.3000214    3.3505795E-11
      1330.6000216    2.8835876E-11
      1341.5000218    2.6098471E-11
      1355.1000220    2.3060241E-11
      1360.6000221    2.1939024E-11
      1371.4000223    1.9900311E-11
      1382.3000225    1.8042831E-11
      1390.5000226    1.6765473E-11
      1395.9000227    1.5976184E-11
      1404.1000228    1.4851015E-11
      1406.8000229    1.4498893E-11
      1409.5000229    1.4155470E-11
      1415.0000230    1.3481885E-11
      1417.7000231    1.3163526E-11
      1420.4000231    1.2852991E-11
      1423.1000231    1.2550081E-11
      1425.9000232    1.2243793E-11
      1428.6000232    1.1955809E-11
      1431.3000233    1.1674867E-11
      1436.7000234    1.1133393E-11
      1439.5000234    1.0862975E-11
      1442.2000235    1.0608675E-11
      1444.9000235    1.0360556E-11
      1447.6000235    1.0118460E-11
      1450.4000236    9.8735941E-12
      1453.1000236    9.6432957E-12
      1455.8000237    6.1098161E-11
      1458.5000237    6.0198957E-11
      1461.2000238    5.9118634E-11
      1466.7000239    5.6683189E-11
      1469.4000239    5.5458273E-11
      1472.1000239    5.4240119E-11
      1477.6000240    5.1811683E-11
      1480.3000241    5.0652944E-11
      1488.4000242    4.7322635E-11
      1491.2000242    4.6222665E-11
      1496.6000243    4.4173783E-11
      1551.0000252    2.8027221E-11
      1632.7000266    1.4208114E-11
      1823.1000296    2.9016377E-12
 
