       80.0000013    1.7556384E+00
        85.0000014    1.1557329E+00
        90.0000015    7.6980305E-01
        95.2390015    5.0924480E-01
       100.6800016    3.3599427E-01
       114.2900019    1.2549935E-01
       119.7300019    8.6383753E-02
       122.4500020    7.1948729E-02
       125.1700020    6.0074035E-02
       127.8900021    5.0278373E-02
       130.6100021    4.2176064E-02
       133.3300022    3.5457056E-02
       136.0600022    2.9852623E-02
       146.9400024    3.2661792E-02
       149.6600024    2.9318875E-02
       155.1000025    2.3401406E-02
       157.8200026    2.0895321E-02
       160.5500026    1.8663729E-02
       165.9900027    1.4952654E-02
       171.4300028    1.2040905E-02
       176.8700029    9.7462963E-03
       179.5900029    8.7848976E-03
       182.3100030    7.9277176E-03
       185.0400030    7.1596825E-03
       187.7600031    6.4755799E-03
       190.4800031    5.8630193E-03
       195.9200032    4.8206882E-03
       198.6400032    4.3774457E-03
       204.0800033    3.8055931E-03
       206.8000034    3.4598319E-03
       209.5300034    3.1456780E-03
       212.2500035    2.8637680E-03
       214.9700035    2.6101668E-03
       220.4100036    2.1765681E-03
       225.8500037    1.8242734E-03
       236.7400038    1.3000688E-03
       247.6200040    9.4367133E-04
       258.5100042    6.9592497E-04
       272.1100044    4.8530556E-04
       285.7200046    3.4481892E-04
       299.3200049    2.4902285E-04
       312.9300051    1.8225702E-04
       340.1400055    1.0093962E-04
       353.7400058    7.6160599E-05
       380.9500062    4.4322875E-05
       394.5600064    3.4138066E-05
       408.1700066    2.6444781E-05
       435.3800071    1.6121639E-05
       462.5900075    1.0015538E-05
       476.1900077    7.9463980E-06
       489.8000080    6.3295565E-06
       503.4000082    5.0624626E-06
       517.0100084    4.0638133E-06
       557.8300091    2.1484668E-06
       571.4300093    1.7493878E-06
       585.0400095    1.4288853E-06
       612.2500100    9.6250187E-07
       666.6700108    4.5256863E-07
       680.2800111    3.7736518E-07
       707.4900115    2.6449186E-07
       734.7000119    1.8726372E-07
       761.9100124    1.3386669E-07
       789.1200128    9.6575420E-08
       816.3300133    7.0281949E-08
       843.5400137    5.1572890E-08
       870.7500142    3.8143980E-08
       911.5700148    2.4602345E-08
       952.3900155    1.6119316E-08
       993.2000162    1.0717532E-08
      1020.4000166    8.2271701E-09
      1061.2000173    5.5926308E-09
      1088.4000177    4.3529109E-09
      1102.0000179    3.8476600E-09
      1115.7000181    3.4022403E-09
      1129.3000184    3.0147562E-09
      1142.9000186    2.6745715E-09
      1156.5000188    2.3755233E-09
      1170.1000190    2.1123021E-09
      1197.3000195    1.6756394E-09
      1210.9000197    1.4948144E-09
      1224.5000199    1.3348835E-09
      1227.2000200    1.3053876E-09
      1229.9000200    1.2765942E-09
      1232.7000200    1.2474570E-09
      1235.4000201    1.2200394E-09
      1238.1000201    1.1932711E-09
      1240.8000202    1.1671358E-09
      1243.5000202    1.1416172E-09
      1246.3000203    1.1157884E-09
      1249.0000203    1.0914784E-09
      1257.2000204    1.1841930E-09
      1259.9000205    1.1591685E-09
      1262.6000205    1.1341487E-09
      1270.8000207    1.0603672E-09
      1281.6000208    9.7026975E-10
      1289.8000210    9.7450448E-10
      1292.5000210    9.5354002E-10
      1295.2000211    9.3285057E-10
      1298.0000211    9.1178615E-10
      1300.7000212    8.9189717E-10
      1303.4000212    8.7244179E-10
      1306.1000212    8.5342455E-10
      1314.3000214    7.9831114E-10
      1330.6000216    6.9977790E-10
      1341.5000218    6.4124744E-10
      1355.1000220    5.7550953E-10
      1360.6000221    5.5101995E-10
      1371.4000223    5.0613658E-10
      1382.3000225    4.6480544E-10
      1390.5000226    4.3611306E-10
      1395.9000227    4.1826392E-10
      1404.1000228    3.9264794E-10
      1406.8000229    3.8458756E-10
      1409.5000229    3.7670522E-10
      1415.0000230    3.6118186E-10
      1417.7000231    3.5381481E-10
      1420.4000231    3.4660944E-10
      1423.1000231    3.3956193E-10
      1425.9000232    3.3241621E-10
      1428.6000232    3.2567893E-10
      1431.3000233    3.1908859E-10
      1436.7000234    3.0633496E-10
      1439.5000234    2.9993916E-10
      1442.2000235    2.9390787E-10
      1444.9000235    2.8800703E-10
      1447.6000235    2.8223368E-10
      1450.4000236    2.7637795E-10
      1453.1000236    2.7085514E-10
      1455.8000237    1.5632852E-09
      1458.5000237    1.5453633E-09
      1461.2000238    1.5228540E-09
      1466.7000239    1.4708333E-09
      1469.4000239    1.4443572E-09
      1472.1000239    1.4178961E-09
      1477.6000240    1.3648279E-09
      1480.3000241    1.3393712E-09
      1488.4000242    1.2657351E-09
      1491.2000242    1.2412568E-09
      1496.6000243    1.1954437E-09
      1551.0000252    8.2218782E-10
      1632.7000266    4.7583049E-10
      1823.1000296    1.4300837E-10
      2340.2000381    8.2299020E-12
      2829.9000460    7.6216908E-13
      3047.6000496    2.7213895E-13
      3700.7000602    2.6614036E-15
      4000.0000650    0.0000000E+00
 
