       80.0000013    2.9892494E+18
        85.0000014    2.1681983E+18
        90.0000015    1.5844768E+18
        95.2390015    1.1502917E+18
       100.6800016    8.3279588E+17
       114.2900019    3.8943836E+17
       119.7300019    2.9367086E+17
       122.4500020    2.5632509E+17
       125.1700020    2.2452594E+17
       127.8900021    1.9739240E+17
       130.6100021    1.7418857E+17
       133.3300022    1.5429899E+17
       136.0600022    1.3715018E+17
       146.9400024    9.3722619E+17
       149.6600024    8.6581153E+17
       155.1000025    7.3565128E+17
       157.8200026    6.7796450E+17
       160.5500026    6.2477274E+17
       165.9900027    5.3143493E+17
       171.4300028    4.5266801E+17
       176.8700029    3.8608055E+17
       179.5900029    3.5672133E+17
       182.3100030    3.2969289E+17
       185.0400030    3.0471408E+17
       187.7600031    2.8179083E+17
       190.4800031    2.6066682E+17
       195.9200032    2.2324120E+17
       198.6400032    2.0668254E+17
       204.0800033    3.8155438E+17
       206.8000034    3.6220143E+17
       209.5300034    3.4356199E+17
       212.2500035    3.2590703E+17
       214.9700035    3.0917662E+17
       220.4100036    2.7835303E+17
       225.8500037    2.5074132E+17
       236.7400038    2.0372667E+17
       247.6200040    1.6582869E+17
       258.5100042    1.3513845E+17
       272.1100044    1.0483603E+17
       285.7200046    8.1448471E+16
       299.3200049    6.3382928E+16
       312.9300051    4.9375305E+16
       340.1400055    3.0042935E+16
       353.7400058    2.3448314E+16
       380.9500062    1.4262169E+16
       394.5600064    1.1101379E+16
       408.1700066    8.6218220E+15
       435.3800071    5.1449564E+15
       462.5900075    2.9920764E+15
       476.1900077    2.2435038E+15
       489.8000080    1.6502035E+15
       503.4000082    1.1773093E+15
       517.0100084    7.9336079E+14
 
