       80.0000013    1.1039475E+19
        85.0000014    9.2930734E+18
        90.0000015    7.8157377E+18
        95.2390015    6.5190611E+18
       100.6800016    5.4040595E+18
       114.2900019    3.4051691E+18
       119.7300019    2.8418854E+18
       122.4500020    2.5985118E+18
       125.1700020    2.3773970E+18
       127.8900021    2.1763926E+18
       130.6100021    1.9935607E+18
       133.3300022    1.8271550E+18
       136.0600022    1.6750713E+18
       146.9400024    2.5572029E+18
       149.6600024    2.4539472E+18
       155.1000025    2.2363870E+18
       157.8200026    2.1318074E+18
       160.5500026    2.0317451E+18
       165.9900027    1.8479620E+18
       171.4300028    1.6840253E+18
       176.8700029    1.5377568E+18
       179.5900029    1.4705257E+18
       182.3100030    1.4068713E+18
       185.0400030    1.3463314E+18
       187.7600031    1.2891216E+18
       190.4800031    1.2348060E+18
       195.9200032    1.1341082E+18
       198.6400032    1.0873907E+18
       204.0800033    1.1415448E+18
       206.8000034    1.0967492E+18
       209.5300034    1.0522589E+18
       212.2500035    1.0094526E+18
       214.9700035    9.6853251E+17
       220.4100036    8.9260512E+17
       225.8500037    8.2419790E+17
       236.7400038    7.0690200E+17
       247.6200040    6.1116271E+17
       258.5100042    5.3216411E+17
       272.1100044    4.5179510E+17
       285.7200046    3.8692914E+17
       299.3200049    3.3390900E+17
       312.9300051    2.8993194E+17
       340.1400055    2.2181372E+17
       353.7400058    1.9510495E+17
       380.9500062    1.5214109E+17
       394.5600064    1.3476073E+17
       408.1700066    1.1956353E+17
       435.3800071    9.4514286E+16
       462.5900075    7.5058831E+16
       476.1900077    6.6993879E+16
       489.8000080    5.9847466E+16
       503.4000082    5.3517612E+16
       517.0100084    4.7896870E+16
       557.8300091    3.4522818E+16
       571.4300093    3.1009956E+16
       585.0400095    2.7877147E+16
       612.2500100    2.2590980E+16
       666.6700108    1.4994924E+16
       680.2800111    1.3564181E+16
       707.4900115    1.1129367E+16
       734.7000119    9.1635167E+15
       761.9100124    7.5708897E+15
       789.1200128    6.2762626E+15
       816.3300133    5.2202606E+15
       843.5400137    4.3559805E+15
       870.7500142    3.6462372E+15
       911.5700148    2.8083001E+15
       952.3900155    2.1770815E+15
       993.2000162    1.6982856E+15
      1020.4000166    1.4438617E+15
      1061.2000173    1.1370596E+15
      1088.4000177    9.7247764E+14
      1102.0000179    9.0007798E+14
      1115.7000181    8.3303783E+14
      1129.3000184    7.7182287E+14
      1142.9000186    7.1546149E+14
      1156.5000188    6.6353534E+14
      1170.1000190    6.1566531E+14
      1197.3000195    5.3074807E+14
      1210.9000197    4.9310422E+14
      1224.5000199    4.5831713E+14
      1227.2000200    4.5172986E+14
      1229.9000200    4.4526131E+14
      1232.7000200    4.3864078E+14
      1235.4000201    4.3235664E+14
      1238.1000201    4.2616897E+14
      1240.8000202    4.2007609E+14
      1243.5000202    4.1407645E+14
      1246.3000203    4.0795143E+14
      1249.0000203    4.0213695E+14
      1257.2000204    4.4520608E+14
      1259.9000205    4.3906525E+14
      1262.6000205    4.3280258E+14
      1270.8000207    4.1386439E+14
      1281.6000208    3.8998216E+14
      1289.8000210    3.9971160E+14
      1292.5000210    3.9392514E+14
      1295.2000211    3.8814250E+14
      1298.0000211    3.8219280E+14
      1300.7000212    3.7652244E+14
      1303.4000212    3.7092814E+14
      1306.1000212    3.6541484E+14
      1314.3000214    3.4918134E+14
      1330.6000216    3.1913664E+14
      1341.5000218    3.0058993E+14
      1355.1000220    2.7905015E+14
      1360.6000221    2.7080737E+14
      1371.4000223    2.5536361E+14
      1382.3000225    2.4071943E+14
      1390.5000226    2.3028950E+14
      1395.9000227    2.2368262E+14
      1404.1000228    2.1402990E+14
      1406.8000229    2.1094854E+14
      1409.5000229    2.0791391E+14
      1415.0000230    2.0187366E+14
      1417.7000231    1.9897634E+14
      1420.4000231    1.9612275E+14
      1423.1000231    1.9331217E+14
      1425.9000232    1.9044219E+14
      1428.6000232    1.8771710E+14
      1431.3000233    1.8503295E+14
      1436.7000234    1.7978480E+14
      1439.5000234    1.7712526E+14
      1442.2000235    1.7459973E+14
      1444.9000235    1.7211194E+14
      1447.6000235    1.6966124E+14
      1450.4000236    1.6715833E+14
      1453.1000236    1.6478139E+14
      1455.8000237    9.6848137E+14
      1458.5000237    9.6310481E+14
      1461.2000238    9.5471593E+14
      1466.7000239    9.3319982E+14
      1469.4000239    9.2175783E+14
      1472.1000239    9.1013605E+14
      1477.6000240    8.8641931E+14
      1480.3000241    8.7488276E+14
      1488.4000242    8.4099614E+14
      1491.2000242    8.2956562E+14
      1496.6000243    8.0794663E+14
      1551.0000252    6.1888197E+14
      1632.7000266    4.1354009E+14
      1823.1000296    1.5767478E+14
 
