       80.0000013    8.6543583E+18
        85.0000014    6.9322548E+18
        90.0000015    5.5659263E+18
        95.2390015    4.4360775E+18
       100.6800016    3.5177541E+18
       114.2900019    2.0023459E+18
       119.7300019    1.6087477E+18
       122.4500020    1.4438490E+18
       125.1700020    1.2969357E+18
       127.8900021    1.1659275E+18
       130.6100021    1.0490012E+18
       133.3300022    9.4455649E+17
       136.0600022    8.5086278E+17
       146.9400024    2.0350431E+18
       149.6600024    1.9489686E+18
       155.1000025    1.7626127E+18
       157.8200026    1.6720463E+18
       160.5500026    1.5850696E+18
       165.9900027    1.4248192E+18
       171.4300028    1.2816477E+18
       176.8700029    1.1540283E+18
       179.5900029    1.0954951E+18
       182.3100030    1.0401936E+18
       185.0400030    9.8773644E+17
       187.7600031    9.3831965E+17
       190.4800031    8.9157082E+17
       195.9200032    8.0543865E+17
       198.6400032    7.6576422E+17
       204.0800033    8.2316134E+17
       206.8000034    7.8884977E+17
       209.5300034    7.5611477E+17
       212.2500035    7.2523650E+17
       214.9700035    6.9602323E+17
       220.4100036    6.4219093E+17
       225.8500037    5.9381029E+17
       236.7400038    5.1054273E+17
       247.6200040    4.4180789E+17
       258.5100042    3.8421427E+17
       272.1100044    3.2450667E+17
       285.7200046    2.7534108E+17
       299.3200049    2.3448912E+17
       312.9300051    2.0022969E+17
       340.1400055    1.4693528E+17
       353.7400058    1.2619841E+17
       380.9500062    9.3485547E+16
       394.5600064    8.0622394E+16
       408.1700066    6.9622360E+16
       435.3800071    5.2135517E+16
       462.5900075    3.9254506E+16
       476.1900077    3.4134631E+16
       489.8000080    2.9721120E+16
       503.4000082    2.5917299E+16
       517.0100084    2.2629811E+16
       557.8300091    1.5192669E+16
       571.4300093    1.3340500E+16
       585.0400095    1.1728711E+16
       612.2500100    9.1021782E+15
       666.6700108    5.5632792E+15
       680.2800111    4.9328242E+15
       707.4900115    3.8906442E+15
       734.7000119    3.0805435E+15
       761.9100124    2.4476565E+15
       789.1200128    1.9508466E+15
       816.3300133    1.5591002E+15
       843.5400137    1.2489040E+15
       870.7500142    1.0023311E+15
       911.5700148    7.2255449E+14
       952.3900155    5.2184671E+14
       993.2000162    3.7701538E+14
      1020.4000166    3.0333415E+14
      1061.2000173    2.1828478E+14
      1088.4000177    1.7473694E+14
      1102.0000179    1.5612602E+14
      1115.7000181    1.3922175E+14
      1129.3000184    1.2408386E+14
      1142.9000186    1.1041571E+14
      1156.5000188    9.8067408E+13
      1170.1000190    8.6903999E+13
      1197.3000195    6.7656040E+13
      1210.9000197    5.9360835E+13
      1224.5000199    5.1826007E+13
      1227.2000200    5.0413051E+13
      1229.9000200    4.9026058E+13
      1232.7000200    4.7614423E+13
      1235.4000201    4.6278344E+13
      1238.1000201    4.4966311E+13
      1240.8000202    4.3677716E+13
      1243.5000202    4.2411934E+13
      1246.3000203    4.1122722E+13
      1249.0000203    3.9901538E+13
      1257.2000204    3.8352888E+13
      1259.9000205    3.7148053E+13
      1262.6000205    3.5955499E+13
      1270.8000207    3.2433009E+13
      1281.6000208    2.8029684E+13
      1289.8000210    2.5551230E+13
      1292.5000210    2.4498389E+13
      1295.2000211    2.3454395E+13
      1298.0000211    2.2381112E+13
      1300.7000212    2.1354508E+13
      1303.4000212    2.0334940E+13
      1306.1000212    1.9320902E+13
      1314.3000214    1.6254109E+13
      1330.6000216    9.8570559E+12
      1341.5000218    3.9460269E+12
 
