       80.0000013    1.0475207E+19
        85.0000014    8.6837614E+18
        90.0000015    7.1991645E+18
        95.2390015    5.9211280E+18
       100.6800016    4.8422481E+18
       114.2900019    2.9598394E+18
       119.7300019    2.4429282E+18
       122.4500020    2.2216948E+18
       125.1700020    2.0218772E+18
       127.8900021    1.8412672E+18
       130.6100021    1.6778942E+18
       133.3300022    1.5300014E+18
       136.0600022    1.3955525E+18
       146.9400024    2.3921418E+18
       149.6600024    2.2970857E+18
       155.1000025    2.0931608E+18
       157.8200026    1.9942630E+18
       160.5500026    1.8992826E+18
       165.9900027    1.7241182E+18
       171.4300028    1.5672415E+18
       176.8700029    1.4268839E+18
       179.5900029    1.3622770E+18
       182.3100030    1.3010676E+18
       185.0400030    1.2428276E+18
       187.7600031    1.1877786E+18
       190.4800031    1.1355124E+18
       195.9200032    1.0386438E+18
       198.6400032    9.9373236E+17
       204.0800033    1.0350836E+18
       206.8000034    9.9281200E+17
       209.5300034    9.5168270E+17
       212.2500035    9.1252841E+17
       214.9700035    8.7532842E+17
       220.4100036    8.0666069E+17
       225.8500037    7.4503588E+17
       236.7400038    6.3963903E+17
       247.6200040    5.5366719E+17
       258.5100042    4.8260331E+17
       272.1100044    4.1001679E+17
       285.7200046    3.5107908E+17
       299.3200049    3.0258498E+17
       312.9300051    2.6210797E+17
       340.1400055    1.9897786E+17
       353.7400058    1.7412390E+17
       380.9500062    1.3415264E+17
       394.5600064    1.1803738E+17
       408.1700066    1.0400038E+17
       435.3800071    8.1035562E+16
       462.5900075    6.3417550E+16
       476.1900077    5.6191100E+16
       489.8000080    4.9834110E+16
       503.4000082    4.4244550E+16
       517.0100084    3.9318274E+16
       557.8300091    2.7763463E+16
       571.4300093    2.4774699E+16
       585.0400095    2.2128494E+16
       612.2500100    1.7709590E+16
       666.6700108    1.1482639E+16
       680.2800111    1.0329519E+16
       707.4900115    8.3846384E+15
       734.7000119    6.8325768E+15
       761.9100124    5.5890071E+15
       789.1200128    4.5886690E+15
       816.3300133    3.7808203E+15
       843.5400137    3.1258853E+15
       870.7500142    2.5929013E+15
       911.5700148    1.9702133E+15
       952.3900155    1.5068173E+15
       993.2000162    1.1593431E+15
      1020.4000166    9.7642531E+14
      1061.2000173    7.5780094E+14
      1088.4000177    6.4156564E+14
      1102.0000179    5.9071611E+14
      1115.7000181    5.4379977E+14
      1129.3000184    5.0111460E+14
      1142.9000186    4.6195618E+14
      1156.5000188    4.2601113E+14
      1170.1000190    3.9299622E+14
      1197.3000195    3.3475603E+14
      1210.9000197    3.0908829E+14
      1224.5000199    2.8546131E+14
      1227.2000200    2.8099805E+14
      1229.9000200    2.7660707E+14
      1232.7000200    2.7212847E+14
      1235.4000201    2.6788089E+14
      1238.1000201    2.6370183E+14
      1240.8000202    2.5959014E+14
      1243.5000202    2.5554465E+14
      1246.3000203    2.5141804E+14
      1249.0000203    2.4750390E+14
      1257.2000204    2.6491021E+14
      1259.9000205    2.6087455E+14
      1262.6000205    2.5679846E+14
      1270.8000207    2.4457186E+14
      1281.6000208    2.2923747E+14
      1289.8000210    2.3103359E+14
      1292.5000210    2.2736500E+14
      1295.2000211    2.2371478E+14
      1298.0000211    2.1996917E+14
      1300.7000212    2.1640584E+14
      1303.4000212    2.1289494E+14
      1306.1000212    2.0943861E+14
      1314.3000214    1.9928036E+14
      1330.6000216    1.8054923E+14
      1341.5000218    1.6903429E+14
      1355.1000220    1.5570672E+14
      1360.6000221    1.5062398E+14
      1371.4000223    1.4112580E+14
      1382.3000225    1.3215132E+14
      1390.5000226    1.2577983E+14
      1395.9000227    1.2175306E+14
      1404.1000228    1.1588351E+14
      1406.8000229    1.1401336E+14
      1409.5000229    1.1217330E+14
      1415.0000230    1.0851598E+14
      1417.7000231    1.0676420E+14
      1420.4000231    1.0504051E+14
      1423.1000231    1.0334443E+14
      1425.9000232    1.0161420E+14
      1428.6000232    9.9972930E+13
      1431.3000233    9.8357637E+13
      1436.7000234    9.5204460E+13
      1439.5000234    9.3608946E+13
      1442.2000235    9.2095356E+13
      1444.9000235    9.0605850E+13
      1447.6000235    8.9140016E+13
      1450.4000236    8.7644478E+13
      1453.1000236    8.6225654E+13
      1455.8000237    5.2517914E+14
      1458.5000237    5.2125082E+14
      1461.2000238    5.1567478E+14
      1466.7000239    5.0191810E+14
      1469.4000239    4.9470547E+14
      1472.1000239    4.8741212E+14
      1477.6000240    4.7259002E+14
      1480.3000241    4.6540098E+14
      1488.4000242    4.4434400E+14
      1491.2000242    4.3725925E+14
      1496.6000243    4.2388378E+14
      1551.0000252    3.0839805E+14
      1632.7000266    1.8666112E+14
      1823.1000296    3.9223000E+13
 
