       12.5000002    3.2166295E+18
        15.0000002    2.7111359E+18
        20.0000003    2.3941110E+18
        25.0000004    2.2854221E+18
        30.0000005    2.8875817E+18
        35.0000006    2.6789452E+18
        40.0000007    2.2911270E+18
        45.0000007    1.8415315E+18
        50.0000008    1.4326210E+18
        55.0000009    1.1229563E+18
        60.0000010    9.2486843E+17
        65.0000011    8.0918565E+17
        70.0000011    7.3597790E+17
        75.0000012    4.1682717E+18
        80.0000013    4.6278016E+18
        85.0000014    4.6792768E+18
        90.0000015    4.7175283E+18
        95.2390015    4.6711822E+18
       100.6800016    4.4062775E+18
       114.2900019    3.5180713E+18
       119.7300019    3.1735116E+18
       122.4500020    3.0068490E+18
       125.1700020    2.8444993E+18
       127.8900021    2.6868516E+18
       130.6100021    2.5342542E+18
       133.3300022    2.3870029E+18
       136.0600022    2.2448255E+18
       146.9400024    1.7367359E+18
       149.6600024    1.6245095E+18
       155.1000025    1.4174026E+18
       157.8200026    1.3222670E+18
       160.5500026    1.2322114E+18
       165.9900027    1.5323353E+18
       171.4300028    1.3879350E+18
       176.8700029    1.4542561E+18
       179.5900029    1.3925366E+18
       182.3100030    1.3275729E+18
       185.0400030    1.2627303E+18
       187.7600031    1.2001785E+18
       190.4800031    1.1404161E+18
       195.9200032    1.0298071E+18
       198.6400032    9.7869166E+17
       204.0800033    8.8411517E+17
       206.8000034    8.4039495E+17
       209.5300034    7.9871699E+17
       212.2500035    7.5924789E+17
       214.9700035    7.2170040E+17
       220.4100036    6.5190141E+17
       225.8500037    5.8847841E+17
       236.7400038    5.3891796E+17
       247.6200040    4.3643578E+17
       258.5100042    3.5362201E+17
       272.1100044    2.7228325E+17
       285.7200046    2.0895176E+17
       299.3200049    1.5830896E+17
       312.9300051    1.1611945E+17
       340.1400055    4.0619099E+16
 
