       12.5000002    3.5791635E+18
        15.0000002    4.9499480E+18
        20.0000003    3.1762662E+18
        25.0000004    1.7756959E+18
        30.0000005    2.0164206E+18
        35.0000006    1.9129536E+18
        40.0000007    1.6632377E+18
        45.0000007    1.3375464E+18
        50.0000008    1.0142812E+18
        55.0000009    7.6651285E+17
        60.0000010    6.0513718E+17
        65.0000011    4.9499866E+17
        70.0000011    4.0067235E+17
        75.0000012    1.9203222E+18
        80.0000013    1.2196283E+18
        85.0000014    4.4581297E+17
 
