       12.5000002    5.0580240E+18
        15.0000002    4.9512273E+18
        20.0000003    2.2768657E+18
        25.0000004    1.9494634E+18
        30.0000005    2.4920667E+18
        35.0000006    2.5073794E+18
        40.0000007    2.4969145E+18
        45.0000007    2.4089442E+18
        50.0000008    2.1799838E+18
        55.0000009    1.8234469E+18
        60.0000010    1.4289473E+18
        65.0000011    1.0879452E+18
        70.0000011    8.3752199E+17
        75.0000012    3.4913433E+18
        80.0000013    3.7402678E+18
        85.0000014    3.8667105E+18
        90.0000015    4.1215782E+18
        95.2390015    4.1277516E+18
       100.6800016    3.8152762E+18
       114.2900019    3.1636633E+18
       119.7300019    2.9846941E+18
       122.4500020    2.9021970E+18
       125.1700020    2.8223787E+18
       127.8900021    2.7442694E+18
       130.6100021    2.6671978E+18
       133.3300022    2.5907199E+18
       136.0600022    2.5142884E+18
       146.9400024    2.2115221E+18
       149.6600024    2.1365465E+18
       155.1000025    1.9883314E+18
       157.8200026    1.9153997E+18
       160.5500026    1.8431953E+18
       165.9900027    2.1829773E+18
       171.4300028    2.0701472E+18
       176.8700029    2.1329257E+18
       179.5900029    2.0814441E+18
       182.3100030    2.0162465E+18
       185.0400030    1.9434503E+18
       187.7600031    1.8684136E+18
       190.4800031    1.7942978E+18
       195.9200032    1.6529390E+18
       198.6400032    1.5854907E+18
       204.0800033    1.4583436E+18
       206.8000034    1.3990832E+18
       209.5300034    1.3424644E+18
       212.2500035    1.2887791E+18
       214.9700035    1.2376769E+18
       220.4100036    1.1426824E+18
       225.8500037    1.0564623E+18
       236.7400038    1.0668306E+18
       247.6200040    9.2892425E+17
       258.5100042    8.0283089E+17
       272.1100044    6.6820345E+17
       285.7200046    5.5695085E+17
       299.3200049    4.6538743E+17
       312.9300051    3.9006501E+17
       340.1400055    2.7738624E+17
       353.7400058    2.3550230E+17
       380.9500062    1.7193347E+17
       394.5600064    1.4769566E+17
       408.1700066    1.2719577E+17
       435.3800071    9.4660246E+16
       462.5900075    7.0148954E+16
       476.1900077    6.0058993E+16
       489.8000080    5.1087171E+16
       503.4000082    4.3064271E+16
       517.0100084    3.5823672E+16
       557.8300091    1.7349174E+16
       571.4300093    1.1494438E+16
       585.0400095    3.6774849E+15
 
