       12.5000002    2.3442506E+18
        15.0000002    3.7838948E+18
        20.0000003    3.2236507E+18
        25.0000004    2.5897847E+18
        30.0000005    2.2550010E+18
        35.0000006    1.6657168E+18
        40.0000007    1.4196518E+18
        45.0000007    1.2961178E+18
        50.0000008    1.2082706E+18
        55.0000009    1.1088281E+18
        60.0000010    9.7400478E+17
        65.0000011    8.1913706E+17
        70.0000011    6.7133349E+17
        75.0000012    5.2552164E+18
        80.0000013    5.4776982E+18
        85.0000014    5.0238138E+18
        90.0000015    4.4583949E+18
        95.2390015    3.7930262E+18
       100.6800016    3.0631957E+18
       114.2900019    1.6434017E+18
       119.7300019    1.2517166E+18
       122.4500020    1.0869439E+18
       125.1700020    9.4059605E+17
       127.8900021    8.1104534E+17
       130.6100021    6.9674389E+17
       133.3300022    5.9622846E+17
       136.0600022    5.0781982E+17
       146.9400024    2.5515461E+17
       149.6600024    2.1151125E+17
       155.1000025    1.4120351E+17
       157.8200026    1.1293936E+17
       160.5500026    8.8156995E+16
       165.9900027    1.7263724E+17
 
