       12.5000002    3.0012555E+18
        15.0000002    4.3349469E+18
        20.0000003    3.4773026E+18
        25.0000004    2.2690517E+18
        30.0000005    1.8305644E+18
        35.0000006    1.6219330E+18
        40.0000007    1.5307874E+18
        45.0000007    1.4116420E+18
        50.0000008    1.2453471E+18
        55.0000009    1.0349697E+18
        60.0000010    8.2300782E+17
        65.0000011    6.5019002E+17
        70.0000011    5.2713292E+17
        75.0000012    4.4318513E+18
        80.0000013    4.2202981E+18
        85.0000014    3.4570867E+18
        90.0000015    2.6829216E+18
        95.2390015    1.9598197E+18
       100.6800016    1.3418503E+18
       114.2900019    4.0772530E+17
       119.7300019    2.0400888E+17
       122.4500020    1.1928576E+17
 
