       80.0000013    2.4886591E-02
        85.0000014    1.3876299E-02
        90.0000015    7.9009598E-03
        95.2390015    4.4753188E-03
       100.6800016    2.5381560E-03
       114.2900019    6.8258093E-04
       119.7300019    4.2193930E-04
       122.4500020    3.3500549E-04
       125.1700020    2.6775117E-04
       127.8900021    2.1542987E-04
       130.6100021    1.7449341E-04
       133.3300022    1.4227816E-04
       136.0600022    1.1669275E-04
       146.9400024    6.8102026E-04
       149.6600024    5.8114156E-04
       155.1000025    4.2367479E-04
       157.8200026    3.6250803E-04
       160.5500026    3.1049849E-04
       165.9900027    2.2915537E-04
       171.4300028    1.7016093E-04
       176.8700029    1.2708161E-04
       179.5900029    1.1004813E-04
       182.3100030    9.5423071E-05
       185.0400030    8.2804843E-05
       187.7600031    7.1982606E-05
       190.4800031    6.2651277E-05
       195.9200032    4.7630001E-05
       198.6400032    4.1601415E-05
       204.0800033    7.1756527E-05
       206.8000034    6.4461725E-05
       209.5300034    5.7890182E-05
       212.2500035    5.2036765E-05
       214.9700035    4.6807207E-05
       220.4100036    3.7955069E-05
       225.8500037    3.0865904E-05
       236.7400038    2.0570729E-05
       247.6200040    1.3851471E-05
       258.5100042    9.4092647E-06
       272.1100044    5.8749997E-06
       285.7200046    3.7128186E-06
       299.3200049    2.3746584E-06
       312.9300051    1.5350458E-06
       340.1400055    6.6149551E-07
       353.7400058    4.4046595E-07
       380.9500062    2.0026739E-07
       394.5600064    1.3660453E-07
       408.1700066    9.3840555E-08
       435.3800071    4.5146322E-08
       462.5900075    2.2194273E-08
       476.1900077    1.5667169E-08
       489.8000080    1.1096819E-08
       503.4000082    7.8851192E-09
       517.0100084    5.6145413E-09
       557.8300091    2.0412936E-09
       571.4300093    1.4567419E-09
       585.0400095    1.0376825E-09
       612.2500100    5.2197402E-10
       666.6700108    1.2199182E-10
       680.2800111    8.2121254E-11
       707.4900115    3.4241280E-11
       734.7000119    1.0627541E-11
 
