       80.0000013    3.3624856E+00
        85.0000014    2.3013432E+00
        90.0000015    1.5882102E+00
        95.2390015    1.0867779E+00
       100.6800016    7.4032760E-01
       114.2900019    2.9634783E-01
       119.7300019    2.0907678E-01
       122.4500020    1.7622285E-01
       125.1700020    1.4886296E-01
       127.8900021    1.2602352E-01
       130.6100021    1.0691263E-01
       133.3300022    9.0884604E-02
       136.0600022    7.7366419E-02
       146.9400024    6.6862717E-02
       149.6600024    5.9650309E-02
       155.1000025    4.7294054E-02
       157.8200026    4.2158663E-02
       160.5500026    3.7621517E-02
       165.9900027    3.0138629E-02
       171.4300028    2.4312932E-02
       176.8700029    1.9744229E-02
       179.5900029    1.7834382E-02
       182.3100030    1.6133010E-02
       185.0400030    1.4609220E-02
       187.7600031    1.3251982E-02
       190.4800031    1.2036250E-02
       195.9200032    9.9650891E-03
       198.6400032    9.0826731E-03
       204.0800033    8.4494520E-03
       206.8000034    7.7150175E-03
       209.5300034    7.0286482E-03
       212.2500035    6.4036348E-03
       214.9700035    5.8366735E-03
       220.4100036    4.8608305E-03
       225.8500037    4.0644296E-03
       236.7400038    2.8775856E-03
       247.6200040    2.0726905E-03
       258.5100042    1.5166580E-03
       272.1100044    1.0485469E-03
       285.7200046    7.4023858E-04
       299.3200049    5.3264934E-04
       312.9300051    3.8956892E-04
       340.1400055    2.1719499E-04
       353.7400058    1.6496540E-04
       380.9500062    9.7727752E-05
       394.5600064    7.6060896E-05
       408.1700066    5.9575366E-05
       435.3800071    3.7166257E-05
       462.5900075    2.3632065E-05
       476.1900077    1.8964749E-05
       489.8000080    1.5275611E-05
       503.4000082    1.2351139E-05
       517.0100084    1.0019885E-05
       557.8300091    5.4562361E-06
       571.4300093    4.4834665E-06
       585.0400095    3.6943504E-06
       612.2500100    2.5299050E-06
       666.6700108    1.2246555E-06
       680.2800111    1.0278371E-06
       707.4900115    7.2925758E-07
       734.7000119    5.2214210E-07
       761.9100124    3.7711766E-07
       789.1200128    2.7464884E-07
       816.3300133    2.0161980E-07
       843.5400137    1.4913954E-07
       870.7500142    1.1112420E-07
       911.5700148    7.2397604E-08
       952.3900155    4.7861150E-08
       993.2000162    3.2078088E-08
      1020.4000166    2.4744670E-08
      1061.2000173    1.6934006E-08
      1088.4000177    1.3234502E-08
      1102.0000179    1.1721244E-08
      1115.7000181    1.0384134E-08
      1129.3000184    9.2183656E-09
      1142.9000186    8.1927150E-09
      1156.5000188    7.2892248E-09
      1170.1000190    6.4923817E-09
      1197.3000195    5.1667448E-09
      1210.9000197    4.6162349E-09
      1224.5000199    4.1284718E-09
      1227.2000200    4.0384185E-09
      1229.9000200    3.9504804E-09
      1232.7000200    3.8614618E-09
      1235.4000201    3.7776684E-09
      1238.1000201    3.6958321E-09
      1240.8000202    3.6159040E-09
      1243.5000202    3.5378365E-09
      1246.3000203    3.4587930E-09
      1249.0000203    3.3843732E-09
      1257.2000204    3.8666927E-09
      1259.9000205    3.7863970E-09
      1262.6000205    3.7055350E-09
      1270.8000207    3.4658540E-09
      1281.6000208    3.1724832E-09
      1289.8000210    3.2518719E-09
      1292.5000210    3.1823588E-09
      1295.2000211    3.1135772E-09
      1298.0000211    3.0434553E-09
      1300.7000212    2.9771989E-09
      1303.4000212    2.9123619E-09
      1306.1000212    2.8489697E-09
      1314.3000214    2.6652089E-09
      1330.6000216    2.3365787E-09
      1341.5000218    2.1413142E-09
      1355.1000220    1.9219557E-09
      1360.6000221    1.8402240E-09
      1371.4000223    1.6904113E-09
      1382.3000225    1.5524344E-09
      1390.5000226    1.4566387E-09
      1395.9000227    1.3970410E-09
      1404.1000228    1.3115046E-09
      1406.8000229    1.2845881E-09
      1409.5000229    1.2582656E-09
      1415.0000230    1.2064247E-09
      1417.7000231    1.1818214E-09
      1420.4000231    1.1577576E-09
      1423.1000231    1.1342203E-09
      1425.9000232    1.1103548E-09
      1428.6000232    1.0878530E-09
      1431.3000233    1.0658416E-09
      1436.7000234    1.0232442E-09
      1439.5000234    1.0018816E-09
      1442.2000235    9.8173614E-10
      1444.9000235    9.6202624E-10
      1447.6000235    9.4274188E-10
      1450.4000236    9.2318214E-10
      1453.1000236    9.0473429E-10
      1455.8000237    4.9221467E-09
      1458.5000237    4.8653455E-09
      1461.2000238    4.7945008E-09
      1466.7000239    4.6315800E-09
      1469.4000239    4.5488378E-09
      1472.1000239    4.4661941E-09
      1477.6000240    4.3005164E-09
      1480.3000241    4.2210493E-09
      1488.4000242    3.9911452E-09
      1491.2000242    3.9146975E-09
      1496.6000243    3.7715804E-09
      1551.0000252    2.6030553E-09
      1632.7000266    1.5135582E-09
      1823.1000296    4.5896550E-10
      2340.2000381    2.6868343E-11
      2829.9000460    2.5710577E-12
      3047.6000496    9.4742443E-13
      3700.7000602    3.5576028E-14
      4000.0000650    0.0000000E+00
 
