       80.0000013    7.6738782E-02
        85.0000014    4.4517796E-02
        90.0000015    2.6319509E-02
        95.2390015    1.5462162E-02
       100.6800016    9.0696542E-03
       114.2900019    2.5831754E-03
       119.7300019    1.6116047E-03
       122.4500020    1.2811762E-03
       125.1700020    1.0229180E-03
       127.8900021    8.2029926E-04
       130.6100021    6.6073076E-04
       133.3300022    5.3458998E-04
       136.0600022    4.3416818E-04
       146.9400024    1.9174591E-03
       149.6600024    1.6626428E-03
       155.1000025    1.2455941E-03
       157.8200026    1.0791394E-03
       160.5500026    9.3556644E-04
       165.9900027    7.0672919E-04
       171.4300028    5.3671427E-04
       176.8700029    4.0968158E-04
       179.5900029    3.5858509E-04
       182.3100030    3.1423062E-04
       185.0400030    2.7554613E-04
       187.7600031    2.4201143E-04
       190.4800031    2.1279053E-04
       195.9200032    1.6503257E-04
       198.6400032    1.4556371E-04
       204.0800033    1.9107942E-04
       206.8000034    1.7291604E-04
       209.5300034    1.5649348E-04
       212.2500035    1.4179017E-04
       214.9700035    1.2857540E-04
       220.4100036    1.0598895E-04
       225.8500037    8.7644861E-05
       236.7400038    6.0424685E-05
       247.6200040    4.2099779E-05
       258.5100042    2.9592416E-05
       272.1100044    1.9278503E-05
       285.7200046    1.2706727E-05
       299.3200049    8.4710437E-06
       312.9300051    5.7042666E-06
       340.1400055    2.6621681E-06
       353.7400058    1.8430624E-06
       380.9500062    9.0470439E-07
       394.5600064    6.4095167E-07
       408.1700066    4.5729681E-07
       435.3800071    2.3749097E-07
       462.5900075    1.2638479E-07
       476.1900077    9.2991037E-08
       489.8000080    6.8768216E-08
       503.4000082    5.1123159E-08
       517.0100084    3.8179813E-08
       557.8300091    1.6330659E-08
       571.4300093    1.2404483E-08
       585.0400095    9.4541255E-09
       612.2500100    5.5467009E-09
       666.6700108    1.9714212E-09
       680.2800111    1.5299236E-09
       707.4900115    9.2555791E-10
       734.7000119    5.6209332E-10
       761.9100124    3.4184902E-10
       789.1200128    2.0764966E-10
       816.3300133    1.2559868E-10
       843.5400137    7.5371258E-11
       870.7500142    4.4660060E-11
       911.5700148    1.9575350E-11
       952.3900155    7.8395831E-12
       993.2000162    2.4548699E-12
      1020.4000166    2.7977994E-13
 
