       80.0000013    1.8622138E-01
        85.0000014    1.1140074E-01
        90.0000015    6.7841381E-02
        95.2390015    4.1065246E-02
       100.6800016    2.4813136E-02
       114.2900019    7.5454973E-03
       119.7300019    4.8088580E-03
       122.4500020    3.8586319E-03
       125.1700020    3.1065086E-03
       127.8900021    2.5092573E-03
       130.6100021    2.0334886E-03
       133.3300022    1.6533216E-03
       136.0600022    1.3476233E-03
       146.9400024    4.2100935E-03
       149.6600024    3.7025604E-03
       155.1000025    2.8395907E-03
       157.8200026    2.4861975E-03
       160.5500026    2.1774522E-03
       165.9900027    1.6772167E-03
       171.4300028    1.2979137E-03
       176.8700029    1.0090121E-03
       179.5900029    8.9112966E-04
       182.3100030    7.8785751E-04
       185.0400030    6.9696322E-04
       187.7600031    6.1745523E-04
       190.4800031    5.4755452E-04
       195.9200032    4.3182593E-04
       198.6400032    3.8401497E-04
       204.0800033    4.1134335E-04
       206.8000034    3.7365782E-04
       209.5300034    3.3958140E-04
       212.2500035    3.0902188E-04
       214.9700035    2.8148969E-04
       220.4100036    2.3423017E-04
       225.8500037    1.9559289E-04
       236.7400038    1.3762909E-04
       247.6200040    9.7943150E-05
       258.5100042    7.0351605E-05
       272.1100044    4.7100013E-05
       285.7200046    3.1904798E-05
       299.3200049    2.1855692E-05
       312.9300051    1.5119743E-05
       340.1400055    7.4414847E-06
       353.7400058    5.2883056E-06
       380.9500062    2.7328570E-06
       394.5600064    1.9857141E-06
       408.1700066    1.4525868E-06
       435.3800071    7.9235184E-07
       462.5900075    4.4240113E-07
       476.1900077    3.3329309E-07
       489.8000080    2.5232316E-07
       503.4000082    1.9199690E-07
       517.0100084    1.4674958E-07
       557.8300091    6.7284901E-08
       571.4300093    5.2317201E-08
       585.0400095    4.0828098E-08
       612.2500100    2.5143235E-08
       666.6700108    9.9248982E-09
       680.2800111    7.9262197E-09
       707.4900115    5.0981019E-09
       734.7000119    3.3128076E-09
       761.9100124    2.1728161E-09
       789.1200128    1.4370887E-09
       816.3300133    9.5756758E-10
       843.5400137    6.4219513E-10
       870.7500142    4.3306758E-10
       911.5700148    2.4176477E-10
       952.3900155    1.3587184E-10
       993.2000162    7.6598693E-11
      1020.4000166    5.2261643E-11
      1061.2000173    2.9339808E-11
      1088.4000177    1.9869563E-11
      1102.0000179    1.6315855E-11
      1115.7000181    1.3353591E-11
      1129.3000184    1.0921349E-11
      1142.9000186    8.9092908E-12
      1156.5000188    7.2460150E-12
      1170.1000190    5.8722649E-12
      1197.3000195    3.8047889E-12
      1210.9000197    3.0361263E-12
      1224.5000199    2.4045015E-12
      1227.2000200    2.2932767E-12
      1229.9000200    2.1863444E-12
      1232.7000200    2.0798153E-12
      1235.4000201    1.9811396E-12
      1238.1000201    1.8862893E-12
      1240.8000202    1.7951207E-12
      1243.5000202    1.7074955E-12
      1246.3000203    1.6202246E-12
      1249.0000203    1.5394085E-12
      1257.2000204    1.3527670E-12
      1259.9000205    1.2817744E-12
      1262.6000205    1.2134177E-12
      1270.8000207    1.0215087E-12
      1281.6000208    8.0160986E-13
      1289.8000210    6.6678157E-13
      1292.5000210    6.2175780E-13
      1295.2000211    5.7834640E-13
      1298.0000211    5.3494633E-13
      1300.7000212    4.9456251E-13
      1303.4000212    4.5551318E-13
      1306.1000212    4.1768249E-13
      1314.3000214    3.0877883E-13
      1330.6000216    8.1382173E-14
 
