       80.0000013    6.0323073E-05
        85.0000014    3.5134668E-05
        90.0000015    2.1178288E-05
        95.2390015    1.2771485E-05
       100.6800016    7.6873521E-06
       114.2900019    2.2538616E-06
       119.7300019    1.3919171E-06
       122.4500020    1.0945248E-06
       125.1700020    8.6073175E-07
       127.8900021    6.7675086E-07
       130.6100021    5.3185738E-07
       133.3300022    4.1768541E-07
       136.0600022    3.2740004E-07
       146.9400024    3.7030833E-07
       149.6600024    2.7604870E-07
       155.1000025    1.5178648E-07
       157.8200026    1.1184458E-07
       160.5500026    8.1874632E-08
       165.9900027    4.3030479E-08
       171.4300028    2.1656087E-08
       176.8700029    1.0091069E-08
       179.5900029    6.5312857E-09
       182.3100030    3.9377368E-09
       185.0400030    1.9940802E-09
 
