       80.0000013    1.1472715E+00
        85.0000014    7.3951006E-01
        90.0000015    4.8294401E-01
        95.2390015    3.1328461E-01
       100.6800016    2.0271386E-01
       114.2900019    7.2272308E-02
       119.7300019    4.8852224E-02
       122.4500020    4.0324233E-02
       125.1700020    3.3368792E-02
       127.8900021    2.7680065E-02
       130.6100021    2.3014853E-02
       133.3300022    1.9179117E-02
       136.0600022    1.6007004E-02
       146.9400024    2.1030078E-02
       149.6600024    1.8873189E-02
       155.1000025    1.5017481E-02
       157.8200026    1.3380121E-02
       160.5500026    1.1922246E-02
       165.9900027    9.5009552E-03
       171.4300028    7.6065618E-03
       176.8700029    6.1191139E-03
       179.5900029    5.4978714E-03
       182.3100030    4.9452102E-03
       185.0400030    4.4511873E-03
       187.7600031    4.0122308E-03
       190.4800031    3.6201784E-03
       195.9200032    2.9556744E-03
       198.6400032    2.6742939E-03
       204.0800033    2.2917041E-03
       206.8000034    2.0830689E-03
       209.5300034    1.8949112E-03
       212.2500035    1.7266014E-03
       214.9700035    1.5753662E-03
       220.4100036    1.3167404E-03
       225.8500037    1.1062262E-03
       236.7400038    7.9162349E-04
       247.6200040    5.7618361E-04
       258.5100042    4.2530382E-04
       272.1100044    2.9609643E-04
       285.7200046    2.0939700E-04
       299.3200049    1.5010875E-04
       312.9300051    1.0880683E-04
       340.1400055    5.8818739E-05
       353.7400058    4.3775286E-05
       380.9500062    2.4746774E-05
       394.5600064    1.8779465E-05
       408.1700066    1.4333344E-05
       435.3800071    8.4875228E-06
       462.5900075    5.1277839E-06
       476.1900077    4.0143045E-06
       489.8000080    3.1561956E-06
       503.4000082    2.4927519E-06
       517.0100084    1.9767024E-06
       557.8300091    1.0096637E-06
       571.4300093    8.1327568E-07
       585.0400095    6.5732570E-07
       612.2500100    4.3389676E-07
       666.6700108    1.9637866E-07
       680.2800111    1.6224537E-07
       707.4900115    1.1166698E-07
       734.7000119    7.7650292E-08
       761.9100124    5.4519273E-08
       789.1200128    3.8626958E-08
       816.3300133    2.7601331E-08
       843.5400137    1.9881721E-08
       870.7500142    1.4429987E-08
       911.5700148    9.0413890E-09
       952.3900155    5.7498672E-09
       993.2000162    3.7076553E-09
      1020.4000166    2.7873699E-09
      1061.2000173    1.8352867E-09
      1088.4000177    1.3978707E-09
      1102.0000179    1.2221891E-09
      1115.7000181    1.0688025E-09
      1129.3000184    9.3666197E-10
      1142.9000186    8.2178214E-10
      1156.5000188    7.2178519E-10
      1170.1000190    6.3463823E-10
      1197.3000195    4.9217824E-10
      1210.9000197    4.3409137E-10
      1224.5000199    3.8323575E-10
      1227.2000200    3.7391468E-10
      1229.9000200    3.6483408E-10
      1232.7000200    3.5566411E-10
      1235.4000201    3.4705316E-10
      1238.1000201    3.3866332E-10
      1240.8000202    3.3048847E-10
      1243.5000202    3.2252287E-10
      1246.3000203    3.1447717E-10
      1249.0000203    3.0692038E-10
      1257.2000204    3.1828898E-10
      1259.9000205    3.1079789E-10
      1262.6000205    3.0337696E-10
      1270.8000207    2.8169847E-10
      1281.6000208    2.5547120E-10
      1289.8000210    2.5067456E-10
      1292.5000210    2.4471361E-10
      1295.2000211    2.3885971E-10
      1298.0000211    2.3292118E-10
      1300.7000212    2.2733013E-10
      1303.4000212    2.2187427E-10
      1306.1000212    2.1655319E-10
      1314.3000214    2.0119653E-10
      1330.6000216    1.7398705E-10
      1341.5000218    1.5798654E-10
      1355.1000220    1.4017751E-10
      1360.6000221    1.3359047E-10
      1371.4000223    1.2159046E-10
      1382.3000225    1.1062914E-10
      1390.5000226    1.0307401E-10
      1395.9000227    9.8398012E-11
      1404.1000228    9.1721263E-11
      1406.8000229    8.9628985E-11
      1409.5000229    8.7587063E-11
      1415.0000230    8.3578047E-11
      1417.7000231    8.1681342E-11
      1420.4000231    7.9830018E-11
      1423.1000231    7.8022942E-11
      1425.9000232    7.6194474E-11
      1428.6000232    7.4474094E-11
      1431.3000233    7.2794652E-11
      1436.7000234    6.9554335E-11
      1439.5000234    6.7934484E-11
      1442.2000235    6.6410127E-11
      1444.9000235    6.4921797E-11
      1447.6000235    6.3468591E-11
      1450.4000236    6.1997726E-11
      1453.1000236    6.0613382E-11
      1455.8000237    3.6679557E-10
      1458.5000237    3.6176298E-10
      1461.2000238    3.5565464E-10
      1466.7000239    3.4180658E-10
      1469.4000239    3.3482223E-10
      1472.1000239    3.2786779E-10
      1477.6000240    3.1398176E-10
      1480.3000241    3.0734612E-10
      1488.4000242    2.8823924E-10
      1491.2000242    2.8191635E-10
      1496.6000243    2.7012201E-10
      1551.0000252    1.7622405E-10
      1632.7000266    9.3766113E-11
      1823.1000296    2.2412260E-11
      2340.2000381    3.7162591E-13
 
