       80.0000013    7.3425425E-04
        85.0000014    3.9148374E-04
        90.0000015    2.2047713E-04
        95.2390015    1.2771321E-04
       100.6800016    7.6423290E-05
       114.2900019    2.5316820E-05
       119.7300019    1.7103330E-05
       122.4500020    1.4159425E-05
       125.1700020    1.1769028E-05
       127.8900021    9.8162891E-06
       130.6100021    8.2126098E-06
       133.3300022    6.8894865E-06
       136.0600022    5.7897400E-06
       146.9400024    2.0149226E-05
       149.6600024    1.6409096E-05
       155.1000025    1.0939264E-05
       157.8200026    8.9581790E-06
       160.5500026    7.3448496E-06
       165.9900027    4.9725568E-06
       171.4300028    3.3904091E-06
       176.8700029    2.3270015E-06
       179.5900029    1.9323777E-06
       182.3100030    1.6070837E-06
       185.0400030    1.3375917E-06
       187.7600031    1.1155919E-06
       190.4800031    9.3169888E-07
       195.9200032    6.5236054E-07
       198.6400032    5.4687501E-07
       204.0800033    2.0014850E-06
       206.8000034    1.7298543E-06
       209.5300034    1.4924151E-06
       212.2500035    1.2877559E-06
       214.9700035    1.1111576E-06
       220.4100036    8.2775864E-07
       225.8500037    6.1721050E-07
       236.7400038    3.4357848E-07
       247.6200040    1.9125046E-07
       258.5100042    1.0588703E-07
       272.1100044    4.9857888E-08
       285.7200046    2.2769585E-08
       299.3200049    9.8547686E-09
       312.9300051    3.8215453E-09
 
