       80.0000013    3.8496450E-01
        85.0000014    2.3657164E-01
        90.0000015    1.4778501E-01
        95.2390015    9.1767646E-02
       100.6800016    5.6877915E-02
       114.2900019    1.8347086E-02
       119.7300019    1.1945236E-02
       122.4500020    9.6820155E-03
       125.1700020    7.8703240E-03
       127.8900021    6.4157038E-03
       130.6100021    5.2443822E-03
       133.3300022    4.2985333E-03
       136.0600022    3.5301449E-03
       146.9400024    7.8906948E-03
       149.6600024    7.0158551E-03
       155.1000025    5.4803560E-03
       157.8200026    4.8383884E-03
       160.5500026    4.2718258E-03
       165.9900027    3.3420962E-03
       171.4300028    2.6259932E-03
       176.8700029    2.0724291E-03
       179.5900029    1.8440263E-03
       182.3100030    1.6424814E-03
       185.0400030    1.4638072E-03
       187.7600031    1.3063827E-03
       190.4800031    1.1669799E-03
       195.9200032    9.3372888E-04
       198.6400032    8.3630229E-04
       204.0800033    7.8444008E-04
       206.8000034    7.1362162E-04
       209.5300034    6.4971624E-04
       212.2500035    5.9244223E-04
       214.9700035    5.4084649E-04
       220.4100036    4.5223453E-04
       225.8500037    3.7968357E-04
       236.7400038    2.7045308E-04
       247.6200040    1.9512059E-04
       258.5100042    1.4223238E-04
       272.1100044    9.7074946E-05
       285.7200046    6.7065761E-05
       299.3200049    4.6858680E-05
       312.9300051    3.3058597E-05
       340.1400055    1.6905060E-05
       353.7400058    1.2239077E-05
       380.9500062    6.5580730E-06
       394.5600064    4.8502075E-06
       408.1700066    3.6105137E-06
       435.3800071    2.0382170E-06
       462.5900075    1.1770284E-06
       476.1900077    9.0163081E-07
       489.8000080    6.9397709E-07
       503.4000082    5.3679690E-07
       517.0100084    4.1703572E-07
       557.8300091    2.0064866E-07
       571.4300093    1.5850037E-07
       585.0400095    1.2565145E-07
       612.2500100    7.9823877E-08
       666.6700108    3.3500008E-08
       680.2800111    2.7164445E-08
       707.4900115    1.8013475E-08
       734.7000119    1.2071573E-08
       761.9100124    8.1698914E-09
       789.1200128    5.5807270E-09
       816.3300133    3.8453778E-09
       843.5400137    2.6713143E-09
       870.7500142    1.8699178E-09
       911.5700148    1.1096136E-09
       952.3900155    6.6797445E-10
       993.2000162    4.0731471E-10
      1020.4000166    2.9475869E-10
      1061.2000173    1.8294860E-10
      1088.4000177    1.3375104E-10
      1102.0000179    1.1450346E-10
      1115.7000181    9.7987125E-11
      1129.3000184    8.4005670E-11
      1142.9000186    7.2063314E-11
      1156.5000188    6.1852523E-11
      1170.1000190    5.3114145E-11
      1197.3000195    3.9213320E-11
      1210.9000197    3.3708501E-11
      1224.5000199    2.8982485E-11
      1227.2000200    2.8126735E-11
      1229.9000200    2.7296386E-11
      1232.7000200    2.6461281E-11
      1235.4000201    2.5680302E-11
      1238.1000201    2.4922448E-11
      1240.8000202    2.4187017E-11
      1243.5000202    2.3473331E-11
      1246.3000203    2.2755478E-11
      1249.0000203    2.2084074E-11
      1257.2000204    2.1343876E-11
      1259.9000205    2.0717029E-11
      1262.6000205    2.0104314E-11
      1270.8000207    1.8342159E-11
      1281.6000208    1.6248876E-11
      1289.8000210    1.5272011E-11
      1292.5000210    1.4816504E-11
      1295.2000211    1.4372976E-11
      1298.0000211    1.3926051E-11
      1300.7000212    1.3507672E-11
      1303.4000212    1.3101482E-11
      1306.1000212    1.2707226E-11
      1314.3000214    1.1579891E-11
      1330.6000216    9.6230428E-12
      1341.5000218    8.4994251E-12
      1355.1000220    7.2763739E-12
      1360.6000221    6.8318168E-12
      1371.4000223    6.0342022E-12
      1382.3000225    5.3207551E-12
      1390.5000226    4.8382873E-12
      1395.9000227    4.5437911E-12
      1404.1000228    4.1291363E-12
      1406.8000229    4.0006895E-12
      1409.5000229    3.8760514E-12
      1415.0000230    3.6339480E-12
      1417.7000231    3.5202104E-12
      1420.4000231    3.4098497E-12
      1423.1000231    3.3027671E-12
      1425.9000232    3.1950779E-12
      1428.6000232    3.0943781E-12
      1431.3000233    2.9966728E-12
      1436.7000234    2.8098973E-12
      1439.5000234    2.7174055E-12
      1442.2000235    2.6309226E-12
      1444.9000235    2.5470177E-12
      1447.6000235    2.4656150E-12
      1450.4000236    2.3837618E-12
      1453.1000236    2.3072319E-12
      1455.8000237    1.4783719E-11
      1458.5000237    1.4436791E-11
      1461.2000238    1.4047273E-11
      1466.7000239    1.3212403E-11
      1469.4000239    1.2803332E-11
      1472.1000239    1.2401000E-11
      1477.6000240    1.1609447E-11
      1480.3000241    1.1236078E-11
      1488.4000242    1.0177516E-11
      1491.2000242    9.8326122E-12
      1496.6000243    9.1979991E-12
      1551.0000252    4.5331200E-12
      1632.7000266    1.2326435E-12
 
