       80.0000013    6.9996232E-01
        85.0000014    4.4096562E-01
        90.0000015    2.8192648E-01
        95.2390015    1.7911859E-01
       100.6800016    1.1356046E-01
       114.2900019    3.8617324E-02
       119.7300019    2.5642982E-02
       122.4500020    2.0983512E-02
       125.1700020    1.7216371E-02
       127.8900021    1.4161871E-02
       130.6100021    1.1678320E-02
       133.3300022    9.6536092E-03
       136.0600022    7.9932297E-03
       146.9400024    1.3326906E-02
       149.6600024    1.1929295E-02
       155.1000025    9.4326017E-03
       157.8200026    8.3756912E-03
       160.5500026    7.4369535E-03
       165.9900027    5.8837621E-03
       171.4300028    4.6750773E-03
       176.8700029    3.7314119E-03
       179.5900029    3.3390818E-03
       182.3100030    2.9911471E-03
       185.0400030    2.6811273E-03
       187.7600031    2.4065741E-03
       190.4800031    2.1621895E-03
       195.9200032    1.7501105E-03
       198.6400032    1.5765827E-03
       204.0800033    1.3791167E-03
       206.8000034    1.2544133E-03
       209.5300034    1.1420990E-03
       212.2500035    1.0415995E-03
       214.9700035    9.5119537E-04
       220.4100036    7.9623959E-04
       225.8500037    6.6966284E-04
       236.7400038    4.7952204E-04
       247.6200040    3.4850751E-04
       258.5100042    2.5635469E-04
       272.1100044    1.7726865E-04
       285.7200046    1.2424595E-04
       299.3200049    8.8134846E-05
       312.9300051    6.3148553E-05
       340.1400055    3.3301487E-05
       353.7400058    2.4473728E-05
       380.9500062    1.3496802E-05
       394.5600064    1.0120465E-05
       408.1700066    7.6352862E-06
       435.3800071    4.4226367E-06
       462.5900075    2.6175808E-06
       476.1900077    2.0292573E-06
       489.8000080    1.5804434E-06
       503.4000082    1.2368147E-06
       517.0100084    9.7203042E-07
       557.8300091    4.8391269E-07
       571.4300093    3.8658743E-07
       585.0400095    3.0992331E-07
       612.2500100    2.0132484E-07
       666.6700108    8.8295778E-08
       680.2800111    7.2381937E-08
       707.4900115    4.9048786E-08
       734.7000119    3.3582289E-08
       761.9100124    2.3216529E-08
       789.1200128    1.6197081E-08
       816.3300133    1.1397231E-08
       843.5400137    8.0849212E-09
       870.7500142    5.7792846E-09
       911.5700148    3.5398875E-09
       952.3900155    2.2010780E-09
       993.2000162    1.3879065E-09
      1020.4000166    1.0280020E-09
      1061.2000173    6.6190570E-10
      1088.4000177    4.9664994E-10
      1102.0000179    4.3097093E-10
      1115.7000181    3.7401748E-10
      1129.3000184    3.2528649E-10
      1142.9000186    2.8320818E-10
      1156.5000188    2.4682809E-10
      1170.1000190    2.1533714E-10
      1197.3000195    1.6436789E-10
      1210.9000197    1.4380107E-10
      1224.5000199    1.2591735E-10
      1227.2000200    1.2265318E-10
      1229.9000200    1.1947755E-10
      1232.7000200    1.1627512E-10
      1235.4000201    1.1327210E-10
      1238.1000201    1.1035017E-10
      1240.8000202    1.0750702E-10
      1243.5000202    1.0474043E-10
      1246.3000203    1.0194991E-10
      1249.0000203    9.9332563E-11
      1257.2000204    9.9715965E-11
      1259.9000205    9.7193135E-11
      1262.6000205    9.4708401E-11
      1270.8000207    8.7495011E-11
      1281.6000208    7.8822192E-11
      1289.8000210    7.5996813E-11
      1292.5000210    7.4059585E-11
      1295.2000211    7.2163532E-11
      1298.0000211    7.0244748E-11
      1300.7000212    6.8441704E-11
      1303.4000212    6.6685144E-11
      1306.1000212    6.4974540E-11
      1314.3000214    6.0051485E-11
      1330.6000216    5.1380938E-11
      1341.5000218    4.6316850E-11
      1355.1000220    4.0714963E-11
      1360.6000221    3.8653202E-11
      1371.4000223    3.4912805E-11
      1382.3000225    3.1515526E-11
      1390.5000226    2.9185834E-11
      1395.9000227    2.7749214E-11
      1404.1000228    2.5705419E-11
      1406.8000229    2.5067535E-11
      1409.5000229    2.4445293E-11
      1415.0000230    2.3226374E-11
      1417.7000231    2.2651011E-11
      1420.4000231    2.2090265E-11
      1423.1000231    2.1543755E-11
      1425.9000232    2.0991632E-11
      1428.6000232    2.0472960E-11
      1431.3000233    1.9967410E-11
      1436.7000234    1.8994311E-11
      1439.5000234    1.8508986E-11
      1442.2000235    1.8053005E-11
      1444.9000235    1.7608501E-11
      1447.6000235    1.7175178E-11
      1450.4000236    1.6737301E-11
      1453.1000236    1.6325854E-11
      1455.8000237    1.0194792E-10
      1458.5000237    1.0031882E-10
      1461.2000238    9.8393162E-11
      1466.7000239    9.4096446E-11
      1469.4000239    9.1946104E-11
      1472.1000239    8.9811804E-11
      1477.6000240    8.5566179E-11
      1480.3000241    8.3543963E-11
      1488.4000242    7.7743534E-11
      1491.2000242    7.5831418E-11
      1496.6000243    7.2274804E-11
      1551.0000252    4.4525206E-11
      1632.7000266    2.1403197E-11
      1823.1000296    3.6076595E-12
 
