       80.0000013    4.3665781E+00
        85.0000014    3.0433114E+00
        90.0000015    2.1357603E+00
        95.2390015    1.4852145E+00
       100.6800016    1.0273647E+00
       114.2900019    4.2508525E-01
       119.7300019    3.0341804E-01
       122.4500020    2.5717136E-01
       125.1700020    2.1843055E-01
       127.8900021    1.8590641E-01
       130.6100021    1.5854223E-01
       133.3300022    1.3547008E-01
       136.0600022    1.1590990E-01
       146.9400024    9.3776539E-02
       149.6600024    8.3455168E-02
       155.1000025    6.5904200E-02
       157.8200026    5.8655422E-02
       160.5500026    5.2273221E-02
       165.9900027    4.1793775E-02
       171.4300028    3.3676572E-02
       176.8700029    2.7337043E-02
       179.5900029    2.4693850E-02
       182.3100030    2.2342572E-02
       185.0400030    2.0239344E-02
       187.7600031    1.8368004E-02
       190.4800031    1.6693268E-02
       195.9200032    1.3842952E-02
       198.6400032    1.2629422E-02
       204.0800033    1.2161563E-02
       206.8000034    1.1148342E-02
       209.5300034    1.0183051E-02
       212.2500035    9.2947297E-03
       214.9700035    8.4835840E-03
       220.4100036    7.0787263E-03
       225.8500037    5.9256689E-03
       236.7400038    4.1980622E-03
       247.6200040    3.0208479E-03
       258.5100042    2.2056836E-03
       272.1100044    1.5192658E-03
       285.7200046    1.0681658E-03
       299.3200049    7.6568883E-04
       312.9300051    5.5830774E-04
       340.1400055    3.1043185E-04
       353.7400058    2.3589990E-04
       380.9500062    1.4036521E-04
       394.5600064    1.0964162E-04
       408.1700066    8.6253654E-05
       435.3800071    5.4372511E-05
       462.5900075    3.4983681E-05
       476.1900077    2.8248776E-05
       489.8000080    2.2897217E-05
       503.4000082    1.8631068E-05
       517.0100084    1.5210258E-05
       557.8300091    8.4374287E-06
       571.4300093    6.9745256E-06
       585.0400095    5.7804941E-06
       612.2500100    4.0030291E-06
       666.6700108    1.9778258E-06
       680.2800111    1.6678243E-06
       707.4900115    1.1940201E-06
       734.7000119    8.6213544E-07
       761.9100124    6.2760313E-07
       789.1200128    4.6045952E-07
       816.3300133    3.4037672E-07
       843.5400137    2.5343007E-07
       870.7500142    1.9000262E-07
       911.5700148    1.2487182E-07
       952.3900155    8.3229239E-08
       993.2000162    5.6217591E-08
      1020.4000166    4.3582965E-08
      1061.2000173    3.0044959E-08
      1088.4000177    2.3593934E-08
      1102.0000179    2.0945924E-08
      1115.7000181    1.8600870E-08
      1129.3000184    1.6551754E-08
      1142.9000186    1.4744955E-08
      1156.5000188    1.3149879E-08
      1170.1000190    1.1740032E-08
      1197.3000195    9.3871648E-09
      1210.9000197    8.4068610E-09
      1224.5000199    7.5364364E-09
      1227.2000200    7.3755260E-09
      1229.9000200    7.2183277E-09
      1232.7000200    7.0591306E-09
      1235.4000201    6.9092123E-09
      1238.1000201    6.7627344E-09
      1240.8000202    6.6196115E-09
      1243.5000202    6.4797607E-09
      1246.3000203    6.3381012E-09
      1249.0000203    6.2046701E-09
      1257.2000204    7.3329498E-09
      1259.9000205    7.1844743E-09
      1262.6000205    7.0341959E-09
      1270.8000207    6.5871091E-09
      1281.6000208    6.0386514E-09
      1289.8000210    6.2719572E-09
      1292.5000210    6.1404286E-09
      1295.2000211    6.0100329E-09
      1298.0000211    5.8769505E-09
      1300.7000212    5.7511182E-09
      1303.4000212    5.6279208E-09
      1306.1000212    5.5074212E-09
      1314.3000214    5.1578812E-09
      1330.6000216    4.5319077E-09
      1341.5000218    4.1593835E-09
      1355.1000220    3.7402992E-09
      1360.6000221    3.5839740E-09
      1371.4000223    3.2971605E-09
      1382.3000225    3.0326688E-09
      1390.5000226    2.8488272E-09
      1395.9000227    2.7343605E-09
      1404.1000228    2.5699416E-09
      1406.8000229    2.5181688E-09
      1409.5000229    2.4675220E-09
      1415.0000230    2.3677269E-09
      1417.7000231    2.3203413E-09
      1420.4000231    2.2739797E-09
      1423.1000231    2.2286182E-09
      1425.9000232    2.1826085E-09
      1428.6000232    2.1392135E-09
      1431.3000233    2.0967501E-09
      1436.7000234    2.0145332E-09
      1439.5000234    1.9732806E-09
      1442.2000235    1.9343656E-09
      1444.9000235    1.8962791E-09
      1447.6000235    1.8590026E-09
      1450.4000236    1.8211810E-09
      1453.1000236    1.7854973E-09
      1455.8000237    9.3540162E-09
      1458.5000237    9.2490851E-09
      1461.2000238    9.1178700E-09
      1466.7000239    8.8158894E-09
      1469.4000239    8.6624645E-09
      1472.1000239    8.5091818E-09
      1477.6000240    8.2017442E-09
      1480.3000241    8.0542009E-09
      1488.4000242    7.6270075E-09
      1491.2000242    7.4848341E-09
      1496.6000243    7.2184934E-09
      1551.0000252    5.0333160E-09
      1632.7000266    2.9722844E-09
      1823.1000296    9.3452102E-10
      2340.2000381    6.0579146E-11
      2829.9000460    6.6206580E-12
      3047.6000496    2.6662570E-12
      3700.7000602    1.9211934E-13
      4000.0000650    5.4275828E-14
      4680.3000761    0.0000000E+00
 
