       80.0000013    1.7425485E+00
        85.0000014    1.1473869E+00
        90.0000015    7.6418895E-01
        95.2390015    5.0530732E-01
       100.6800016    3.3310616E-01
       114.2900019    1.2393836E-01
       119.7300019    8.5128516E-02
       122.4500020    7.0821404E-02
       125.1700020    5.9061382E-02
       127.8900021    4.9368903E-02
       130.6100021    4.1359659E-02
       133.3300022    3.4724690E-02
       136.0600022    2.9196437E-02
       146.9400024    3.1869467E-02
       149.6600024    2.8583599E-02
       155.1000025    2.2780193E-02
       157.8200026    2.0326734E-02
       160.5500026    1.8144086E-02
       165.9900027    1.4519094E-02
       171.4300028    1.1679409E-02
       176.8700029    9.4447741E-03
       179.5900029    8.5094301E-03
       182.3100030    7.6759770E-03
       185.0400030    6.9296225E-03
       187.7600031    6.2651834E-03
       190.4800031    5.6705256E-03
       195.9200032    4.6593407E-03
       198.6400032    4.2296196E-03
       204.0800033    3.6722280E-03
       206.8000034    3.3380608E-03
       209.5300034    3.0346615E-03
       212.2500035    2.7625286E-03
       214.9700035    2.5178008E-03
       220.4100036    2.0994984E-03
       225.8500037    1.7597077E-03
       236.7400038    1.2541194E-03
       247.6200040    9.1026991E-04
       258.5100042    6.7110744E-04
       272.1100044    4.6763843E-04
       285.7200046    3.3182831E-04
       299.3200049    2.3919107E-04
       312.9300051    1.7463940E-04
       340.1400055    9.6123200E-05
       353.7400058    7.2262665E-05
       380.9500062    4.1717100E-05
       394.5600064    3.1993561E-05
       408.1700066    2.4674930E-05
       435.3800071    1.4908983E-05
       462.5900075    9.1800284E-06
       476.1900077    7.2516132E-06
       489.8000080    5.7512261E-06
       503.4000082    4.5804400E-06
       517.0100084    3.6616198E-06
       557.8300091    1.9128843E-06
       571.4300093    1.5516733E-06
       585.0400095    1.2627113E-06
       612.2500100    8.4448368E-07
       666.6700108    3.9169149E-07
       680.2800111    3.2552353E-07
       707.4900115    2.2665814E-07
       734.7000119    1.5942234E-07
       761.9100124    1.1320616E-07
       789.1200128    8.1115054E-08
       816.3300133    5.8617129E-08
       843.5400137    4.2700581E-08
       870.7500142    3.1342747E-08
       911.5700148    1.9973584E-08
       952.3900155    1.2919177E-08
       993.2000162    8.4727372E-09
      1020.4000166    6.4417707E-09
      1061.2000173    4.3133994E-09
      1088.4000177    3.3222625E-09
      1102.0000179    2.9209568E-09
      1115.7000181    2.5687266E-09
      1129.3000184    2.2636837E-09
      1142.9000186    1.9970949E-09
      1156.5000188    1.7638284E-09
      1170.1000190    1.5594757E-09
      1197.3000195    1.2228649E-09
      1210.9000197    1.0845198E-09
      1224.5000199    9.6277331E-10
      1227.2000200    9.4038899E-10
      1229.9000200    9.1855984E-10
      1232.7000200    8.9649294E-10
      1235.4000201    8.7574986E-10
      1238.1000201    8.5551871E-10
      1240.8000202    8.3578611E-10
      1243.5000202    8.1653895E-10
      1246.3000203    7.9707813E-10
      1249.0000203    7.7878087E-10
      1257.2000204    8.3392582E-10
      1259.9000205    8.1527918E-10
      1262.6000205    7.9670220E-10
      1270.8000207    7.4213619E-10
      1281.6000208    6.7580214E-10
      1289.8000210    6.7349454E-10
      1292.5000210    6.5818684E-10
      1295.2000211    6.4311195E-10
      1298.0000211    6.2778927E-10
      1300.7000212    6.1334182E-10
      1303.4000212    5.9922683E-10
      1306.1000212    5.8544580E-10
      1314.3000214    5.4559651E-10
      1330.6000216    4.7470078E-10
      1341.5000218    4.3282047E-10
      1355.1000220    3.8601644E-10
      1360.6000221    3.6864931E-10
      1371.4000223    3.3692546E-10
      1382.3000225    3.0784308E-10
      1390.5000226    2.8773409E-10
      1395.9000227    2.7526004E-10
      1404.1000228    2.5740865E-10
      1406.8000229    2.5180438E-10
      1409.5000229    2.4633010E-10
      1415.0000230    2.3556759E-10
      1417.7000231    2.3046856E-10
      1420.4000231    2.2548728E-10
      1423.1000231    2.2062069E-10
      1425.9000232    2.1569196E-10
      1428.6000232    2.1105037E-10
      1431.3000233    2.0651515E-10
      1436.7000234    1.9775356E-10
      1439.5000234    1.9336738E-10
      1442.2000235    1.8923596E-10
      1444.9000235    1.8519855E-10
      1447.6000235    1.8125286E-10
      1450.4000236    1.7725554E-10
      1453.1000236    1.7348990E-10
      1455.8000237    1.0143266E-09
      1458.5000237    1.0014691E-09
      1461.2000238    9.8565256E-10
      1466.7000239    9.4952590E-10
      1469.4000239    9.3123914E-10
      1472.1000239    9.1300240E-10
      1477.6000240    8.7652041E-10
      1480.3000241    8.5905733E-10
      1488.4000242    8.0866858E-10
      1491.2000242    7.9195905E-10
      1496.6000243    7.6074158E-10
      1551.0000252    5.0950544E-10
      1632.7000266    2.8304611E-10
      1823.1000296    7.6740045E-11
      2340.2000381    2.8910943E-12
      2829.9000460    9.2541189E-14
 
