       12.5000002    4.5583807E+02
        15.0000002    1.0989301E+02
        20.0000003    2.3313025E+01
        25.0000004    1.2271023E+01
        30.0000005    8.6796265E+00
        35.0000006    5.1367488E+00
        40.0000007    2.7968817E+00
        45.0000007    1.4076399E+00
        50.0000008    6.6853708E-01
        55.0000009    3.0975184E-01
        60.0000010    1.5223272E-01
        65.0000011    8.7256990E-02
        70.0000011    5.8902219E-02
        75.0000012    1.9065773E-01
        80.0000013    1.7230885E-01
        85.0000014    1.4746457E-01
        90.0000015    1.2835087E-01
        95.2390015    1.0967884E-01
       100.6800016    8.9116365E-02
       114.2900019    5.0108980E-02
       119.7300019    3.9555855E-02
       122.4500020    3.5100382E-02
       125.1700020    3.1121252E-02
       127.8900021    2.7571781E-02
       130.6100021    2.4409654E-02
       133.3300022    2.1596234E-02
       136.0600022    1.9087566E-02
       146.9400024    1.1620727E-02
       149.6600024    1.0258024E-02
       155.1000025    7.9903733E-03
       157.8200026    7.0515540E-03
       160.5500026    6.2202276E-03
       165.9900027    5.8881692E-03
       171.4300028    4.7168415E-03
       176.8700029    4.1093766E-03
       179.5900029    3.7054694E-03
       182.3100030    3.3300330E-03
       185.0400030    2.9881345E-03
       187.7600031    2.6827522E-03
       190.4800031    2.4105178E-03
       195.9200032    1.9526790E-03
       198.6400032    1.7605041E-03
       204.0800033    1.4360251E-03
       206.8000034    1.2992234E-03
       209.5300034    1.1763573E-03
       212.2500035    1.0666593E-03
       214.9700035    9.6819742E-04
       220.4100036    8.0003811E-04
       225.8500037    6.6345610E-04
       236.7400038    5.2359211E-04
       247.6200040    3.5955428E-04
       258.5100042    2.4809589E-04
       272.1100044    1.5841295E-04
       285.7200046    1.0296216E-04
       299.3200049    6.8153480E-05
       312.9300051    4.5869983E-05
       340.1400055    2.1703434E-05
       353.7400058    1.5182000E-05
       380.9500062    7.5757443E-06
       394.5600064    5.3757440E-06
       408.1700066    3.8138833E-06
       435.3800071    1.9010104E-06
       462.5900075    9.1924460E-07
       476.1900077    6.2697433E-07
       489.8000080    4.1920319E-07
       503.4000082    2.7263269E-07
       517.0100084    1.6978704E-07
 
