       12.5000002    3.3947589E+18
        15.0000002    2.7138608E+18
        20.0000003    2.0287106E+18
        25.0000004    1.8929347E+18
        30.0000005    2.2848297E+18
        35.0000006    2.0407976E+18
        40.0000007    1.6085330E+18
        45.0000007    1.1575525E+18
        50.0000008    8.1677269E+17
        55.0000009    6.1698511E+17
        60.0000010    5.1348327E+17
        65.0000011    4.3672111E+17
        70.0000011    3.4360515E+17
        75.0000012    1.9522332E+18
        80.0000013    1.3041544E+18
 
