       12.5000002    4.2409928E+18
        15.0000002    3.5850190E+18
        20.0000003    1.8686426E+18
        25.0000004    1.8200331E+18
        30.0000005    2.2314106E+18
        35.0000006    2.1646297E+18
        40.0000007    1.9543999E+18
        45.0000007    1.5866674E+18
        50.0000008    1.1734585E+18
        55.0000009    8.3289820E+17
        60.0000010    6.1687028E+17
        65.0000011    5.0166909E+17
        70.0000011    4.3528442E+17
        75.0000012    2.5225823E+18
        80.0000013    2.6653839E+18
        85.0000014    2.4872778E+18
        90.0000015    2.1937948E+18
        95.2390015    1.6041864E+18
 
