       12.5000002    4.7479617E+18
        15.0000002    4.4335764E+18
        20.0000003    1.9568999E+18
        25.0000004    1.7294846E+18
        30.0000005    2.1673502E+18
        35.0000006    2.1527987E+18
        40.0000007    2.0800502E+18
        45.0000007    1.8621749E+18
        50.0000008    1.5078368E+18
        55.0000009    1.1171736E+18
        60.0000010    7.9794342E+17
        65.0000011    5.9182347E+17
        70.0000011    4.7698124E+17
        75.0000012    2.5268795E+18
        80.0000013    2.7547725E+18
        85.0000014    2.7327971E+18
        90.0000015    2.6810948E+18
        95.2390015    2.5429392E+18
       100.6800016    2.2306458E+18
       114.2900019    8.9080116E+17
 
