       12.5000002    4.5705610E+18
        15.0000002    4.0998988E+18
        20.0000003    2.0644687E+18
        25.0000004    1.9954283E+18
        30.0000005    2.5012260E+18
        35.0000006    2.5188838E+18
        40.0000007    2.4870142E+18
        45.0000007    2.3181776E+18
        50.0000008    2.0007090E+18
        55.0000009    1.6037756E+18
        60.0000010    1.2292121E+18
        65.0000011    9.4331109E+17
        70.0000011    7.5376662E+17
        75.0000012    3.6209900E+18
        80.0000013    3.9901222E+18
        85.0000014    4.1233970E+18
        90.0000015    4.3086051E+18
        95.2390015    4.3106417E+18
       100.6800016    4.0646100E+18
       114.2900019    3.4629083E+18
       119.7300019    3.2655718E+18
       122.4500020    3.1702598E+18
       125.1700020    3.0761265E+18
       127.8900021    2.9827172E+18
       130.6100021    2.8897846E+18
       133.3300022    2.7972238E+18
       136.0600022    2.7047076E+18
       146.9400024    2.3421797E+18
       149.6600024    2.2539579E+18
       155.1000025    2.0817045E+18
       157.8200026    1.9980189E+18
       160.5500026    1.9158653E+18
       165.9900027    2.2565197E+18
       171.4300028    2.1256122E+18
       176.8700029    2.1864818E+18
       179.5900029    2.1269474E+18
       182.3100030    2.0556773E+18
       185.0400030    1.9788408E+18
       187.7600031    1.9012656E+18
       190.4800031    1.8253858E+18
       195.9200032    1.6818945E+18
       198.6400032    1.6141367E+18
       204.0800033    1.4872356E+18
       206.8000034    1.4282597E+18
       209.5300034    1.3719617E+18
       212.2500035    1.3186110E+18
       214.9700035    1.2678466E+18
       220.4100036    1.1735022E+18
       225.8500037    1.0878534E+18
       236.7400038    1.1152706E+18
       247.6200040    9.7294499E+17
       258.5100042    8.4360875E+17
       272.1100044    7.0641622E+17
       285.7200046    5.9363451E+17
       299.3200049    5.0114592E+17
       312.9300051    4.2518737E+17
       340.1400055    3.1138386E+17
       353.7400058    2.6885090E+17
       380.9500062    2.0376155E+17
       394.5600064    1.7869682E+17
       408.1700066    1.5736413E+17
       435.3800071    1.2324171E+17
       462.5900075    9.7365474E+16
       476.1900077    8.6705056E+16
       489.8000080    7.7248397E+16
       503.4000082    6.8838078E+16
       517.0100084    6.1322547E+16
       557.8300091    4.3145747E+16
       571.4300093    3.8277388E+16
       585.0400095    3.3895205E+16
       612.2500100    2.6406977E+16
       666.6700108    1.5433098E+16
       680.2800111    1.3338172E+16
       707.4900115    9.8247592E+15
       734.7000119    6.8606358E+15
       761.9100124    4.3346458E+15
       789.1200128    1.9131620E+15
 
