       12.5000002    2.5282750E+18
        15.0000002    2.7508371E+18
        20.0000003    2.9006887E+18
        25.0000004    2.5039170E+18
        30.0000005    2.9776864E+18
        35.0000006    2.5403392E+18
        40.0000007    2.0277731E+18
        45.0000007    1.5884699E+18
        50.0000008    1.2622755E+18
        55.0000009    1.0520479E+18
        60.0000010    9.3001167E+17
        65.0000011    8.5204523E+17
        70.0000011    7.8529732E+17
        75.0000012    4.8407984E+18
        80.0000013    5.3492263E+18
        85.0000014    5.3596370E+18
        90.0000015    5.3444198E+18
        95.2390015    5.2227775E+18
       100.6800016    4.8494472E+18
       114.2900019    3.7132514E+18
       119.7300019    3.2976418E+18
       122.4500020    3.1015285E+18
       125.1700020    2.9135071E+18
       127.8900021    2.7337092E+18
       130.6100021    2.5622101E+18
       133.3300022    2.3990175E+18
       136.0600022    2.2435257E+18
       146.9400024    1.7036759E+18
       149.6600024    1.5876071E+18
       155.1000025    1.3762925E+18
       157.8200026    1.2804539E+18
       160.5500026    1.1904362E+18
       165.9900027    1.5543243E+18
       171.4300028    1.4129232E+18
       176.8700029    1.5133038E+18
       179.5900029    1.4530885E+18
       182.3100030    1.3892868E+18
       185.0400030    1.3253626E+18
       187.7600031    1.2635348E+18
       190.4800031    1.2043476E+18
       195.9200032    1.0945403E+18
       198.6400032    1.0436779E+18
       204.0800033    9.4937496E+17
       206.8000034    9.0569927E+17
       209.5300034    8.6401830E+17
       212.2500035    8.2450673E+17
       214.9700035    7.8688515E+17
       220.4100036    7.1686605E+17
       225.8500037    6.5315801E+17
       236.7400038    6.1468562E+17
       247.6200040    5.1373062E+17
       258.5100042    4.3151038E+17
       272.1100044    3.4993191E+17
       285.7200046    2.8593183E+17
       299.3200049    2.3495435E+17
       312.9300051    1.9360864E+17
       340.1400055    1.3123581E+17
       353.7400058    1.0733800E+17
       380.9500062    6.9591291E+16
       394.5600064    5.4546338E+16
       408.1700066    4.1409481E+16
       435.3800071    1.8614178E+16
 
