       12.5000002    3.8565304E+18
        15.0000002    3.2188189E+18
        20.0000003    2.1773568E+18
        25.0000004    2.1837818E+18
        30.0000005    2.6902433E+18
        35.0000006    2.6433670E+18
        40.0000007    2.4640534E+18
        45.0000007    2.1310536E+18
        50.0000008    1.7191011E+18
        55.0000009    1.3258403E+18
        60.0000010    1.0235879E+18
        65.0000011    8.2772823E+17
        70.0000011    7.1195989E+17
        75.0000012    3.9272354E+18
        80.0000013    4.3845484E+18
        85.0000014    4.4910512E+18
        90.0000015    4.5977013E+18
        95.2390015    4.5939369E+18
       100.6800016    4.3813699E+18
       114.2900019    3.7070106E+18
       119.7300019    3.4475184E+18
       122.4500020    3.3195422E+18
       125.1700020    3.1927198E+18
       127.8900021    3.0671833E+18
       130.6100021    2.9431331E+18
       133.3300022    2.8208226E+18
       136.0600022    2.7000817E+18
       146.9400024    2.2442376E+18
       149.6600024    2.1377238E+18
       155.1000025    1.9347708E+18
       157.8200026    1.8385264E+18
       160.5500026    1.7455150E+18
       165.9900027    2.0727321E+18
       171.4300028    1.9210692E+18
       176.8700029    1.9810599E+18
       179.5900029    1.9135841E+18
       182.3100030    1.8389891E+18
       185.0400030    1.7624672E+18
       187.7600031    1.6875160E+18
       190.4800031    1.6153519E+18
       195.9200032    1.4809216E+18
       198.6400032    1.4184765E+18
       204.0800033    1.3027509E+18
       206.8000034    1.2492783E+18
       209.5300034    1.1983537E+18
       212.2500035    1.1501779E+18
       214.9700035    1.1044018E+18
       220.4100036    1.0194502E+18
       225.8500037    9.4240097E+17
       236.7400038    9.4900505E+17
       247.6200040    8.1410823E+17
       258.5100042    6.9655079E+17
       272.1100044    5.7559496E+17
       285.7200046    4.7871967E+17
       299.3200049    4.0103872E+17
       312.9300051    3.3836388E+17
       340.1400055    2.4589696E+17
       353.7400058    2.1151759E+17
       380.9500062    1.5858682E+17
       394.5600064    1.3795328E+17
       408.1700066    1.2022423E+17
       435.3800071    9.1503110E+16
       462.5900075    6.9480206E+16
       476.1900077    6.0391600E+16
       489.8000080    5.2350661E+16
       503.4000082    4.5236941E+16
       517.0100084    3.8927904E+16
       557.8300091    2.3960154E+16
       571.4300093    2.0038833E+16
       585.0400095    1.6537571E+16
       612.2500100    1.0553234E+16
 
