       12.5000002    4.9956305E+18
        15.0000002    4.9176537E+18
        20.0000003    2.2519601E+18
        25.0000004    1.8840995E+18
        30.0000005    2.3722332E+18
        35.0000006    2.4043397E+18
        40.0000007    2.4210702E+18
        45.0000007    2.3628912E+18
        50.0000008    2.1623099E+18
        55.0000009    1.8278013E+18
        60.0000010    1.4454080E+18
        65.0000011    1.1074469E+18
        70.0000011    8.5471052E+17
        75.0000012    3.5775560E+18
        80.0000013    3.8353214E+18
        85.0000014    3.9720534E+18
        90.0000015    4.2522279E+18
        95.2390015    4.2618198E+18
       100.6800016    3.9242735E+18
       114.2900019    3.2375186E+18
       119.7300019    3.0583556E+18
       122.4500020    2.9774811E+18
       125.1700020    2.9001290E+18
       127.8900021    2.8251446E+18
       130.6100021    2.7516931E+18
       133.3300022    2.6791965E+18
       136.0600022    2.6069979E+18
       146.9400024    2.3215875E+18
       149.6600024    2.2507081E+18
       155.1000025    2.1100321E+18
       157.8200026    2.0404748E+18
       160.5500026    1.9713599E+18
       165.9900027    2.3368600E+18
       171.4300028    2.2321449E+18
       176.8700029    2.3094021E+18
       179.5900029    2.2633314E+18
       182.3100030    2.2017193E+18
       185.0400030    2.1304882E+18
       187.7600031    2.0554837E+18
       190.4800031    1.9806446E+18
       195.9200032    1.8365457E+18
       198.6400032    1.7668735E+18
       204.0800033    1.6341859E+18
       206.8000034    1.5719459E+18
       209.5300034    1.5122862E+18
       212.2500035    1.4555483E+18
       214.9700035    1.4013849E+18
       220.4100036    1.3002845E+18
       225.8500037    1.2080429E+18
       236.7400038    1.2355482E+18
       247.6200040    1.0913587E+18
       258.5100042    9.5727963E+17
       272.1100044    8.1194969E+17
       285.7200046    6.8998547E+17
       299.3200049    5.8790096E+17
       312.9300051    5.0243593E+17
       340.1400055    3.7136318E+17
       353.7400058    3.2147043E+17
       380.9500062    2.4446169E+17
       394.5600064    2.1475000E+17
       408.1700066    1.8953251E+17
       435.3800071    1.4951637E+17
       462.5900075    1.1958943E+17
       476.1900077    1.0738570E+17
       489.8000080    9.6617299E+16
       503.4000082    8.7076279E+16
       517.0100084    7.8567716E+16
       557.8300091    5.7951191E+16
       571.4300093    5.2384608E+16
       585.0400095    4.7340693E+16
       612.2500100    3.8616553E+16
       666.6700108    2.5451042E+16
       680.2800111    2.2865933E+16
       707.4900115    1.8710520E+16
       734.7000119    1.4984296E+16
       761.9100124    1.1784227E+16
       789.1200128    9.1650672E+15
       816.3300133    7.0135828E+15
       843.5400137    5.2355152E+15
       870.7500142    3.7470634E+15
       911.5700148    1.8510851E+15
 
