3.000000   1.402835e-38   1.402835e-38
3.069879   9.980446e-39   9.980446e-39
3.141386   7.230411e-39   7.230411e-39
3.214558   5.339248e-39   5.339248e-39
3.289435   4.022989e-39   4.022989e-39
3.366055   3.093812e-39   3.093812e-39
3.444461   2.427760e-39   2.427760e-39
3.524693   1.949260e-39   1.949260e-39
3.606793   1.588566e-39   1.588566e-39
3.690806   1.316503e-39   1.316503e-39
3.776776   1.107583e-39   1.107583e-39
3.864749   9.514501e-40   9.514501e-40
3.954770   8.207866e-40   8.207866e-40
4.046889   7.118121e-40   7.154399e-40
4.141153   6.198311e-40   6.310900e-40
4.237613   5.430507e-40   5.597860e-40
4.336319   4.799127e-40   5.002764e-40
4.437325   4.279094e-40   4.520412e-40
4.540684   3.855063e-40   4.065849e-40
4.646450   3.433491e-40   3.645737e-40
4.754680   3.074062e-40   3.269819e-40
4.865430   2.756285e-40   2.957575e-40
4.978761   2.466565e-40   2.634619e-40
5.094731   2.241424e-40   2.383941e-40
5.213402   2.032151e-40   2.153438e-40
5.334838   1.844652e-40   1.961734e-40
5.459103   1.665454e-40   1.781018e-40
5.586261   1.526096e-40   1.627019e-40
5.716382   1.403006e-40   1.491794e-40
5.849534   1.288797e-40   1.367264e-40
5.985787   1.205854e-40   1.276085e-40
6.125214   1.132915e-40   1.196131e-40
6.267888   1.064254e-40   1.121438e-40
6.413886   9.986288e-41   1.050541e-40
6.563285   9.329246e-41   9.879532e-41
6.716163   8.690063e-41   9.306288e-41
6.872603   8.163623e-41   8.824302e-41
7.032686   7.738308e-41   8.424906e-41
7.196499   7.355540e-41   8.066331e-41
7.364127   6.990007e-41   7.729008e-41
7.535659   6.691796e-41   7.448306e-41
7.711187   6.448639e-41   7.205316e-41
7.890804   6.275663e-41   7.001871e-41
8.074604   5.997764e-41   6.727130e-41
8.262686   5.848329e-41   6.576657e-41
8.455149   5.607478e-41   6.317637e-41
8.652095   5.383839e-41   5.999676e-41
8.853628   5.205734e-41   5.744995e-41
9.059855   5.154260e-41   5.647101e-41
9.270886   4.967480e-41   5.393179e-41
9.486833   4.759269e-41   5.183331e-41
9.707810   4.696882e-41   5.105383e-41
9.933934   4.639165e-41   5.034893e-41
10.165325   4.534210e-41   4.926469e-41
10.402106   4.459933e-41   4.847157e-41
10.644402   4.410392e-41   4.791631e-41
10.892342   4.422221e-41   4.792351e-41
11.146057   4.366366e-41   4.735339e-41
11.405682   4.317727e-41   4.686354e-41
11.671354   4.343877e-41   4.705378e-41
11.943215   4.379047e-41   4.734207e-41
12.221408   4.438903e-41   4.786666e-41
12.506082   4.428405e-41   4.777390e-41
12.797386   4.522809e-41   4.863890e-41
13.095475   4.557667e-41   4.897966e-41
13.400508   4.514173e-41   4.861736e-41
13.712646   4.482090e-41   4.836554e-41
14.032054   4.566141e-41   4.918148e-41
14.358903   4.602416e-41   4.956977e-41
14.693365   4.596963e-41   4.958243e-41
15.035617   4.605439e-41   4.972858e-41
15.385842   4.596537e-41   4.971890e-41
15.744224   4.585039e-41   4.968903e-41
16.110954   4.629565e-41   5.018431e-41
16.486226   4.708994e-41   5.100989e-41
16.870240   4.714642e-41   5.115465e-41
17.263198   4.890783e-41   5.289590e-41
17.665310   4.991322e-41   5.393994e-41
18.076788   5.121350e-41   5.526627e-41
18.497850   5.182769e-41   5.591139e-41
18.928720   5.290642e-41   5.696009e-41
19.369627   5.408959e-41   5.812170e-41
19.820803   5.448584e-41   5.844549e-41
20.282489   5.523973e-41   5.915349e-41
20.754929   5.658908e-41   6.049331e-41
21.238374   5.756325e-41   6.143530e-41
21.733079   5.816216e-41   6.198648e-41
22.239307   5.956336e-41   6.338657e-41
22.757327   6.008336e-41   6.385436e-41
23.287413   6.199382e-41   6.576982e-41
23.829847   6.260599e-41   6.633805e-41
24.384915   6.375163e-41   6.746909e-41
24.952913   6.448609e-41   6.816912e-41
25.534141   6.531726e-41   6.897232e-41
26.128908   6.600792e-41   6.963063e-41
26.737528   6.685232e-41   7.045118e-41
27.360325   6.758629e-41   7.115775e-41
27.997629   6.857343e-41   7.212973e-41
28.649778   6.949803e-41   7.303761e-41
29.317117   7.054866e-41   7.407800e-41
