3.774e+0      1.859e-38
3.782e+0      1.756e-38
3.786e+0      1.705e-38
3.795e+0      1.607e-38
3.800e+0      1.584e-38
3.810e+0      1.519e-38
3.815e+0      1.436e-38
3.820e+0      1.376e-38
3.820e+0      1.320e-38
3.820e+0      1.265e-38
3.825e+0      1.196e-38
3.825e+0      1.146e-38
3.830e+0      1.068e-38
3.850e+0      9.683e-39
3.860e+0      8.775e-39
3.870e+0      8.178e-39
3.880e+0      7.464e-39
3.890e+0      6.811e-39
3.901e+0      6.260e-39
3.911e+0      5.835e-39
3.921e+0      5.438e-39
3.931e+0      5.033e-39
3.942e+0      4.658e-39
3.952e+0      4.342e-39
3.962e+0      4.047e-39
3.973e+0      3.719e-39
3.983e+0      3.467e-39
3.993e+0      3.164e-39
4.014e+0      2.887e-39
4.019e+0      2.729e-39
4.035e+0      2.544e-39
4.046e+0      2.439e-39
4.056e+0      2.273e-39
4.067e+0      2.119e-39
4.083e+0      1.975e-39
4.088e+0      1.867e-39
4.104e+0      1.740e-39
4.120e+0      1.645e-39
4.131e+0      1.555e-39
4.137e+0      1.469e-39
4.147e+0      1.370e-39
4.164e+0      1.277e-39
4.169e+0      1.207e-39
4.185e+0      1.141e-39
4.196e+0      1.063e-39
4.207e+0      9.910e-40
4.213e+0      9.236e-40
4.224e+0      8.609e-40
4.240e+0      8.024e-40
4.252e+0      7.532e-40
4.274e+0      7.070e-40
4.285e+0      6.589e-40
4.296e+0      6.142e-40
4.319e+0      5.806e-40
4.324e+0      5.411e-40
4.341e+0      5.044e-40
4.353e+0      4.701e-40
4.364e+0      4.507e-40
4.375e+0      4.320e-40
4.381e+0      4.201e-40
4.398e+0      3.915e-40
4.421e+0      3.649e-40
4.433e+0      3.401e-40
4.445e+0      3.126e-40
4.468e+0      2.873e-40
4.479e+0      2.716e-40
4.515e+0      2.427e-40
4.491e+0      2.567e-40
4.538e+0      2.294e-40
4.562e+0      2.138e-40
4.586e+0      1.993e-40
4.598e+0      1.884e-40
4.610e+0      1.806e-40
4.622e+0      1.707e-40
4.640e+0      1.614e-40
4.664e+0      1.525e-40
4.677e+0      1.462e-40
4.695e+0      1.402e-40
4.713e+0      1.325e-40
4.732e+0      1.252e-40
4.751e+0      1.192e-40
4.769e+0      1.119e-40
4.794e+0      1.043e-40
4.819e+0      9.723e-41
4.844e+0      9.191e-41
4.870e+0      8.566e-41
4.895e+0      7.984e-41
4.921e+0      7.442e-41
4.947e+0      6.936e-41
4.986e+0      6.375e-41
5.025e+0      5.696e-41
5.078e+0      5.309e-41
5.144e+0      4.744e-41
5.219e+0      4.299e-41
5.308e+0      3.788e-41
5.378e+0      3.432e-41
5.463e+0      3.154e-41
5.534e+0      2.899e-41
5.637e+0      2.554e-41
5.763e+0      2.250e-41
5.862e+0      2.039e-41
5.985e+0      1.861e-41
6.080e+0      1.687e-41
6.176e+0      1.583e-41
6.273e+0      1.476e-41
6.372e+0      1.366e-41
6.465e+0      1.264e-41
6.558e+0      1.162e-41
6.732e+0      1.068e-41
6.910e+0      9.606e-42
7.037e+0      8.829e-42
7.167e+0      8.405e-42
7.414e+0      7.724e-42
7.630e+0      7.099e-42
7.812e+0      6.710e-42
7.956e+0      6.433e-42
8.145e+0      6.038e-42
8.339e+0      5.830e-42
8.492e+0      5.510e-42
8.672e+0      5.320e-42
8.843e+0      5.246e-42
9.018e+0      5.136e-42
9.184e+0      4.959e-42
9.354e+0      4.855e-42
9.526e+0      4.720e-42
9.677e+0      4.589e-42
9.959e+0      4.462e-42
1.017e+1      4.400e-42
1.036e+1      4.278e-42
1.058e+1      4.218e-42
1.080e+1      4.159e-42
1.103e+1      4.072e-42
1.124e+1      4.043e-42
1.145e+1      4.043e-42
1.166e+1      4.015e-42
1.186e+1      3.959e-42
1.208e+1      3.931e-42
1.234e+1      3.931e-42
1.256e+1      3.931e-42
1.280e+1      3.931e-42
1.303e+1      3.931e-42
1.348e+1      3.931e-42
1.391e+1      3.931e-42
1.454e+1      3.931e-42
1.500e+1      3.987e-42
1.548e+1      4.101e-42
1.589e+1      4.159e-42
1.635e+1      4.278e-42
1.670e+1      4.278e-42
1.714e+1      4.400e-42
1.750e+1      4.462e-42
1.790e+1      4.525e-42
1.825e+1      4.589e-42
1.868e+1      4.654e-42
1.908e+1      4.720e-42
1.943e+1      4.821e-42
1.974e+1      4.924e-42
2.010e+1      4.994e-42
2.047e+1      5.064e-42
2.085e+1      5.172e-42
2.123e+1      5.209e-42
2.163e+1      5.320e-42
2.208e+1      5.358e-42
2.243e+1      5.472e-42
2.284e+1      5.510e-42
2.327e+1      5.589e-42
2.363e+1      5.748e-42
2.394e+1      5.912e-42
2.439e+1      6.081e-42
2.484e+1      6.167e-42
2.529e+1      6.254e-42
2.576e+1      6.433e-42
2.620e+1      6.617e-42
2.654e+1      6.710e-42
2.707e+1      6.902e-42
2.764e+1      7.149e-42
2.815e+1      7.301e-42
2.860e+1      7.405e-42
2.912e+1      7.510e-42
2.958e+1      7.616e-42
2.997e+1      7.834e-42
