1.428e+0      9.734e-38
1.432e+0      8.979e-38
1.435e+0      8.282e-38
1.438e+0      7.639e-38
1.445e+0      7.046e-38
1.449e+0      6.499e-38
1.449e+0      6.158e-38
1.452e+0      5.836e-38
1.456e+0      5.383e-38
1.459e+0      5.100e-38
1.463e+0      4.705e-38
1.466e+0      4.339e-38
1.470e+0      4.003e-38
1.473e+0      3.692e-38
1.477e+0      3.405e-38
1.481e+0      3.141e-38
1.488e+0      2.897e-38
1.488e+0      2.820e-38
1.491e+0      2.672e-38
1.498e+0      2.532e-38
1.502e+0      2.399e-38
1.509e+0      2.154e-38
1.517e+0      1.987e-38
1.524e+0      1.833e-38
1.531e+0      1.691e-38
1.535e+0      1.602e-38
1.542e+0      1.478e-38
1.550e+0      1.327e-38
1.561e+0      1.224e-38
1.565e+0      1.160e-38
1.572e+0      1.099e-38
1.576e+0      1.041e-38
1.580e+0      9.604e-39
1.588e+0      9.100e-39
1.591e+0      8.623e-39
1.599e+0      7.954e-39
1.603e+0      7.537e-39
1.607e+0      6.952e-39
1.615e+0      6.412e-39
1.618e+0      6.076e-39
1.622e+0      5.757e-39
1.626e+0      5.456e-39
1.634e+0      5.170e-39
1.642e+0      4.768e-39
1.646e+0      4.518e-39
1.650e+0      4.281e-39
1.654e+0      4.057e-39
1.662e+0      3.742e-39
1.670e+0      3.452e-39
1.682e+0      3.099e-39
1.690e+0      2.859e-39
1.698e+0      2.709e-39
1.706e+0      2.498e-39
1.715e+0      2.304e-39
1.719e+0      2.184e-39
1.731e+0      2.014e-39
1.740e+0      1.909e-39
1.744e+0      1.808e-39
1.752e+0      1.668e-39
1.765e+0      1.539e-39
1.773e+0      1.419e-39
1.782e+0      1.345e-39
1.786e+0      1.274e-39
1.799e+0      1.175e-39
1.803e+0      1.114e-39
1.817e+0      1.000e-39
1.825e+0      9.476e-40
1.834e+0      8.740e-40
1.847e+0      8.062e-40
1.861e+0      7.239e-40
1.874e+0      6.677e-40
1.879e+0      6.499e-40
1.883e+0      6.327e-40
1.888e+0      5.995e-40
1.897e+0      5.836e-40
1.911e+0      5.240e-40
1.924e+0      4.833e-40
1.938e+0      4.458e-40
1.952e+0      4.003e-40
1.957e+0      3.896e-40
1.962e+0      3.793e-40
1.967e+0      3.692e-40
1.976e+0      3.498e-40
1.981e+0      3.405e-40
1.990e+0      3.227e-40
1.995e+0      3.141e-40
2.010e+0      2.897e-40
2.014e+0      2.820e-40
2.029e+0      2.601e-40
2.044e+0      2.465e-40
2.059e+0      2.336e-40
2.078e+0      2.154e-40
2.094e+0      2.041e-40
2.109e+0      1.934e-40
2.129e+0      1.784e-40
2.150e+0      1.646e-40
2.176e+0      1.518e-40
2.191e+0      1.438e-40
2.213e+0      1.327e-40
2.245e+0      1.224e-40
2.272e+0      1.129e-40
2.299e+0      1.041e-40
2.322e+0      9.866e-41
2.344e+0      9.349e-41
2.373e+0      8.623e-41
2.395e+0      8.171e-41
2.419e+0      7.743e-41
2.454e+0      7.142e-41
2.495e+0      6.587e-41
2.508e+0      6.412e-41
2.520e+0      6.242e-41
2.532e+0      6.076e-41
2.544e+0      5.915e-41
2.556e+0      5.757e-41
2.581e+0      5.456e-41
2.593e+0      5.311e-41
2.618e+0      5.032e-41
2.650e+0      4.898e-41
2.689e+0      4.642e-41
2.734e+0      4.281e-41
2.774e+0      4.057e-41
2.821e+0      3.742e-41
2.842e+0      3.643e-41
2.883e+0      3.452e-41
2.925e+0      3.271e-41
2.953e+0      3.184e-41
2.975e+0      3.099e-41
3.003e+0      3.017e-41
3.047e+0      2.859e-41
3.091e+0      2.709e-41
3.151e+0      2.567e-41
3.197e+0      2.498e-41
3.244e+0      2.367e-41
3.283e+0      2.304e-41
3.323e+0      2.243e-41
3.371e+0      2.184e-41
3.420e+0      2.126e-41
3.512e+0      2.014e-41
3.571e+0      1.961e-41
3.623e+0      1.909e-41
3.676e+0      1.858e-41
3.729e+0      1.808e-41
3.784e+0      1.760e-41
3.820e+0      1.760e-41
3.857e+0      1.737e-41
3.894e+0      1.714e-41
3.932e+0      1.691e-41
3.989e+0      1.668e-41
4.028e+0      1.646e-41
4.086e+0      1.624e-41
4.126e+0      1.602e-41
4.166e+0      1.602e-41
4.226e+0      1.581e-41
4.308e+0      1.559e-41
4.392e+0      1.539e-41
4.456e+0      1.518e-41
4.521e+0      1.498e-41
4.587e+0      1.478e-41
4.653e+0      1.478e-41
4.721e+0      1.478e-41
4.790e+0      1.458e-41
4.813e+0      1.458e-41
4.859e+0      1.458e-41
4.977e+0      1.458e-41
5.001e+0      1.458e-41
5.050e+0      1.438e-41
5.099e+0      1.419e-41
5.173e+0      1.419e-41
5.223e+0      1.419e-41
5.299e+0      1.400e-41
5.350e+0      1.381e-41
5.402e+0      1.381e-41
5.454e+0      1.363e-41
5.533e+0      1.327e-41
5.614e+0      1.309e-41
5.695e+0      1.292e-41
5.806e+0      1.274e-41
5.862e+0      1.257e-41
5.919e+0      1.240e-41
5.976e+0      1.224e-41
6.063e+0      1.191e-41
6.092e+0      1.175e-41
6.151e+0      1.160e-41
6.181e+0      1.144e-41
6.241e+0      1.114e-41
6.362e+0      1.070e-41
6.423e+0      1.055e-41
6.454e+0      1.041e-41
6.517e+0      1.027e-41
6.580e+0      1.014e-41
6.643e+0      9.866e-42
6.740e+0      9.604e-42
6.838e+0      9.349e-42
6.937e+0      9.100e-42
7.072e+0      8.859e-42
7.210e+0      8.623e-42
7.350e+0      8.282e-42
7.421e+0      8.171e-42
7.529e+0      8.062e-42
7.675e+0      7.848e-42
7.786e+0      7.743e-42
7.862e+0      7.639e-42
7.976e+0      7.436e-42
8.092e+0      7.239e-42
8.249e+0      7.142e-42
8.369e+0      6.859e-42
8.532e+0      6.767e-42
8.656e+0      6.677e-42
8.782e+0      6.499e-42
8.909e+0      6.412e-42
8.996e+0      6.327e-42
9.083e+0      6.242e-42
9.259e+0      6.158e-42
9.394e+0      6.076e-42
9.576e+0      5.995e-42
9.715e+0      5.915e-42
9.904e+0      5.836e-42
1.010e+1      5.680e-42
1.024e+1      5.605e-42
1.039e+1      5.530e-42
1.049e+1      5.530e-42
1.070e+1      5.456e-42
1.085e+1      5.383e-42
1.101e+1      5.383e-42
1.112e+1      5.311e-42
1.122e+1      5.311e-42
1.139e+1      5.240e-42
1.155e+1      5.170e-42
1.172e+1      5.100e-42
1.189e+1      5.100e-42
1.206e+1      5.032e-42
1.218e+1      5.032e-42
1.242e+1      4.965e-42
1.266e+1      4.898e-42
1.272e+1      4.898e-42
1.309e+1      4.898e-42
1.328e+1      4.833e-42
1.354e+1      4.833e-42
1.387e+1      4.833e-42
1.400e+1      4.833e-42
1.421e+1      4.833e-42
1.448e+1      4.833e-42
1.435e+1      4.833e-42
1.469e+1      4.833e-42
1.498e+1      4.833e-42
