1.232e+0     3.115e-38
1.281e+0     2.568e-38
1.312e+0     2.117e-38
1.353e+0     1.745e-38
1.396e+0     1.478e-38
1.430e+0     1.324e-38
1.463e+0     1.122e-38
1.522e+0     9.774e-39
1.608e+0     8.285e-39
1.685e+0     7.022e-39
1.766e+0     6.119e-39
1.866e+0     5.481e-39
1.956e+0     5.048e-39
2.034e+0     4.648e-39
2.149e+0     4.401e-39
2.289e+0     4.053e-39
2.475e+0     3.734e-39
2.678e+0     3.636e-39
2.829e+0     3.638e-39
3.013e+0     3.542e-39
3.208e+0     3.544e-39
3.363e+0     3.646e-39
3.667e+0     3.752e-39
3.844e+0     3.652e-39
4.061e+0     3.410e-39
4.393e+0     3.014e-39
4.605e+0     2.933e-39
4.942e+0     2.778e-39
5.180e+0     2.703e-39
5.430e+0     2.705e-39
5.737e+0     2.561e-39
6.062e+0     2.528e-39
6.455e+0     2.529e-39
6.874e+0     2.639e-39
7.320e+0     2.641e-39
7.734e+0     2.716e-39
8.236e+0     2.718e-39
8.840e+0     2.759e-39
9.414e+0     2.958e-39
9.946e+0     2.960e-39
