5.056e+0       8.211e-43
5.192e+0       5.751e-43
5.333e+0       4.177e-43
5.485e+0       2.955e-43
5.694e+0       1.976e-43
5.864e+0       1.394e-43
6.097e+0       1.012e-43
6.391e+0       6.778e-44
6.744e+0       4.325e-44
7.022e+0       3.274e-44
7.360e+0       2.315e-44
7.768e+0       1.621e-44
8.198e+0       1.156e-44
8.652e+0       8.520e-45
9.194e+0       6.265e-45
9.836e+0       4.563e-45
1.059e+1       3.275e-45
1.157e+1       2.330e-45
1.237e+1       1.578e-45
1.379e+1       1.121e-45
1.526e+1       8.228e-46
1.724e+1       6.019e-46
1.988e+1       4.478e-46
2.307e+1       3.525e-46
2.679e+1       2.967e-46
3.110e+1       2.672e-46
3.611e+1       2.537e-46
4.194e+1       2.530e-46
4.870e+1       2.549e-46
5.656e+1       2.686e-46
6.568e+1       2.873e-46
7.628e+1       3.129e-46
8.860e+1       3.472e-46
1.029e+2       3.863e-46
1.195e+2       4.332e-46
1.388e+2       4.846e-46
1.612e+2       5.441e-46
1.872e+2       6.102e-46
2.175e+2       6.952e-46
2.526e+2       8.026e-46
2.934e+2       9.230e-46
2.914e+2       9.141e-46
3.325e+2       1.046e-45
3.958e+2       1.219e-45
4.597e+2       1.415e-45
5.339e+2       1.657e-45
6.201e+2       1.951e-45
7.203e+2       2.307e-45
8.367e+2       2.753e-45
9.457e+2       3.222e-45
