2.000000 4.236130e-35
2.030183 2.882831e-35
2.060821 1.972204e-35
2.091922 1.334588e-35
2.123492 9.085885e-36
2.155538 6.124859e-36
2.188068 4.157390e-36
2.221089 2.797352e-36
2.254609 1.867293e-36
2.288634 1.257015e-36
2.323173 8.406324e-37
2.358233 5.675031e-37
2.393822 3.811381e-37
2.429948 2.549127e-37
2.466619 1.724154e-37
2.503844 1.163398e-37
2.541630 7.948021e-38
2.579987 5.352744e-38
2.618923 3.704988e-38
2.658446 2.534763e-38
2.698566 1.760936e-38
2.739291 1.242743e-38
2.780631 8.703712e-39
2.822594 6.203997e-39
2.865191 4.452949e-39
2.908431 3.255109e-39
2.952323 2.400196e-39
2.996878 1.786947e-39
3.042105 1.357445e-39
3.088015 1.042685e-39
3.134617 8.099608e-40
3.181923 6.371382e-40
3.229943 5.116557e-40
3.278687 4.156589e-40
3.328167 3.419568e-40
3.378394 2.866711e-40
3.429378 2.429685e-40
3.481132 2.079008e-40
3.533668 1.794471e-40
3.586996 1.572302e-40
3.641128 1.385190e-40
3.696078 1.227286e-40
3.751857 1.089563e-40
3.808478 9.759852e-41
3.865953 8.768135e-41
3.924296 7.899522e-41
3.983519 7.154225e-41
4.043636 6.551314e-41
4.104660 6.059594e-41
4.166605 5.652391e-41
4.229485 5.345532e-41
4.293314 5.129015e-41
4.358106 4.904459e-41
4.423876 4.721505e-41
4.490638 4.578831e-41
4.558409 4.400179e-41
4.627201 4.239539e-41
4.697032 4.085854e-41
4.767917 3.934007e-41
4.839872 3.788491e-41
4.912912 3.665637e-41
4.987055 3.515165e-41
5.062317 3.384642e-41
5.138714 3.260114e-41
5.216264 3.173897e-41
5.294985 3.094429e-41
5.374894 3.016925e-41
5.456009 2.954581e-41
5.538347 2.890237e-41
5.621929 2.829017e-41
5.706772 2.739932e-41
5.792895 2.677802e-41
5.880318 2.636923e-41
5.969060 2.607911e-41
6.059141 2.568739e-41
6.150582 2.562983e-41
6.243403 2.518501e-41
6.337625 2.468483e-41
6.433269 2.471519e-41
6.530356 2.427578e-41
6.628908 2.410323e-41
6.728948 2.375498e-41
6.830497 2.328392e-41
6.933579 2.284528e-41
7.038216 2.250677e-41
7.144433 2.231620e-41
7.252252 2.211575e-41
7.361699 2.161508e-41
7.472797 2.102873e-41
7.585572 2.079861e-41
7.700049 2.057345e-41
7.816254 1.995100e-41
7.934212 1.962759e-41
8.053950 1.936975e-41
8.175496 1.925129e-41
8.298875 1.920599e-41
8.424117 1.879088e-41
8.551249 1.874359e-41
8.680299 1.889406e-41
8.811297 1.866068e-41
8.944272 1.855439e-41
9.079254 1.865935e-41
9.216272 1.864104e-41
9.355359 1.862298e-41
9.496544 1.840223e-41
9.639860 1.827520e-41
9.785339 1.817483e-41
9.933014 1.807618e-41
10.082917 1.797519e-41
10.235082 1.820100e-41
10.389544 1.819310e-41
10.546337 1.861213e-41
10.705496 1.886312e-41
10.867057 1.923192e-41
11.031056 1.961689e-41
11.197530 2.007708e-41
11.366517 2.048018e-41
11.538053 2.090804e-41
11.712179 2.104360e-41
11.888932 2.147374e-41
12.068353 2.182650e-41
12.250481 2.228226e-41
12.435358 2.242933e-41
12.623025 2.279602e-41
12.813524 2.307759e-41
13.006898 2.345786e-41
13.203191 2.384887e-41
13.402445 2.428020e-41
13.604707 2.464556e-41
13.810021 2.496322e-41
14.018434 2.528843e-41
14.229992 2.575275e-41
14.444742 2.598019e-41
14.662734 2.640504e-41
14.884015 2.681648e-41
15.108635 2.699827e-41
15.336646 2.741970e-41
15.568097 2.780433e-41
15.803042 2.797425e-41
16.041532 2.845250e-41
16.283621 2.883227e-41
16.529364 2.907571e-41
16.778815 2.938524e-41
17.032031 2.973844e-41
17.289068 3.015840e-41
17.549985 3.038666e-41
17.814839 3.077509e-41
18.083690 3.110610e-41
18.356598 3.137181e-41
18.633625 3.164456e-41
18.914832 3.219795e-41
19.200284 3.247391e-41
19.490043 3.274723e-41
19.784175 3.320466e-41
20.082746 3.355541e-41
20.385823 3.397375e-41
20.693473 3.443340e-41
21.005767 3.489201e-41
21.322773 3.540198e-41
21.644564 3.584355e-41
21.971211 3.629615e-41
22.302787 3.664508e-41
22.639368 3.730388e-41
22.981027 3.791382e-41
23.327843 3.830183e-41
23.679893 3.893580e-41
24.037256 3.963129e-41
24.400012 4.038657e-41
24.768243 4.085547e-41
25.142030 4.165323e-41
25.521459 4.249937e-41
25.906613 4.332725e-41
26.297580 4.408325e-41
26.694448 4.492589e-41
27.097305 4.581801e-41
27.506241 4.677813e-41
27.921349 4.750145e-41
28.342721 4.888591e-41
28.770452 4.973225e-41
29.204639 5.096946e-41
29.645378 5.226874e-41
30.092768 5.353948e-41
30.546910 5.409693e-41
31.007906 5.554917e-41
31.475859 5.658945e-41
31.950874 5.791648e-41
32.433057 5.951617e-41
32.922518 6.106460e-41
33.419365 6.190543e-41
33.923710 6.412389e-41
34.435666 6.560124e-41
34.955349 6.769601e-41
35.482874 6.887316e-41
36.018361 7.051953e-41
36.561928 7.225961e-41
37.113699 7.376247e-41
37.673797 7.617301e-41
38.242347 7.651589e-41
38.819478 7.907927e-41
39.405318 8.002589e-41
39.405318 8.002589e-41
39.405318 8.002589e-41
39.405318 8.002589e-41
39.405318 8.002589e-41
39.405318 8.002589e-41
39.405318 8.002589e-41
39.405318 8.002589e-41
39.405318 8.002589e-41
39.405318 8.002589e-41
39.405318 8.002589e-41
39.405318 8.002589e-41
39.405318 8.002589e-41
39.405318 8.002589e-41
39.405318 8.002589e-41
39.405318 8.002589e-41
39.405318 8.002589e-41
39.405318 8.002589e-41
39.405318 8.002589e-41
39.405318 8.002589e-41
39.405318 8.002589e-41
39.405318 8.002589e-41
39.405318 8.002589e-41
39.405318 8.002589e-41
39.405318 8.002589e-41
39.405318 8.002589e-41
39.405318 8.002589e-41
39.405318 8.002589e-41
39.405318 8.002589e-41
39.405318 8.002589e-41
39.405318 8.002589e-41
39.405318 8.002589e-41
39.405318 8.002589e-41
39.405318 8.002589e-41
39.405318 8.002589e-41
39.405318 8.002589e-41
39.405318 8.002589e-41
39.405318 8.002589e-41
39.405318 8.002589e-41
39.405318 8.002589e-41
39.405318 8.002589e-41
39.405318 8.002589e-41
39.405318 8.002589e-41
39.405318 8.002589e-41
39.405318 8.002589e-41
39.405318 8.002589e-41
39.405318 8.002589e-41
39.405318 8.002589e-41
39.405318 8.002589e-41
39.405318 8.002589e-41
39.405318 8.002589e-41
39.405318 8.002589e-41
39.405318 8.002589e-41
39.405318 8.002589e-41
39.405318 8.002589e-41
39.405318 8.002589e-41
39.405318 8.002589e-41
39.405318 8.002589e-41
39.405318 8.002589e-41
39.405318 8.002589e-41
39.405318 8.002589e-41
39.405318 8.002589e-41
39.405318 8.002589e-41
39.405318 8.002589e-41
39.405318 8.002589e-41
39.405318 8.002589e-41
39.405318 8.002589e-41
39.405318 8.002589e-41
39.405318 8.002589e-41
39.405318 8.002589e-41
39.405318 8.002589e-41
39.405318 8.002589e-41
39.405318 8.002589e-41
39.405318 8.002589e-41
39.405318 8.002589e-41
39.405318 8.002589e-41
39.405318 8.002589e-41
39.405318 8.002589e-41
39.405318 8.002589e-41
39.405318 8.002589e-41
39.405318 8.002589e-41
39.405318 8.002589e-41
39.405318 8.002589e-41
39.405318 8.002589e-41
39.405318 8.002589e-41
39.405318 8.002589e-41
39.405318 8.002589e-41
39.405318 8.002589e-41
39.405318 8.002589e-41
39.405318 8.002589e-41
39.405318 8.002589e-41
39.405318 8.002589e-41
39.405318 8.002589e-41
39.405318 8.002589e-41
39.405318 8.002589e-41
39.405318 8.002589e-41
39.405318 8.002589e-41
39.405318 8.002589e-41
39.405318 8.002589e-41
39.405318 8.002589e-41
39.405318 8.002589e-41
39.405318 8.002589e-41
39.405318 8.002589e-41
39.405318 8.002589e-41
39.405318 8.002589e-41
39.405318 8.002589e-41
39.405318 8.002589e-41
39.405318 8.002589e-41
39.405318 8.002589e-41
39.405318 8.002589e-41
39.405318 8.002589e-41
39.405318 8.002589e-41
39.405318 8.002589e-41
39.405318 8.002589e-41
39.405318 8.002589e-41
39.405318 8.002589e-41
39.405318 8.002589e-41
39.405318 8.002589e-41
39.405318 8.002589e-41
39.405318 8.002589e-41
39.405318 8.002589e-41
39.405318 8.002589e-41
39.405318 8.002589e-41
39.405318 8.002589e-41
39.405318 8.002589e-41
39.405318 8.002589e-41
39.405318 8.002589e-41
39.405318 8.002589e-41
39.405318 8.002589e-41
39.405318 8.002589e-41
39.405318 8.002589e-41
39.405318 8.002589e-41
39.405318 8.002589e-41
39.405318 8.002589e-41
39.405318 8.002589e-41
39.405318 8.002589e-41
39.405318 8.002589e-41
39.405318 8.002589e-41
39.405318 8.002589e-41
39.405318 8.002589e-41
39.405318 8.002589e-41
39.405318 8.002589e-41
39.405318 8.002589e-41
39.405318 8.002589e-41
39.405318 8.002589e-41
39.405318 8.002589e-41
39.405318 8.002589e-41
39.405318 8.002589e-41
39.405318 8.002589e-41
39.405318 8.002589e-41
39.405318 8.002589e-41
39.405318 8.002589e-41
39.405318 8.002589e-41
39.405318 8.002589e-41
39.405318 8.002589e-41
39.405318 8.002589e-41
39.405318 8.002589e-41
39.405318 8.002589e-41
39.405318 8.002589e-41
39.405318 8.002589e-41
39.405318 8.002589e-41
39.405318 8.002589e-41
39.405318 8.002589e-41
39.405318 8.002589e-41
39.405318 8.002589e-41
39.405318 8.002589e-41
39.405318 8.002589e-41
39.405318 8.002589e-41
39.405318 8.002589e-41
39.405318 8.002589e-41
39.405318 8.002589e-41
39.405318 8.002589e-41
39.405318 8.002589e-41
39.405318 8.002589e-41
39.405318 8.002589e-41
39.405318 8.002589e-41
39.405318 8.002589e-41
39.405318 8.002589e-41
39.405318 8.002589e-41
39.405318 8.002589e-41
39.405318 8.002589e-41
39.405318 8.002589e-41
39.405318 8.002589e-41
39.405318 8.002589e-41
39.405318 8.002589e-41
39.405318 8.002589e-41
39.405318 8.002589e-41
39.405318 8.002589e-41
39.405318 8.002589e-41
39.405318 8.002589e-41
39.405318 8.002589e-41
39.405318 8.002589e-41
39.405318 8.002589e-41
39.405318 8.002589e-41
39.405318 8.002589e-41
39.405318 8.002589e-41
39.405318 8.002589e-41
39.405318 8.002589e-41
39.405318 8.002589e-41
39.405318 8.002589e-41
39.405318 8.002589e-41
39.405318 8.002589e-41
39.405318 8.002589e-41
39.405318 8.002589e-41
39.405318 8.002589e-41
39.405318 8.002589e-41
39.405318 8.002589e-41
39.405318 8.002589e-41
39.405318 8.002589e-41
39.405318 8.002589e-41
39.405318 8.002589e-41
39.405318 8.002589e-41
39.405318 8.002589e-41
39.405318 8.002589e-41
39.405318 8.002589e-41
39.405318 8.002589e-41
39.405318 8.002589e-41
39.405318 8.002589e-41
39.405318 8.002589e-41
39.405318 8.002589e-41
39.405318 8.002589e-41
39.405318 8.002589e-41
39.405318 8.002589e-41
39.405318 8.002589e-41
39.405318 8.002589e-41
39.405318 8.002589e-41
39.405318 8.002589e-41
39.405318 8.002589e-41
39.405318 8.002589e-41
39.405318 8.002589e-41
39.405318 8.002589e-41
39.405318 8.002589e-41
39.405318 8.002589e-41
39.405318 8.002589e-41
39.405318 8.002589e-41
39.405318 8.002589e-41
39.405318 8.002589e-41
39.405318 8.002589e-41
39.405318 8.002589e-41
39.405318 8.002589e-41
39.405318 8.002589e-41
39.405318 8.002589e-41
39.405318 8.002589e-41
39.405318 8.002589e-41
39.405318 8.002589e-41
39.405318 8.002589e-41
39.405318 8.002589e-41
39.405318 8.002589e-41
39.405318 8.002589e-41
39.405318 8.002589e-41
39.405318 8.002589e-41
39.405318 8.002589e-41
39.405318 8.002589e-41
39.405318 8.002589e-41
39.405318 8.002589e-41
39.405318 8.002589e-41
39.405318 8.002589e-41
39.405318 8.002589e-41
39.405318 8.002589e-41
39.405318 8.002589e-41
39.405318 8.002589e-41
39.405318 8.002589e-41
39.405318 8.002589e-41
39.405318 8.002589e-41
39.405318 8.002589e-41
39.405318 8.002589e-41
39.405318 8.002589e-41
39.405318 8.002589e-41
39.405318 8.002589e-41
39.405318 8.002589e-41
39.405318 8.002589e-41
39.405318 8.002589e-41
39.405318 8.002589e-41
39.405318 8.002589e-41
39.405318 8.002589e-41
39.405318 8.002589e-41
39.405318 8.002589e-41
39.405318 8.002589e-41
39.405318 8.002589e-41
39.405318 8.002589e-41
39.405318 8.002589e-41
39.405318 8.002589e-41
39.405318 8.002589e-41
39.405318 8.002589e-41
39.405318 8.002589e-41
39.405318 8.002589e-41
39.405318 8.002589e-41
39.405318 8.002589e-41
39.405318 8.002589e-41
39.405318 8.002589e-41
39.405318 8.002589e-41
39.405318 8.002589e-41
39.405318 8.002589e-41
39.405318 8.002589e-41
39.405318 8.002589e-41
39.405318 8.002589e-41
39.405318 8.002589e-41
39.405318 8.002589e-41
39.405318 8.002589e-41
39.405318 8.002589e-41
39.405318 8.002589e-41
