       12.5000002    2.5339861E+01
        15.0000002    2.1296114E+01
        20.0000003    7.0482244E+00
        25.0000004    2.0002456E+00
        30.0000005    4.8625702E-01
        35.0000006    1.8658176E-01
        40.0000007    1.1421483E-01
        45.0000007    7.5272597E-02
        50.0000008    4.8443191E-02
        55.0000009    2.8772771E-02
        60.0000010    1.5746294E-02
        65.0000011    8.2901018E-03
        70.0000011    4.4532088E-03
        75.0000012    3.4797367E-02
        80.0000013    2.6682425E-02
        85.0000014    1.7835125E-02
        90.0000015    1.1466498E-02
        95.2390015    6.9541419E-03
       100.6800016    3.9711450E-03
       114.2900019    8.8468450E-04
       119.7300019    4.6613510E-04
       122.4500020    3.3462874E-04
       125.1700020    2.3816949E-04
       127.8900021    1.6786507E-04
       130.6100021    1.1697465E-04
       133.3300022    8.0407721E-05
       136.0600022    5.4255510E-05
       146.9400024    7.3369215E-06
       149.6600024    1.7772710E-06
 
