       12.5000002    8.0907861E+02
        15.0000002    2.4926357E+02
        20.0000003    2.5638632E+01
        25.0000004    1.5570395E+01
        30.0000005    1.0528948E+01
        35.0000006    6.5661101E+00
        40.0000007    3.9867611E+00
        45.0000007    2.2362423E+00
        50.0000008    1.1570779E+00
        55.0000009    5.5870402E-01
        60.0000010    2.6391357E-01
        65.0000011    1.3307950E-01
        70.0000011    7.7533565E-02
        75.0000012    2.2206739E-01
        80.0000013    1.9805413E-01
        85.0000014    1.7091428E-01
        90.0000015    1.5034062E-01
        95.2390015    1.2725307E-01
       100.6800016    1.0257746E-01
       114.2900019    5.9421558E-02
       119.7300019    4.7805063E-02
       122.4500020    4.2830840E-02
       125.1700020    3.8338948E-02
       127.8900021    3.4284871E-02
       130.6100021    3.0629443E-02
       133.3300022    2.7337654E-02
       136.0600022    2.4367210E-02
       146.9400024    1.5288285E-02
       149.6600024    1.3585332E-02
       155.1000025    1.0712771E-02
       157.8200026    9.5077809E-03
       160.5500026    8.4321992E-03
       165.9900027    7.9422984E-03
       171.4300028    6.4028455E-03
       176.8700029    5.5295345E-03
       179.5900029    4.9892915E-03
       182.3100030    4.4810963E-03
       185.0400030    4.0151142E-03
       187.7600031    3.5976165E-03
       190.4800031    3.2252448E-03
       195.9200032    2.5996605E-03
       198.6400032    2.3375642E-03
       204.0800033    1.8964425E-03
       206.8000034    1.7112257E-03
       209.5300034    1.5453602E-03
       212.2500035    1.3977120E-03
       214.9700035    1.2655855E-03
       220.4100036    1.0409323E-03
       225.8500037    8.5954374E-04
       236.7400038    6.9030089E-04
       247.6200040    4.7277586E-04
       258.5100042    3.2381268E-04
       272.1100044    2.0391373E-04
       285.7200046    1.3015965E-04
       299.3200049    8.4305539E-05
       312.9300051    5.5354387E-05
       340.1400055    2.4745081E-05
       353.7400058    1.6765171E-05
       380.9500062    7.7697059E-06
       394.5600064    5.2734795E-06
       408.1700066    3.5507355E-06
       435.3800071    1.5326234E-06
       462.5900075    5.6963688E-07
       476.1900077    2.9797107E-07
       489.8000080    9.0152923E-08
 
