       12.5000002    4.9061153E+01
        15.0000002    2.9324623E+01
        20.0000003    1.5571890E+01
        25.0000004    6.3289142E+00
        30.0000005    4.0042686E+00
        35.0000006    1.5402470E+00
        40.0000007    5.8594435E-01
        45.0000007    2.5093243E-01
        50.0000008    1.2851121E-01
        55.0000009    8.0931343E-02
        60.0000010    5.7308871E-02
        65.0000011    4.0886715E-02
        70.0000011    2.8117942E-02
        75.0000012    1.1129021E-01
        80.0000013    9.8063089E-02
        85.0000014    7.9491116E-02
        90.0000015    6.4445771E-02
        95.2390015    5.0256357E-02
       100.6800016    3.6516692E-02
       114.2900019    1.5159504E-02
       119.7300019    1.0595775E-02
       122.4500020    8.8518737E-03
       125.1700020    7.3917923E-03
       127.8900021    6.1700968E-03
       130.6100021    5.1484327E-03
       133.3300022    4.2944727E-03
       136.0600022    3.5786126E-03
       146.9400024    1.7250399E-03
       149.6600024    1.4363399E-03
       155.1000025    9.9493808E-04
       157.8200026    8.2770095E-04
       160.5500026    6.8790052E-04
       165.9900027    7.8421377E-04
       171.4300028    5.9485831E-04
       176.8700029    5.4817466E-04
       179.5900029    4.8182852E-04
       182.3100030    4.2083260E-04
       185.0400030    3.6606332E-04
       187.7600031    3.1791622E-04
       190.4800031    2.7572692E-04
       195.9200032    2.0673909E-04
       198.6400032    1.7871422E-04
       204.0800033    1.3303799E-04
       206.8000034    1.1454176E-04
       209.5300034    9.8403449E-05
       212.2500035    8.4434549E-05
       214.9700035    7.2304618E-05
       220.4100036    5.2658295E-05
       225.8500037    3.7929825E-05
       236.7400038    2.2282693E-05
       247.6200040    1.1151910E-05
       258.5100042    4.5407564E-06
 
