       80.0000013    8.1847728E+18
        85.0000014    6.5019461E+18
        90.0000015    5.1767146E+18
        95.2390015    4.0893267E+18
       100.6800016    3.2127122E+18
       114.2900019    1.7860380E+18
       119.7300019    1.4213013E+18
       122.4500020    1.2694979E+18
       125.1700020    1.1348376E+18
       127.8900021    1.0152796E+18
       130.6100021    9.0904151E+17
       133.3300022    8.1456432E+17
       136.0600022    7.3019103E+17
       146.9400024    1.8679126E+18
       149.6600024    1.7835852E+18
       155.1000025    1.6031755E+18
       157.8200026    1.5159989E+18
       160.5500026    1.4324756E+18
       165.9900027    1.2790176E+18
       171.4300028    1.1423713E+18
       176.8700029    1.0209723E+18
       179.5900029    9.6544075E+17
       182.3100030    9.1307397E+17
       185.0400030    8.6349960E+17
       187.7600031    8.1689673E+17
       190.4800031    7.7290754E+17
       195.9200032    6.9214518E+17
       198.6400032    6.5508662E+17
       204.0800033    7.1267849E+17
       206.8000034    6.8141800E+17
       209.5300034    6.5165305E+17
       212.2500035    6.2360671E+17
       214.9700035    5.9709075E+17
       220.4100036    5.4826082E+17
       225.8500037    5.0440402E+17
       236.7400038    4.2898484E+17
       247.6200040    3.6681120E+17
       258.5100042    3.1482811E+17
       272.1100044    2.6114081E+17
       285.7200046    2.1720716E+17
       299.3200049    1.8101492E+17
       312.9300051    1.5098999E+17
       340.1400055    1.0519374E+17
       353.7400058    8.7807634E+16
       380.9500062    6.1111711E+16
       394.5600064    5.0938935E+16
       408.1700066    4.2429827E+16
       435.3800071    2.9363313E+16
       462.5900075    2.0224198E+16
       476.1900077    1.6746082E+16
       489.8000080    1.3837016E+16
       503.4000082    1.1408083E+16
       517.0100084    9.3775779E+15
       557.8300091    5.0849229E+15
       571.4300093    4.0983517E+15
       585.0400095    3.2732268E+15
       612.2500100    2.0028772E+15
       666.6700108    3.2439774E+14
 
