       80.0000013    1.0208282E+19
        85.0000014    8.4204449E+18
        90.0000015    6.9442752E+18
        95.2390015    5.6786345E+18
       100.6800016    4.6150192E+18
       114.2900019    2.7745225E+18
       119.7300019    2.2740913E+18
       122.4500020    2.0608386E+18
       125.1700020    1.8687911E+18
       127.8900021    1.6957206E+18
       130.6100021    1.5396420E+18
       133.3300022    1.3987882E+18
       136.0600022    1.2711417E+18
       146.9400024    2.2549333E+18
       149.6600024    2.1624667E+18
       155.1000025    1.9651826E+18
       157.8200026    1.8697348E+18
       160.5500026    1.7781460E+18
       165.9900027    1.6093787E+18
       171.4300028    1.4583543E+18
       176.8700029    1.3233270E+18
       179.5900029    1.2612066E+18
       182.3100030    1.2023753E+18
       185.0400030    1.1464213E+18
       187.7600031    1.0935569E+18
       190.4800031    1.0433895E+18
       195.9200032    9.5048822E+17
       198.6400032    9.0745732E+17
       204.0800033    9.3720756E+17
       206.8000034    8.9744737E+17
       209.5300034    8.5903730E+17
       212.2500035    8.2261199E+17
       214.9700035    7.8808554E+17
       220.4100036    7.2448924E+17
       225.8500037    6.6751990E+17
       236.7400038    5.7023872E+17
       247.6200040    4.9097087E+17
       258.5100042    4.2546633E+17
       272.1100044    3.5854500E+17
       285.7200046    3.0419216E+17
       299.3200049    2.5948452E+17
       312.9300051    2.2221939E+17
       340.1400055    1.6436694E+17
       353.7400058    1.4177472E+17
       380.9500062    1.0585029E+17
       394.5600064    9.1576090E+16
       408.1700066    7.9278491E+16
       435.3800071    5.9515856E+16
       462.5900075    4.4756458E+16
       476.1900077    3.8835219E+16
       489.8000080    3.3704451E+16
       503.4000082    2.9262937E+16
       517.0100084    2.5410328E+16
       557.8300091    1.6656394E+16
       571.4300093    1.4472423E+16
       585.0400095    1.2573321E+16
       612.2500100    9.4877975E+15
       666.6700108    5.3817019E+15
       680.2800111    4.6634229E+15
       707.4900115    3.4924051E+15
       734.7000119    2.6024195E+15
       761.9100124    1.9254744E+15
       789.1200128    1.4100686E+15
       816.3300133    1.0169995E+15
       843.5400137    7.1615989E+14
       870.7500142    4.8389762E+14
       911.5700148    2.1950266E+14
 
