       80.0000013    6.8586463E+18
        85.0000014    5.3349459E+18
        90.0000015    4.1638772E+18
        95.2390015    3.2243643E+18
       100.6800016    2.4830994E+18
       114.2900019    1.3159292E+18
       119.7300019    1.0280872E+18
       122.4500020    9.1002784E+17
       125.1700020    8.0629985E+17
       127.8900021    7.1508690E+17
       130.6100021    6.3481500E+17
       133.3300022    5.6411812E+17
       136.0600022    5.0159408E+17
       146.9400024    1.6275948E+18
       149.6600024    1.5438343E+18
       155.1000025    1.3704923E+18
       157.8200026    1.2881792E+18
       160.5500026    1.2099271E+18
       165.9900027    1.0674985E+18
       171.4300028    9.4207043E+17
       176.8700029    8.3179986E+17
       179.5900029    7.8175758E+17
       182.3100030    7.3481688E+17
       185.0400030    6.9061810E+17
       187.7600031    6.4929398E+17
       190.4800031    6.1050479E+17
       195.9200032    5.3988605E+17
       198.6400032    5.0776419E+17
       204.0800033    6.0162239E+17
       206.8000034    5.7467133E+17
       209.5300034    5.4893609E+17
       212.2500035    5.2463146E+17
       214.9700035    5.0160401E+17
       220.4100036    4.5906799E+17
       225.8500037    4.2071108E+17
       236.7400038    3.5441672E+17
       247.6200040    2.9950497E+17
       258.5100042    2.5352070E+17
       272.1100044    2.0614462E+17
       285.7200046    1.6766336E+17
       299.3200049    1.3633857E+17
       312.9300051    1.1075278E+17
       340.1400055    7.2799910E+16
       353.7400058    5.8872719E+16
       380.9500062    3.8236483E+16
       394.5600064    3.0685302E+16
       408.1700066    2.4541349E+16
       435.3800071    1.5494667E+16
       462.5900075    9.5363661E+15
       476.1900077    7.3731816E+15
       489.8000080    5.6159269E+15
       503.4000082    4.1861417E+15
       517.0100084    3.0118147E+15
 
