       80.0000013    3.8732713E+18
        85.0000014    2.8517244E+18
        90.0000015    2.1095464E+18
        95.2390015    1.5461345E+18
       100.6800016    1.1261143E+18
       114.2900019    5.2411740E+17
       119.7300019    3.9115030E+17
       122.4500020    3.3902022E+17
       125.1700020    2.9453632E+17
       127.8900021    2.5653542E+17
       130.6100021    2.2403491E+17
       133.3300022    1.9620397E+17
       136.0600022    1.7225849E+17
       146.9400024    9.9134305E+17
       149.6600024    9.1727761E+17
       155.1000025    7.7971029E+17
       157.8200026    7.1814547E+17
       160.5500026    6.6116342E+17
       165.9900027    5.6078041E+17
       171.4300028    4.7574803E+17
       176.8700029    4.0367277E+17
       179.5900029    3.7184693E+17
       182.3100030    3.4252770E+17
       185.0400030    3.1541748E+17
       187.7600031    2.9053114E+17
       190.4800031    2.6759598E+17
       195.9200032    2.2697351E+17
       198.6400032    2.0901412E+17
       204.0800033    3.5234936E+17
       206.8000034    3.3281574E+17
       209.5300034    3.1405852E+17
       212.2500035    2.9631770E+17
       214.9700035    2.7951956E+17
       220.4100036    2.4859626E+17
       225.8500037    2.2092697E+17
       236.7400038    1.7393961E+17
       247.6200040    1.3630014E+17
       258.5100042    1.0612466E+17
       272.1100044    7.6809864E+16
       285.7200046    5.4729441E+16
       299.3200049    3.8184334E+16
       312.9300051    2.5787898E+16
       340.1400055    9.2424357E+15
       353.7400058    2.3269344E+15
 
