       12.5000002    2.4606361E+18
        15.0000002    4.0529227E+18
        20.0000003    3.4801519E+18
        25.0000004    2.7833521E+18
        30.0000005    2.4870519E+18
        35.0000006    1.8361359E+18
        40.0000007    1.5342840E+18
        45.0000007    1.3776850E+18
        50.0000008    1.2772613E+18
        55.0000009    1.1871508E+18
        60.0000010    1.0733068E+18
        65.0000011    9.3582726E+17
        70.0000011    7.9380328E+17
        75.0000012    5.9046666E+18
        80.0000013    6.3173243E+18
        85.0000014    6.0181384E+18
        90.0000015    5.6122350E+18
        95.2390015    5.0648937E+18
       100.6800016    4.3537049E+18
       114.2900019    2.7978503E+18
       119.7300019    2.3251306E+18
       122.4500020    2.1170837E+18
       125.1700020    1.9262927E+18
       127.8900021    1.7515806E+18
       130.6100021    1.5918112E+18
       133.3300022    1.4458950E+18
       136.0600022    1.3123251E+18
       146.9400024    8.8924178E+17
       149.6600024    8.0649501E+17
       155.1000025    6.6341151E+17
       157.8200026    6.0178828E+17
       160.5500026    5.4580458E+17
       165.9900027    9.9094372E+17
       171.4300028    8.8986665E+17
       176.8700029    1.0221461E+18
       179.5900029    9.7145790E+17
       182.3100030    9.1806438E+17
       185.0400030    8.6493378E+17
       187.7600031    8.1387500E+17
       190.4800031    7.6526181E+17
       195.9200032    6.7576500E+17
       198.6400032    6.3470738E+17
       204.0800033    5.5942616E+17
       206.8000034    5.2498155E+17
       209.5300034    4.9239862E+17
       212.2500035    4.6180409E+17
       214.9700035    4.3296954E+17
       220.4100036    3.8018971E+17
       225.8500037    3.3333715E+17
       236.7400038    3.4826622E+17
       247.6200040    2.8420130E+17
       258.5100042    2.3117421E+17
       272.1100044    1.7708360E+17
       285.7200046    1.3321871E+17
       299.3200049    9.7130823E+16
       312.9300051    6.6739664E+16
       340.1400055    5.1120682E+15
 
