       12.5000002    3.2623588E+18
        15.0000002    2.7917485E+18
        20.0000003    2.4077477E+18
        25.0000004    2.2624287E+18
        30.0000005    2.8117261E+18
        35.0000006    2.6610793E+18
        40.0000007    2.3285806E+18
        45.0000007    1.9040226E+18
        50.0000008    1.4920616E+18
        55.0000009    1.1644471E+18
        60.0000010    9.4719882E+17
        65.0000011    8.1949804E+17
        70.0000011    7.4305566E+17
        75.0000012    4.3208468E+18
        80.0000013    4.8241611E+18
        85.0000014    4.9023815E+18
        90.0000015    4.9668629E+18
        95.2390015    4.9437325E+18
       100.6800016    4.7016145E+18
       114.2900019    3.8785462E+18
       119.7300019    3.5567846E+18
       122.4500020    3.3997798E+18
       125.1700020    3.2457341E+18
       127.8900021    3.0949620E+18
       130.6100021    2.9477775E+18
       133.3300022    2.8044718E+18
       136.0600022    2.6648107E+18
       146.9400024    2.1536706E+18
       149.6600024    2.0378430E+18
       155.1000025    1.8208013E+18
       157.8200026    1.7195236E+18
       160.5500026    1.6226391E+18
       165.9900027    1.9639686E+18
       171.4300028    1.8077153E+18
       176.8700029    1.8823040E+18
       179.5900029    1.8145326E+18
       182.3100030    1.7414998E+18
       185.0400030    1.6676891E+18
       187.7600031    1.5959946E+18
       190.4800031    1.5272457E+18
       195.9200032    1.3996089E+18
       198.6400032    1.3404887E+18
       204.0800033    1.2310014E+18
       206.8000034    1.1803785E+18
       209.5300034    1.1321240E+18
       212.2500035    1.0864312E+18
       214.9700035    1.0429660E+18
       220.4100036    9.6215754E+17
       225.8500037    8.8867801E+17
       236.7400038    8.8332922E+17
       247.6200040    7.5401415E+17
       258.5100042    6.4401145E+17
       272.1100044    5.3243115E+17
       285.7200046    4.4393277E+17
       299.3200049    3.7337755E+17
       312.9300051    3.1655507E+17
       340.1400055    2.3240243E+17
       353.7400058    2.0082812E+17
       380.9500062    1.5167612E+17
       394.5600064    1.3230094E+17
       408.1700066    1.1555544E+17
       435.3800071    8.8270314E+16
       462.5900075    6.7285881E+16
       476.1900077    5.8635323E+16
       489.8000080    5.0998622E+16
       503.4000082    4.4262786E+16
       517.0100084    3.8311632E+16
       557.8300091    2.4332637E+16
       571.4300093    2.0724435E+16
       585.0400095    1.7537494E+16
       612.2500100    1.2233705E+16
       666.6700108    4.6014546E+15
       680.2800111    2.9545072E+15
 
