       12.5000002    4.7067267E+18
        15.0000002    4.2253627E+18
        20.0000003    2.0805850E+18
        25.0000004    1.9813546E+18
        30.0000005    2.5144649E+18
        35.0000006    2.5406935E+18
        40.0000007    2.5120210E+18
        45.0000007    2.3464548E+18
        50.0000008    2.0328663E+18
        55.0000009    1.6376137E+18
        60.0000010    1.2612141E+18
        65.0000011    9.7124782E+17
        70.0000011    7.7718512E+17
        75.0000012    3.6200854E+18
        80.0000013    3.9761829E+18
        85.0000014    4.1081867E+18
        90.0000015    4.2988898E+18
        95.2390015    4.3040924E+18
       100.6800016    4.0577955E+18
       114.2900019    3.4633583E+18
       119.7300019    3.2714245E+18
       122.4500020    3.1790306E+18
       125.1700020    3.0878764E+18
       127.8900021    2.9974691E+18
       130.6100021    2.9075175E+18
       133.3300022    2.8178889E+18
       136.0600022    2.7282292E+18
       146.9400024    2.3758500E+18
       149.6600024    2.2897808E+18
       155.1000025    2.1213285E+18
       157.8200026    2.0392836E+18
       160.5500026    1.9586045E+18
       165.9900027    2.3127787E+18
       171.4300028    2.1868301E+18
       176.8700029    2.2544186E+18
       179.5900029    2.1972984E+18
       182.3100030    2.1273102E+18
       185.0400030    2.0508456E+18
       187.7600031    1.9730434E+18
       190.4800031    1.8966442E+18
       195.9200032    1.7516501E+18
       198.6400032    1.6828871E+18
       204.0800033    1.5536916E+18
       206.8000034    1.4935297E+18
       209.5300034    1.4360416E+18
       212.2500035    1.3815119E+18
       214.9700035    1.3295799E+18
       220.4100036    1.2329405E+18
       225.8500037    1.1450664E+18
       236.7400038    1.1783997E+18
       247.6200040    1.0335862E+18
       258.5100042    9.0100566E+17
       272.1100044    7.5939585E+17
       285.7200046    6.4215740E+17
       299.3200049    5.4531818E+17
       312.9300051    4.6522643E+17
       340.1400055    3.4413831E+17
       353.7400058    2.9853153E+17
       380.9500062    2.2842852E+17
       394.5600064    2.0137427E+17
       408.1700066    1.7834956E+17
       435.3800071    1.4157575E+17
       462.5900075    1.1377161E+17
       476.1900077    1.0233802E+17
       489.8000080    9.2200123E+16
       503.4000082    8.3180271E+16
       517.0100084    7.5110182E+16
       557.8300091    5.5481614E+16
       571.4300093    5.0174246E+16
       585.0400095    4.5366988E+16
       612.2500100    3.7064365E+16
       666.6700108    2.4594387E+16
       680.2800111    2.2158484E+16
       707.4900115    1.8197358E+16
       734.7000119    1.4718706E+16
       761.9100124    1.1762150E+16
       789.1200128    9.3478353E+15
       816.3300133    7.3736911E+15
       843.5400137    5.7569382E+15
       870.7500142    4.4294027E+15
       911.5700148    2.8567580E+15
       952.3900155    1.6358043E+15
       993.2000162    5.7827601E+14
 
