       12.5000002    4.2705914E+18
        15.0000002    5.3241135E+18
        20.0000003    2.6737594E+18
        25.0000004    2.1766674E+18
        30.0000005    2.7775066E+18
        35.0000006    2.3907385E+18
        40.0000007    1.8994511E+18
        45.0000007    1.4604785E+18
        50.0000008    1.1495169E+18
        55.0000009    9.4894416E+17
        60.0000010    8.0505946E+17
        65.0000011    6.8075486E+17
        70.0000011    5.6385021E+17
        75.0000012    2.2558746E+18
        80.0000013    1.6965088E+18
        85.0000014    1.1267328E+18
        90.0000015    7.1415782E+17
        95.2390015    4.2766055E+17
       100.6800016    2.3936531E+17
 
