       12.5000002    2.1248222E+18
        15.0000002    3.1692257E+18
        20.0000003    3.1407242E+18
        25.0000004    2.6088717E+18
        30.0000005    2.8440540E+18
        35.0000006    2.1903636E+18
        40.0000007    1.6956451E+18
        45.0000007    1.3814403E+18
        50.0000008    1.1896676E+18
        55.0000009    1.0789296E+18
        60.0000010    1.0008876E+18
        65.0000011    9.2008150E+17
        70.0000011    8.2651499E+17
        75.0000012    5.4624958E+18
        80.0000013    5.9855995E+18
        85.0000014    5.9003615E+18
        90.0000015    5.7512633E+18
        95.2390015    5.4602594E+18
       100.6800016    4.9204613E+18
       114.2900019    3.5118926E+18
       119.7300019    3.0371944E+18
       122.4500020    2.8200629E+18
       125.1700020    2.6159721E+18
       127.8900021    2.4245193E+18
       130.6100021    2.2452532E+18
       133.3300022    2.0776927E+18
       136.0600022    1.9207755E+18
       146.9400024    1.3967642E+18
       149.6600024    1.2883932E+18
       155.1000025    1.0951488E+18
       157.8200026    1.0092863E+18
       160.5500026    9.2968910E+17
       165.9900027    1.3472863E+18
       171.4300028    1.2233867E+18
       176.8700029    1.3526922E+18
       179.5900029    1.2977585E+18
       182.3100030    1.2389323E+18
       185.0400030    1.1796788E+18
       187.7600031    1.1221960E+18
       190.4800031    1.0670586E+18
       195.9200032    9.6456472E+17
       198.6400032    9.1704053E+17
       204.0800033    8.2892202E+17
       206.8000034    7.8813213E+17
       209.5300034    7.4923402E+17
       212.2500035    7.1239949E+17
       214.9700035    6.7737489E+17
       220.4100036    6.1236201E+17
       225.8500037    5.5347745E+17
       236.7400038    5.2814677E+17
       247.6200040    4.4275447E+17
       258.5100042    3.7328365E+17
       272.1100044    3.0376692E+17
       285.7200046    2.4846178E+17
       299.3200049    2.0374291E+17
       312.9300051    1.6699718E+17
       340.1400055    1.1096690E+17
       353.7400058    8.9483376E+16
       380.9500062    5.5904866E+16
       394.5600064    4.2749747E+16
       408.1700066    3.1397615E+16
       435.3800071    1.1489652E+16
 
