       80.0000013    3.4088992E+18
        85.0000014    2.5081394E+18
        90.0000015    1.8596747E+18
        95.2390015    1.3708220E+18
       100.6800016    1.0080905E+18
       114.2900019    4.8868942E+17
       119.7300019    3.7304543E+17
       122.4500020    3.2739505E+17
       125.1700020    2.8822179E+17
       127.8900021    2.5454148E+17
       130.6100021    2.2552614E+17
       133.3300022    2.0047827E+17
       136.0600022    1.7873532E+17
       146.9400024    1.1572405E+18
       149.6600024    1.0783058E+18
       155.1000025    9.3138847E+17
       157.8200026    8.6537173E+17
       160.5500026    8.0405189E+17
       165.9900027    6.9536345E+17
       171.4300028    6.0241486E+17
       176.8700029    5.2277057E+17
       179.5900029    4.8728332E+17
       182.3100030    4.5438156E+17
       185.0400030    4.2375570E+17
       187.7600031    3.9544372E+17
       190.4800031    3.6915935E+17
       195.9200032    3.2206908E+17
       198.6400032    3.0098942E+17
       204.0800033    5.0195221E+17
       206.8000034    4.7959282E+17
       209.5300034    4.5798916E+17
       212.2500035    4.3745668E+17
       214.9700035    4.1792815E+17
       220.4100036    3.8173212E+17
       225.8500037    3.4902035E+17
       236.7400038    2.9251201E+17
       247.6200040    2.4597632E+17
       258.5100042    2.0740760E+17
       272.1100044    1.6825821E+17
       285.7200046    1.3703788E+17
       299.3200049    1.1207643E+17
       312.9300051    9.2012046E+16
       340.1400055    6.2754708E+16
       353.7400058    5.2126403E+16
       380.9500062    3.6358741E+16
       394.5600064    3.0525967E+16
       408.1700066    2.5716662E+16
       435.3800071    1.8434532E+16
       462.5900075    1.3379820E+16
       476.1900077    1.1449894E+16
       489.8000080    9.8248676E+15
       503.4000082    8.4544289E+15
       517.0100084    7.2935707E+15
       557.8300091    4.7541723E+15
       571.4300093    4.1419961E+15
       585.0400095    3.6164119E+15
       612.2500100    2.7750455E+15
       666.6700108    1.6738599E+15
       680.2800111    1.4819652E+15
       707.4900115    1.1678074E+15
       734.7000119    9.2649753E+14
       761.9100124    7.3946418E+14
       789.1200128    5.9358589E+14
       816.3300133    4.7904018E+14
       843.5400137    3.8852234E+14
       870.7500142    3.1655838E+14
       911.5700148    2.3463423E+14
       952.3900155    1.7536771E+14
       993.2000162    1.3202738E+14
      1020.4000166    1.0964583E+14
      1061.2000173    8.3345820E+13
      1088.4000177    6.9589644E+13
      1102.0000179    6.3627302E+13
      1115.7000181    5.8158614E+13
      1129.3000184    5.3211860E+13
      1142.9000186    4.8699401E+13
      1156.5000188    4.4580150E+13
      1170.1000190    4.0960075E+13
      1197.3000195    3.4375106E+13
      1210.9000197    3.1495972E+13
      1224.5000199    2.8859318E+13
      1227.2000200    2.8362775E+13
      1229.9000200    2.7874763E+13
      1232.7000200    2.7377520E+13
      1235.4000201    2.6906404E+13
      1238.1000201    2.6443354E+13
      1240.8000202    2.5988218E+13
      1243.5000202    2.5540856E+13
      1246.3000203    2.5084983E+13
      1249.0000203    2.4653016E+13
      1257.2000204    2.4111766E+13
      1259.9000205    2.3698294E+13
      1262.6000205    2.3289083E+13
      1270.8000207    2.2081706E+13
      1281.6000208    2.0580621E+13
      1289.8000210    1.9845832E+13
      1292.5000210    1.9499422E+13
      1295.2000211    1.9157718E+13
      1298.0000211    1.8808798E+13
      1300.7000212    1.8477792E+13
      1303.4000212    1.8152203E+13
      1306.1000212    1.7832021E+13
      1314.3000214    1.6892173E+13
      1330.6000216    1.5161927E+13
      1341.5000218    1.4099781E+13
      1355.1000220    1.2871966E+13
      1360.6000221    1.2404168E+13
      1371.4000223    1.1530689E+13
      1382.3000225    1.0706241E+13
      1390.5000226    1.0121448E+13
      1395.9000227    9.7520934E+12
      1404.1000228    9.2140386E+12
      1406.8000229    9.0426866E+12
      1409.5000229    8.8741322E+12
      1415.0000230    8.5392286E+12
      1417.7000231    8.3788735E+12
      1420.4000231    8.2211247E+12
      1423.1000231    8.0659376E+12
      1425.9000232    7.9076613E+12
      1428.6000232    7.7575566E+12
      1431.3000233    7.6098820E+12
      1436.7000234    7.3216557E+12
      1439.5000234    7.1758586E+12
      1442.2000235    7.0375765E+12
      1444.9000235    6.9015217E+12
      1447.6000235    6.8675615E+12
      1450.4000236    6.7308434E+12
      1453.1000236    6.6011550E+12
      1455.8000237    4.3998568E+13
      1458.5000237    4.3523978E+13
      1461.2000238    4.2906962E+13
      1466.7000239    4.1444413E+13
      1469.4000239    4.0688805E+13
      1472.1000239    3.9928063E+13
      1477.6000240    3.8387713E+13
      1480.3000241    3.7642301E+13
      1488.4000242    3.5462903E+13
      1491.2000242    3.4730683E+13
      1496.6000243    3.3349584E+13
      1551.0000252    2.1486396E+13
      1632.7000266    9.3654163E+12
 
