       80.0000013    2.0748675E+18
        85.0000014    1.4837050E+18
        90.0000015    1.0730834E+18
        95.2390015    7.7413734E+17
       100.6800016    5.5981291E+17
       114.2900019    2.6786280E+17
       119.7300019    2.0593478E+17
       122.4500020    1.8184237E+17
       125.1700020    1.6132401E+17
       127.8900021    1.4378883E+17
       130.6100021    1.2874894E+17
       133.3300022    1.1580080E+17
       136.0600022    1.0457183E+17
       146.9400024    8.0270410E+17
       149.6600024    7.3894672E+17
       155.1000025    6.2521159E+17
       157.8200026    5.7541986E+17
       160.5500026    5.2975906E+17
       165.9900027    4.5014913E+17
       171.4300028    3.8344149E+17
       176.8700029    3.2737351E+17
       179.5900029    3.0274410E+17
       182.3100030    2.8011839E+17
       185.0400030    2.5924770E+17
       187.7600031    2.4012592E+17
       190.4800031    2.2252976E+17
       195.9200032    1.9140506E+17
       198.6400032    1.7765074E+17
       204.0800033    3.7858718E+17
       206.8000034    3.6011277E+17
       209.5300034    3.4226069E+17
       212.2500035    3.2532597E+17
       214.9700035    3.0926774E+17
       220.4100036    2.7967523E+17
       225.8500037    2.5316736E+17
       236.7400038    2.0802863E+17
       247.6200040    1.7160097E+17
       258.5100042    1.4202009E+17
       272.1100044    1.1266124E+17
       285.7200046    8.9812800E+16
       299.3200049    7.1966077E+16
       312.9300051    5.7936970E+16
       340.1400055    3.8088058E+16
       353.7400058    3.1094023E+16
       380.9500062    2.0988236E+16
       394.5600064    1.7348921E+16
       408.1700066    1.4397191E+16
       435.3800071    1.0028690E+16
       462.5900075    7.0857007E+15
       476.1900077    5.9861912E+15
       489.8000080    5.0727789E+15
       503.4000082    4.3124398E+15
       517.0100084    3.6764407E+15
       557.8300091    2.3161677E+15
       571.4300093    1.9959310E+15
       585.0400095    1.7238871E+15
       612.2500100    1.2947914E+15
       666.6700108    7.4812163E+14
       680.2800111    6.5508754E+14
       707.4900115    5.0481495E+14
       734.7000119    3.9104899E+14
       761.9100124    3.0435890E+14
       789.1200128    2.3783776E+14
       816.3300133    1.8646822E+14
       843.5400137    1.4671551E+14
       870.7500142    1.1557146E+14
       911.5700148    8.0953087E+13
       952.3900155    5.6691337E+13
       993.2000162    3.9683698E+13
      1020.4000166    3.1113423E+13
      1061.2000173    2.1470470E+13
      1088.4000177    1.6633329E+13
      1102.0000179    1.4540303E+13
      1115.7000181    1.2643931E+13
      1129.3000184    1.1028101E+13
      1142.9000186    9.4969874E+12
      1156.5000188    8.1804211E+12
      1170.1000190    6.9184751E+12
      1197.3000195    4.8138137E+12
      1210.9000197    3.8312920E+12
      1224.5000199    2.8439816E+12
      1227.2000200    2.6445551E+12
      1229.9000200    2.4417767E+12
      1232.7000200    2.2262556E+12
      1235.4000201    2.0110798E+12
      1238.1000201    1.7852889E+12
      1240.8000202    1.5434154E+12
      1243.5000202    1.2754245E+12
      1246.3000203    9.4525836E+11
      1249.0000203    4.8287482E+11
 
