       80.0000013    1.0692048E+19
        85.0000014    8.8892964E+18
        90.0000015    7.3915279E+18
        95.2390015    6.0987326E+18
       100.6800016    5.0043398E+18
       114.2900019    3.0857626E+18
       119.7300019    2.5561218E+18
       122.4500020    2.3289380E+18
       125.1700020    2.1234456E+18
       127.8900021    1.9374317E+18
       130.6100021    1.7689196E+18
       133.3300022    1.6161438E+18
       136.0600022    1.4770427E+18
       146.9400024    2.4861747E+18
       149.6600024    2.3889279E+18
       155.1000025    2.1802789E+18
       157.8200026    2.0790834E+18
       160.5500026    1.9818917E+18
       165.9900027    1.8026302E+18
       171.4300028    1.6420437E+18
       176.8700029    1.4983151E+18
       179.5900029    1.4321316E+18
       182.3100030    1.3694100E+18
       185.0400030    1.3097108E+18
       187.7600031    1.2532611E+18
       190.4800031    1.1996425E+18
       195.9200032    1.1001970E+18
       198.6400032    1.0540537E+18
       204.0800033    1.1010715E+18
       206.8000034    1.0573242E+18
       209.5300034    1.0145272E+18
       212.2500035    9.7366084E+17
       214.9700035    9.3475799E+17
       220.4100036    8.6280540E+17
       225.8500037    7.9810924E+17
       236.7400038    6.8723490E+17
       247.6200040    5.9661301E+17
       258.5100042    5.2160550E+17
       272.1100044    4.4492477E+17
       285.7200046    3.8263417E+17
       299.3200049    3.3136978E+17
       312.9300051    2.8856834E+17
       340.1400055    2.2172856E+17
       353.7400058    1.9534860E+17
       380.9500062    1.5275001E+17
       394.5600064    1.3547730E+17
       408.1700066    1.2036277E+17
       435.3800071    9.5441724E+16
       462.5900075    7.6088103E+16
       476.1900077    6.8066878E+16
       489.8000080    6.0959566E+16
       503.4000082    5.4663131E+16
       517.0100084    4.9070624E+16
       557.8300091    3.5747234E+16
       571.4300093    3.2240163E+16
       585.0400095    2.9108005E+16
       612.2500100    2.3809160E+16
       666.6700108    1.6143772E+16
       680.2800111    1.4689019E+16
       707.4900115    1.2201022E+16
       734.7000119    1.0177244E+16
       761.9100124    8.5241845E+15
       789.1200128    7.1683997E+15
       816.3300133    6.0518709E+15
       843.5400137    5.1286961E+15
       870.7500142    4.3623956E+15
       911.5700148    3.4449439E+15
       952.3900155    2.7413305E+15
       993.2000162    2.1974525E+15
      1020.4000166    1.9036122E+15
      1061.2000173    1.5433207E+15
      1088.4000177    1.3465871E+15
      1102.0000179    1.2591140E+15
      1115.7000181    1.1775282E+15
      1129.3000184    1.1024855E+15
      1142.9000186    1.0328829E+15
      1156.5000188    9.6827957E+14
      1170.1000190    9.0827432E+14
      1197.3000195    8.0062613E+14
      1210.9000197    7.5234439E+14
      1224.5000199    7.0737729E+14
      1227.2000200    6.9882178E+14
      1229.9000200    6.9038485E+14
      1232.7000200    6.8175882E+14
      1235.4000201    6.7355791E+14
      1238.1000201    6.6547008E+14
      1240.8000202    6.5749366E+14
      1243.5000202    6.4962682E+14
      1246.3000203    6.4158255E+14
      1249.0000203    6.3393382E+14
      1257.2000204    7.1941125E+14
      1259.9000205    7.1129786E+14
      1262.6000205    7.0291220E+14
      1270.8000207    6.7724306E+14
      1281.6000208    6.4455494E+14
      1289.8000210    6.7087107E+14
      1292.5000210    6.6288183E+14
      1295.2000211    6.5484387E+14
      1298.0000211    6.4653679E+14
      1300.7000212    6.3859399E+14
      1303.4000212    6.3073776E+14
      1306.1000212    6.2297789E+14
      1314.3000214    6.0003814E+14
      1330.6000216    5.5722493E+14
      1341.5000218    5.3054939E+14
      1355.1000220    4.9929652E+14
      1360.6000221    4.8726152E+14
      1371.4000223    4.6458537E+14
      1382.3000225    4.4291988E+14
      1390.5000226    4.2738518E+14
      1395.9000227    4.1749730E+14
      1404.1000228    4.0298138E+14
      1406.8000229    3.9832953E+14
      1409.5000229    3.9373942E+14
      1415.0000230    3.8457627E+14
      1417.7000231    3.8016806E+14
      1420.4000231    3.7581796E+14
      1423.1000231    3.7152511E+14
      1425.9000232    3.6713286E+14
      1428.6000232    3.6295403E+14
      1431.3000233    3.5882995E+14
      1436.7000234    3.5074277E+14
      1439.5000234    3.4663221E+14
      1442.2000235    3.4272104E+14
      1444.9000235    3.3886064E+14
      1447.6000235    3.3505030E+14
      1450.4000236    3.3115090E+14
      1453.1000236    3.2744029E+14
      1455.8000237    1.8707207E+15
      1458.5000237    1.8656937E+15
      1461.2000238    1.8548671E+15
      1466.7000239    1.8241403E+15
      1469.4000239    1.8072437E+15
      1472.1000239    1.7899103E+15
      1477.6000240    1.7542237E+15
      1480.3000241    1.7367628E+15
      1488.4000242    1.6852014E+15
      1491.2000242    1.6677280E+15
      1496.6000243    1.6345742E+15
      1551.0000252    1.3379807E+15
      1632.7000266    9.9767681E+14
      1823.1000296    5.2390682E+14
      2340.2000381    1.1615757E+14
      2829.9000460    3.5071516E+13
      3047.6000496    2.1588689E+13
      3700.7000602    5.5293546E+12
      4000.0000650    2.4790245E+12
      4680.3000761    3.8572069E+10
      5006.8000814    0.0000000E+00
      5387.8000876    0.0000000E+00
 
