       80.0000013    7.7732305E+18
        85.0000014    6.1395261E+18
        90.0000015    4.8666760E+18
        95.2390015    3.8312263E+18
       100.6800016    3.0023462E+18
       114.2900019    1.6647608E+18
       119.7300019    1.3252190E+18
       122.4500020    1.1842224E+18
       125.1700020    1.0593142E+18
       127.8900021    9.4854902E+17
       130.6100021    8.5023228E+17
       133.3300022    7.6288542E+17
       136.0600022    6.8494716E+17
       146.9400024    1.9627187E+18
       149.6600024    1.8759238E+18
       155.1000025    1.6904484E+18
       157.8200026    1.6009387E+18
       160.5500026    1.5152363E+18
       165.9900027    1.3578802E+18
       171.4300028    1.2178338E+18
       176.8700029    1.0934266E+18
       179.5900029    1.0365100E+18
       182.3100030    9.8282410E+17
       185.0400030    9.3198509E+17
       187.7600031    8.8417331E+17
       190.4800031    8.3901966E+17
       195.9200032    7.5603890E+17
       198.6400032    7.1791657E+17
       204.0800033    8.0281481E+17
       206.8000034    7.7045838E+17
       209.5300034    7.3955427E+17
       212.2500035    7.1035536E+17
       214.9700035    6.8267701E+17
       220.4100036    6.3150828E+17
       225.8500037    5.8531058E+17
       236.7400038    5.0526184E+17
       247.6200040    4.3862281E+17
       258.5100042    3.8238675E+17
       272.1100044    3.2373663E+17
       285.7200046    2.7522185E+17
       299.3200049    2.3481258E+17
       312.9300051    2.0089253E+17
       340.1400055    1.4814555E+17
       353.7400058    1.2764570E+17
       380.9500062    9.5337717E+16
       394.5600064    8.2637275E+16
       408.1700066    7.1770987E+16
       435.3800071    5.4464575E+16
       462.5900075    4.1657760E+16
       476.1900077    3.6541096E+16
       489.8000080    3.2112042E+16
       503.4000082    2.8276753E+16
       517.0100084    2.4944543E+16
       557.8300091    1.7318121E+16
       571.4300093    1.5391292E+16
       585.0400095    1.3701728E+16
       612.2500100    1.0915506E+16
       666.6700108    7.0642618E+15
       680.2800111    6.3603505E+15
       707.4900115    5.1789569E+15
       734.7000119    4.2406464E+15
       761.9100124    3.4908377E+15
       789.1200128    2.8881478E+15
       816.3300133    2.4009949E+15
       843.5400137    2.0051231E+15
       870.7500142    1.6817869E+15
       911.5700148    1.3017526E+15
       952.3900155    1.0163120E+15
       993.2000162    7.9989934E+14
      1020.4000166    6.8476858E+14
      1061.2000173    5.4560513E+14
      1088.4000177    4.7068711E+14
      1102.0000179    4.3765136E+14
      1115.7000181    4.0700469E+14
      1129.3000184    3.7896567E+14
      1142.9000186    3.5309570E+14
      1156.5000188    3.2920874E+14
      1170.1000190    3.0713623E+14
      1197.3000195    2.6783728E+14
      1210.9000197    2.5034614E+14
      1224.5000199    2.3413729E+14
      1227.2000200    2.3106266E+14
      1229.9000200    2.2803365E+14
      1232.7000200    2.2493985E+14
      1235.4000201    2.2200147E+14
      1238.1000201    2.1910646E+14
      1240.8000202    2.1625414E+14
      1243.5000202    2.1344375E+14
      1246.3000203    2.1057287E+14
      1249.0000203    2.0784583E+14
      1257.2000204    2.1852908E+14
      1259.9000205    2.1579206E+14
      1262.6000205    2.1302593E+14
      1270.8000207    2.0470331E+14
      1281.6000208    1.9420074E+14
      1289.8000210    1.9540360E+14
      1292.5000210    1.9290164E+14
      1295.2000211    1.9040739E+14
      1298.0000211    1.8784197E+14
      1300.7000212    1.8539629E+14
      1303.4000212    1.8298171E+14
      1306.1000212    1.8059987E+14
      1314.3000214    1.7357132E+14
      1330.6000216    1.6049305E+14
      1341.5000218    1.5237022E+14
      1355.1000220    1.4288011E+14
      1360.6000221    1.3923367E+14
      1371.4000223    1.3237568E+14
      1382.3000225    1.2583942E+14
      1390.5000226    1.2116278E+14
      1395.9000227    1.1819050E+14
      1404.1000228    1.1383370E+14
      1406.8000229    1.1243917E+14
      1409.5000229    1.1106395E+14
      1415.0000230    1.0832112E+14
      1417.7000231    1.0700278E+14
      1420.4000231    1.0570257E+14
      1423.1000231    1.0442016E+14
      1425.9000232    1.0310891E+14
      1428.6000232    1.0186212E+14
      1431.3000233    1.0063238E+14
      1436.7000234    9.8223008E+13
      1439.5000234    9.6999471E+13
      1442.2000235    9.5835946E+13
      1444.9000235    9.4688208E+13
      1447.6000235    9.3556006E+13
      1450.4000236    9.2397975E+13
      1453.1000236    9.1296711E+13
      1455.8000237    5.6958937E+14
      1458.5000237    5.6772119E+14
      1461.2000238    5.6402383E+14
      1466.7000239    5.5373081E+14
      1469.4000239    5.4810192E+14
      1472.1000239    5.4233666E+14
      1477.6000240    5.3048668E+14
      1480.3000241    5.2469659E+14
      1488.4000242    5.0762715E+14
      1491.2000242    5.0185250E+14
      1496.6000243    4.9091016E+14
      1551.0000252    3.9397638E+14
      1632.7000266    2.8520824E+14
      1823.1000296    1.3953173E+14
      2340.2000381    2.3907386E+13
      2829.9000460    4.4120854E+12
      3047.6000496    1.3734912E+12
 
