       80.0000013    8.9612886E+18
        85.0000014    7.2094851E+18
        90.0000015    5.8144346E+18
        95.2390015    4.6564460E+18
       100.6800016    3.7114919E+18
       114.2900019    2.1414192E+18
       119.7300019    1.7303291E+18
       122.4500020    1.5575001E+18
       125.1700020    1.4031589E+18
       127.8900021    1.2651955E+18
       130.6100021    1.1417580E+18
       133.3300022    1.0312188E+18
       136.0600022    9.3180120E+17
       146.9400024    2.1532307E+18
       149.6600024    2.0656524E+18
       155.1000025    1.8747503E+18
       157.8200026    1.7816600E+18
       160.5500026    1.6921235E+18
       165.9900027    1.5268500E+18
       171.4300028    1.3788567E+18
       176.8700029    1.2466454E+18
       179.5900029    1.1859007E+18
       182.3100030    1.1284412E+18
       185.0400030    1.0738694E+18
       187.7600031    1.0223947E+18
       190.4800031    9.7363438E+17
       195.9200032    8.8361063E+17
       198.6400032    8.4205246E+17
       204.0800033    8.9796434E+17
       206.8000034    8.6152062E+17
       209.5300034    8.2668369E+17
       212.2500035    7.9378637E+17
       214.9700035    7.6264147E+17
       220.4100036    7.0521377E+17
       225.8500037    6.5357624E+17
       236.7400038    5.6468003E+17
       247.6200040    4.9128915E+17
       258.5100042    4.2978965E+17
       272.1100044    3.6599921E+17
       285.7200046    3.1339205E+17
       299.3200049    2.6956654E+17
       312.9300051    2.3266757E+17
       340.1400055    1.7479819E+17
       353.7400058    1.5203471E+17
       380.9500062    1.1566766E+17
       394.5600064    1.0115306E+17
       408.1700066    8.8609298E+16
       435.3800071    6.8339097E+16
       462.5900075    5.3049800E+16
       476.1900077    4.6855830E+16
       489.8000080    4.1447830E+16
       503.4000082    3.6726407E+16
       517.0100084    3.2592052E+16
       557.8300091    2.2997486E+16
       571.4300093    2.0539315E+16
       585.0400095    1.8370617E+16
       612.2500100    1.4764097E+16
       666.6700108    9.7051497E+15
       680.2800111    8.7692822E+15
       707.4900115    7.1891654E+15
       734.7000119    5.9246384E+15
       761.9100124    4.9070764E+15
       789.1200128    4.0838546E+15
       816.3300133    3.4143994E+15
       843.5400137    2.8672608E+15
       870.7500142    2.4179305E+15
       911.5700148    1.8864137E+15
       952.3900155    1.4841877E+15
       993.2000162    1.1770106E+15
      1020.4000166    1.0126098E+15
      1061.2000173    8.1274881E+14
      1088.4000177    7.0452509E+14
      1102.0000179    6.5663722E+14
      1115.7000181    6.1211142E+14
      1129.3000184    5.7128179E+14
      1142.9000186    5.3352600E+14
      1156.5000188    4.9858628E+14
      1170.1000190    4.6622867E+14
      1197.3000195    4.0842898E+14
      1210.9000197    3.8261777E+14
      1224.5000199    3.5864671E+14
      1227.2000200    3.5409375E+14
      1229.9000200    3.4960638E+14
      1232.7000200    3.4502106E+14
      1235.4000201    3.4066419E+14
      1238.1000201    3.3636983E+14
      1240.8000202    3.3213690E+14
      1243.5000202    3.2796451E+14
      1246.3000203    3.2370041E+14
      1249.0000203    3.1964828E+14
      1257.2000204    3.4427488E+14
      1259.9000205    3.4014007E+14
      1262.6000205    3.3592976E+14
      1270.8000207    3.2318673E+14
      1281.6000208    3.0704976E+14
      1289.8000210    3.1246941E+14
      1292.5000210    3.0859162E+14
      1295.2000211    3.0471296E+14
      1298.0000211    3.0071713E+14
      1300.7000212    2.9690344E+14
      1303.4000212    2.9313544E+14
      1306.1000212    2.8941644E+14
      1314.3000214    2.7843305E+14
      1330.6000216    2.5796642E+14
      1341.5000218    2.4523481E+14
      1355.1000220    2.3034005E+14
      1360.6000221    2.2461087E+14
      1371.4000223    2.1382634E+14
      1382.3000225    2.0353560E+14
      1390.5000226    1.9616513E+14
      1395.9000227    1.9147751E+14
      1404.1000228    1.8460128E+14
      1406.8000229    1.8239909E+14
      1409.5000229    1.8022679E+14
      1415.0000230    1.7589237E+14
      1417.7000231    1.7380813E+14
      1420.4000231    1.7175202E+14
      1423.1000231    1.6972318E+14
      1425.9000232    1.6764844E+14
      1428.6000232    1.6567518E+14
      1431.3000233    1.6372833E+14
      1436.7000234    1.5991245E+14
      1439.5000234    1.5797385E+14
      1442.2000235    1.5612985E+14
      1444.9000235    1.5431034E+14
      1447.6000235    1.5251501E+14
      1450.4000236    1.5067831E+14
      1453.1000236    1.4893108E+14
      1455.8000237    9.0373447E+14
      1458.5000237    9.0103079E+14
      1461.2000238    8.9545525E+14
      1466.7000239    8.7977063E+14
      1469.4000239    8.7116607E+14
      1472.1000239    8.6234474E+14
      1477.6000240    8.4419683E+14
      1480.3000241    8.3532342E+14
      1488.4000242    8.0914459E+14
      1491.2000242    8.0028179E+14
      1496.6000243    7.8347874E+14
      1551.0000252    6.3404898E+14
      1632.7000266    4.6492185E+14
      1823.1000296    2.3508446E+14
      2340.2000381    4.6746898E+13
      2829.9000460    1.1008460E+13
      3047.6000496    5.8436244E+12
      3700.7000602    0.0000000E+00
      4000.0000650    0.0000000E+00
 
