       80.0000013    6.3930752E+18
        85.0000014    4.9456726E+18
        90.0000015    3.8439825E+18
        95.2390015    2.9672240E+18
       100.6800016    2.2802807E+18
       114.2900019    1.2085429E+18
       119.7300019    9.4641501E+17
       122.4500020    8.3917944E+17
       125.1700020    7.4509319E+17
       127.8900021    6.6245582E+17
       130.6100021    5.8979893E+17
       133.3300022    5.2585171E+17
       136.0600022    4.6931984E+17
       146.9400024    1.7396300E+18
       149.6600024    1.6524611E+18
       155.1000025    1.4733835E+18
       157.8200026    1.3886233E+18
       160.5500026    1.3081148E+18
       165.9900027    1.1616214E+18
       171.4300028    1.0325201E+18
       176.8700029    9.1883087E+17
       179.5900029    8.6714682E+17
       182.3100030    8.1859912E+17
       185.0400030    7.7281635E+17
       187.7600031    7.2993897E+17
       190.4800031    6.8961610E+17
       195.9200032    6.1597967E+17
       198.6400032    5.8236980E+17
       204.0800033    7.0903402E+17
       206.8000034    6.8035161E+17
       209.5300034    6.5284836E+17
       212.2500035    6.2678643E+17
       214.9700035    6.0202124E+17
       220.4100036    5.5608288E+17
       225.8500037    5.1443428E+17
       236.7400038    4.4189685E+17
       247.6200040    3.8121769E+17
       258.5100042    3.2990795E+17
       272.1100044    2.7644792E+17
       285.7200046    2.3242683E+17
       299.3200049    1.9603134E+17
       312.9300051    1.6577060E+17
       340.1400055    1.1947759E+17
       353.7400058    1.0181994E+17
       380.9500062    7.4489001E+16
       394.5600064    6.3944040E+16
       408.1700066    5.5026520E+16
       435.3800071    4.1051117E+16
       462.5900075    3.0919244E+16
       476.1900077    2.6929159E+16
       489.8000080    2.3505276E+16
       503.4000082    2.0564795E+16
       517.0100084    1.8029888E+16
       557.8300091    1.2306625E+16
       571.4300093    1.0880241E+16
       585.0400095    9.6369606E+15
       612.2500100    7.6035325E+15
       666.6700108    4.8337505E+15
       680.2800111    4.3337237E+15
       707.4900115    3.4998121E+15
       734.7000119    2.8429248E+15
       761.9100124    2.3221253E+15
       789.1200128    1.9066817E+15
       816.3300133    1.5733496E+15
       843.5400137    1.3044213E+15
       870.7500142    1.0863145E+15
       911.5700148    8.3213381E+14
       952.3900155    6.4315055E+14
       993.2000162    5.0128050E+14
      1020.4000166    4.2642029E+14
      1061.2000173    3.3662887E+14
      1088.4000177    2.8866230E+14
      1102.0000179    2.6760643E+14
      1115.7000181    2.4813044E+14
      1129.3000184    2.3036305E+14
      1142.9000186    2.1401659E+14
      1156.5000188    1.9896533E+14
      1170.1000190    1.8509564E+14
      1197.3000195    1.6050003E+14
      1210.9000197    1.4959700E+14
      1224.5000199    1.3951932E+14
      1227.2000200    1.3761069E+14
      1229.9000200    1.3573133E+14
      1232.7000200    1.3381275E+14
      1235.4000201    1.3199148E+14
      1238.1000201    1.3019798E+14
      1240.8000202    1.2843181E+14
      1243.5000202    1.2669248E+14
      1246.3000203    1.2491661E+14
      1249.0000203    1.2323056E+14
      1257.2000204    1.2657597E+14
      1259.9000205    1.2491048E+14
      1262.6000205    1.2323909E+14
      1270.8000207    1.1824044E+14
      1281.6000208    1.1195622E+14
      1289.8000210    1.1134859E+14
      1292.5000210    1.0986494E+14
      1295.2000211    1.0839028E+14
      1298.0000211    1.0687687E+14
      1300.7000212    1.0543579E+14
      1303.4000212    1.0401422E+14
      1306.1000212    1.0261273E+14
      1314.3000214    9.8481310E+13
      1330.6000216    9.0807227E+13
      1341.5000218    8.6049242E+13
      1355.1000220    8.0499180E+13
      1360.6000221    7.8369236E+13
      1371.4000223    7.4367468E+13
      1382.3000225    7.0558478E+13
      1390.5000226    6.7836345E+13
      1395.9000227    6.6107726E+13
      1404.1000228    6.3575872E+13
      1406.8000229    6.2765998E+13
      1409.5000229    6.1967595E+13
      1415.0000230    6.0375953E+13
      1417.7000231    5.9611294E+13
      1420.4000231    5.8857393E+13
      1423.1000231    5.8114087E+13
      1425.9000232    5.7354255E+13
      1428.6000232    5.6632009E+13
      1431.3000233    5.5919858E+13
      1436.7000234    5.4525218E+13
      1439.5000234    5.3817316E+13
      1442.2000235    5.3144348E+13
      1444.9000235    5.2480713E+13
      1447.6000235    5.1826259E+13
      1450.4000236    5.1157121E+13
      1453.1000236    5.0520941E+13
      1455.8000237    3.2355371E+14
      1458.5000237    3.2233126E+14
      1461.2000238    3.2006009E+14
      1466.7000239    3.1384994E+14
      1469.4000239    3.1047285E+14
      1472.1000239    3.0701970E+14
      1477.6000240    2.9993246E+14
      1480.3000241    2.9647304E+14
      1488.4000242    2.8628433E+14
      1491.2000242    2.8284044E+14
      1496.6000243    2.7631875E+14
      1551.0000252    2.1880057E+14
      1632.7000266    1.5491640E+14
      1823.1000296    7.1004299E+13
      2340.2000381    8.3321280E+12
 
