       80.0000013    1.7277966E+17
        85.0000014    1.3497062E+17
        90.0000015    1.0759037E+17
        95.2390015    8.6058835E+16
       100.6800016    6.8933014E+16
       114.2900019    4.0567929E+16
       119.7300019    3.3021620E+16
       122.4500020    2.9821038E+16
       125.1700020    2.6946457E+16
       127.8900021    2.4362599E+16
       130.6100021    2.2038390E+16
       133.3300022    1.9946393E+16
       136.0600022    1.8055688E+16
       146.9400024    4.2716284E+16
       149.6600024    3.7526628E+16
       155.1000025    2.9041721E+16
       157.8200026    2.5595473E+16
       160.5500026    2.2577039E+16
       165.9900027    1.7649497E+16
       171.4300028    1.3864405E+16
       176.8700029    1.0940096E+16
       179.5900029    9.7333580E+15
       182.3100030    8.6682587E+15
       185.0400030    7.7237063E+15
       187.7600031    6.8911456E+15
       190.4800031    6.1535349E+15
       195.9200032    4.9182997E+15
       198.6400032    4.4018239E+15
       204.0800033    2.8335267E+16
       206.8000034    2.5984204E+16
       209.5300034    2.3767123E+16
       212.2500035    2.1721477E+16
       214.9700035    1.9840131E+16
       220.4100036    1.6538203E+16
       225.8500037    1.3777337E+16
       236.7400038    9.5388260E+15
       247.6200040    6.5736225E+15
       258.5100042    4.4863827E+15
       272.1100044    2.7172656E+15
       285.7200046    1.5576550E+15
       299.3200049    7.7252060E+14
 
