       80.0000013    1.0514624E+18
        85.0000014    7.3499968E+17
        90.0000015    5.2441925E+17
        95.2390015    3.7698302E+17
       100.6800016    2.7485284E+17
       114.2900019    1.4061287E+17
       119.7300019    1.1244395E+17
       122.4500020    1.0138511E+17
       125.1700020    9.1870648E+16
       127.8900021    8.3631569E+16
       130.6100021    7.6450676E+16
       133.3300022    7.0152196E+16
       136.0600022    6.4574180E+16
       146.9400024    4.6065167E+17
       149.6600024    4.1876106E+17
       155.1000025    3.4643996E+17
       157.8200026    3.1550644E+17
       160.5500026    2.8749942E+17
       165.9900027    2.3951681E+17
       171.4300028    2.0020554E+17
       176.8700029    1.6786842E+17
       179.5900029    1.5388710E+17
       182.3100030    1.4117279E+17
       185.0400030    1.2956113E+17
       187.7600031    1.1902586E+17
       190.4800031    1.0942320E+17
       195.9200032    9.2668867E+16
       198.6400032    8.5365731E+16
       204.0800033    2.4588971E+17
       206.8000034    2.3239800E+17
       209.5300034    2.1939100E+17
       212.2500035    2.0710348E+17
       214.9700035    1.9551383E+17
       220.4100036    1.7435301E+17
       225.8500037    1.5565590E+17
       236.7400038    1.2447863E+17
       247.6200040    1.0002904E+17
       258.5100042    8.0724460E+16
       272.1100044    6.2134467E+16
       285.7200046    4.8128325E+16
       299.3200049    3.7521887E+16
       312.9300051    2.9426371E+16
       340.1400055    1.8419839E+16
       353.7400058    1.4695396E+16
       380.9500062    9.4963252E+15
       394.5600064    7.6879866E+15
       408.1700066    6.2516304E+15
       435.3800071    4.1853903E+15
       462.5900075    2.8433951E+15
       476.1900077    2.3550675E+15
       489.8000080    1.9559519E+15
       503.4000082    1.6289618E+15
       517.0100084    1.3596812E+15
       557.8300091    8.0038501E+14
       571.4300093    6.7293970E+14
       585.0400095    5.6653035E+14
       612.2500100    4.0245749E+14
       666.6700108    2.0399242E+14
       680.2800111    1.7190664E+14
       707.4900115    1.2166353E+14
       734.7000119    8.5287120E+13
       761.9100124    5.8812132E+13
       789.1200128    3.9367914E+13
       816.3300133    2.4824852E+13
       843.5400137    1.3341270E+13
 
