       80.0000013    9.9403647E+18
        85.0000014    8.1341678E+18
        90.0000015    6.6646518E+18
        95.2390015    5.4206270E+18
       100.6800016    4.3865588E+18
       114.2900019    2.6211697E+18
       119.7300019    2.1461435E+18
       122.4500020    1.9443174E+18
       125.1700020    1.7628555E+18
       127.8900021    1.5995565E+18
       130.6100021    1.4524727E+18
       133.3300022    1.3198803E+18
       136.0600022    1.1998341E+18
       146.9400024    2.3249052E+18
       149.6600024    2.2339068E+18
       155.1000025    2.0357400E+18
       157.8200026    1.9390239E+18
       160.5500026    1.8459238E+18
       165.9900027    1.6738363E+18
       171.4300028    1.5194168E+18
       176.8700029    1.3811188E+18
       179.5900029    1.3174394E+18
       182.3100030    1.2571078E+18
       185.0400030    1.1997103E+18
       187.7600031    1.1454713E+18
       190.4800031    1.0939931E+18
       195.9200032    9.9865776E+17
       198.6400032    9.5450034E+17
       204.0800033    9.9805405E+17
       206.8000034    9.5759072E+17
       209.5300034    9.1860582E+17
       212.2500035    8.8166408E+17
       214.9700035    8.4664347E+17
       220.4100036    7.8206826E+17
       225.8500037    7.2409781E+17
       236.7400038    6.2471364E+17
       247.6200040    5.4323980E+17
       258.5100042    4.7548109E+17
       272.1100044    4.0575563E+17
       285.7200046    3.4867716E+17
       299.3200049    3.0136679E+17
       312.9300051    2.6163644E+17
       340.1400055    1.9928121E+17
       353.7400058    1.7463256E+17
       380.9500062    1.3493333E+17
       394.5600064    1.1892198E+17
       408.1700066    1.0497823E+17
       435.3800071    8.2177645E+16
       462.5900075    6.4693971E+16
       476.1900077    5.7521810E+16
       489.8000080    5.1209887E+16
       503.4000082    4.5655906E+16
       517.0100084    4.0755911E+16
       557.8300091    2.9227871E+16
       571.4300093    2.6232786E+16
       585.0400095    2.3573828E+16
       612.2500100    1.9113463E+16
       666.6700108    1.2759401E+16
       680.2800111    1.1568920E+16
       707.4900115    9.5462134E+15
       734.7000119    7.9145419E+15
       761.9100124    6.5919502E+15
       789.1200128    5.5148116E+15
       816.3300133    4.6335079E+15
       843.5400137    3.9091729E+15
       870.7500142    3.3112273E+15
       911.5700148    2.5997469E+15
       952.3900155    2.0577842E+15
       993.2000162    1.6413844E+15
      1020.4000166    1.4174576E+15
      1061.2000173    1.1440214E+15
      1088.4000177    9.9530357E+14
      1102.0000179    9.2932744E+14
      1115.7000181    8.6788008E+14
      1129.3000184    8.1143945E+14
      1142.9000186    7.5916164E+14
      1156.5000188    7.1070361E+14
      1170.1000190    6.6575342E+14
      1197.3000195    5.8526640E+14
      1210.9000197    5.4923549E+14
      1224.5000199    5.1571947E+14
      1227.2000200    5.0934735E+14
      1229.9000200    5.0306509E+14
      1232.7000200    4.9664358E+14
      1235.4000201    4.9054003E+14
      1238.1000201    4.8452207E+14
      1240.8000202    4.7858841E+14
      1243.5000202    4.7273769E+14
      1246.3000203    4.6675648E+14
      1249.0000203    4.6107068E+14
      1257.2000204    5.0938473E+14
      1259.9000205    5.0347543E+14
      1262.6000205    4.9741318E+14
      1270.8000207    4.7895895E+14
      1281.6000208    4.5551883E+14
      1289.8000210    4.6881652E+14
      1292.5000210    4.6313585E+14
      1295.2000211    4.5743677E+14
      1298.0000211    4.5155565E+14
      1300.7000212    4.4593713E+14
      1303.4000212    4.4038246E+14
      1306.1000212    4.3489768E+14
      1314.3000214    4.1868979E+14
      1330.6000216    3.8845771E+14
      1341.5000218    3.6963190E+14
      1355.1000220    3.4758711E+14
      1360.6000221    3.3910149E+14
      1371.4000223    3.2311848E+14
      1382.3000225    3.0785477E+14
      1390.5000226    2.9691465E+14
      1395.9000227    2.8995314E+14
      1404.1000228    2.7973622E+14
      1406.8000229    2.7646278E+14
      1409.5000229    2.7323314E+14
      1415.0000230    2.6678698E+14
      1417.7000231    2.6368636E+14
      1420.4000231    2.6062695E+14
      1423.1000231    2.5760816E+14
      1425.9000232    2.5451980E+14
      1428.6000232    2.5158185E+14
      1431.3000233    2.4868270E+14
      1436.7000234    2.4299850E+14
      1439.5000234    2.4010986E+14
      1442.2000235    2.3736159E+14
      1444.9000235    2.3464933E+14
      1447.6000235    2.3197254E+14
      1450.4000236    2.2923351E+14
      1453.1000236    2.2662736E+14
      1455.8000237    1.3352931E+15
      1458.5000237    1.3315435E+15
      1461.2000238    1.3236002E+15
      1466.7000239    1.3011210E+15
      1469.4000239    1.2887682E+15
      1472.1000239    1.2760977E+15
      1477.6000240    1.2500172E+15
      1480.3000241    1.2372593E+15
      1488.4000242    1.1995991E+15
      1491.2000242    1.1868417E+15
      1496.6000243    1.1626440E+15
      1551.0000252    9.4672461E+14
      1632.7000266    7.0046152E+14
      1823.1000296    3.6133318E+14
      2340.2000381    7.6218339E+13
      2829.9000460    2.1516396E+13
      3047.6000496    1.2677623E+13
      3700.7000602    2.6064330E+12
      4000.0000650    6.1735515E+11
      4680.3000761    0.0000000E+00
 
