       80.0000013    4.8952842E+18
        85.0000014    3.6984927E+18
        90.0000015    2.8108655E+18
        95.2390015    2.1219035E+18
       100.6800016    1.5954352E+18
       114.2900019    8.0615224E+17
       119.7300019    6.2146734E+17
       122.4500020    5.4721522E+17
       125.1700020    4.8278308E+17
       127.8900021    4.2679870E+17
       130.6100021    3.7809044E+17
       133.3300022    3.3565654E+17
       136.0600022    2.9851225E+17
       146.9400024    1.4728049E+18
       149.6600024    1.3870141E+18
       155.1000025    1.2193048E+18
       157.8200026    1.1418966E+18
       160.5500026    1.0691358E+18
       165.9900027    9.3831223E+17
       171.4300028    8.2454246E+17
       176.8700029    7.2553714E+17
       179.5900029    6.8091607E+17
       182.3100030    6.3923922E+17
       185.0400030    6.0015695E+17
       187.7600031    5.6376098E+17
       190.4800031    5.2972491E+17
       195.9200032    4.6808663E+17
       198.6400032    4.4019323E+17
       204.0800033    6.1083918E+17
       206.8000034    5.8532611E+17
       209.5300034    5.6074262E+17
       212.2500035    5.3738820E+17
       214.9700035    5.1515841E+17
       220.4100036    4.7386501E+17
       225.8500037    4.3639307E+17
       236.7400038    3.7115984E+17
       247.6200040    3.1676775E+17
       258.5100042    2.7105183E+17
       272.1100044    2.2386704E+17
       285.7200046    1.8550797E+17
       299.3200049    1.5424561E+17
       312.9300051    1.2864316E+17
       340.1400055    9.0339569E+16
       353.7400058    7.6063940E+16
       380.9500062    5.4416321E+16
       394.5600064    4.6232905E+16
       408.1700066    3.9396936E+16
       435.3800071    2.8860565E+16
       462.5900075    2.1378822E+16
       476.1900077    1.8474913E+16
       489.8000080    1.6004773E+16
       503.4000082    1.3900948E+16
       517.0100084    1.2101661E+16
       557.8300091    8.0961723E+15
       571.4300093    7.1123601E+15
       585.0400095    6.2604522E+15
       612.2500100    4.8799912E+15
       666.6700108    3.0317694E+15
       680.2800111    2.7031689E+15
       707.4900115    2.1595755E+15
       734.7000119    1.7359691E+15
       761.9100124    1.4036266E+15
       789.1200128    1.1412077E+15
       816.3300133    9.3273355E+14
       843.5400137    7.6615036E+14
       870.7500142    6.3230133E+14
       911.5700148    4.7802187E+14
       952.3900155    3.6477483E+14
       993.2000162    2.8078144E+14
      1020.4000166    2.3688802E+14
      1061.2000173    1.8470641E+14
      1088.4000177    1.5707432E+14
      1102.0000179    1.4500601E+14
      1115.7000181    1.3387962E+14
      1129.3000184    1.2376191E+14
      1142.9000186    1.1448265E+14
      1156.5000188    1.0596517E+14
      1170.1000190    9.8140422E+13
      1197.3000195    8.4326583E+13
      1210.9000197    7.8230799E+13
      1224.5000199    7.2613209E+13
      1227.2000200    7.1551169E+13
      1229.9000200    7.0506024E+13
      1232.7000200    6.9439710E+13
      1235.4000201    6.8428082E+13
      1238.1000201    6.7432467E+13
      1240.8000202    6.6452581E+13
      1243.5000202    6.5488156E+13
      1246.3000203    6.4504046E+13
      1249.0000203    6.3570272E+13
      1257.2000204    6.3824242E+13
      1259.9000205    6.2915751E+13
      1262.6000205    6.2010167E+13
      1270.8000207    5.9318133E+13
      1281.6000208    5.5947699E+13
      1289.8000210    5.4946431E+13
      1292.5000210    5.4158099E+13
      1295.2000211    5.3377178E+13
      1298.0000211    5.2577354E+13
      1300.7000212    5.1816834E+13
      1303.4000212    5.1067337E+13
      1306.1000212    5.0329035E+13
      1314.3000214    4.8155140E+13
      1330.6000216    4.4126582E+13
      1341.5000218    4.1635132E+13
      1355.1000220    3.8735459E+13
      1360.6000221    3.7624660E+13
      1371.4000223    3.5540888E+13
      1382.3000225    3.3561629E+13
      1390.5000226    3.2149764E+13
      1395.9000227    3.1254397E+13
      1404.1000228    2.9944751E+13
      1406.8000229    2.9526290E+13
      1409.5000229    2.9113981E+13
      1415.0000230    2.8292715E+13
      1417.7000231    2.7898493E+13
      1420.4000231    2.7510033E+13
      1423.1000231    2.7127244E+13
      1425.9000232    2.6736169E+13
      1428.6000232    2.6364655E+13
      1431.3000233    2.5998540E+13
      1436.7000234    2.5282172E+13
      1439.5000234    2.4918870E+13
      1442.2000235    2.4573699E+13
      1444.9000235    2.4233514E+13
      1447.6000235    2.3898232E+13
      1450.4000236    2.3555631E+13
      1453.1000236    2.3230102E+13
      1455.8000237    1.5218010E+14
      1458.5000237    1.5139238E+14
      1461.2000238    1.5010860E+14
      1466.7000239    1.4674922E+14
      1469.4000239    1.4494892E+14
      1472.1000239    1.4311599E+14
      1477.6000240    1.3936827E+14
      1480.3000241    1.3754334E+14
      1488.4000242    1.3217993E+14
      1491.2000242    1.3037033E+14
      1496.6000243    1.2694766E+14
      1551.0000252    9.8047325E+13
      1632.7000266    6.5504648E+13
      1823.1000296    2.4712594E+13
 
