       80.0000013    4.2825394E+17
        85.0000014    3.0636919E+17
        90.0000015    2.2747870E+17
        95.2390015    1.7269495E+17
       100.6800016    1.3418580E+17
       114.2900019    7.9564072E+16
       119.7300019    6.6429198E+16
       122.4500020    6.0938650E+16
       125.1700020    5.6020100E+16
       127.8900021    5.1591190E+16
       130.6100021    4.7585296E+16
       133.3300022    4.3948025E+16
       136.0600022    4.0622904E+16
       146.9400024    1.9418341E+17
       149.6600024    1.7406499E+17
       155.1000025    1.4019076E+17
       157.8200026    1.2601523E+17
       160.5500026    1.1335504E+17
       165.9900027    9.2091658E+16
       171.4300028    7.5125996E+16
       176.8700029    6.1528044E+16
       179.5900029    5.5761483E+16
       182.3100030    5.0582186E+16
       185.0400030    4.5909726E+16
       187.7600031    4.1721093E+16
       190.4800031    3.7948158E+16
       195.9200032    3.1476963E+16
       198.6400032    2.8704467E+16
       204.0800033    1.1855853E+17
       206.8000034    1.1100703E+17
       209.5300034    1.0377296E+17
       212.2500035    9.6991597E+16
       214.9700035    9.0652079E+16
       220.4100036    7.9243736E+16
       225.8500037    6.9367201E+16
       236.7400038    5.3389862E+16
       247.6200040    4.1354904E+16
       258.5100042    3.2210191E+16
       272.1100044    2.3752013E+16
       285.7200046    1.7644662E+16
       299.3200049    1.3200497E+16
       312.9300051    9.9337117E+15
       340.1400055    5.7122512E+15
       353.7400058    4.3581653E+15
       380.9500062    2.5569199E+15
       394.5600064    1.9630387E+15
       408.1700066    1.5077516E+15
       435.3800071    8.8705671E+14
       462.5900075    5.1486139E+14
       476.1900077    3.8811089E+14
       489.8000080    2.8890077E+14
       503.4000082    2.1092814E+14
       517.0100084    1.4893339E+14
 
