       80.0000013    1.1216756E+19
        85.0000014    9.4651217E+18
        90.0000015    7.9802746E+18
        95.2390015    6.6741197E+18
       100.6800016    5.5483050E+18
       114.2900019    3.5217500E+18
       119.7300019    2.9480730E+18
       122.4500020    2.6997403E+18
       125.1700020    2.4738396E+18
       127.8900021    2.2682284E+18
       130.6100021    2.0809723E+18
       133.3300022    1.9103252E+18
       136.0600022    1.7541669E+18
       146.9400024    2.6437086E+18
       149.6600024    2.5381080E+18
       155.1000025    2.3156201E+18
       157.8200026    2.2086892E+18
       160.5500026    2.1063895E+18
       165.9900027    1.9185267E+18
       171.4300028    1.7509772E+18
       176.8700029    1.6014954E+18
       179.5900029    1.5327866E+18
       182.3100030    1.4677297E+18
       185.0400030    1.4058511E+18
       187.7600031    1.3473699E+18
       190.4800031    1.2918390E+18
       195.9200032    1.1888599E+18
       198.6400032    1.1410668E+18
       204.0800033    1.2029533E+18
       206.8000034    1.1571135E+18
       209.5300034    1.1112833E+18
       212.2500035    1.0670286E+18
       214.9700035    1.0246270E+18
       220.4100036    9.4577200E+17
       225.8500037    8.7456942E+17
       236.7400038    7.5217824E+17
       247.6200040    6.5200971E+17
       258.5100042    5.6918065E+17
       272.1100044    4.8476808E+17
       285.7200046    4.1655177E+17
       299.3200049    3.6075341E+17
       312.9300051    3.1445472E+17
       340.1400055    2.4270719E+17
       353.7400058    2.1454971E+17
       380.9500062    1.6916976E+17
       394.5600064    1.5075651E+17
       408.1700066    1.3461107E+17
       435.3800071    1.0786655E+17
       462.5900075    8.6919701E+16
       476.1900077    7.8171961E+16
       489.8000080    7.0379198E+16
       503.4000082    6.3437943E+16
       517.0100084    5.7237925E+16
       557.8300091    4.2306974E+16
       571.4300093    3.8331342E+16
       585.0400095    3.4761389E+16
       612.2500100    2.8675006E+16
       666.6700108    1.9742461E+16
       680.2800111    1.8026319E+16
       707.4900115    1.5072386E+16
       734.7000119    1.2649756E+16
       761.9100124    1.0655631E+16
       789.1200128    9.0082837E+15
       816.3300133    7.6425351E+15
       843.5400137    6.5062581E+15
       870.7500142    5.5575916E+15
       911.5700148    4.4143282E+15
       952.3900155    3.5311594E+15
       993.2000162    2.8440522E+15
      1020.4000166    2.4709873E+15
      1061.2000173    2.0115518E+15
      1088.4000177    1.7596445E+15
      1102.0000179    1.6473809E+15
      1115.7000181    1.5425213E+15
      1129.3000184    1.4459351E+15
      1142.9000186    1.3562293E+15
      1156.5000188    1.2728576E+15
      1170.1000190    1.1953209E+15
      1197.3000195    1.0559693E+15
      1210.9000197    9.9335641E+14
      1224.5000199    9.3497593E+14
      1227.2000200    9.2386082E+14
      1229.9000200    9.1289751E+14
      1232.7000200    9.0168590E+14
      1235.4000201    8.9102452E+14
      1238.1000201    8.8050796E+14
      1240.8000202    8.7013393E+14
      1243.5000202    8.5990030E+14
      1246.3000203    8.4943367E+14
      1249.0000203    8.3947948E+14
      1257.2000204    9.7987954E+14
      1259.9000205    9.6908448E+14
      1262.6000205    9.5784005E+14
      1270.8000207    9.2324362E+14
      1281.6000208    8.7908646E+14
      1289.8000210    9.2528138E+14
      1292.5000210    9.1439659E+14
      1295.2000211    9.0341550E+14
      1298.0000211    8.9205135E+14
      1300.7000212    8.8117777E+14
      1303.4000212    8.7041827E+14
      1306.1000212    8.5978823E+14
      1314.3000214    8.2835444E+14
      1330.6000216    7.6966525E+14
      1341.5000218    7.3308361E+14
      1355.1000220    6.9020990E+14
      1360.6000221    6.7369555E+14
      1371.4000223    6.4257274E+14
      1382.3000225    6.1282882E+14
      1390.5000226    5.9149672E+14
      1395.9000227    5.7791651E+14
      1404.1000228    5.5797709E+14
      1406.8000229    5.5158641E+14
      1409.5000229    5.4528012E+14
      1415.0000230    5.3269000E+14
      1417.7000231    5.2663258E+14
      1420.4000231    5.2065466E+14
      1423.1000231    5.1475509E+14
      1425.9000232    5.0871851E+14
      1428.6000232    5.0297500E+14
      1431.3000233    4.9730634E+14
      1436.7000234    4.8618943E+14
      1439.5000234    4.8053849E+14
      1442.2000235    4.7516126E+14
      1444.9000235    4.6985358E+14
      1447.6000235    4.6461443E+14
      1450.4000236    4.5925260E+14
      1453.1000236    4.5415001E+14
      1455.8000237    2.5118131E+15
      1458.5000237    2.5051803E+15
      1461.2000238    2.4908708E+15
      1466.7000239    2.4503038E+15
      1469.4000239    2.4280116E+15
      1472.1000239    2.4051468E+15
      1477.6000240    2.3580777E+15
      1480.3000241    2.3350476E+15
      1488.4000242    2.2670287E+15
      1491.2000242    2.2439728E+15
      1496.6000243    2.2002169E+15
      1551.0000252    1.8080517E+15
      1632.7000266    1.3561438E+15
      1823.1000296    7.2198561E+14
      2340.2000381    1.6603892E+14
      2829.9000460    5.2078743E+13
      3047.6000496    3.2749566E+13
      3700.7000602    9.2582193E+12
      4000.0000650    4.7960162E+12
      4680.3000761    1.0289983E+12
      5006.8000814    2.9554744E+11
      5387.8000876    0.0000000E+00
 
