       80.0000013    1.1534533E+19
        85.0000014    9.8707007E+18
        90.0000015    8.4330673E+18
        95.2390015    7.1449855E+18
       100.6800016    6.0147986E+18
       114.2900019    3.9253329E+18
       119.7300019    3.3186414E+18
       122.4500020    3.0535829E+18
       125.1700020    2.8110898E+18
       127.8900021    2.5891690E+18
       130.6100021    2.3859988E+18
       133.3300022    2.1999144E+18
       136.0600022    2.0287984E+18
       146.9400024    2.8046186E+18
       149.6600024    2.6895275E+18
       155.1000025    2.4503252E+18
       157.8200026    2.3362833E+18
       160.5500026    2.2276106E+18
       165.9900027    2.0290355E+18
       171.4300028    1.8529294E+18
       176.8700029    1.6965530E+18
       179.5900029    1.6248948E+18
       182.3100030    1.5571655E+18
       185.0400030    1.4928473E+18
       187.7600031    1.4321463E+18
       190.4800031    1.3745798E+18
       195.9200032    1.2679844E+18
       198.6400032    1.2185721E+18
       204.0800033    1.3014632E+18
       206.8000034    1.2548119E+18
       209.5300034    1.2068824E+18
       212.2500035    1.1599551E+18
       214.9700035    1.1146276E+18
       220.4100036    1.0297280E+18
       225.8500037    9.5260973E+17
       236.7400038    8.1934280E+17
       247.6200040    7.0977901E+17
       258.5100042    6.1896877E+17
       272.1100044    5.2638116E+17
       285.7200046    4.5168680E+17
       299.3200049    3.9080619E+17
       312.9300051    3.4052755E+17
       340.1400055    2.6319482E+17
       353.7400058    2.3306424E+17
       380.9500062    1.8473646E+17
       394.5600064    1.6518183E+17
       408.1700066    1.4804218E+17
       435.3800071    1.1960951E+17
       462.5900075    9.7240259E+16
       476.1900077    8.7851357E+16
       489.8000080    7.9455332E+16
       503.4000082    7.1945298E+16
       517.0100084    6.5207718E+16
       557.8300091    4.8836969E+16
       571.4300093    4.4435027E+16
       585.0400095    4.0463488E+16
       612.2500100    3.3645477E+16
       666.6700108    2.3506764E+16
       680.2800111    2.1536559E+16
       707.4900115    1.8124833E+16
       734.7000119    1.5304636E+16
       761.9100124    1.2965930E+16
       789.1200128    1.1020242E+16
       816.3300133    9.3963909E+15
       843.5400137    8.0368674E+15
       870.7500142    6.8951072E+15
       911.5700148    5.5098111E+15
       952.3900155    4.4315510E+15
       993.2000162    3.5868708E+15
      1020.4000166    3.1258066E+15
      1061.2000173    2.5553013E+15
      1088.4000177    2.2410844E+15
      1102.0000179    2.1006991E+15
      1115.7000181    1.9693636E+15
      1129.3000184    1.8482043E+15
      1142.9000186    1.7355088E+15
      1156.5000188    1.6306203E+15
      1170.1000190    1.5329376E+15
      1197.3000195    1.3570329E+15
      1210.9000197    1.2778434E+15
      1224.5000199    1.2039170E+15
      1227.2000200    1.1898321E+15
      1229.9000200    1.1759361E+15
      1232.7000200    1.1617222E+15
      1235.4000201    1.1482027E+15
      1238.1000201    1.1348638E+15
      1240.8000202    1.1217027E+15
      1243.5000202    1.1087167E+15
      1246.3000203    1.0954321E+15
      1249.0000203    1.0827949E+15
      1257.2000204    1.3018342E+15
      1259.9000205    1.2877986E+15
      1262.6000205    1.2730637E+15
      1270.8000207    1.2274988E+15
      1281.6000208    1.1692204E+15
      1289.8000210    1.2445743E+15
      1292.5000210    1.2300809E+15
      1295.2000211    1.2154223E+15
      1298.0000211    1.2002332E+15
      1300.7000212    1.1856903E+15
      1303.4000212    1.1712945E+15
      1306.1000212    1.1570688E+15
      1314.3000214    1.1149904E+15
      1330.6000216    1.0363936E+15
      1341.5000218    9.8738184E+14
      1355.1000220    9.2991820E+14
      1360.6000221    9.0777764E+14
      1371.4000223    8.6604224E+14
      1382.3000225    8.2614448E+14
      1390.5000226    7.9752335E+14
      1395.9000227    7.7930007E+14
      1404.1000228    7.5253927E+14
      1406.8000229    7.4396128E+14
      1409.5000229    7.3549617E+14
      1415.0000230    7.1859460E+14
      1417.7000231    7.1046222E+14
      1420.4000231    7.0243613E+14
      1423.1000231    6.9451480E+14
      1425.9000232    6.8640919E+14
      1428.6000232    6.7869657E+14
      1431.3000233    6.7108421E+14
      1436.7000234    6.5615437E+14
      1439.5000234    6.4856469E+14
      1442.2000235    6.4134230E+14
      1444.9000235    6.3421306E+14
      1447.6000235    6.2717549E+14
      1450.4000236    6.1997282E+14
      1453.1000236    6.1311812E+14
      1455.8000237    3.2766950E+15
      1458.5000237    3.2680272E+15
      1461.2000238    3.2495003E+15
      1466.7000239    3.1971895E+15
      1469.4000239    3.1684892E+15
      1472.1000239    3.1390665E+15
      1477.6000240    3.0785185E+15
      1480.3000241    3.0488972E+15
      1488.4000242    2.9614063E+15
      1491.2000242    2.9317452E+15
      1496.6000243    2.8754438E+15
      1551.0000252    2.3700620E+15
      1632.7000266    1.7856543E+15
      1823.1000296    9.6061017E+14
      2340.2000381    2.2734963E+14
      2829.9000460    7.3278777E+13
      3047.6000496    4.6685317E+13
      3700.7000602    1.3207274E+13
      4000.0000650    7.8282364E+12
      4680.3000761    2.2472609E+12
      5006.8000814    1.1930158E+12
      5387.8000876    3.6102246E+11
 
