       80.0000013    6.4678458E+18
        85.0000014    4.9637727E+18
        90.0000015    3.7997354E+18
        95.2390015    2.8648122E+18
       100.6800016    2.1305740E+18
       114.2900019    9.9881327E+17
       119.7300019    7.3108342E+17
       122.4500020    6.2391327E+17
       125.1700020    5.3147526E+17
       127.8900021    4.5184259E+17
       130.6100021    3.8333676E+17
       133.3300022    3.2449395E+17
       136.0600022    2.7386474E+17
       146.9400024    8.4258792E+17
       149.6600024    7.6276592E+17
       155.1000025    6.0789490E+17
       157.8200026    5.3631404E+17
       160.5500026    4.6874871E+17
       165.9900027    3.4566972E+17
       171.4300028    2.3394805E+17
       176.8700029    1.2170968E+17
       179.5900029    4.0727513E+16
 
