       12.5000002    2.3185244E+01
        15.0000002    2.7575399E+01
        20.0000003    8.8606129E+00
        25.0000004    3.2060816E+00
        30.0000005    9.4393378E-01
        35.0000006    2.5308597E-01
        40.0000007    1.1723682E-01
        45.0000007    7.0390850E-02
        50.0000008    4.3397985E-02
        55.0000009    2.3937181E-02
        60.0000010    1.1269149E-02
        65.0000011    4.7131823E-03
        70.0000011    1.9436001E-03
        75.0000012    1.1416567E-02
        80.0000013    3.6763896E-03
 
