       12.5000002    1.3441494E+03
        15.0000002    5.3336786E+02
        20.0000003    3.9837982E+01
        25.0000004    1.8519712E+01
        30.0000005    1.2266744E+01
        35.0000006    7.5706663E+00
        40.0000007    4.8603501E+00
        45.0000007    2.9386747E+00
        50.0000008    1.6191770E+00
        55.0000009    8.1112933E-01
        60.0000010    3.8073769E-01
        65.0000011    1.7958003E-01
        70.0000011    9.3241207E-02
        75.0000012    2.3123971E-01
        80.0000013    1.9718865E-01
        85.0000014    1.6717543E-01
        90.0000015    1.4520180E-01
        95.2390015    1.1916746E-01
       100.6800016    9.3022376E-02
       114.2900019    5.1190957E-02
       119.7300019    4.0302966E-02
       122.4500020    3.5667330E-02
       125.1700020    3.1498875E-02
       127.8900021    2.7755726E-02
       130.6100021    2.4401445E-02
       133.3300022    2.1403087E-02
       136.0600022    1.8720897E-02
       146.9400024    1.0738849E-02
       149.6600024    9.2962477E-03
       155.1000025    6.9237249E-03
       157.8200026    5.9570735E-03
       160.5500026    5.1120725E-03
       165.9900027    4.5301165E-03
       171.4300028    3.3900444E-03
       176.8700029    2.7394299E-03
       179.5900029    2.3742565E-03
       182.3100030    2.0475744E-03
       185.0400030    1.7601070E-03
       187.7600031    1.5114957E-03
       190.4800031    1.2966772E-03
       195.9200032    9.5157768E-04
       198.6400032    8.1365288E-04
       204.0800033    5.9167820E-04
       206.8000034    5.0274451E-04
       209.5300034    4.2554754E-04
       212.2500035    3.5897718E-04
       214.9700035    3.0129839E-04
       220.4100036    2.0786344E-04
       225.8500037    1.3724423E-04
       236.7400038    3.9417970E-05
 
