       12.5000002    1.4363252E+02
        15.0000002    3.3592754E+01
        20.0000003    1.8877426E+01
        25.0000004    7.4413314E+00
        30.0000005    5.2156777E+00
        35.0000006    2.2859991E+00
        40.0000007    8.9647269E-01
        45.0000007    3.5285145E-01
        50.0000008    1.5283684E-01
        55.0000009    8.1749141E-02
        60.0000010    5.3523533E-02
        65.0000011    3.7205759E-02
        70.0000011    2.5015067E-02
        75.0000012    9.3304090E-02
        80.0000013    7.8883402E-02
        85.0000014    6.0770467E-02
        90.0000015    4.6078615E-02
        95.2390015    3.2745056E-02
       100.6800016    2.1050462E-02
       114.2900019    5.5179060E-03
       119.7300019    2.9127689E-03
       122.4500020    2.0412912E-03
       125.1700020    1.3806230E-03
       127.8900021    8.8512624E-04
       130.6100021    5.1553547E-04
       133.3300022    2.3058025E-04
 
