       12.5000002    3.9007393E+01
        15.0000002    2.8843473E+01
        20.0000003    1.3475799E+01
        25.0000004    5.2931662E+00
        30.0000005    2.8126347E+00
        35.0000006    8.9786977E-01
        40.0000007    3.0696741E-01
        45.0000007    1.3441357E-01
        50.0000008    7.6385513E-02
        55.0000009    5.0427727E-02
        60.0000010    3.2778256E-02
        65.0000011    1.9494575E-02
        70.0000011    1.0594539E-02
        75.0000012    5.1915579E-02
        80.0000013    3.9072055E-02
        85.0000014    2.5273990E-02
        90.0000015    1.5055228E-02
        95.2390015    7.6861382E-03
       100.6800016    3.0397172E-03
 
