       12.5000002    7.4953033E+02
        15.0000002    2.1969504E+02
        20.0000003    2.4318075E+01
        25.0000004    1.4092468E+01
        30.0000005    9.3809414E+00
        35.0000006    5.6663470E+00
        40.0000007    3.2223895E+00
        45.0000007    1.6620164E+00
        50.0000008    7.8607512E-01
        55.0000009    3.5052568E-01
        60.0000010    1.5981025E-01
        65.0000011    8.3873838E-02
        70.0000011    5.3111911E-02
        75.0000012    1.6560715E-01
        80.0000013    1.4607245E-01
        85.0000014    1.2185606E-01
        90.0000015    1.0315473E-01
        95.2390015    8.5557476E-02
       100.6800016    6.7040600E-02
       114.2900019    3.3017721E-02
       119.7300019    2.4297496E-02
       122.4500020    2.0739799E-02
       125.1700020    1.7643835E-02
       127.8900021    1.4959712E-02
       130.6100021    1.2641251E-02
       133.3300022    1.0645970E-02
       136.0600022    8.9291483E-03
       146.9400024    4.2739292E-03
       149.6600024    3.5206797E-03
       155.1000025    2.3576631E-03
       157.8200026    1.9153157E-03
       160.5500026    1.5462798E-03
       165.9900027    1.3328382E-03
       171.4300028    8.9448004E-04
       176.8700029    6.7945913E-04
       179.5900029    5.5111398E-04
       182.3100030    4.3944456E-04
       185.0400030    3.4305171E-04
       187.7600031    2.6058944E-04
       190.4800031    1.8912225E-04
       195.9200032    6.0758506E-05
 
