       12.5000002    3.3269669E+18
        15.0000002    2.8424624E+18
        20.0000003    2.4175965E+18
        25.0000004    2.2891233E+18
        30.0000005    2.8517483E+18
        35.0000006    2.7258496E+18
        40.0000007    2.4197848E+18
        45.0000007    2.0064547E+18
        50.0000008    1.5873648E+18
        55.0000009    1.2400309E+18
        60.0000010    1.0003626E+18
        65.0000011    8.5544678E+17
        70.0000011    7.6950002E+17
        75.0000012    4.4053115E+18
        80.0000013    4.9284080E+18
        85.0000014    5.0294543E+18
        90.0000015    5.1215356E+18
        95.2390015    5.1184724E+18
       100.6800016    4.8916074E+18
       114.2900019    4.1211521E+18
       119.7300019    3.8210654E+18
       122.4500020    3.6739785E+18
       125.1700020    3.5290351E+18
       127.8900021    3.3864400E+18
       130.6100021    3.2464364E+18
       133.3300022    3.1092729E+18
       136.0600022    2.9747172E+18
       146.9400024    2.4737360E+18
       149.6600024    2.3581075E+18
       155.1000025    2.1390498E+18
       157.8200026    2.0356828E+18
       160.5500026    1.9360627E+18
       165.9900027    2.3210234E+18
       171.4300028    2.1621610E+18
       176.8700029    2.2474809E+18
       179.5900029    2.1774463E+18
       182.3100030    2.0992729E+18
       185.0400030    2.0186864E+18
       187.7600031    1.9394944E+18
       190.4800031    1.8630507E+18
       195.9200032    1.7201850E+18
       198.6400032    1.6535936E+18
       204.0800033    1.5297481E+18
       206.8000034    1.4723261E+18
       209.5300034    1.4175154E+18
       212.2500035    1.3655519E+18
       214.9700035    1.3160691E+18
       220.4100036    1.2239446E+18
       225.8500037    1.1400390E+18
       236.7400038    1.1719022E+18
       247.6200040    1.0236639E+18
       258.5100042    8.9224874E+17
       272.1100044    7.5489507E+17
       285.7200046    6.4296300E+17
       299.3200049    5.5157540E+17
       312.9300051    4.7652401E+17
       340.1400055    3.6320790E+17
       353.7400058    3.2021699E+17
       380.9500062    2.5315152E+17
       394.5600064    2.2675046E+17
       408.1700066    2.0395958E+17
       435.3800071    1.6679327E+17
       462.5900075    1.3794867E+17
       476.1900077    1.2588132E+17
       489.8000080    1.1507672E+17
       503.4000082    1.0538035E+17
       517.0100084    9.6636111E+16
       557.8300091    7.5077746E+16
       571.4300093    6.9167661E+16
       585.0400095    6.3778323E+16
       612.2500100    5.4370004E+16
       666.6700108    3.9883741E+16
       680.2800111    3.6976975E+16
       707.4900115    3.2421445E+16
       734.7000119    2.8161570E+16
       761.9100124    2.4299235E+16
       789.1200128    2.1036018E+16
       816.3300133    1.8267595E+16
       843.5400137    1.5910442E+16
       870.7500142    1.3896752E+16
       911.5700148    1.1401445E+16
       952.3900155    9.4089483E+15
       993.2000162    1.0734055E+16
      1020.4000166    9.3593662E+15
      1061.2000173    8.8005550E+15
      1088.4000177    7.6963806E+15
      1102.0000179    7.2056661E+15
      1115.7000181    6.7481608E+15
      1129.3000184    6.3274747E+15
      1142.9000186    5.9373832E+15
      1156.5000188    5.5753330E+15
      1170.1000190    5.2390704E+15
      1197.3000195    1.7300412E+16
      1210.9000197    1.6439646E+16
      1224.5000199    1.5610465E+16
      1227.2000200    1.5450890E+16
      1229.9000200    1.5293057E+16
      1232.7000200    1.5131222E+16
      1235.4000201    1.4976946E+16
      1238.1000201    1.4824411E+16
      1240.8000202    1.4673610E+16
      1243.5000202    1.4524529E+16
      1246.3000203    1.4371729E+16
      1249.0000203    1.4226111E+16
      1257.2000204    1.3794051E+16
      1259.9000205    1.3655082E+16
      1262.6000205    1.3517715E+16
      1270.8000207    1.3110148E+16
      1281.6000208    1.2594732E+16
      1289.8000210    1.2218963E+16
      1292.5000210    1.2098076E+16
      1295.2000211    1.1978567E+16
      1298.0000211    1.1856070E+16
      1300.7000212    1.1739316E+16
      1303.4000212    1.1623888E+16
      1306.1000212    1.1509769E+16
      1314.3000214    1.1171047E+16
      1330.6000216    1.0531392E+16
      1341.5000218    1.0127295E+16
      1355.1000220    9.6480417E+15
      1360.6000221    9.4617313E+15
      1371.4000223    9.1078948E+15
      1382.3000225    8.7662596E+15
      1390.5000226    8.5190381E+15
      1395.9000227    8.3606542E+15
      1404.1000228    8.1266402E+15
      1406.8000229    8.0512587E+15
      1409.5000229    7.9766890E+15
      1415.0000230    7.8272552E+15
      1417.7000231    7.7550890E+15
      1420.4000231    7.6836954E+15
      1423.1000231    7.6130647E+15
      1425.9000232    7.5406134E+15
      1428.6000232    7.4715079E+15
      1431.3000233    7.4031380E+15
      1436.7000234    7.2685680E+15
      1439.5000234    7.1999119E+15
      1442.2000235    7.1247580E+15
      1444.9000235    7.0599658E+15
      1447.6000235    6.9958569E+15
      1450.4000236    6.9300870E+15
      1453.1000236    6.8673456E+15
      1455.8000237    6.8052624E+15
      1458.5000237    6.7438309E+15
      1461.2000238    6.6830427E+15
      1466.7000239    6.5611730E+15
      1469.4000239    6.5022916E+15
      1472.1000239    6.4440240E+15
      1477.6000240    6.3271960E+15
      1480.3000241    6.2707457E+15
      1488.4000242    6.1048735E+15
      1491.2000242    6.0487243E+15
      1496.6000243    5.9421227E+15
      1551.0000252    4.9815237E+15
      1632.7000266    3.8573791E+15
      1823.1000296    2.2065488E+15
      2340.2000381    5.9152907E+14
      2829.9000460    1.9675346E+14
      3047.6000496    1.2587219E+14
      3700.7000602    1.9447379E+13
      4000.0000650    4.3616195E+12
      4680.3000761    0.0000000E+00
      5006.8000814    0.0000000E+00
      5387.8000876    0.0000000E+00
 
