       12.5000002    3.2504898E+18
        15.0000002    4.8363762E+18
        20.0000003    3.9251279E+18
        25.0000004    2.7522244E+18
        30.0000005    2.2395713E+18
        35.0000006    1.8659670E+18
        40.0000007    1.7337861E+18
        45.0000007    1.6303102E+18
        50.0000008    1.5166707E+18
        55.0000009    1.3677511E+18
        60.0000010    1.1848553E+18
        65.0000011    9.9736026E+17
        70.0000011    8.3153611E+17
        75.0000012    6.8021034E+18
        80.0000013    7.1820583E+18
        85.0000014    6.7233316E+18
        90.0000015    6.1459138E+18
        95.2390015    5.4502791E+18
       100.6800016    4.6404943E+18
       114.2900019    2.9745462E+18
       119.7300019    2.4838943E+18
       122.4500020    2.2697063E+18
       125.1700020    2.0740901E+18
       127.8900021    1.8955373E+18
       130.6100021    1.7326429E+18
       133.3300022    1.5841010E+18
       136.0600022    1.4482259E+18
       146.9400024    1.0170120E+18
       149.6600024    9.3216163E+17
       155.1000025    7.8456326E+17
       157.8200026    7.2051251E+17
       160.5500026    6.6197946E+17
       165.9900027    1.2711532E+18
       171.4300028    1.1638140E+18
       176.8700029    1.3666758E+18
       179.5900029    1.3117833E+18
       182.3100030    1.2525437E+18
       185.0400030    1.1928738E+18
       187.7600031    1.1351031E+18
       190.4800031    1.0798058E+18
       195.9200032    9.7732029E+17
       198.6400032    9.2997058E+17
       204.0800033    8.4250140E+17
       206.8000034    8.0215757E+17
       209.5300034    7.6377561E+17
       212.2500035    7.2751640E+17
       214.9700035    6.9312203E+17
       220.4100036    6.2950944E+17
       225.8500037    5.7216953E+17
       236.7400038    6.0820145E+17
       247.6200040    5.2774256E+17
       258.5100042    4.6034940E+17
       272.1100044    3.9090693E+17
       285.7200046    3.3405998E+17
       299.3200049    2.8699803E+17
       312.9300051    2.4758274E+17
       340.1400055    1.8613222E+17
       353.7400058    1.6207282E+17
       380.9500062    1.2374279E+17
       394.5600064    1.0847066E+17
       408.1700066    9.5277055E+16
       435.3800071    7.3946950E+16
       462.5900075    5.7823342E+16
       476.1900077    5.1273521E+16
       489.8000080    4.5541952E+16
       503.4000082    4.0524627E+16
       517.0100084    3.6118433E+16
       557.8300091    2.5827419E+16
       571.4300093    2.3170515E+16
       585.0400095    2.0817082E+16
       612.2500100    1.6879647E+16
       666.6700108    1.1287658E+16
       680.2800111    1.0241141E+16
       707.4900115    8.4748923E+15
       734.7000119    7.0392871E+15
       761.9100124    5.8707398E+15
       789.1200128    4.9181279E+15
       816.3300133    4.1376628E+15
       843.5400137    3.4951746E+15
       870.7500142    2.9638479E+15
       911.5700148    2.3301483E+15
       952.3900155    1.8459960E+15
       993.2000162    1.6246931E+15
      1020.4000166    1.3945433E+15
      1061.2000173    1.1778930E+15
      1088.4000177    1.0160104E+15
      1102.0000179    9.4462095E+14
      1115.7000181    8.7839269E+14
      1129.3000184    8.1779244E+14
      1142.9000186    7.6186767E+14
      1156.5000188    7.1021244E+14
      1170.1000190    6.6245985E+14
      1197.3000195    2.7131027E+15
      1210.9000197    2.5484886E+15
      1224.5000199    2.3911983E+15
      1227.2000200    2.3610914E+15
      1229.9000200    2.3313673E+15
      1232.7000200    2.3009474E+15
      1235.4000201    2.2720028E+15
      1238.1000201    2.2434386E+15
      1240.8000202    2.2152517E+15
      1243.5000202    2.1874388E+15
      1246.3000203    2.1589869E+15
      1249.0000203    2.1319241E+15
      1257.2000204    2.0519322E+15
      1259.9000205    2.0263020E+15
      1262.6000205    2.0010151E+15
      1270.8000207    1.9262734E+15
      1281.6000208    1.8323775E+15
      1289.8000210    1.7643735E+15
      1292.5000210    1.7425791E+15
      1295.2000211    1.7210734E+15
      1298.0000211    1.6990716E+15
      1300.7000212    1.6781410E+15
      1303.4000212    1.6574867E+15
      1306.1000212    1.6371045E+15
      1314.3000214    1.5768312E+15
      1330.6000216    1.4639506E+15
      1341.5000218    1.3932967E+15
      1355.1000220    1.3101900E+15
      1360.6000221    1.2780898E+15
      1371.4000223    1.2174563E+15
      1382.3000225    1.1593357E+15
      1390.5000226    1.1175442E+15
      1395.9000227    1.0908914E+15
      1404.1000228    1.0516882E+15
      1406.8000229    1.0391057E+15
      1409.5000229    1.0266808E+15
      1415.0000230    1.0018493E+15
      1417.7000231    9.8989017E+14
      1420.4000231    9.7808008E+14
      1423.1000231    9.6641717E+14
      1425.9000232    9.5447541E+14
      1428.6000232    9.4310590E+14
      1431.3000233    9.3187738E+14
      1436.7000234    9.0983594E+14
      1439.5000234    8.9862118E+14
      1442.2000235    8.8794295E+14
      1444.9000235    8.7739639E+14
      1447.6000235    8.6697975E+14
      1450.4000236    8.5631259E+14
      1453.1000236    8.4615513E+14
      1455.8000237    8.3612236E+14
      1458.5000237    8.2621252E+14
      1461.2000238    8.1642409E+14
      1466.7000239    7.9685320E+14
      1469.4000239    7.8742340E+14
      1472.1000239    7.7810849E+14
      1477.6000240    7.5948289E+14
      1480.3000241    7.5050775E+14
      1488.4000242    7.2422967E+14
      1491.2000242    7.1536700E+14
      1496.6000243    6.9858677E+14
      1551.0000252    5.5030419E+14
      1632.7000266    3.8466553E+14
      1823.1000296    1.6414132E+14
      2340.2000381    0.0000000E+00
 
