       12.5000002    5.1562214E+18
        15.0000002    5.0967988E+18
        20.0000003    2.3045416E+18
        25.0000004    1.8872013E+18
        30.0000005    2.4210295E+18
        35.0000006    2.4648637E+18
        40.0000007    2.4886750E+18
        45.0000007    2.4432891E+18
        50.0000008    2.2600870E+18
        55.0000009    1.9369834E+18
        60.0000010    1.5529440E+18
        65.0000011    1.2023440E+18
        70.0000011    9.3203910E+17
        75.0000012    3.7143705E+18
        80.0000013    3.9466261E+18
        85.0000014    4.0898944E+18
        90.0000015    4.4200925E+18
        95.2390015    4.4488811E+18
       100.6800016    4.0735611E+18
       114.2900019    3.3199817E+18
       119.7300019    3.1358704E+18
       122.4500020    3.0553364E+18
       125.1700020    2.9797395E+18
       127.8900021    2.9076464E+18
       130.6100021    2.8379844E+18
       133.3300022    2.7699757E+18
       136.0600022    2.7028140E+18
       146.9400024    2.4399807E+18
       149.6600024    2.3748346E+18
       155.1000025    2.2451744E+18
       157.8200026    2.1807884E+18
       160.5500026    2.1165790E+18
       165.9900027    2.5387581E+18
       171.4300028    2.4502677E+18
       176.8700029    2.5592365E+18
       179.5900029    2.5240826E+18
       182.3100030    2.4699929E+18
       185.0400030    2.4026163E+18
       187.7600031    2.3287079E+18
       190.4800031    2.2536994E+18
       195.9200032    2.1072839E+18
       198.6400032    2.0349559E+18
       204.0800033    1.8949745E+18
       206.8000034    1.8287274E+18
       209.5300034    1.7649847E+18
       212.2500035    1.7041498E+18
       214.9700035    1.6458752E+18
       220.4100036    1.5365436E+18
       225.8500037    1.4361183E+18
       236.7400038    1.4641238E+18
       247.6200040    1.3126246E+18
       258.5100042    1.1701449E+18
       272.1100044    1.0133428E+18
       285.7200046    8.7949811E+17
       299.3200049    7.6524360E+17
       312.9300051    6.6749942E+17
       340.1400055    5.1252291E+17
       353.7400058    4.5143023E+17
       380.9500062    3.5423227E+17
       394.5600064    3.1567267E+17
       408.1700066    2.8246380E+17
       435.3800071    2.2892150E+17
       462.5900075    1.8836496E+17
       476.1900077    1.7176351E+17
       489.8000080    1.5711068E+17
       503.4000082    1.4413726E+17
       517.0100084    1.3258135E+17
       557.8300091    1.0461817E+17
       571.4300093    9.7055798E+16
       585.0400095    9.0182614E+16
       612.2500100    7.8200772E+16
       666.6700108    5.9611496E+16
       680.2800111    5.5827200E+16
       707.4900115    5.2092937E+16
       734.7000119    4.6867624E+16
       761.9100124    4.0903413E+16
       789.1200128    3.5856990E+16
       816.3300133    3.1549550E+16
       843.5400137    2.7849298E+16
       870.7500142    2.4654061E+16
       911.5700148    2.0634219E+16
       952.3900155    1.7359905E+16
       993.2000162    2.4458744E+16
      1020.4000166    2.1454463E+16
      1061.2000173    2.1473771E+16
      1088.4000177    1.8873164E+16
      1102.0000179    1.7711554E+16
      1115.7000181    1.6624761E+16
      1129.3000184    1.5621907E+16
      1142.9000186    1.4688942E+16
      1156.5000188    1.3820310E+16
      1170.1000190    1.3011030E+16
      1197.3000195    3.5034080E+16
      1210.9000197    3.3421593E+16
      1224.5000199    3.1867438E+16
      1227.2000200    3.1567724E+16
      1229.9000200    3.1271032E+16
      1232.7000200    3.0966545E+16
      1235.4000201    3.0676011E+16
      1238.1000201    3.0388487E+16
      1240.8000202    3.0103956E+16
      1243.5000202    2.9822400E+16
      1246.3000203    2.9533531E+16
      1249.0000203    2.9257957E+16
      1257.2000204    2.8438617E+16
      1259.9000205    2.8174562E+16
      1262.6000205    2.7913287E+16
      1270.8000207    2.7136507E+16
      1281.6000208    2.6150703E+16
      1289.8000210    2.5429464E+16
      1292.5000210    2.5196973E+16
      1295.2000211    2.4966909E+16
      1298.0000211    2.4730858E+16
      1300.7000212    2.4505597E+16
      1303.4000212    2.4282734E+16
      1306.1000212    2.4062185E+16
      1314.3000214    2.3406303E+16
      1330.6000216    2.2162441E+16
      1341.5000218    2.1372973E+16
      1355.1000220    2.0432811E+16
      1360.6000221    2.0066192E+16
      1371.4000223    1.9368106E+16
      1382.3000225    1.8691777E+16
      1390.5000226    1.8200875E+16
      1395.9000227    1.7885738E+16
      1404.1000228    1.7419165E+16
      1406.8000229    1.7268625E+16
      1409.5000229    1.7119586E+16
      1415.0000230    1.6820567E+16
      1417.7000231    1.6675987E+16
      1420.4000231    1.6532845E+16
      1423.1000231    1.6391120E+16
      1425.9000232    1.6245630E+16
      1428.6000232    1.6106751E+16
      1431.3000233    1.5969246E+16
      1436.7000234    1.5698289E+16
      1439.5000234    1.5559891E+16
      1442.2000235    1.5427773E+16
      1444.9000235    1.5296952E+16
      1447.6000235    1.5167414E+16
      1450.4000236    1.5034420E+16
      1453.1000236    1.4907454E+16
      1455.8000237    1.4781728E+16
      1458.5000237    1.4657231E+16
      1461.2000238    1.4533947E+16
      1466.7000239    1.4286515E+16
      1469.4000239    1.4166838E+16
      1472.1000239    1.4048323E+16
      1477.6000240    1.3810443E+16
      1480.3000241    1.3695378E+16
      1488.4000242    1.3356805E+16
      1491.2000242    1.3242035E+16
      1496.6000243    1.3023912E+16
      1551.0000252    1.1044365E+16
      1632.7000266    8.6923320E+15
      1823.1000296    5.1514144E+15
      2340.2000381    1.5213691E+15
      2829.9000460    5.8349996E+14
      3047.6000496    3.9814461E+14
      3700.7000602    1.3525244E+14
      4000.0000650    8.6879479E+13
      4680.3000761    2.7800606E+13
      5006.8000814    1.7941955E+13
      5387.8000876    4.3164086E+12
 
