       12.5000002    4.0458353E+18
        15.0000002    3.3838460E+18
        20.0000003    2.1752836E+18
        25.0000004    2.1643959E+18
        30.0000005    2.7052208E+18
        35.0000006    2.6893068E+18
        40.0000007    2.5427507E+18
        45.0000007    2.2361568E+18
        50.0000008    1.8346303E+18
        55.0000009    1.4331770E+18
        60.0000010    1.1106559E+18
        65.0000011    8.9278722E+17
        70.0000011    7.5992238E+17
        75.0000012    3.9992602E+18
        80.0000013    4.4620334E+18
        85.0000014    4.5902021E+18
        90.0000015    4.7309984E+18
        95.2390015    4.7412943E+18
       100.6800016    4.5281699E+18
       114.2900019    3.8908610E+18
       119.7300019    3.6552813E+18
       122.4500020    3.5395236E+18
       125.1700020    3.4247247E+18
       127.8900021    3.3108016E+18
       130.6100021    3.1977897E+18
       133.3300022    3.0857973E+18
       136.0600022    2.9745896E+18
       146.9400024    2.5474142E+18
       149.6600024    2.4456459E+18
       155.1000025    2.2493710E+18
       157.8200026    2.1551291E+18
       160.5500026    2.0632894E+18
       165.9900027    2.4459134E+18
       171.4300028    2.3019294E+18
       176.8700029    2.3807365E+18
       179.5900029    2.3160949E+18
       182.3100030    2.2399394E+18
       185.0400030    2.1588467E+18
       187.7600031    2.0776083E+18
       190.4800031    1.9984208E+18
       195.9200032    1.8490983E+18
       198.6400032    1.7788174E+18
       204.0800033    1.6473434E+18
       206.8000034    1.5862151E+18
       209.5300034    1.5278146E+18
       212.2500035    1.4724154E+18
       214.9700035    1.4196423E+18
       220.4100036    1.3213720E+18
       225.8500037    1.2318934E+18
       236.7400038    1.2782282E+18
       247.6200040    1.1263109E+18
       258.5100042    9.8780351E+17
       272.1100044    8.4025091E+17
       285.7200046    7.1813173E+17
       299.3200049    6.1709314E+17
       312.9300051    5.3322153E+17
       340.1400055    4.0530565E+17
       353.7400058    3.5653778E+17
       380.9500062    2.8056838E+17
       394.5600064    2.5082219E+17
       408.1700066    2.2527662E+17
       435.3800071    1.8398042E+17
       462.5900075    1.5230820E+17
       476.1900077    1.3916161E+17
       489.8000080    1.2743944E+17
       503.4000082    1.1695332E+17
       517.0100084    1.0751882E+17
       557.8300091    8.4303259E+16
       571.4300093    7.7934561E+16
       585.0400095    7.2119115E+16
       612.2500100    6.1935490E+16
       666.6700108    4.6119715E+16
       680.2800111    4.2916950E+16
       707.4900115    3.8226339E+16
       734.7000119    3.3535682E+16
       761.9100124    2.9079493E+16
       789.1200128    2.5299546E+16
       816.3300133    2.2077659E+16
       843.5400137    1.9320582E+16
       870.7500142    1.6953024E+16
       911.5700148    1.4000268E+16
       952.3900155    1.1624338E+16
       993.2000162    1.4109057E+16
      1020.4000166    1.2321796E+16
      1061.2000173    1.1813727E+16
      1088.4000177    1.0343243E+16
      1102.0000179    9.6888685E+15
      1115.7000181    9.0782638E+15
      1129.3000184    8.5163167E+15
      1142.9000186    7.9948207E+15
      1156.5000188    7.5104627E+15
      1170.1000190    7.0602702E+15
      1197.3000195    2.1979991E+16
      1210.9000197    2.0909726E+16
      1224.5000199    1.9878595E+16
      1227.2000200    1.9680047E+16
      1229.9000200    1.9483619E+16
      1232.7000200    1.9282163E+16
      1235.4000201    1.9090071E+16
      1238.1000201    1.8900098E+16
      1240.8000202    1.8712234E+16
      1243.5000202    1.8526468E+16
      1246.3000203    1.8336014E+16
      1249.0000203    1.8154462E+16
      1257.2000204    1.7615499E+16
      1259.9000205    1.7442051E+16
      1262.6000205    1.7270555E+16
      1270.8000207    1.6761456E+16
      1281.6000208    1.6117032E+16
      1289.8000210    1.5646772E+16
      1292.5000210    1.5495407E+16
      1295.2000211    1.5345729E+16
      1298.0000211    1.5192267E+16
      1300.7000212    1.5045962E+16
      1303.4000212    1.4901282E+16
      1306.1000212    1.4758207E+16
      1314.3000214    1.4333319E+16
      1330.6000216    1.3530052E+16
      1341.5000218    1.3021971E+16
      1355.1000220    1.2418751E+16
      1360.6000221    1.2184056E+16
      1371.4000223    1.1738022E+16
      1382.3000225    1.1306982E+16
      1390.5000226    1.0994822E+16
      1395.9000227    1.0794726E+16
      1404.1000228    1.0498923E+16
      1406.8000229    1.0403597E+16
      1409.5000229    1.0309277E+16
      1415.0000230    1.0120208E+16
      1417.7000231    1.0028871E+16
      1420.4000231    9.9384931E+15
      1423.1000231    9.8490633E+15
      1425.9000232    9.7573099E+15
      1428.6000232    9.6697753E+15
      1431.3000233    9.5831544E+15
      1436.7000234    9.4126120E+15
      1439.5000234    9.3255755E+15
      1442.2000235    9.2425355E+15
      1444.9000235    9.1603567E+15
      1447.6000235    9.0790294E+15
      1450.4000236    8.9955771E+15
      1453.1000236    8.9159511E+15
      1455.8000237    8.8371465E+15
      1458.5000237    8.7591531E+15
      1461.2000238    8.6819612E+15
      1466.7000239    8.5271599E+15
      1469.4000239    8.4523469E+15
      1472.1000239    8.3782979E+15
      1477.6000240    8.2297876E+15
      1480.3000241    8.1580080E+15
      1488.4000242    7.9470140E+15
      1491.2000242    7.8755640E+15
      1496.6000243    7.7398752E+15
      1551.0000252    6.5148088E+15
      1632.7000266    5.0751078E+15
      1823.1000296    2.9359111E+15
      2340.2000381    8.1809591E+14
      2829.9000460    2.9390421E+14
      3047.6000496    1.8604834E+14
      3700.7000602    5.0314116E+13
      4000.0000650    2.2278773E+13
      4680.3000761    0.0000000E+00
      5006.8000814    0.0000000E+00
      5387.8000876    0.0000000E+00
 
