       12.5000002    4.3023541E+18
        15.0000002    4.4028500E+18
        20.0000003    3.6053888E+18
        25.0000004    3.2266252E+18
        30.0000005    3.5358378E+18
        35.0000006    2.8154152E+18
        40.0000007    2.2197008E+18
        45.0000007    1.8236369E+18
        50.0000008    1.5563542E+18
        55.0000009    1.3447203E+18
        60.0000010    1.1551499E+18
        65.0000011    9.8163835E+17
        70.0000011    8.2728533E+17
        75.0000012    2.9200044E+18
        80.0000013    2.3808844E+18
        85.0000014    1.7993168E+18
        90.0000015    1.3486869E+18
        95.2390015    1.0053332E+18
       100.6800016    7.5235430E+17
       114.2900019    3.9765745E+17
       119.7300019    3.1900481E+17
       122.4500020    2.8762540E+17
       125.1700020    2.6039681E+17
       127.8900021    2.3665022E+17
       130.6100021    2.1583582E+17
       133.3300022    1.9750132E+17
       136.0600022    1.8121652E+17
       146.9400024    1.3192515E+17
       149.6600024    1.2250603E+17
       155.1000025    1.0617301E+17
       157.8200026    9.9062467E+16
       160.5500026    9.2525647E+16
       165.9900027    2.4792511E+17
       171.4300028    2.1064683E+17
       176.8700029    2.4223756E+17
       179.5900029    2.2326906E+17
       182.3100030    2.0565879E+17
       185.0400030    1.8942775E+17
       187.7600031    1.7463047E+17
       190.4800031    1.6110007E+17
       195.9200032    1.3740149E+17
       198.6400032    1.2703068E+17
       204.0800033    1.0880715E+17
       206.8000034    1.0080421E+17
       209.5300034    9.3426628E+16
       212.2500035    8.6670353E+16
       214.9700035    8.0454908E+16
       220.4100036    6.9461879E+16
       225.8500037    6.0120480E+16
       236.7400038    1.6189412E+17
       247.6200040    1.3235376E+17
       258.5100042    1.0795728E+17
       272.1100044    8.4016338E+16
       285.7200046    6.5724132E+16
       299.3200049    5.1701120E+16
       312.9300051    4.0869964E+16
       340.1400055    2.5893988E+16
       353.7400058    2.0748869E+16
       380.9500062    1.3434026E+16
       394.5600064    1.0850157E+16
       408.1700066    8.7797238E+15
       435.3800071    5.7816181E+15
       462.5900075    3.8058980E+15
       476.1900077    3.0835954E+15
       489.8000080    2.5026235E+15
       503.4000082    2.0182371E+15
       517.0100084    1.6280067E+15
       557.8300091    8.0680612E+14
       571.4300093    6.2278019E+14
       585.0400095    4.6631000E+14
       612.2500100    2.0305716E+14
 
