       80.0000013    1.0564920E-02
        85.0000014    5.3654313E-03
        90.0000015    2.7778966E-03
        95.2390015    1.4248965E-03
       100.6800016    7.3151733E-04
       114.2900019    1.5892704E-04
       119.7300019    9.1978451E-05
       122.4500020    7.0944930E-05
       125.1700020    5.5205222E-05
       127.8900021    4.3315838E-05
       130.6100021    3.4248897E-05
       133.3300022    2.7268112E-05
       136.0600022    2.1825581E-05
       146.9400024    1.0112156E-04
       149.6600024    7.9313133E-05
       155.1000025    4.8408983E-05
       157.8200026    3.7669899E-05
       160.5500026    2.9193163E-05
       165.9900027    1.7360437E-05
       171.4300028    1.0114501E-05
       176.8700029    5.7263774E-06
       179.5900029    4.2462320E-06
       182.3100030    3.1083114E-06
       185.0400030    2.2351683E-06
       187.7600031    1.5737995E-06
       190.4800031    1.0734489E-06
       195.9200032    4.0977119E-07
       198.6400032    1.7744412E-07
 
