       80.0000013    4.4650540E-02
        85.0000014    2.4505820E-02
        90.0000015    1.3666741E-02
        95.2390015    7.5317854E-03
       100.6800016    4.1246689E-03
       114.2900019    9.8631706E-04
       119.7300019    5.7528686E-04
       122.4500020    4.4280346E-04
       125.1700020    3.4271588E-04
       127.8900021    2.6678044E-04
       130.6100021    2.0891205E-04
       133.3300022    1.6460546E-04
       136.0600022    1.3040537E-04
       146.9400024    6.4981845E-04
       149.6600024    5.4112310E-04
       155.1000025    3.7428475E-04
       157.8200026    3.1141980E-04
       160.5500026    2.5907793E-04
       165.9900027    1.7981720E-04
       171.4300028    1.2498825E-04
       176.8700029    8.6942171E-05
       179.5900029    7.2515853E-05
       182.3100030    6.0477953E-05
       185.0400030    5.0395582E-05
       187.7600031    4.2010568E-05
       190.4800031    3.5007717E-05
       195.9200032    2.4272713E-05
       198.6400032    2.0191863E-05
       204.0800033    3.4353907E-05
       206.8000034    2.9483479E-05
       209.5300034    2.5239135E-05
       212.2500035    2.1583312E-05
       214.9700035    1.8428032E-05
       220.4100036    1.3364993E-05
       225.8500037    9.6151025E-06
       236.7400038    4.8126744E-06
       247.6200040    2.2518855E-06
       258.5100042    9.1883595E-07
       272.1100044    5.5712743E-08
 
