       80.0000013    2.9036430E-01
        85.0000014    1.7369413E-01
        90.0000015    1.0557692E-01
        95.2390015    6.3666396E-02
       100.6800016    3.8247433E-02
       114.2900019    1.1362529E-02
       119.7300019    7.1462509E-03
       122.4500020    5.6910976E-03
       125.1700020    4.5444998E-03
       127.8900021    3.6385430E-03
       130.6100021    2.9208236E-03
       133.3300022    2.3507725E-03
       136.0600022    1.8953934E-03
       146.9400024    4.8349155E-03
       149.6600024    4.2258445E-03
       155.1000025    3.1924378E-03
       157.8200026    2.7717811E-03
       160.5500026    2.4062051E-03
       165.9900027    1.8191206E-03
       171.4300028    1.3799297E-03
       176.8700029    1.0503355E-03
       179.5900029    9.1746950E-04
       182.3100030    8.0202834E-04
       185.0400030    7.0129050E-04
       187.7600031    6.1394629E-04
       190.4800031    5.3785002E-04
       195.9200032    4.1359468E-04
       198.6400032    3.6302643E-04
       204.0800033    3.6966210E-04
       206.8000034    3.3175133E-04
       209.5300034    2.9782561E-04
       212.2500035    2.6770236E-04
       214.9700035    2.4082939E-04
       220.4100036    1.9536563E-04
       225.8500037    1.5892847E-04
       236.7400038    1.0585738E-04
       247.6200040    7.1032213E-05
       258.5100042    4.7887283E-05
       272.1100044    2.9404580E-05
       285.7200046    1.8100607E-05
       299.3200049    1.1152523E-05
       312.9300051    6.8578020E-06
       340.1400055    2.5565325E-06
       353.7400058    1.5410532E-06
       380.9500062    5.3421968E-07
       394.5600064    3.0295146E-07
       408.1700066    1.6471677E-07
       435.3800071    3.6174548E-08
 
