       80.0000013    1.2718244E-01
        85.0000014    7.3402740E-02
        90.0000015    4.3064598E-02
        95.2390015    2.5025900E-02
       100.6800016    1.4467159E-02
       114.2900019    3.9089811E-03
       119.7300019    2.3712236E-03
       122.4500020    1.8558835E-03
       125.1700020    1.4573474E-03
       127.8900021    1.1482445E-03
       130.6100021    9.0781419E-04
       133.3300022    7.2026165E-04
       136.0600022    5.7305832E-04
       146.9400024    2.0816019E-03
       149.6600024    1.7835328E-03
       155.1000025    1.3006338E-03
       157.8200026    1.1105753E-03
       160.5500026    9.4834261E-04
       165.9900027    6.9398613E-04
       171.4300028    5.0954107E-04
       176.8700029    3.7528158E-04
       179.5900029    3.2241235E-04
       182.3100030    2.7717525E-04
       185.0400030    2.3830261E-04
       187.7600031    2.0511735E-04
       190.4800031    1.7665222E-04
       195.9200032    1.3122817E-04
       198.6400032    1.1318589E-04
       204.0800033    1.4302885E-04
       206.8000034    1.2691210E-04
       209.5300034    1.1255762E-04
       212.2500035    9.9894693E-05
       214.9700035    8.8682275E-05
       220.4100036    6.9945614E-05
       225.8500037    5.5206310E-05
       236.7400038    3.4392102E-05
       247.6200040    2.1394333E-05
       258.5100042    1.3240348E-05
       272.1100044    7.1913933E-06
       285.7200046    3.8316548E-06
       299.3200049    1.9858107E-06
       312.9300051    9.8494149E-07
       340.1400055    1.7921622E-07
       353.7400058    3.0374270E-08
 
