       80.0000013    2.2554841E+00
        85.0000014    1.4989934E+00
        90.0000015    1.0056335E+00
        95.2390015    6.6874129E-01
       100.6800016    4.4266072E-01
       114.2900019    1.6540876E-01
       119.7300019    1.1360877E-01
       122.4500020    9.4486594E-02
       125.1700020    7.8759924E-02
       127.8900021    6.5793633E-02
       130.6100021    5.5077352E-02
       133.3300022    4.6199843E-02
       136.0600022    3.8804226E-02
       146.9400024    3.7957348E-02
       149.6600024    3.3857200E-02
       155.1000025    2.6746023E-02
       157.8200026    2.3774110E-02
       160.5500026    2.1144826E-02
       165.9900027    1.6807327E-02
       171.4300028    1.3435843E-02
       176.8700029    1.0800532E-02
       179.5900029    9.7026508E-03
       182.3100030    8.7271873E-03
       185.0400030    7.8560878E-03
       187.7600031    7.0826733E-03
       190.4800031    6.3922782E-03
       195.9200032    5.2226181E-03
       198.6400032    4.7273915E-03
       204.0800033    4.1178768E-03
       206.8000034    3.7284831E-03
       209.5300034    3.3747235E-03
       212.2500035    3.0579346E-03
       214.9700035    2.7738090E-03
       220.4100036    2.2905436E-03
       225.8500037    1.9009007E-03
       236.7400038    1.3278724E-03
       247.6200040    9.4467407E-04
       258.5100042    6.8270485E-04
       272.1100044    4.6407382E-04
       285.7200046    3.2124179E-04
       299.3200049    2.2585611E-04
       312.9300051    1.6076768E-04
       340.1400055    8.3921594E-05
       353.7400058    6.1352548E-05
       380.9500062    3.3379492E-05
       394.5600064    2.4805518E-05
       408.1700066    1.8514338E-05
       435.3800071    1.0436380E-05
       462.5900075    5.9633890E-06
       476.1900077    4.5287711E-06
       489.8000080    3.4481250E-06
       503.4000082    2.6326793E-06
       517.0100084    2.0145335E-06
       557.8300091    9.1427904E-07
       571.4300093    7.0520946E-07
       585.0400095    5.4462993E-07
       612.2500100    3.2601810E-07
       666.6700108    1.1761326E-07
       680.2800111    9.1121990E-08
       707.4900115    5.4569032E-08
       734.7000119    3.2486259E-08
       761.9100124    1.9154403E-08
       789.1200128    1.1130700E-08
       816.3300133    6.3299672E-09
       843.5400137    3.4834711E-09
       870.7500142    1.8166819E-09
       911.5700148    5.3937849E-10
 
