       80.0000013    3.1030307E+00
        85.0000014    2.1062274E+00
        90.0000015    1.4410914E+00
        95.2390015    9.7692025E-01
       100.6800016    6.5881419E-01
       114.2900019    2.5673640E-01
       119.7300019    1.7908388E-01
       122.4500020    1.5006767E-01
       125.1700020    1.2602232E-01
       127.8900021    1.0604998E-01
       130.6100021    8.9422941E-02
       133.3300022    7.5550064E-02
       136.0600022    6.3911043E-02
       146.9400024    5.5877730E-02
       149.6600024    4.9710929E-02
       155.1000025    3.9175611E-02
       157.8200026    3.4810688E-02
       160.5500026    3.0962626E-02
       165.9900027    2.4637388E-02
       171.4300028    1.9736309E-02
       176.8700029    1.5911823E-02
       179.5900029    1.4319376E-02
       182.3100030    1.2904507E-02
       185.0400030    1.1640734E-02
       187.7600031    1.0518188E-02
       190.4800031    9.5154913E-03
       195.9200032    7.8144744E-03
       198.6400032    7.0930109E-03
       204.0800033    6.4244489E-03
       206.8000034    5.8345054E-03
       209.5300034    5.2902610E-03
       212.2500035    4.7988538E-03
       214.9700035    4.3559372E-03
       220.4100036    3.5993787E-03
       225.8500037    2.9873743E-03
       236.7400038    2.0854955E-03
       247.6200040    1.4822683E-03
       258.5100042    1.0706384E-03
       272.1100044    7.2825747E-04
       285.7200046    5.0549675E-04
       299.3200049    3.5720927E-04
       312.9300051    2.5615797E-04
       340.1400055    1.3654328E-04
       353.7400058    1.0111935E-04
       380.9500062    5.6646913E-05
       394.5600064    4.2768279E-05
       408.1700066    3.2448897E-05
       435.3800071    1.8922714E-05
       462.5900075    1.1197484E-05
       476.1900077    8.6563632E-06
       489.8000080    6.7106116E-06
       503.4000082    5.2178852E-06
       517.0100084    4.0673599E-06
       557.8300091    1.9557106E-06
       571.4300093    1.5393487E-06
       585.0400095    1.2139612E-06
       612.2500100    7.5952846E-07
       666.6700108    3.0327269E-07
       680.2800111    2.4186579E-07
       707.4900115    1.5432117E-07
       734.7000119    9.8749005E-08
       761.9100124    6.3282926E-08
       789.1200128    4.0552468E-08
       816.3300133    2.5940547E-08
       843.5400137    1.6531825E-08
       870.7500142    1.0472138E-08
       911.5700148    5.1857048E-09
       952.3900155    2.4807010E-09
       993.2000162    1.1170633E-09
      1020.4000166    6.1734584E-10
      1061.2000173    2.0074863E-10
      1088.4000177    1.0119810E-11
 
