       80.0000013    9.7848153E-01
        85.0000014    6.1965591E-01
        90.0000015    3.9745679E-01
        95.2390015    2.5294659E-01
       100.6800016    1.6041172E-01
       114.2900019    5.4319046E-02
       119.7300019    3.5949633E-02
       122.4500020    2.9358838E-02
       125.1700020    2.4034800E-02
       127.8900021    1.9722376E-02
       130.6100021    1.6220257E-02
       133.3300022    1.3369091E-02
       136.0600022    1.1034607E-02
       146.9400024    1.5684891E-02
       149.6600024    1.3986364E-02
       155.1000025    1.0975420E-02
       157.8200026    9.7077349E-03
       160.5500026    8.5853226E-03
       165.9900027    6.7365924E-03
       171.4300028    5.3068036E-03
       176.8700029    4.1975928E-03
       179.5900029    3.7387416E-03
       182.3100030    3.3331786E-03
       185.0400030    2.9730494E-03
       187.7600031    2.6552384E-03
       190.4800031    2.3733627E-03
       195.9200032    1.9006495E-03
       198.6400032    1.7027508E-03
       204.0800033    1.4486979E-03
       206.8000034    1.3080009E-03
       209.5300034    1.1820410E-03
       212.2500035    1.0700349E-03
       214.9700035    9.6992071E-04
       220.4100036    7.9994620E-04
       225.8500037    6.6289026E-04
       236.7400038    4.6083756E-04
       247.6200040    3.2513903E-04
       258.5100042    2.3207947E-04
       272.1100044    1.5441420E-04
       285.7200046    1.0397065E-04
       299.3200049    7.0715440E-05
       312.9300051    4.8469592E-05
       340.1400055    2.3211946E-05
       353.7400058    1.6187958E-05
       380.9500062    7.9641641E-06
       394.5600064    5.6118683E-06
       408.1700066    3.9639194E-06
       435.3800071    1.9881463E-06
       462.5900075    9.9986823E-07
       476.1900077    7.0870260E-07
       489.8000080    5.0148230E-07
       503.4000082    3.5413231E-07
       517.0100084    2.4920109E-07
       557.8300091    8.4124274E-08
       571.4300093    5.7634356E-08
       585.0400095    3.8987007E-08
       612.2500100    1.6872878E-08
       666.6700108    1.2315940E-09
 
