       80.0000013    5.6676453E-01
        85.0000014    3.4933412E-01
        90.0000015    2.1847585E-01
        95.2390015    1.3560842E-01
       100.6800016    8.3893329E-02
       114.2900019    2.6782131E-02
       119.7300019    1.7325396E-02
       122.4500020    1.3990493E-02
       125.1700020    1.1326112E-02
       127.8900021    9.1915792E-03
       130.6100021    7.4770250E-03
       133.3300022    6.0963398E-03
       136.0600022    4.9781371E-03
       146.9400024    9.2422692E-03
       149.6600024    8.1852386E-03
       155.1000025    6.3335951E-03
       157.8200026    5.5622864E-03
       160.5500026    4.8837159E-03
       165.9900027    3.7760828E-03
       171.4300028    2.9298484E-03
       176.8700029    2.2815175E-03
       179.5900029    2.0159655E-03
       182.3100030    1.7828112E-03
       185.0400030    1.5771842E-03
       187.7600031    1.3969794E-03
       190.4800031    1.2382838E-03
       195.9200032    9.7498385E-04
       198.6400032    8.6600753E-04
       204.0800033    7.7707012E-04
       206.8000034    7.0043694E-04
       209.5300034    6.3186290E-04
       212.2500035    5.7089998E-04
       214.9700035    5.1641552E-04
       220.4100036    4.2392482E-04
       225.8500037    3.4937626E-04
       236.7400038    2.3965449E-04
       247.6200040    1.6630995E-04
       258.5100042    1.1641644E-04
       272.1100044    7.5320393E-05
       285.7200046    4.9143691E-05
       299.3200049    3.2293268E-05
       312.9300051    2.1326572E-05
       340.1400055    9.4071238E-06
       353.7400058    6.2696313E-06
       380.9500062    2.7878973E-06
       394.5600064    1.8558070E-06
       408.1700066    1.2319140E-06
       435.3800071    5.3515487E-07
       462.5900075    2.2484413E-07
       476.1900077    1.4284664E-07
       489.8000080    8.8902944E-08
       503.4000082    5.3768542E-08
       517.0100084    3.1086348E-08
 
