       80.0000013    1.5422354E+00
        85.0000014    1.0015614E+00
        90.0000015    6.5762049E-01
        95.2390015    4.2821574E-01
       100.6800016    2.7771410E-01
       114.2900019    9.9048860E-02
       119.7300019    6.6856995E-02
       122.4500020    5.5131994E-02
       125.1700020    4.5570064E-02
       127.8900021    3.7751686E-02
       130.6100021    3.1342752E-02
       133.3300022    2.6076371E-02
       136.0600022    2.1724239E-02
       146.9400024    2.4934229E-02
       149.6600024    2.2273129E-02
       155.1000025    1.7585266E-02
       157.8200026    1.5612161E-02
       160.5500026    1.3862834E-02
       165.9900027    1.0972988E-02
       171.4300028    8.7265447E-03
       176.8700029    6.9730822E-03
       179.5900029    6.2438999E-03
       182.3100030    5.5970047E-03
       185.0400030    5.0203269E-03
       187.7600031    4.5093196E-03
       190.4800031    4.0541487E-03
       195.9200032    3.2857347E-03
       198.6400032    2.9617082E-03
       204.0800033    2.5120392E-03
       206.8000034    2.2704781E-03
       209.5300034    2.0532417E-03
       212.2500035    1.8596975E-03
       214.9700035    1.6865782E-03
       220.4100036    1.3926568E-03
       225.8500037    1.1558422E-03
       236.7400038    8.0727390E-04
       247.6200040    5.7357119E-04
       258.5100042    4.1331013E-04
       272.1100044    2.7919465E-04
       285.7200046    1.9148365E-04
       299.3200049    1.3301799E-04
       312.9300051    9.3327544E-05
       340.1400055    4.7070065E-05
       353.7400058    3.3756078E-05
       380.9500062    1.7624112E-05
       394.5600064    1.2816904E-05
       408.1700066    9.3564968E-06
       435.3800071    5.0377112E-06
       462.5900075    2.7432347E-06
       476.1900077    2.0315947E-06
       489.8000080    1.5070915E-06
       503.4000082    1.1200065E-06
       517.0100084    8.3317246E-07
       557.8300091    3.4426702E-07
       571.4300093    2.5639423E-07
       585.0400095    1.9073612E-07
       612.2500100    1.0506068E-07
       666.6700108    3.0639630E-08
       680.2800111    2.2200366E-08
       707.4900115    1.1333846E-08
       734.7000119    5.4552758E-09
       761.9100124    2.3362583E-09
       789.1200128    6.7584893E-10
 
