       12.5000002    1.4654879E+03
        15.0000002    6.1543774E+02
        20.0000003    4.8649857E+01
        25.0000004    2.0847031E+01
        30.0000005    1.4214041E+01
        35.0000006    8.9054966E+00
        40.0000007    5.9818778E+00
        45.0000007    3.9287908E+00
        50.0000008    2.4045682E+00
        55.0000009    1.3511047E+00
        60.0000010    7.0646840E-01
        65.0000011    3.5789731E-01
        70.0000011    1.8555816E-01
        75.0000012    4.0292674E-01
        80.0000013    3.2830846E-01
        85.0000014    2.8558624E-01
        90.0000015    2.6770115E-01
        95.2390015    2.2216643E-01
       100.6800016    1.6504060E-01
       114.2900019    9.0435885E-02
       119.7300019    7.4961312E-02
       122.4500020    6.8561293E-02
       125.1700020    6.2816702E-02
       127.8900021    5.7614315E-02
       130.6100021    5.2872363E-02
       133.3300022    4.8530541E-02
       136.0600022    4.4529002E-02
       146.9400024    3.1503197E-02
       149.6600024    2.8862344E-02
       155.1000025    2.4195980E-02
       157.8200026    2.2141267E-02
       160.5500026    2.0247728E-02
       165.9900027    2.0302227E-02
       171.4300028    1.7422492E-02
       176.8700029    1.5728382E-02
       179.5900029    1.4643744E-02
       182.3100030    1.3520574E-02
       185.0400030    1.2406473E-02
       187.7600031    1.1350227E-02
       190.4800031    1.0374168E-02
       195.9200032    8.6679477E-03
       198.6400032    7.9206312E-03
       204.0800033    6.6190157E-03
       206.8000034    6.0576866E-03
       209.5300034    5.5474457E-03
       212.2500035    5.0867880E-03
       214.9700035    4.6689403E-03
       220.4100036    3.9448370E-03
       225.8500037    3.3458017E-03
       236.7400038    2.8777104E-03
       247.6200040    2.1716100E-03
       258.5100042    1.6337512E-03
       272.1100044    1.1518277E-03
       285.7200046    8.1982504E-04
       299.3200049    5.8926665E-04
       312.9300051    4.2751976E-04
       340.1400055    2.3181069E-04
       353.7400058    1.7331212E-04
       380.9500062    9.9875338E-05
       394.5600064    7.6974349E-05
       408.1700066    5.9913764E-05
       435.3800071    3.7342692E-05
       462.5900075    2.4088920E-05
       476.1900077    1.9573283E-05
       489.8000080    1.6012344E-05
       503.4000082    1.3184942E-05
       517.0100084    1.0918890E-05
       557.8300091    6.3928078E-06
       571.4300093    5.3951921E-06
       585.0400095    4.5697948E-06
       612.2500100    3.3120784E-06
       666.6700108    1.7996605E-06
       680.2800111    1.5543276E-06
       707.4900115    1.2334443E-06
       734.7000119    9.5021971E-07
       761.9100124    7.1541189E-07
       789.1200128    5.4337141E-07
       816.3300133    4.1592270E-07
       843.5400137    3.2062894E-07
       870.7500142    2.4878318E-07
       911.5700148    1.7195099E-07
       952.3900155    1.2032865E-07
       993.2000162    1.4106681E-07
      1020.4000166    1.1019394E-07
      1061.2000173    9.2993574E-08
      1088.4000177    7.3253325E-08
      1102.0000179    6.5142920E-08
      1115.7000181    5.7955511E-08
      1129.3000184    5.1669943E-08
      1142.9000186    4.6122612E-08
      1156.5000188    4.1220442E-08
      1170.1000190    3.6882874E-08
      1197.3000195    9.1381679E-08
      1210.9000197    8.3018278E-08
      1224.5000199    7.5419685E-08
      1227.2000200    7.4000489E-08
      1229.9000200    7.2609986E-08
      1232.7000200    7.1197590E-08
      1235.4000201    6.9863631E-08
      1238.1000201    6.8556623E-08
      1240.8000202    6.7275899E-08
      1243.5000202    6.6021151E-08
      1246.3000203    6.4746665E-08
      1249.0000203    6.3542934E-08
      1257.2000204    6.0033571E-08
      1259.9000205    5.8924620E-08
      1262.6000205    5.7837902E-08
      1270.8000207    5.4668870E-08
      1281.6000208    5.0779924E-08
      1289.8000210    4.8028458E-08
      1292.5000210    4.7158352E-08
      1295.2000211    4.6305384E-08
      1298.0000211    4.5438536E-08
      1300.7000212    4.4619359E-08
      1303.4000212    4.3816243E-08
      1306.1000212    4.3028848E-08
      1314.3000214    4.0730498E-08
      1330.6000216    3.6549046E-08
      1341.5000218    3.4015070E-08
      1355.1000220    3.1118528E-08
      1360.6000221    3.0024495E-08
      1371.4000223    2.7996290E-08
      1382.3000225    2.6099901E-08
      1390.5000226    2.4765701E-08
      1395.9000227    2.3927822E-08
      1404.1000228    2.2714064E-08
      1406.8000229    2.2329251E-08
      1409.5000229    2.1951546E-08
      1415.0000230    2.1203538E-08
      1417.7000231    2.0846558E-08
      1420.4000231    2.0496129E-08
      1423.1000231    2.0152122E-08
      1425.9000232    1.9802021E-08
      1428.6000232    1.9470704E-08
      1431.3000233    1.9145434E-08
      1436.7000234    1.8512548E-08
      1439.5000234    1.8193409E-08
      1442.2000235    1.7891352E-08
      1444.9000235    1.7594763E-08
      1447.6000235    1.7303535E-08
      1450.4000236    1.7007073E-08
      1453.1000236    1.6726446E-08
      1455.8000237    1.6450869E-08
      1458.5000237    1.6180243E-08
      1461.2000238    1.5914473E-08
      1466.7000239    1.5387721E-08
      1469.4000239    1.5136129E-08
      1472.1000239    1.4889023E-08
      1477.6000240    1.4399181E-08
      1480.3000241    1.4165179E-08
      1488.4000242    1.3487749E-08
      1491.2000242    1.3261874E-08
      1496.6000243    1.2837841E-08
      1551.0000252    9.3033652E-09
      1632.7000266    5.8365996E-09
      1823.1000296    2.1168183E-09
      2340.2000381    1.9954406E-10
      2829.9000460    3.0708339E-11
      3047.6000496    1.4481655E-11
      3700.7000602    1.8004841E-12
      4000.0000650    7.0860760E-13
      4680.3000761    1.0140261E-14
      5006.8000814    0.0000000E+00
      5387.8000876    0.0000000E+00
 
