       12.5000002    1.1270498E+01
        15.0000002    8.4424191E+00
        20.0000003    9.6891767E-01
        25.0000004    1.9960663E-01
        30.0000005    1.7332914E-01
        35.0000006    1.0225110E-01
        40.0000007    5.5606831E-02
        45.0000007    2.8503722E-02
        50.0000008    1.4289448E-02
        55.0000009    7.5213038E-03
        60.0000010    4.4009225E-03
        65.0000011    2.8592853E-03
        70.0000011    1.9819457E-03
        75.0000012    1.3964800E-02
        80.0000013    1.0509317E-02
        85.0000014    6.9420156E-03
        90.0000015    4.4761733E-03
        95.2390015    2.8057168E-03
       100.6800016    1.7230806E-03
       114.2900019    5.3224002E-04
       119.7300019    3.4111505E-04
       122.4500020    2.7466219E-04
       125.1700020    2.2203235E-04
       127.8900021    1.8021389E-04
       130.6100021    1.4687459E-04
       133.3300022    1.2020401E-04
       136.0600022    9.8722870E-05
       146.9400024    4.7019781E-05
       149.6600024    3.9481798E-05
       155.1000025    2.8191002E-05
       157.8200026    2.3969051E-05
       160.5500026    2.0449465E-05
       165.9900027    5.8575541E-05
       171.4300028    4.4859120E-05
       176.8700029    4.7597936E-05
       179.5900029    4.1784097E-05
       182.3100030    3.6619207E-05
       185.0400030    3.2081858E-05
       187.7600031    2.8145194E-05
       190.4800031    2.4720135E-05
       195.9200032    1.9140405E-05
       198.6400032    1.6872742E-05
       204.0800033    1.3156817E-05
       206.8000034    1.1637376E-05
       209.5300034    1.0299748E-05
       212.2500035    9.1294578E-06
       214.9700035    8.1003054E-06
       220.4100036    6.3956440E-06
       225.8500037    5.0687522E-06
       236.7400038    6.5340482E-06
       247.6200040    4.5524098E-06
       258.5100042    3.1923234E-06
       272.1100044    2.0720497E-06
       285.7200046    1.3601010E-06
       299.3200049    9.0266582E-07
       312.9300051    6.0491948E-07
       340.1400055    2.7937273E-07
       353.7400058    1.9233318E-07
       380.9500062    9.3283369E-08
       394.5600064    6.5660558E-08
       408.1700066    4.6523251E-08
       435.3800071    2.3786271E-08
       462.5900075    1.2418593E-08
       476.1900077    9.0342489E-09
       489.8000080    6.5955450E-09
       503.4000082    4.8320348E-09
       517.0100084    3.5489767E-09
       557.8300091    1.4220211E-09
       571.4300093    1.0502983E-09
       585.0400095    7.7541729E-10
       612.2500100    4.2132611E-10
       666.6700108    1.1949740E-10
       680.2800111    8.5747819E-11
       707.4900115    4.2586372E-11
       734.7000119    1.9275441E-11
       761.9100124    6.6288325E-12
 
