       12.5000002    3.9498885E+00
        15.0000002    1.2563703E+00
        20.0000003    2.5811157E-01
        25.0000004    1.2996855E-01
        30.0000005    7.9908252E-02
        35.0000006    3.3605624E-02
        40.0000007    1.4492674E-02
        45.0000007    7.2507476E-03
        50.0000008    4.2330367E-03
        55.0000009    2.6637416E-03
        60.0000010    1.7022807E-03
        65.0000011    1.0831904E-03
        70.0000011    6.8656629E-04
        75.0000012    2.3856319E-03
        80.0000013    1.5075278E-03
        85.0000014    8.7928178E-04
        90.0000015    5.1171280E-04
        95.2390015    2.9503371E-04
       100.6800016    1.7073467E-04
       114.2900019    4.9727492E-05
       119.7300019    3.2051215E-05
       122.4500020    2.6008467E-05
       125.1700020    2.1247062E-05
       127.8900021    1.7468028E-05
       130.6100021    1.4447383E-05
       133.3300022    1.2016303E-05
       136.0600022    1.0040214E-05
       146.9400024    5.1330103E-06
       149.6600024    4.3823097E-06
       155.1000025    3.2246915E-06
       157.8200026    2.7779556E-06
       160.5500026    2.3979276E-06
       165.9900027    6.0078987E-06
       171.4300028    4.3732794E-06
       176.8700029    4.3623309E-06
       179.5900029    3.7313716E-06
       182.3100030    3.1919390E-06
       185.0400030    2.7315471E-06
       187.7600031    2.3418511E-06
       190.4800031    2.0104701E-06
       195.9200032    1.4877965E-06
       198.6400032    1.2824183E-06
       204.0800033    9.5644975E-07
       206.8000034    8.2752734E-07
       209.5300034    7.1646269E-07
       212.2500035    6.2135871E-07
       214.9700035    5.3949475E-07
       220.4100036    4.0805679E-07
       225.8500037    3.0996293E-07
       236.7400038    6.3312200E-07
       247.6200040    4.0629132E-07
       258.5100042    2.6114446E-07
       272.1100044    1.5151335E-07
       285.7200046    8.8543359E-08
       299.3200049    5.2045142E-08
       312.9300051    3.0663340E-08
       340.1400055    1.0601370E-08
       353.7400058    6.1733272E-09
       380.9500062    1.9927504E-09
       394.5600064    1.0810066E-09
       408.1700066    5.5108212E-10
       435.3800071    5.3331450E-11
 
