       12.5000002    1.9128088E+01
        15.0000002    1.5112633E+01
        20.0000003    4.4637208E+00
        25.0000004    7.8415728E-01
        30.0000005    2.4853745E-01
        35.0000006    1.5652445E-01
        40.0000007    1.0504816E-01
        45.0000007    6.8038248E-02
        50.0000008    4.1711099E-02
        55.0000009    2.3979235E-02
        60.0000010    1.3309437E-02
        65.0000011    7.4963551E-03
        70.0000011    4.4794460E-03
        75.0000012    3.9735898E-02
        80.0000013    3.2548569E-02
        85.0000014    2.3518886E-02
        90.0000015    1.6623031E-02
        95.2390015    1.1362082E-02
       100.6800016    7.5046956E-03
       114.2900019    2.6839867E-03
       119.7300019    1.8036575E-03
       122.4500020    1.4831391E-03
       125.1700020    1.2221182E-03
       127.8900021    1.0091539E-03
       130.6100021    8.3507539E-04
       133.3300022    6.9251738E-04
       136.0600022    5.7516521E-04
       146.9400024    2.8069800E-04
       149.6600024    2.3598449E-04
       155.1000025    1.6800508E-04
       157.8200026    1.4228123E-04
       160.5500026    1.2072659E-04
       165.9900027    2.4714947E-04
       171.4300028    1.9648888E-04
       176.8700029    2.0749863E-04
       179.5900029    1.8575846E-04
       182.3100030    1.6559429E-04
       185.0400030    1.4735172E-04
       187.7600031    1.3117070E-04
       190.4800031    1.1683560E-04
       195.9200032    9.2936774E-05
       198.6400032    8.3002691E-05
       204.0800033    6.6390487E-05
       206.8000034    5.9458122E-05
       209.5300034    5.3276181E-05
       212.2500035    4.7798218E-05
       214.9700035    4.2920321E-05
       220.4100036    3.4693734E-05
       225.8500037    2.8134451E-05
       236.7400038    2.5725267E-05
       247.6200040    1.8481269E-05
       258.5100042    1.3422113E-05
       272.1100044    9.1301472E-06
       285.7200046    6.2931526E-06
       299.3200049    4.3896653E-06
       312.9300051    3.0927754E-06
       340.1400055    1.5776945E-06
       353.7400058    1.1406572E-06
       380.9500062    6.0905518E-07
       394.5600064    4.4944184E-07
       408.1700066    3.3371185E-07
       435.3800071    1.8723912E-07
       462.5900075    1.0733559E-07
       476.1900077    8.1887180E-08
       489.8000080    6.2756911E-08
       503.4000082    4.8324594E-08
       517.0100084    3.7367364E-08
       557.8300091    1.7710908E-08
       571.4300093    1.3916972E-08
       585.0400095    1.0973158E-08
       612.2500100    6.8929831E-09
       666.6700108    2.8218077E-09
       680.2800111    2.2724393E-09
       707.4900115    1.4853887E-09
       734.7000119    9.7891650E-10
       761.9100124    6.4990957E-10
       789.1200128    4.3422230E-10
       816.3300133    2.9160235E-10
       843.5400137    1.9665121E-10
       870.7500142    1.3292870E-10
       911.5700148    7.4000764E-11
       952.3900155    4.1086488E-11
       993.2000162    2.3712856E-11
      1020.4000166    1.5701234E-11
      1061.2000173    8.5451065E-12
      1088.4000177    5.4285669E-12
      1102.0000179    4.2779621E-12
      1115.7000181    3.3300281E-12
      1129.3000184    2.5613760E-12
      1142.9000186    1.9657344E-12
      1156.5000188    1.4521462E-12
      1170.1000190    1.0320900E-12
      1197.3000195    2.0872520E-12
      1210.9000197    8.5616215E-13
 
