       12.5000002    2.0868882E+03
        15.0000002    1.0547861E+03
        20.0000003    1.0210853E+02
        25.0000004    2.7079746E+01
        30.0000005    1.7988302E+01
        35.0000006    1.0954362E+01
        40.0000007    7.3305998E+00
        45.0000007    5.1014447E+00
        50.0000008    3.4119220E+00
        55.0000009    2.1049521E+00
        60.0000010    1.1956537E+00
        65.0000011    6.4177829E-01
        70.0000011    3.3754432E-01
        75.0000012    6.7180008E-01
        80.0000013    5.0478250E-01
        85.0000014    4.2787489E-01
        90.0000015    4.1468647E-01
        95.2390015    3.4179389E-01
       100.6800016    2.3585454E-01
       114.2900019    1.0924438E-01
       119.7300019    8.8271745E-02
       122.4500020    8.0256112E-02
       125.1700020    7.3348805E-02
       127.8900021    6.7293473E-02
       130.6100021    6.1908375E-02
       133.3300022    5.7063531E-02
       136.0600022    5.2649472E-02
       146.9400024    3.8376212E-02
       149.6600024    3.5457730E-02
       155.1000025    3.0242985E-02
       157.8200026    2.7915876E-02
       160.5500026    2.5750544E-02
       165.9900027    2.6682539E-02
       171.4300028    2.3289341E-02
       176.8700029    2.1467289E-02
       179.5900029    2.0205611E-02
       182.3100030    1.8842790E-02
       185.0400030    1.7429365E-02
       187.7600031    1.6045859E-02
       190.4800031    1.4746950E-02
       195.9200032    1.2442080E-02
       198.6400032    1.1410581E-02
       204.0800033    9.5855678E-03
       206.8000034    8.7912725E-03
       209.5300034    8.0663338E-03
       212.2500035    7.4094664E-03
       214.9700035    6.8116100E-03
       220.4100036    5.7706637E-03
       225.8500037    4.9044983E-03
       236.7400038    4.1004992E-03
       247.6200040    3.1204307E-03
       258.5100042    2.3725510E-03
       272.1100044    1.6952280E-03
       285.7200046    1.2222823E-03
       299.3200049    8.8904647E-04
       312.9300051    6.5179059E-04
       340.1400055    3.5895885E-04
       353.7400058    2.6969693E-04
       380.9500062    1.5610451E-04
       394.5600064    1.2029035E-04
       408.1700066    9.3496623E-05
       435.3800071    5.7957448E-05
       462.5900075    3.7122900E-05
       476.1900077    3.0056804E-05
       489.8000080    2.4507022E-05
       503.4000082    2.0120213E-05
       517.0100084    1.6620865E-05
       557.8300091    9.6906551E-06
       571.4300093    8.1762155E-06
       585.0400095    6.9271800E-06
       612.2500100    5.0306166E-06
       666.6700108    2.7570454E-06
       680.2800111    2.3880518E-06
       707.4900115    1.9567703E-06
       734.7000119    1.5314245E-06
       761.9100124    1.1553425E-06
       789.1200128    8.8032806E-07
       816.3300133    6.7655816E-07
       843.5400137    5.2394768E-07
       870.7500142    4.0857776E-07
       911.5700148    2.8465001E-07
       952.3900155    2.0083434E-07
       993.2000162    2.5543562E-07
      1020.4000166    2.0027008E-07
      1061.2000173    1.7289319E-07
      1088.4000177    1.3667039E-07
      1102.0000179    1.2174550E-07
      1115.7000181    1.0849305E-07
      1129.3000184    9.6881330E-08
      1142.9000186    8.6614058E-08
      1156.5000188    7.7524653E-08
      1170.1000190    6.9467880E-08
      1197.3000195    1.5930496E-07
      1210.9000197    1.4502177E-07
      1224.5000199    1.3202886E-07
      1227.2000200    1.2959937E-07
      1229.9000200    1.2721790E-07
      1232.7000200    1.2479788E-07
      1235.4000201    1.2251124E-07
      1238.1000201    1.2026977E-07
      1240.8000202    1.1807261E-07
      1243.5000202    1.1591882E-07
      1246.3000203    1.1373015E-07
      1249.0000203    1.1166190E-07
      1257.2000204    1.0562713E-07
      1259.9000205    1.0371831E-07
      1262.6000205    1.0184691E-07
      1270.8000207    9.6384632E-08
      1281.6000208    8.9670941E-08
      1289.8000210    8.4913189E-08
      1292.5000210    8.3407308E-08
      1295.2000211    8.1930430E-08
      1298.0000211    8.0428848E-08
      1300.7000212    7.9009212E-08
      1303.4000212    7.7616797E-08
      1306.1000212    7.6251048E-08
      1314.3000214    7.2260946E-08
      1330.6000216    6.4987830E-08
      1341.5000218    6.0570997E-08
      1355.1000220    5.5512711E-08
      1360.6000221    5.3599464E-08
      1371.4000223    5.0048204E-08
      1382.3000225    4.6722619E-08
      1390.5000226    4.4379622E-08
      1395.9000227    4.2906827E-08
      1404.1000228    4.0771305E-08
      1406.8000229    4.0093756E-08
      1409.5000229    3.9428475E-08
      1415.0000230    3.8110215E-08
      1417.7000231    3.7480735E-08
      1420.4000231    3.6862581E-08
      1423.1000231    3.6255535E-08
      1425.9000232    3.5637509E-08
      1428.6000232    3.5052430E-08
      1431.3000233    3.4477818E-08
      1436.7000234    3.3359193E-08
      1439.5000234    3.2794809E-08
      1442.2000235    3.2260441E-08
      1444.9000235    3.1735564E-08
      1447.6000235    3.1219997E-08
      1450.4000236    3.0694974E-08
      1453.1000236    3.0197821E-08
      1455.8000237    2.9709444E-08
      1458.5000237    2.9229678E-08
      1461.2000238    2.8758361E-08
      1466.7000239    2.7823733E-08
      1469.4000239    2.7377096E-08
      1472.1000239    2.6938277E-08
      1477.6000240    2.6067960E-08
      1480.3000241    2.5651991E-08
      1488.4000242    2.4446980E-08
      1491.2000242    2.4044926E-08
      1496.6000243    2.3289784E-08
      1551.0000252    1.6974548E-08
      1632.7000266    1.0735302E-08
      1823.1000296    3.9614920E-09
      2340.2000381    3.9170725E-10
      2829.9000460    6.3546654E-11
      3047.6000496    3.0743161E-11
      3700.7000602    4.2933226E-12
      4000.0000650    1.8471208E-12
      4680.3000761    2.5511979E-13
      5006.8000814    8.1007080E-14
      5387.8000876    0.0000000E+00
 
