       12.5000002    3.9047608E-01
        15.0000002    3.5833493E-01
        20.0000003    1.1344473E-01
        25.0000004    3.3942901E-02
        30.0000005    1.3378606E-02
        35.0000006    6.4954218E-03
        40.0000007    3.3539699E-03
        45.0000007    1.6800422E-03
        50.0000008    8.3269167E-04
        55.0000009    4.2134841E-04
        60.0000010    2.2238521E-04
        65.0000011    1.2347251E-04
        70.0000011    7.1952425E-05
        75.0000012    8.7714281E-05
        80.0000013    4.7575315E-05
        85.0000014    2.6628799E-05
        90.0000015    1.5537713E-05
        95.2390015    9.1794655E-06
       100.6800016    5.4865882E-06
       114.2900019    1.6580246E-06
       119.7300019    1.0501113E-06
       122.4500020    8.3792071E-07
       125.1700020    6.6944608E-07
       127.8900021    5.3533620E-07
       130.6100021    4.2834961E-07
       133.3300022    3.4284659E-07
       136.0600022    2.7418773E-07
       146.9400024    1.1187296E-07
       149.6600024    8.9141942E-08
       155.1000025    5.6250947E-08
       157.8200026    4.4507761E-08
       160.5500026    3.5067696E-08
       165.9900027    3.3605790E-08
       171.4300028    1.9322430E-08
       176.8700029    1.2666348E-08
       179.5900029    9.1897761E-09
       182.3100030    6.5283428E-09
       185.0400030    4.4932134E-09
       187.7600031    2.9482705E-09
       190.4800031    1.7540708E-09
 
