       12.5000002    4.7736721E+18
        15.0000002    4.2956061E+18
        20.0000003    2.1440113E+18
        25.0000004    2.0830312E+18
        30.0000005    2.6706648E+18
        35.0000006    2.6805533E+18
        40.0000007    2.6374065E+18
        45.0000007    2.4685482E+18
        50.0000008    2.1529895E+18
        55.0000009    1.7474894E+18
        60.0000010    1.3518285E+18
        65.0000011    1.0392014E+18
        70.0000011    8.2446907E+17
        75.0000012    3.7240915E+18
        80.0000013    4.0710757E+18
        85.0000014    4.2192134E+18
        90.0000015    4.4556222E+18
        95.2390015    4.4784706E+18
       100.6800016    4.2073871E+18
       114.2900019    3.5733281E+18
       119.7300019    3.3804757E+18
       122.4500020    3.2893581E+18
       125.1700020    3.2002965E+18
       127.8900021    3.1125899E+18
       130.6100021    3.0257733E+18
       133.3300022    2.9395661E+18
       136.0600022    2.8535078E+18
       146.9400024    2.5152607E+18
       149.6600024    2.4323311E+18
       155.1000025    2.2693809E+18
       157.8200026    2.1896507E+18
       160.5500026    2.1109832E+18
       165.9900027    2.5131548E+18
       171.4300028    2.3953160E+18
       176.8700029    2.4833350E+18
       179.5900029    2.4309853E+18
       182.3100030    2.3627853E+18
       185.0400030    2.2856411E+18
       187.7600031    2.2055523E+18
       190.4800031    2.1261676E+18
       195.9200032    1.9742406E+18
       198.6400032    1.9013688E+18
       204.0800033    1.7633104E+18
       206.8000034    1.6987111E+18
       209.5300034    1.6368476E+18
       212.2500035    1.5780523E+18
       214.9700035    1.5219528E+18
       220.4100036    1.4172871E+18
       225.8500037    1.3218103E+18
       236.7400038    1.3565897E+18
       247.6200040    1.2063739E+18
       258.5100042    1.0663659E+18
       272.1100044    9.1436796E+17
       285.7200046    7.8645689E+17
       299.3200049    6.7891737E+17
       312.9300051    5.8832641E+17
       340.1400055    4.4770464E+17
       353.7400058    3.9334661E+17
       380.9500062    3.0807213E+17
       394.5600064    2.7459604E+17
       408.1700066    2.4587863E+17
       435.3800071    1.9966831E+17
       462.5900075    1.6456811E+17
       476.1900077    1.5012368E+17
       489.8000080    1.3731728E+17
       503.4000082    1.2592320E+17
       517.0100084    1.1572328E+17
       557.8300091    9.0819514E+16
       571.4300093    8.4029893E+16
       585.0400095    7.7842056E+16
       612.2500100    6.7025194E+16
       666.6700108    5.0230282E+16
       680.2800111    4.6822088E+16
       707.4900115    4.2360352E+16
       734.7000119    3.7440098E+16
       761.9100124    3.2483383E+16
       789.1200128    2.8286502E+16
       816.3300133    2.4710837E+16
       843.5400137    2.1649820E+16
       870.7500142    1.9018596E+16
       911.5700148    1.5730959E+16
       952.3900155    1.3078347E+16
       993.2000162    1.6709497E+16
      1020.4000166    1.4565660E+16
      1061.2000173    1.4118772E+16
      1088.4000177    1.2332460E+16
      1102.0000179    1.1538242E+16
      1115.7000181    1.0797496E+16
      1129.3000184    1.0116134E+16
      1142.9000186    9.4841178E+15
      1156.5000188    8.8974333E+15
      1170.1000190    8.3523907E+15
      1197.3000195    2.4678564E+16
      1210.9000197    2.3460301E+16
      1224.5000199    2.2288069E+16
      1227.2000200    2.2062382E+16
      1229.9000200    2.1839093E+16
      1232.7000200    2.1610094E+16
      1235.4000201    2.1391716E+16
      1238.1000201    2.1175750E+16
      1240.8000202    2.0962172E+16
      1243.5000202    2.0750952E+16
      1246.3000203    2.0534404E+16
      1249.0000203    2.0327956E+16
      1257.2000204    1.9715014E+16
      1259.9000205    1.9517736E+16
      1262.6000205    1.9322665E+16
      1270.8000207    1.8743504E+16
      1281.6000208    1.8010238E+16
      1289.8000210    1.7475035E+16
      1292.5000210    1.7302749E+16
      1295.2000211    1.7132375E+16
      1298.0000211    1.6957685E+16
      1300.7000212    1.6791134E+16
      1303.4000212    1.6626425E+16
      1306.1000212    1.6463537E+16
      1314.3000214    1.5979775E+16
      1330.6000216    1.5065072E+16
      1341.5000218    1.4486442E+16
      1355.1000220    1.3799423E+16
      1360.6000221    1.3532120E+16
      1371.4000223    1.3024124E+16
      1382.3000225    1.2533226E+16
      1390.5000226    1.2177739E+16
      1395.9000227    1.1949885E+16
      1404.1000228    1.1613074E+16
      1406.8000229    1.1504540E+16
      1409.5000229    1.1397156E+16
      1415.0000230    1.1181913E+16
      1417.7000231    1.1077939E+16
      1420.4000231    1.0975062E+16
      1423.1000231    1.0873268E+16
      1425.9000232    1.0768835E+16
      1428.6000232    1.0669209E+16
      1431.3000233    1.0570629E+16
      1436.7000234    1.0376556E+16
      1439.5000234    1.0277522E+16
      1442.2000235    1.0183040E+16
      1444.9000235    1.0089544E+16
      1447.6000235    9.9970217E+15
      1450.4000236    9.9020901E+15
      1453.1000236    9.8115189E+15
      1455.8000237    9.7218872E+15
      1458.5000237    9.6331843E+15
      1461.2000238    9.5454016E+15
      1466.7000239    9.3693820E+15
      1469.4000239    9.2843245E+15
      1472.1000239    9.2001442E+15
      1477.6000240    9.0313348E+15
      1480.3000241    8.9497562E+15
      1488.4000242    8.7100031E+15
      1491.2000242    8.6288309E+15
      1496.6000243    8.4747017E+15
      1551.0000252    7.0849083E+15
      1632.7000266    5.4576557E+15
      1823.1000296    3.0743089E+15
      2340.2000381    7.8197584E+14
      2829.9000460    2.5160464E+14
      3047.6000496    1.5567481E+14
      3700.7000602    3.6368982E+13
      4000.0000650    8.8871314E+12
      4680.3000761    0.0000000E+00
 
