       12.5000002    2.3608854E+18
        15.0000002    3.8360924E+18
        20.0000003    3.3494665E+18
        25.0000004    2.7732449E+18
        30.0000005    2.6067304E+18
        35.0000006    1.9415624E+18
        40.0000007    1.6081189E+18
        45.0000007    1.4357673E+18
        50.0000008    1.3331874E+18
        55.0000009    1.2527196E+18
        60.0000010    1.1549693E+18
        65.0000011    1.0316738E+18
        70.0000011    8.9661023E+17
        75.0000012    6.3032308E+18
        80.0000013    6.8496688E+18
        85.0000014    6.6573587E+18
        90.0000015    6.3660976E+18
        95.2390015    5.9182214E+18
       100.6800016    5.2447551E+18
       114.2900019    3.6460674E+18
       119.7300019    3.1332904E+18
       122.4500020    2.9024443E+18
       125.1700020    2.6874816E+18
       127.8900021    2.4875420E+18
       130.6100021    2.3017752E+18
       133.3300022    2.1293494E+18
       136.0600022    1.9688879E+18
       146.9400024    1.4394590E+18
       149.6600024    1.3310436E+18
       155.1000025    1.1384349E+18
       157.8200026    1.0530941E+18
       160.5500026    9.7407618E+17
       165.9900027    1.5062986E+18
       171.4300028    1.3834223E+18
       176.8700029    1.5623776E+18
       179.5900029    1.5060063E+18
       182.3100030    1.4442686E+18
       185.0400030    1.3814164E+18
       187.7600031    1.3200842E+18
       190.4800031    1.2610402E+18
       195.9200032    1.1508848E+18
       198.6400032    1.0996502E+18
       204.0800033    1.0044042E+18
       206.8000034    9.6020859E+17
       209.5300034    9.1799799E+17
       212.2500035    8.7796485E+17
       214.9700035    8.3983894E+17
       220.4100036    7.6889515E+17
       225.8500037    7.0440803E+17
       236.7400038    6.9732718E+17
       247.6200040    6.0181054E+17
       258.5100042    5.2294866E+17
       272.1100044    4.4295833E+17
       285.7200046    3.7849805E+17
       299.3200049    3.2579389E+17
       312.9300051    2.8202764E+17
       340.1400055    2.1414152E+17
       353.7400058    1.8752817E+17
       380.9500062    1.4483812E+17
       394.5600064    1.2765776E+17
       408.1700066    1.1270299E+17
       435.3800071    8.8244475E+16
       462.5900075    6.9469528E+16
       476.1900077    6.1759173E+16
       489.8000080    5.4968520E+16
       503.4000082    4.8989174E+16
       517.0100084    4.3710075E+16
       557.8300091    3.1276658E+16
       571.4300093    2.8043551E+16
       585.0400095    2.5172507E+16
       612.2500100    2.0355267E+16
       666.6700108    1.3493792E+16
       680.2800111    1.2209087E+16
       707.4900115    1.0051019E+16
       734.7000119    8.2969094E+15
       761.9100124    6.8665366E+15
       789.1200128    5.7045552E+15
       816.3300133    4.7563193E+15
       843.5400137    3.9790910E+15
       870.7500142    3.3393290E+15
       911.5700148    2.5809911E+15
       952.3900155    2.0063125E+15
       993.2000162    1.7578587E+15
      1020.4000166    1.4832985E+15
      1061.2000173    1.2267766E+15
      1088.4000177    1.0367776E+15
      1102.0000179    9.5369098E+14
      1115.7000181    8.7704769E+14
      1129.3000184    8.0732205E+14
      1142.9000186    7.4335321E+14
      1156.5000188    6.8462168E+14
      1170.1000190    6.3365552E+14
      1197.3000195    2.5055704E+15
      1210.9000197    2.3240648E+15
      1224.5000199    2.1523135E+15
      1227.2000200    2.1195841E+15
      1229.9000200    2.0873142E+15
      1232.7000200    2.0543328E+15
      1235.4000201    2.0229928E+15
      1238.1000201    1.9921039E+15
      1240.8000202    1.9616620E+15
      1243.5000202    1.9316619E+15
      1246.3000203    1.9010110E+15
      1249.0000203    1.8718948E+15
      1257.2000204    1.7860501E+15
      1259.9000205    1.7586146E+15
      1262.6000205    1.7315808E+15
      1270.8000207    1.6518792E+15
      1281.6000208    1.5522006E+15
      1289.8000210    1.4803373E+15
      1292.5000210    1.4573670E+15
      1295.2000211    1.4347307E+15
      1298.0000211    1.4116034E+15
      1300.7000212    1.3896320E+15
      1303.4000212    1.3679790E+15
      1306.1000212    1.3466402E+15
      1314.3000214    1.2837076E+15
      1330.6000216    1.1665661E+15
      1341.5000218    1.0937542E+15
      1355.1000220    1.0086492E+15
      1360.6000221    9.7594200E+14
      1371.4000223    9.1442518E+14
      1382.3000225    8.5579619E+14
      1390.5000226    8.1385376E+14
      1395.9000227    7.8720201E+14
      1404.1000228    7.4814310E+14
      1406.8000229    7.3564368E+14
      1409.5000229    7.2331880E+14
      1415.0000230    6.9874165E+14
      1417.7000231    6.8693103E+14
      1420.4000231    6.7528455E+14
      1423.1000231    6.6379981E+14
      1425.9000232    6.5205798E+14
      1428.6000232    6.4089522E+14
      1431.3000233    6.2988695E+14
      1436.7000234    6.0832461E+14
      1439.5000234    5.9737767E+14
      1442.2000235    5.8696983E+14
      1444.9000235    5.7670512E+14
      1447.6000235    5.7710261E+14
      1450.4000236    5.6672979E+14
      1453.1000236    5.5686607E+14
      1455.8000237    5.4713645E+14
      1458.5000237    5.3753858E+14
      1461.2000238    5.2807103E+14
      1466.7000239    5.0917935E+14
      1469.4000239    5.0009472E+14
      1472.1000239    4.9113240E+14
      1477.6000240    4.7324634E+14
      1480.3000241    4.6464402E+14
      1488.4000242    4.3951987E+14
      1491.2000242    4.3106708E+14
      1496.6000243    4.1509168E+14
      1551.0000252    2.7547962E+14
      1632.7000266    1.2672032E+14
 
