       12.5000002    2.1411265E+18
        15.0000002    3.0623243E+18
        20.0000003    3.0798211E+18
        25.0000004    2.6228306E+18
        30.0000005    2.9830833E+18
        35.0000006    2.3413702E+18
        40.0000007    1.8243009E+18
        45.0000007    1.4845878E+18
        50.0000008    1.2724636E+18
        55.0000009    1.1482649E+18
        60.0000010    1.0655927E+18
        65.0000011    9.8712106E+17
        70.0000011    8.9852166E+17
        75.0000012    5.6151284E+18
        80.0000013    6.1917898E+18
        85.0000014    6.1667066E+18
        90.0000015    6.0940141E+18
        95.2390015    5.8887347E+18
       100.6800016    5.4111343E+18
       114.2900019    4.0691202E+18
       119.7300019    3.5990933E+18
       122.4500020    3.3806428E+18
       125.1700020    3.1730883E+18
       127.8900021    2.9762466E+18
       130.6100021    2.7898909E+18
       133.3300022    2.6137428E+18
       136.0600022    2.4469057E+18
       146.9400024    1.8740446E+18
       149.6600024    1.7519103E+18
       155.1000025    1.5301766E+18
       157.8200026    1.4297920E+18
       160.5500026    1.3355533E+18
       165.9900027    1.8008322E+18
       171.4300028    1.6564763E+18
       176.8700029    1.8027139E+18
       179.5900029    1.7406352E+18
       182.3100030    1.6732459E+18
       185.0400030    1.6048586E+18
       187.7600031    1.5381968E+18
       190.4800031    1.4740479E+18
       195.9200032    1.3543691E+18
       198.6400032    1.2986583E+18
       204.0800033    1.1949283E+18
       206.8000034    1.1467047E+18
       209.5300034    1.1005777E+18
       212.2500035    1.0567546E+18
       214.9700035    1.0149377E+18
       220.4100036    9.3686403E+17
       225.8500037    8.6552243E+17
       236.7400038    8.4491105E+17
       247.6200040    7.2765728E+17
       258.5100042    6.3021278E+17
       272.1100044    5.3176987E+17
       285.7200046    4.5322337E+17
       299.3200049    3.8981501E+17
       312.9300051    3.3786474E+17
       340.1400055    2.5866765E+17
       353.7400058    2.2802768E+17
       380.9500062    1.7914030E+17
       394.5600064    1.5945594E+17
       408.1700066    1.4225838E+17
       435.3800071    1.1387376E+17
       462.5900075    9.1710016E+16
       476.1900077    8.2465571E+16
       489.8000080    7.4234146E+16
       503.4000082    6.6903698E+16
       517.0100084    6.0356690E+16
       557.8300091    4.4588697E+16
       571.4300093    4.0388880E+16
       585.0400095    3.6617186E+16
       612.2500100    3.0185183E+16
       666.6700108    2.0741877E+16
       680.2800111    1.8927229E+16
       707.4900115    1.5881135E+16
       734.7000119    1.3323904E+16
       761.9100124    1.1191453E+16
       789.1200128    9.4339397E+15
       816.3300133    7.9798511E+15
       843.5400137    6.7723109E+15
       870.7500142    5.7658626E+15
       911.5700148    4.5553953E+15
       952.3900155    3.6224610E+15
       993.2000162    3.4349001E+15
      1020.4000166    2.9393835E+15
      1061.2000173    2.5459484E+15
      1088.4000177    2.1860706E+15
      1102.0000179    2.0278358E+15
      1115.7000181    1.8813366E+15
      1129.3000184    1.7475591E+15
      1142.9000186    1.6243534E+15
      1156.5000188    1.5107855E+15
      1170.1000190    1.4060122E+15
      1197.3000195    5.3528365E+15
      1210.9000197    5.0253748E+15
      1224.5000199    4.7129433E+15
      1227.2000200    4.6531547E+15
      1229.9000200    4.5941279E+15
      1232.7000200    4.5337192E+15
      1235.4000201    4.4762404E+15
      1238.1000201    4.4195160E+15
      1240.8000202    4.3635397E+15
      1243.5000202    4.3083053E+15
      1246.3000203    4.2517999E+15
      1249.0000203    4.1980519E+15
      1257.2000204    4.0391738E+15
      1259.9000205    3.9882642E+15
      1262.6000205    3.9380351E+15
      1270.8000207    3.7895610E+15
      1281.6000208    3.6030188E+15
      1289.8000210    3.4679045E+15
      1292.5000210    3.4246005E+15
      1295.2000211    3.3818693E+15
      1298.0000211    3.3381519E+15
      1300.7000212    3.2965627E+15
      1303.4000212    3.2555216E+15
      1306.1000212    3.2150211E+15
      1314.3000214    3.0952535E+15
      1330.6000216    2.8709516E+15
      1341.5000218    2.7305625E+15
      1355.1000220    2.5654414E+15
      1360.6000221    2.5016684E+15
      1371.4000223    2.3812182E+15
      1382.3000225    2.2657751E+15
      1390.5000226    2.1827770E+15
      1395.9000227    2.1298499E+15
      1404.1000228    2.0520093E+15
      1406.8000229    2.0270283E+15
      1409.5000229    2.0023615E+15
      1415.0000230    1.9530687E+15
      1417.7000231    1.9293302E+15
      1420.4000231    1.9058889E+15
      1423.1000231    1.8827409E+15
      1425.9000232    1.8590409E+15
      1428.6000232    1.8364778E+15
      1431.3000233    1.8141959E+15
      1436.7000234    1.7704607E+15
      1439.5000234    1.7482101E+15
      1442.2000235    1.7270251E+15
      1444.9000235    1.7061029E+15
      1447.6000235    1.6854395E+15
      1450.4000236    1.6642808E+15
      1453.1000236    1.6441343E+15
      1455.8000237    1.6242364E+15
      1458.5000237    1.6045837E+15
      1461.2000238    1.5851730E+15
      1466.7000239    1.5463674E+15
      1469.4000239    1.5276717E+15
      1472.1000239    1.5092051E+15
      1477.6000240    1.4722841E+15
      1480.3000241    1.4544948E+15
      1488.4000242    1.4024181E+15
      1491.2000242    1.3848566E+15
      1496.6000243    1.3516104E+15
      1551.0000252    1.0731535E+15
      1632.7000266    7.4516112E+14
      1823.1000296    3.0722253E+14
 
