       12.5000002    2.5533829E+18
        15.0000002    2.6302740E+18
        20.0000003    2.7654251E+18
        25.0000004    2.4623261E+18
        30.0000005    3.0757381E+18
        35.0000006    2.6845725E+18
        40.0000007    2.1835931E+18
        45.0000007    1.7316192E+18
        50.0000008    1.3815399E+18
        55.0000009    1.1448108E+18
        60.0000010    1.0020882E+18
        65.0000011    9.1348594E+17
        70.0000011    8.4467651E+17
        75.0000012    4.9334372E+18
        80.0000013    5.4809962E+18
        85.0000014    5.5357167E+18
        90.0000015    5.5746097E+18
        95.2390015    5.5176534E+18
       100.6800016    5.2047494E+18
       114.2900019    4.1777682E+18
       119.7300019    3.7896260E+18
       122.4500020    3.6036659E+18
       125.1700020    3.4234644E+18
       127.8900021    3.2492421E+18
       130.6100021    3.0811834E+18
       133.3300022    2.9194307E+18
       136.0600022    2.7635213E+18
       146.9400024    2.2065755E+18
       149.6600024    2.0831464E+18
       155.1000025    1.8544036E+18
       157.8200026    1.7487460E+18
       160.5500026    1.6482861E+18
       165.9900027    2.0641627E+18
       171.4300028    1.9060668E+18
       176.8700029    2.0184134E+18
       179.5900029    1.9504638E+18
       182.3100030    1.8767253E+18
       185.0400030    1.8019518E+18
       187.7600031    1.7291522E+18
       190.4800031    1.6591949E+18
       195.9200032    1.5289453E+18
       198.6400032    1.4684353E+18
       204.0800033    1.3560003E+18
       206.8000034    1.3038330E+18
       209.5300034    1.2539916E+18
       212.2500035    1.2066876E+18
       214.9700035    1.1615872E+18
       220.4100036    1.0774579E+18
       225.8500037    1.0006246E+18
       236.7400038    9.9683250E+17
       247.6200040    8.6180924E+17
       258.5100042    7.4660317E+17
       272.1100044    6.2882554E+17
       285.7200046    5.3437241E+17
       299.3200049    4.5814334E+17
       312.9300051    3.9597891E+17
       340.1400055    3.0234604E+17
       353.7400058    2.6667000E+17
       380.9500062    2.1050727E+17
       394.5600064    1.8814834E+17
       408.1700066    1.6870948E+17
       435.3800071    1.3673271E+17
       462.5900075    1.1172927E+17
       476.1900077    1.0124930E+17
       489.8000080    9.1873147E+16
       503.4000082    8.3475653E+16
       517.0100084    7.5927282E+16
       557.8300091    5.7490663E+16
       571.4300093    5.2499816E+16
       585.0400095    4.7980677E+16
       612.2500100    4.0179153E+16
       666.6700108    2.8446387E+16
       680.2800111    2.6143142E+16
       707.4900115    2.2333143E+16
       734.7000119    1.9011999E+16
       761.9100124    1.6158894E+16
       789.1200128    1.3778288E+16
       816.3300133    1.1784708E+16
       843.5400137    1.0109567E+16
       870.7500142    8.6974521E+15
       911.5700148    6.9761726E+15
       952.3900155    5.6289294E+15
       993.2000162    5.7519211E+15
      1020.4000166    4.9554968E+15
      1061.2000173    4.4386968E+15
      1088.4000177    3.8358565E+15
      1102.0000179    3.5698686E+15
      1115.7000181    3.3230648E+15
      1129.3000184    3.0972072E+15
      1142.9000186    2.8887617E+15
      1156.5000188    2.6962275E+15
      1170.1000190    2.5182451E+15
      1197.3000195    9.0589289E+15
      1210.9000197    8.5466413E+15
      1224.5000199    8.0562151E+15
      1227.2000200    7.9621795E+15
      1229.9000200    7.8692820E+15
      1232.7000200    7.7741469E+15
      1235.4000201    7.6835671E+15
      1238.1000201    7.5941180E+15
      1240.8000202    7.5057920E+15
      1243.5000202    7.4185800E+15
      1246.3000203    7.3293032E+15
      1249.0000203    7.2443267E+15
      1257.2000204    6.9928123E+15
      1259.9000205    6.9121142E+15
      1262.6000205    6.8324426E+15
      1270.8000207    6.5966349E+15
      1281.6000208    6.2996964E+15
      1289.8000210    6.0841331E+15
      1292.5000210    6.0149546E+15
      1295.2000211    5.9466480E+15
      1298.0000211    5.8767189E+15
      1300.7000212    5.8101502E+15
      1303.4000212    5.7444168E+15
      1306.1000212    5.6795074E+15
      1314.3000214    5.4873103E+15
      1330.6000216    5.1263146E+15
      1341.5000218    4.8996305E+15
      1355.1000220    4.6322285E+15
      1360.6000221    4.5287128E+15
      1371.4000223    4.3328151E+15
      1382.3000225    4.1445645E+15
      1390.5000226    4.0089037E+15
      1395.9000227    3.9222484E+15
      1404.1000228    3.7945896E+15
      1406.8000229    3.7535647E+15
      1409.5000229    3.7130285E+15
      1415.0000230    3.6319400E+15
      1417.7000231    3.5928489E+15
      1420.4000231    3.5542213E+15
      1423.1000231    3.5160505E+15
      1425.9000232    3.4769425E+15
      1428.6000232    3.4396844E+15
      1431.3000233    3.4028653E+15
      1436.7000234    3.3305214E+15
      1439.5000234    3.2936773E+15
      1442.2000235    3.2585729E+15
      1444.9000235    3.2238795E+15
      1447.6000235    3.1895914E+15
      1450.4000236    3.1544562E+15
      1453.1000236    3.1209780E+15
      1455.8000237    3.0878896E+15
      1458.5000237    3.0551855E+15
      1461.2000238    3.0228613E+15
      1466.7000239    2.9581695E+15
      1469.4000239    2.9269681E+15
      1472.1000239    2.8961273E+15
      1477.6000240    2.8343979E+15
      1480.3000241    2.8046228E+15
      1488.4000242    2.7173311E+15
      1491.2000242    2.6878504E+15
      1496.6000243    2.6319766E+15
      1551.0000252    2.1345896E+15
      1632.7000266    1.5686182E+15
      1823.1000296    7.8089968E+14
      2340.2000381    1.1059501E+14
 
