       80.0000013    1.1222196E+19
        85.0000014    9.5608715E+18
        90.0000015    8.1296730E+18
        95.2390015    6.8517117E+18
       100.6800016    5.7347283E+18
       114.2900019    3.6844374E+18
       119.7300019    3.0941074E+18
       122.4500020    2.8371479E+18
       125.1700020    2.6026496E+18
       127.8900021    2.3885912E+18
       130.6100021    2.1931264E+18
       133.3300022    2.0145732E+18
       136.0600022    1.8508272E+18
       146.9400024    2.6038269E+18
       149.6600024    2.4931000E+18
       155.1000025    2.2649171E+18
       157.8200026    2.1564873E+18
       160.5500026    2.0532692E+18
       165.9900027    1.8648077E+18
       171.4300028    1.6977728E+18
       176.8700029    1.5495126E+18
       179.5900029    1.4815927E+18
       182.3100030    1.4174096E+18
       185.0400030    1.3564724E+18
       187.7600031    1.2989765E+18
       190.4800031    1.2444637E+18
       195.9200032    1.1435719E+18
       198.6400032    1.0968299E+18
       204.0800033    1.1578711E+18
       206.8000034    1.1132600E+18
       209.5300034    1.0682089E+18
       212.2500035    1.0245063E+18
       214.9700035    9.8254015E+17
       220.4100036    9.0439442E+17
       225.8500037    8.3381698E+17
       236.7400038    7.1263685E+17
       247.6200040    6.1371798E+17
       258.5100042    5.3219586E+17
       272.1100044    4.4946901E+17
       285.7200046    3.8295973E+17
       299.3200049    3.2884170E+17
       312.9300051    2.8416622E+17
       340.1400055    2.1542183E+17
       353.7400058    1.8863321E+17
       380.9500062    1.4574956E+17
       394.5600064    1.2847870E+17
       408.1700066    1.1341624E+17
       435.3800071    8.8682846E+16
       462.5900075    6.9577040E+16
       476.1900077    6.1694005E+16
       489.8000080    5.4732499E+16
       503.4000082    4.8588832E+16
       517.0100084    4.3154921E+16
       557.8300091    3.0334830E+16
       571.4300093    2.7001600E+16
       585.0400095    2.4044838E+16
       612.2500100    1.9097323E+16
       666.6700108    1.2114958E+16
       680.2800111    1.0823253E+16
       707.4900115    8.6487493E+15
       734.7000119    6.9202355E+15
       761.9100124    5.5430848E+15
       789.1200128    4.4434341E+15
       816.3300133    3.5635583E+15
       843.5400137    2.8582036E+15
       870.7500142    2.2917881E+15
       911.5700148    1.6428667E+15
       952.3900155    1.1735102E+15
       993.2000162    8.3326184E+14
      1020.4000166    6.5988341E+14
      1061.2000173    4.5974934E+14
      1088.4000177    3.5732356E+14
      1102.0000179    3.1354577E+14
      1115.7000181    2.7375588E+14
      1129.3000184    2.3806979E+14
      1142.9000186    2.0575655E+14
      1156.5000188    1.7641860E+14
      1170.1000190    1.4967480E+14
      1197.3000195    1.0241138E+14
      1210.9000197    8.0966047E+13
      1224.5000199    6.0003185E+13
      1227.2000200    5.5775699E+13
      1229.9000200    5.1480069E+13
      1232.7000200    4.6917984E+13
      1235.4000201    4.2367046E+13
      1238.1000201    3.7595984E+13
      1240.8000202    3.2490289E+13
      1243.5000202    2.6839783E+13
      1246.3000203    1.9887934E+13
      1249.0000203    1.0172749E+13
 
