       80.0000013    9.3188228E+18
        85.0000014    7.5483936E+18
        90.0000015    6.1202517E+18
        95.2390015    4.9221342E+18
       100.6800016    3.9358173E+18
       114.2900019    2.2800896E+18
       119.7300019    1.8431627E+18
       122.4500020    1.6590556E+18
       125.1700020    1.4944342E+18
       127.8900021    1.3471144E+18
       130.6100021    1.2151709E+18
       133.3300022    1.0969062E+18
       136.0600022    9.9045279E+17
       146.9400024    2.0720633E+18
       149.6600024    1.9852645E+18
       155.1000025    1.7979467E+18
       157.8200026    1.7069218E+18
       160.5500026    1.6194568E+18
       165.9900027    1.4581231E+18
       171.4300028    1.3137139E+18
       176.8700029    1.1847098E+18
       179.5900029    1.1254334E+18
       182.3100030    1.0693581E+18
       185.0400030    1.0160963E+18
       187.7600031    9.6585286E+17
       190.4800031    9.1825556E+17
       195.9200032    8.3037386E+17
       198.6400032    7.8980483E+17
       204.0800033    8.2455476E+17
       206.8000034    7.8881383E+17
       209.5300034    7.5466973E+17
       212.2500035    7.2246428E+17
       214.9700035    6.9202011E+17
       220.4100036    6.3603009E+17
       225.8500037    5.8587910E+17
       236.7400038    5.0006236E+17
       247.6200040    4.2980755E+17
       258.5100042    3.7141953E+17
       272.1100044    3.1138915E+17
       285.7200046    2.6235117E+17
       299.3200049    2.2187040E+17
       312.9300051    1.8809957E+17
       340.1400055    1.3587889E+17
       353.7400058    1.1567025E+17
       380.9500062    8.3952240E+16
       394.5600064    7.1554086E+16
       408.1700066    6.0999174E+16
       435.3800071    4.4348814E+16
       462.5900075    3.2241647E+16
       476.1900077    2.7486947E+16
       489.8000080    2.3425063E+16
       503.4000082    1.9959280E+16
       517.0100084    1.6996837E+16
       557.8300091    1.0457028E+16
       571.4300093    8.8784163E+15
       585.0400095    7.5279046E+15
       612.2500100    5.3869332E+15
       666.6700108    2.6766693E+15
       680.2800111    2.2248008E+15
       707.4900115    1.5063880E+15
       734.7000119    9.7580348E+14
       761.9100124    5.7478131E+14
       789.1200128    2.3658054E+14
 
