       80.0000013    2.4182230E+18
        85.0000014    1.7093382E+18
        90.0000015    1.2158560E+18
        95.2390015    8.5736474E+17
       100.6800016    6.0216747E+17
       114.2900019    2.6251100E+17
       119.7300019    1.9343280E+17
       122.4500020    1.6714080E+17
       125.1700020    1.4509260E+17
       127.8900021    1.2655371E+17
       130.6100021    1.1091940E+17
       133.3300022    9.7691634E+16
       136.0600022    8.6421992E+16
       146.9400024    6.1585069E+17
       149.6600024    5.5813097E+17
       155.1000025    4.5650654E+17
       157.8200026    4.1258992E+17
       160.5500026    3.7267806E+17
       165.9900027    3.0408963E+17
       171.4300028    2.4784787E+17
       176.8700029    2.0171513E+17
       179.5900029    1.8185905E+17
       182.3100030    1.6387855E+17
       185.0400030    1.4754211E+17
       187.7600031    1.3281092E+17
       190.4800031    1.1947901E+17
       195.9200032    9.6505897E+16
       198.6400032    8.6639987E+16
       204.0800033    1.9537719E+17
       206.8000034    1.8069867E+17
       209.5300034    1.6673790E+17
       212.2500035    1.5367087E+17
       214.9700035    1.4143676E+17
       220.4100036    1.1931997E+17
       225.8500037    1.0003977E+17
       236.7400038    6.8583571E+16
       247.6200040    4.4650381E+16
       258.5100042    2.5998442E+16
       272.1100044    2.6138006E+15
 
