       80.0000013    5.3918841E+18
        85.0000014    4.0932558E+18
        90.0000015    3.1205039E+18
        95.2390015    2.3589898E+18
       100.6800016    1.7726964E+18
       114.2900019    8.8564507E+17
       119.7300019    6.7677786E+17
       122.4500020    5.9274376E+17
       125.1700020    5.1983690E+17
       127.8900021    4.5653259E+17
       130.6100021    4.0152237E+17
       133.3300022    3.5368193E+17
       136.0600022    3.1190121E+17
       146.9400024    1.3352102E+18
       149.6600024    1.2534328E+18
       155.1000025    1.0926564E+18
       157.8200026    1.0183539E+18
       160.5500026    9.4855638E+17
       165.9900027    8.2331987E+17
       171.4300028    7.1485388E+17
       176.8700029    6.2095716E+17
       179.5900029    5.7883247E+17
       182.3100030    5.3961526E+17
       185.0400030    5.0296998E+17
       187.7600031    4.6897054E+17
       190.4800031    4.3729993E+17
       195.9200032    3.8030066E+17
       198.6400032    3.5467964E+17
       204.0800033    4.8496462E+17
       206.8000034    4.6181313E+17
       209.5300034    4.3959722E+17
       212.2500035    4.1855789E+17
       214.9700035    3.9858777E+17
       220.4100036    3.6163587E+17
       225.8500037    3.2827943E+17
       236.7400038    2.7068021E+17
       247.6200040    2.2323398E+17
       258.5100042    1.8391390E+17
       272.1100044    1.4407908E+17
       285.7200046    1.1249195E+17
       299.3200049    8.7501128E+16
       312.9300051    6.7733661E+16
       340.1400055    3.9884028E+16
       353.7400058    3.0257808E+16
       380.9500062    1.6808253E+16
       394.5600064    1.2187457E+16
       408.1700066    8.5609366E+15
       435.3800071    3.2988677E+15
 
