       80.0000013    1.1866379E+18
        85.0000014    7.9753433E+17
        90.0000015    5.4323750E+17
        95.2390015    3.6967777E+17
       100.6800016    2.5345523E+17
       114.2900019    1.1084129E+17
       119.7300019    8.3596453E+16
       122.4500020    7.3296031E+16
       125.1700020    6.4636904E+16
       127.8900021    5.7299850E+16
       130.6100021    5.1032316E+16
       133.3300022    4.5633937E+16
       136.0600022    4.0929956E+16
       146.9400024    2.4913528E+17
       149.6600024    2.1657204E+17
       155.1000025    1.6254568E+17
       157.8200026    1.4037341E+17
       160.5500026    1.2086864E+17
       165.9900027    8.8940475E+16
       171.4300028    6.4487783E+16
       176.8700029    4.5802523E+16
       179.5900029    3.8190338E+16
       182.3100030    3.1536914E+16
       185.0400030    2.5692885E+16
       187.7600031    2.0579991E+16
       190.4800031    1.6056594E+16
       195.9200032    8.1957822E+15
       198.6400032    4.1654824E+15
 
