       80.0000013    1.0836077E+19
        85.0000014    9.0895571E+18
        90.0000015    7.6154968E+18
        95.2390015    6.3250649E+18
       100.6800016    5.2187258E+18
       114.2900019    3.2464939E+18
       119.7300019    2.6945176E+18
       122.4500020    2.4567653E+18
       125.1700020    2.2412123E+18
       127.8900021    2.0456885E+18
       130.6100021    1.8682378E+18
       133.3300022    1.7070996E+18
       136.0600022    1.5601770E+18
       146.9400024    2.4288594E+18
       149.6600024    2.3280180E+18
       155.1000025    2.1169108E+18
       157.8200026    2.0157077E+18
       160.5500026    1.9189639E+18
       165.9900027    1.7414359E+18
       171.4300028    1.5832025E+18
       176.8700029    1.4421101E+18
       179.5900029    1.3772862E+18
       182.3100030    1.3159284E+18
       185.0400030    1.2575898E+18
       187.7600031    1.2024773E+18
       190.4800031    1.1501699E+18
       195.9200032    1.0532471E+18
       198.6400032    1.0083076E+18
       204.0800033    1.0485567E+18
       206.8000034    1.0057633E+18
       209.5300034    9.6363893E+17
       212.2500035    9.2330637E+17
       214.9700035    8.8486943E+17
       220.4100036    8.1376278E+17
       225.8500037    7.4987806E+17
       236.7400038    6.4064660E+17
       247.6200040    5.5172401E+17
       258.5100042    4.7846183E+17
       272.1100044    4.0397710E+17
       285.7200046    3.4384838E+17
       299.3200049    2.9466943E+17
       312.9300051    2.5385504E+17
       340.1400055    1.9065860E+17
       353.7400058    1.6594099E+17
       380.9500062    1.2639510E+17
       394.5600064    1.1053056E+17
       408.1700066    9.6755202E+16
       435.3800071    7.4327957E+16
       462.5900075    5.7247284E+16
       476.1900077    5.0285215E+16
       489.8000080    4.4188475E+16
       503.4000082    3.8853820E+16
       517.0100084    3.4176429E+16
       557.8300091    2.3325237E+16
       571.4300093    2.0555009E+16
       585.0400095    1.8119114E+16
       612.2500100    1.4094976E+16
       666.6700108    8.5563088E+15
       680.2800111    7.5552426E+15
       707.4900115    5.8920605E+15
       734.7000119    4.5939233E+15
       761.9100124    3.5789758E+15
       789.1200128    2.7842571E+15
       816.3300133    2.1611846E+15
       843.5400137    1.6721469E+15
       870.7500142    1.2879296E+15
       911.5700148    8.5967757E+14
       952.3900155    5.6006541E+14
       993.2000162    3.4899716E+14
      1020.4000166    2.4264218E+14
      1061.2000173    1.1468170E+14
      1088.4000177    7.6561147E+12
 
