       12.5000002    5.1413153E+18
        15.0000002    5.9346387E+18
        20.0000003    3.1069164E+18
        25.0000004    2.0135927E+18
        30.0000005    2.2809593E+18
        35.0000006    2.2997213E+18
        40.0000007    2.2876356E+18
        45.0000007    2.2823891E+18
        50.0000008    2.2402791E+18
        55.0000009    2.0861422E+18
        60.0000010    1.8130062E+18
        65.0000011    1.4871384E+18
        70.0000011    1.1771219E+18
        75.0000012    4.1542897E+18
        80.0000013    4.2260867E+18
        85.0000014    4.3825209E+18
        90.0000015    4.9823006E+18
        95.2390015    5.0941275E+18
       100.6800016    4.4401430E+18
       114.2900019    3.1328143E+18
       119.7300019    2.8626964E+18
       122.4500020    2.7573586E+18
       125.1700020    2.6662921E+18
       127.8900021    2.5864147E+18
       130.6100021    2.5152912E+18
       133.3300022    2.4509873E+18
       136.0600022    2.3917632E+18
       146.9400024    2.1877409E+18
       149.6600024    2.1412515E+18
       155.1000025    2.0507378E+18
       157.8200026    2.0062429E+18
       160.5500026    1.9618850E+18
       165.9900027    2.3995569E+18
       171.4300028    2.3490926E+18
       176.8700029    2.4966457E+18
       179.5900029    2.4891376E+18
       182.3100030    2.4621460E+18
       185.0400030    2.4167420E+18
       187.7600031    2.3595047E+18
       190.4800031    2.2985789E+18
       195.9200032    2.1756680E+18
       198.6400032    2.1109565E+18
       204.0800033    1.9797404E+18
       206.8000034    1.9162416E+18
       209.5300034    1.8546285E+18
       212.2500035    1.7953920E+18
       214.9700035    1.7382410E+18
       220.4100036    1.6298674E+18
       225.8500037    1.5289067E+18
       236.7400038    1.5183294E+18
       247.6200040    1.3688655E+18
       258.5100042    1.2293202E+18
       272.1100044    1.0748650E+18
       285.7200046    9.4168285E+17
       299.3200049    8.2651753E+17
       312.9300051    7.2650279E+17
       340.1400055    5.6410578E+17
       353.7400058    4.9848284E+17
       380.9500062    3.9187436E+17
       394.5600064    3.4880154E+17
       408.1700066    3.1136953E+17
       435.3800071    2.5048519E+17
       462.5900075    2.0414990E+17
       476.1900077    1.8521351E+17
       489.8000080    1.6855508E+17
       503.4000082    1.5387428E+17
       517.0100084    1.4087167E+17
       557.8300091    1.0981241E+17
       571.4300093    1.0153515E+17
       585.0400095    9.4064096E+16
       612.2500100    8.1163028E+16
       666.6700108    6.1449484E+16
       680.2800111    5.7475824E+16
       707.4900115    5.5140259E+16
       734.7000119    5.0014035E+16
       761.9100124    4.3283624E+16
       789.1200128    3.7662568E+16
       816.3300133    3.2912775E+16
       843.5400137    2.8866007E+16
       870.7500142    2.5395001E+16
       911.5700148    2.1058126E+16
       952.3900155    1.7550011E+16
       993.2000162    2.6068665E+16
      1020.4000166    2.2635867E+16
      1061.2000173    2.2608938E+16
      1088.4000177    1.9649664E+16
      1102.0000179    1.8335563E+16
      1115.7000181    1.7110845E+16
      1129.3000184    1.5985257E+16
      1142.9000186    1.4942204E+16
      1156.5000188    1.3975722E+16
      1170.1000190    1.3078406E+16
      1197.3000195    3.3066148E+16
      1210.9000197    3.1405903E+16
      1224.5000199    2.9814106E+16
      1227.2000200    2.9507776E+16
      1229.9000200    2.9204715E+16
      1232.7000200    2.8893875E+16
      1235.4000201    2.8597447E+16
      1238.1000201    2.8304253E+16
      1240.8000202    2.8014270E+16
      1243.5000202    2.7727467E+16
      1246.3000203    2.7433376E+16
      1249.0000203    2.7152970E+16
      1257.2000204    2.6320185E+16
      1259.9000205    2.6052060E+16
      1262.6000205    2.5786896E+16
      1270.8000207    2.4999381E+16
      1281.6000208    2.4001787E+16
      1289.8000210    2.3273285E+16
      1292.5000210    2.3038709E+16
      1295.2000211    2.2806704E+16
      1298.0000211    2.2568790E+16
      1300.7000212    2.2341935E+16
      1303.4000212    2.2117559E+16
      1306.1000212    2.1895548E+16
      1314.3000214    2.1236318E+16
      1330.6000216    1.9989233E+16
      1341.5000218    1.9199981E+16
      1355.1000220    1.8262598E+16
      1360.6000221    1.7897790E+16
      1371.4000223    1.7204418E+16
      1382.3000225    1.6534263E+16
      1390.5000226    1.6048929E+16
      1395.9000227    1.5737820E+16
      1404.1000228    1.5277950E+16
      1406.8000229    1.5129760E+16
      1409.5000229    1.4983125E+16
      1415.0000230    1.4689239E+16
      1417.7000231    1.4547278E+16
      1420.4000231    1.4406816E+16
      1423.1000231    1.4267834E+16
      1425.9000232    1.4125238E+16
      1428.6000232    1.3989222E+16
      1431.3000233    1.3854637E+16
      1436.7000234    1.3589692E+16
      1439.5000234    1.3454498E+16
      1442.2000235    1.3325509E+16
      1444.9000235    1.3197885E+16
      1447.6000235    1.3071594E+16
      1450.4000236    1.2942021E+16
      1453.1000236    1.2818403E+16
      1455.8000237    1.2696066E+16
      1458.5000237    1.2575009E+16
      1461.2000238    1.2455213E+16
      1466.7000239    1.2215022E+16
      1469.4000239    1.2098965E+16
      1472.1000239    1.1984113E+16
      1477.6000240    1.1753824E+16
      1480.3000241    1.1642545E+16
      1488.4000242    1.1315553E+16
      1491.2000242    1.1204862E+16
      1496.6000243    1.0994709E+16
      1551.0000252    9.1017401E+15
      1632.7000266    6.8927541E+15
      1823.1000296    3.6924524E+15
      2340.2000381    7.4050940E+14
      2829.9000460    1.4708753E+14
      3047.6000496    4.8697249E+13
 
