       12.5000002    4.3472381E+18
        15.0000002    4.4308873E+18
        20.0000003    3.6394321E+18
        25.0000004    3.2320293E+18
        30.0000005    3.5051845E+18
        35.0000006    2.7521821E+18
        40.0000007    2.1533916E+18
        45.0000007    1.7661212E+18
        50.0000008    1.5032053E+18
        55.0000009    1.2895456E+18
        60.0000010    1.0957582E+18
        65.0000011    9.1941643E+17
        70.0000011    7.6492777E+17
        75.0000012    2.5099492E+18
        80.0000013    1.9921610E+18
        85.0000014    1.4763426E+18
        90.0000015    1.0887026E+18
        95.2390015    8.0017797E+17
       100.6800016    5.9195026E+17
       114.2900019    3.0680855E+17
       119.7300019    2.4465841E+17
       122.4500020    2.1994028E+17
       125.1700020    1.9851193E+17
       127.8900021    1.7982798E+17
       130.6100021    1.6344460E+17
       133.3300022    1.4899970E+17
       136.0600022    1.3615268E+17
       146.9400024    9.7109915E+16
       149.6600024    8.9615841E+16
       155.1000025    7.6596936E+16
       157.8200026    7.0922554E+16
       160.5500026    6.5704904E+16
       165.9900027    1.5425664E+17
       171.4300028    1.2747570E+17
       176.8700029    1.4018825E+17
       179.5900029    1.2723899E+17
       182.3100030    1.1540217E+17
       185.0400030    1.0462827E+17
       187.7600031    9.4918837E+16
       190.4800031    8.6140543E+16
       195.9200032    7.1022868E+16
       198.6400032    6.4524097E+16
       204.0800033    5.3305805E+16
       206.8000034    4.8470725E+16
       209.5300034    4.4069238E+16
       212.2500035    4.0089667E+16
       214.9700035    3.6475564E+16
       220.4100036    3.0207824E+16
       225.8500037    2.5024556E+16
       236.7400038    7.4726117E+16
       247.6200040    5.5382603E+16
       258.5100042    4.0243904E+16
       272.1100044    2.6226266E+16
       285.7200046    1.6130939E+16
       299.3200049    8.5713438E+15
 
