       12.5000002    3.3418438E+18
        15.0000002    2.8092310E+18
        20.0000003    2.4151106E+18
        25.0000004    2.3440538E+18
        30.0000005    2.9797224E+18
        35.0000006    2.8228691E+18
        40.0000007    2.4867594E+18
        45.0000007    2.0555272E+18
        50.0000008    1.6274272E+18
        55.0000009    1.2744803E+18
        60.0000010    1.0298699E+18
        65.0000011    8.8006890E+17
        70.0000011    7.8929755E+17
        75.0000012    4.3509102E+18
        80.0000013    4.8544312E+18
        85.0000014    4.9544632E+18
        90.0000015    5.0522169E+18
        95.2390015    5.0561378E+18
       100.6800016    4.8326345E+18
       114.2900019    4.0628923E+18
       119.7300019    3.7625791E+18
       122.4500020    3.6154339E+18
       125.1700020    3.4704941E+18
       127.8900021    3.3279776E+18
       130.6100021    3.1881346E+18
       133.3300022    3.0512259E+18
       136.0600022    2.9170206E+18
       146.9400024    2.4183629E+18
       149.6600024    2.3035257E+18
       155.1000025    2.0862652E+18
       157.8200026    1.9838880E+18
       160.5500026    1.8853128E+18
       165.9900027    2.2771660E+18
       171.4300028    2.1203122E+18
       176.8700029    2.2095130E+18
       179.5900029    2.1402568E+18
       182.3100030    2.0628766E+18
       185.0400030    1.9831363E+18
       187.7600031    1.9048251E+18
       190.4800031    1.8292718E+18
       195.9200032    1.6881728E+18
       198.6400032    1.6224553E+18
       204.0800033    1.5003090E+18
       206.8000034    1.4436982E+18
       209.5300034    1.3896719E+18
       212.2500035    1.3384600E+18
       214.9700035    1.2896980E+18
       220.4100036    1.1989240E+18
       225.8500037    1.1162497E+18
       236.7400038    1.1372673E+18
       247.6200040    9.9183178E+17
       258.5100042    8.6337151E+17
       272.1100044    7.2935231E+17
       285.7200046    6.2028667E+17
       299.3200049    5.3134899E+17
       312.9300051    4.5838313E+17
       340.1400055    3.4833824E+17
       353.7400058    3.0662029E+17
       380.9500062    2.4156745E+17
       394.5600064    2.1596722E+17
       408.1700066    1.9387415E+17
       435.3800071    1.5786748E+17
       462.5900075    1.2996008E+17
       476.1900077    1.1830182E+17
       489.8000080    1.0787643E+17
       503.4000082    9.8532400E+16
       517.0100084    9.0119332E+16
       557.8300091    6.9448169E+16
       571.4300093    6.3804196E+16
       585.0400095    5.8668137E+16
       612.2500100    4.9730911E+16
       666.6700108    3.6060026E+16
       680.2800111    3.3333400E+16
       707.4900115    2.8987920E+16
       734.7000119    2.5004071E+16
       761.9100124    2.1450029E+16
       789.1200128    1.8458932E+16
       816.3300133    1.5931572E+16
       843.5400137    1.3788544E+16
       870.7500142    1.1965522E+16
       911.5700148    9.7185897E+15
       952.3900155    7.9365616E+15
       993.2000162    8.7383891E+15
      1020.4000166    7.5661776E+15
      1061.2000173    6.9792853E+15
      1088.4000177    6.0581539E+15
      1102.0000179    5.6503747E+15
      1115.7000181    5.2711994E+15
      1129.3000184    4.9234681E+15
      1142.9000186    4.6018765E+15
      1156.5000188    4.3042281E+15
      1170.1000190    4.0285293E+15
      1197.3000195    1.3598834E+16
      1210.9000197    1.2868251E+16
      1224.5000199    1.2167253E+16
      1227.2000200    1.2032627E+16
      1229.9000200    1.1899557E+16
      1232.7000200    1.1763205E+16
      1235.4000201    1.1633308E+16
      1238.1000201    1.1504961E+16
      1240.8000202    1.1378155E+16
      1243.5000202    1.1252878E+16
      1246.3000203    1.1124560E+16
      1249.0000203    1.1002353E+16
      1257.2000204    1.0640236E+16
      1259.9000205    1.0523918E+16
      1262.6000205    1.0409015E+16
      1270.8000207    1.0068550E+16
      1281.6000208    9.6389868E+15
      1289.8000210    9.3265408E+15
      1292.5000210    9.2261599E+15
      1295.2000211    9.1269913E+15
      1298.0000211    9.0254099E+15
      1300.7000212    8.9286583E+15
      1303.4000212    8.8330695E+15
      1306.1000212    8.7386285E+15
      1314.3000214    8.4586901E+15
      1330.6000216    7.9316535E+15
      1341.5000218    7.5998432E+15
      1355.1000220    7.2075366E+15
      1360.6000221    7.0553991E+15
      1371.4000223    6.7670603E+15
      1382.3000225    6.4894357E+15
      1390.5000226    6.2890283E+15
      1395.9000227    6.1608616E+15
      1404.1000228    5.9718251E+15
      1406.8000229    5.9110175E+15
      1409.5000229    5.8509072E+15
      1415.0000230    5.7305773E+15
      1417.7000231    5.6725281E+15
      1420.4000231    5.6151404E+15
      1423.1000231    5.5584060E+15
      1425.9000232    5.5002511E+15
      1428.6000232    5.4448213E+15
      1431.3000233    5.3900202E+15
      1436.7000234    5.2822708E+15
      1439.5000234    5.2273569E+15
      1442.2000235    5.1750125E+15
      1444.9000235    5.1232576E+15
      1447.6000235    5.0720847E+15
      1450.4000236    5.0196233E+15
      1453.1000236    4.9696132E+15
      1455.8000237    4.9201637E+15
      1458.5000237    4.8712671E+15
      1461.2000238    4.8229170E+15
      1466.7000239    4.7260870E+15
      1469.4000239    4.6793545E+15
      1472.1000239    4.6331412E+15
      1477.6000240    4.5405825E+15
      1480.3000241    4.4959071E+15
      1488.4000242    4.3648196E+15
      1491.2000242    4.3205095E+15
      1496.6000243    4.2364749E+15
      1551.0000252    3.4849971E+15
      1632.7000266    2.6210349E+15
      1823.1000296    1.3944442E+15
      2340.2000381    2.8608781E+14
      2829.9000460    6.0505603E+13
      3047.6000496    1.9699362E+13
 
