       12.5000002    4.0631834E+18
        15.0000002    3.3663594E+18
        20.0000003    2.1919659E+18
        25.0000004    2.2362644E+18
        30.0000005    2.8446361E+18
        35.0000006    2.8012797E+18
        40.0000007    2.6245857E+18
        45.0000007    2.2964033E+18
        50.0000008    1.8804024E+18
        55.0000009    1.4682032E+18
        60.0000010    1.1372414E+18
        65.0000011    9.1279462E+17
        70.0000011    7.7473781E+17
        75.0000012    3.9720229E+18
        80.0000013    4.4212157E+18
        85.0000014    4.5497766E+18
        90.0000015    4.6977426E+18
        95.2390015    4.7159577E+18
       100.6800016    4.5049952E+18
       114.2900019    3.8629079E+18
       119.7300019    3.6248180E+18
       122.4500020    3.5078420E+18
       125.1700020    3.3918815E+18
       127.8900021    3.2768663E+18
       130.6100021    3.1628406E+18
       133.3300022    3.0499287E+18
       136.0600022    2.9378981E+18
       146.9400024    2.5085053E+18
       149.6600024    2.4064483E+18
       155.1000025    2.2098993E+18
       157.8200026    2.1156614E+18
       160.5500026    2.0239142E+18
       165.9900027    2.4128376E+18
       171.4300028    2.2687995E+18
       176.8700029    2.3501632E+18
       179.5900029    2.2853264E+18
       182.3100030    2.2090850E+18
       185.0400030    2.1280832E+18
       187.7600031    2.0470860E+18
       190.4800031    1.9682303E+18
       195.9200032    1.8197460E+18
       198.6400032    1.7499745E+18
       204.0800033    1.6196264E+18
       206.8000034    1.5590836E+18
       209.5300034    1.5012750E+18
       212.2500035    1.4464660E+18
       214.9700035    1.3942794E+18
       220.4100036    1.2971660E+18
       225.8500037    1.2088095E+18
       236.7400038    1.2437751E+18
       247.6200040    1.0945229E+18
       258.5100042    9.5888182E+17
       272.1100044    8.1465029E+17
       285.7200046    6.9546069E+17
       299.3200049    5.9698437E+17
       312.9300051    5.1533804E+17
       340.1400055    3.9097637E+17
       353.7400058    3.4360336E+17
       380.9500062    2.6982081E+17
       394.5600064    2.4092705E+17
       408.1700066    2.1610740E+17
       435.3800071    1.7596878E+17
       462.5900075    1.4517467E+17
       476.1900077    1.3239350E+17
       489.8000080    1.2100052E+17
       503.4000082    1.1081388E+17
       517.0100084    1.0165555E+17
       557.8300091    7.9162166E+16
       571.4300093    7.3008594E+16
       585.0400095    6.7397894E+16
       612.2500100    5.7597964E+16
       666.6700108    4.2463822E+16
       680.2800111    3.9415563E+16
       707.4900115    3.4842029E+16
       734.7000119    3.0379176E+16
       761.9100124    2.6219594E+16
       789.1200128    2.2703513E+16
       816.3300133    1.9717394E+16
       843.5400137    1.7171441E+16
       870.7500142    1.4993223E+16
       911.5700148    1.2288938E+16
       952.3900155    1.0124932E+16
       993.2000162    1.1899010E+16
      1020.4000166    1.0338853E+16
      1061.2000173    9.7605086E+15
      1088.4000177    8.4995513E+15
      1102.0000179    7.9400722E+15
      1115.7000181    7.4190148E+15
      1129.3000184    6.9403901E+15
      1142.9000186    6.4971055E+15
      1156.5000188    6.0862027E+15
      1170.1000190    5.7050287E+15
      1197.3000195    1.8187788E+16
      1210.9000197    1.7249048E+16
      1224.5000199    1.6346883E+16
      1227.2000200    1.6173406E+16
      1229.9000200    1.6001858E+16
      1232.7000200    1.5826000E+16
      1235.4000201    1.5658389E+16
      1238.1000201    1.5492703E+16
      1240.8000202    1.5328929E+16
      1243.5000202    1.5167054E+16
      1246.3000203    1.5001174E+16
      1249.0000203    1.4843117E+16
      1257.2000204    1.4374327E+16
      1259.9000205    1.4223600E+16
      1262.6000205    1.4074639E+16
      1270.8000207    1.3632836E+16
      1281.6000208    1.3074501E+16
      1289.8000210    1.2667727E+16
      1292.5000210    1.2536919E+16
      1295.2000211    1.2407631E+16
      1298.0000211    1.2275138E+16
      1300.7000212    1.2148883E+16
      1303.4000212    1.2024090E+16
      1306.1000212    1.1900739E+16
      1314.3000214    1.1534776E+16
      1330.6000216    1.0844394E+16
      1341.5000218    1.0408777E+16
      1355.1000220    9.8927270E+15
      1360.6000221    9.6922970E+15
      1371.4000223    9.3119497E+15
      1382.3000225    8.9451214E+15
      1390.5000226    8.6799335E+15
      1395.9000227    8.5101636E+15
      1404.1000228    8.2595104E+15
      1406.8000229    8.1788176E+15
      1409.5000229    8.0990171E+15
      1415.0000230    7.9391767E+15
      1417.7000231    7.8620203E+15
      1420.4000231    7.7857132E+15
      1423.1000231    7.7102448E+15
      1425.9000232    7.6328570E+15
      1428.6000232    7.5590657E+15
      1431.3000233    7.4860829E+15
      1436.7000234    7.3425021E+15
      1439.5000234    7.2692848E+15
      1442.2000235    7.1994652E+15
      1444.9000235    7.1304065E+15
      1447.6000235    7.0620977E+15
      1450.4000236    6.9920425E+15
      1453.1000236    6.9252353E+15
      1455.8000237    6.8591514E+15
      1458.5000237    6.7937825E+15
      1461.2000238    6.7291196E+15
      1466.7000239    6.5995480E+15
      1469.4000239    6.5369783E+15
      1472.1000239    6.4750809E+15
      1477.6000240    6.3510406E+15
      1480.3000241    6.2911371E+15
      1488.4000242    6.1152389E+15
      1491.2000242    6.0557385E+15
      1496.6000243    5.9428351E+15
      1551.0000252    4.9294183E+15
      1632.7000266    3.7547651E+15
      1823.1000296    2.0637066E+15
      2340.2000381    4.8812172E+14
      2829.9000460    1.2495405E+14
      3047.6000496    6.8312805E+13
      3700.7000602    0.0000000E+00
      4000.0000650    0.0000000E+00
 
