       12.5000002    5.1275406E+18
        15.0000002    5.0661356E+18
        20.0000003    2.3421453E+18
        25.0000004    1.9786322E+18
        30.0000005    2.5321258E+18
        35.0000006    2.5564377E+18
        40.0000007    2.5571812E+18
        45.0000007    2.4930357E+18
        50.0000008    2.2939365E+18
        55.0000009    1.9570048E+18
        60.0000010    1.5620681E+18
        65.0000011    1.2039045E+18
        70.0000011    9.2879664E+17
        75.0000012    3.7396911E+18
        80.0000013    3.9755748E+18
        85.0000014    4.1255331E+18
        90.0000015    4.4679232E+18
        95.2390015    4.5035075E+18
       100.6800016    4.1239718E+18
       114.2900019    3.3540424E+18
       119.7300019    3.1644143E+18
       122.4500020    3.0812791E+18
       125.1700020    3.0031668E+18
       127.8900021    2.9286361E+18
       130.6100021    2.8566200E+18
       133.3300022    2.7863340E+18
       136.0600022    2.7169672E+18
       146.9400024    2.4461871E+18
       149.6600024    2.3792722E+18
       155.1000025    2.2463424E+18
       157.8200026    2.1804562E+18
       160.5500026    2.1148306E+18
       165.9900027    2.5363259E+18
       171.4300028    2.4447303E+18
       176.8700029    2.5509585E+18
       179.5900029    2.5138602E+18
       182.3100030    2.4579552E+18
       185.0400030    2.3891233E+18
       187.7600031    2.3141036E+18
       190.4800031    2.2381723E+18
       195.9200032    2.0902762E+18
       198.6400032    2.0174513E+18
       204.0800033    1.8768422E+18
       206.8000034    1.8103882E+18
       209.5300034    1.7464863E+18
       212.2500035    1.6855350E+18
       214.9700035    1.6271822E+18
       220.4100036    1.5177998E+18
       225.8500037    1.4174460E+18
       236.7400038    1.4376627E+18
       247.6200040    1.2875372E+18
       258.5100042    1.1464360E+18
       272.1100044    9.9135171E+17
       285.7200046    8.5920807E+17
       299.3200049    7.4662048E+17
       312.9300051    6.5049025E+17
       340.1400055    4.9849706E+17
       353.7400058    4.3874235E+17
       380.9500062    3.4387556E+17
       394.5600064    3.0630686E+17
       408.1700066    2.7397687E+17
       435.3800071    2.2188413E+17
       462.5900075    1.8242599E+17
       476.1900077    1.6626538E+17
       489.8000080    1.5199365E+17
       503.4000082    1.3934923E+17
       517.0100084    1.2807837E+17
       557.8300091    1.0076859E+17
       571.4300093    9.3373955E+16
       585.0400095    8.6650115E+16
       612.2500100    7.4925971E+16
       666.6700108    5.6745190E+16
       680.2800111    5.3049018E+16
       707.4900115    4.9145344E+16
       734.7000119    4.3985237E+16
       761.9100124    3.8262313E+16
       789.1200128    3.3426354E+16
       816.3300133    2.9306662E+16
       843.5400137    2.5776044E+16
       870.7500142    2.2735351E+16
       911.5700148    1.8923613E+16
       952.3900155    1.5833181E+16
       993.2000162    2.1780529E+16
      1020.4000166    1.9028799E+16
      1061.2000173    1.8837344E+16
      1088.4000177    1.6489566E+16
      1102.0000179    1.5444059E+16
      1115.7000181    1.4467854E+16
      1129.3000184    1.3568875E+16
      1142.9000186    1.2734137E+16
      1156.5000188    1.1958451E+16
      1170.1000190    1.1237129E+16
      1197.3000195    3.0956997E+16
      1210.9000197    2.9481688E+16
      1224.5000199    2.8061508E+16
      1227.2000200    2.7787859E+16
      1229.9000200    2.7517042E+16
      1232.7000200    2.7239192E+16
      1235.4000201    2.6974149E+16
      1238.1000201    2.6711928E+16
      1240.8000202    2.6452515E+16
      1243.5000202    2.6195884E+16
      1246.3000203    2.5932665E+16
      1249.0000203    2.5681637E+16
      1257.2000204    2.4935753E+16
      1259.9000205    2.4695499E+16
      1262.6000205    2.4457839E+16
      1270.8000207    2.3751689E+16
      1281.6000208    2.2856429E+16
      1289.8000210    2.2202039E+16
      1292.5000210    2.1991242E+16
      1295.2000211    2.1782704E+16
      1298.0000211    2.1568789E+16
      1300.7000212    2.1364772E+16
      1303.4000212    2.1162936E+16
      1306.1000212    2.0963241E+16
      1314.3000214    2.0369737E+16
      1330.6000216    1.9245624E+16
      1341.5000218    1.8533158E+16
      1355.1000220    1.7685822E+16
      1360.6000221    1.7355702E+16
      1371.4000223    1.6727645E+16
      1382.3000225    1.6119841E+16
      1390.5000226    1.5679135E+16
      1395.9000227    1.5396401E+16
      1404.1000228    1.4978090E+16
      1406.8000229    1.4843197E+16
      1409.5000229    1.4709684E+16
      1415.0000230    1.4441923E+16
      1417.7000231    1.4312510E+16
      1420.4000231    1.4184418E+16
      1423.1000231    1.4057630E+16
      1425.9000232    1.3927507E+16
      1428.6000232    1.3803330E+16
      1431.3000233    1.3680413E+16
      1436.7000234    1.3438302E+16
      1439.5000234    1.3314689E+16
      1442.2000235    1.3196715E+16
      1444.9000235    1.3079932E+16
      1447.6000235    1.2964325E+16
      1450.4000236    1.2845667E+16
      1453.1000236    1.2732417E+16
      1455.8000237    1.2620304E+16
      1458.5000237    1.2509316E+16
      1461.2000238    1.2399440E+16
      1466.7000239    1.2179004E+16
      1469.4000239    1.2072428E+16
      1472.1000239    1.1966915E+16
      1477.6000240    1.1755219E+16
      1480.3000241    1.1652862E+16
      1488.4000242    1.1351837E+16
      1491.2000242    1.1249851E+16
      1496.6000243    1.1056102E+16
      1551.0000252    9.3028015E+15
      1632.7000266    7.2334486E+15
      1823.1000296    4.1591124E+15
      2340.2000381    1.1174981E+15
      2829.9000460    3.8627496E+14
      3047.6000496    2.5007252E+14
      3700.7000602    7.2720507E+13
      4000.0000650    3.3731788E+13
      4680.3000761    5.6800018E+11
      5006.8000814    0.0000000E+00
      5387.8000876    0.0000000E+00
 
