       12.5000002    3.7265088E+18
        15.0000002    5.2028824E+18
        20.0000003    3.7317364E+18
        25.0000004    2.1545693E+18
        30.0000005    2.1863451E+18
        35.0000006    2.1290947E+18
        40.0000007    2.0048495E+18
        45.0000007    1.8115817E+18
        50.0000008    1.5661848E+18
        55.0000009    1.3012662E+18
        60.0000010    1.0646717E+18
        65.0000011    8.8239237E+17
        70.0000011    7.5258760E+17
        75.0000012    6.3919614E+18
        80.0000013    6.4273426E+18
        85.0000014    5.6669231E+18
        90.0000015    4.8429639E+18
        95.2390015    4.0181897E+18
       100.6800016    3.2356810E+18
       114.2900019    1.8463978E+18
       119.7300019    1.4790798E+18
       122.4500020    1.3252350E+18
       125.1700020    1.1884074E+18
       127.8900021    1.0667242E+18
       130.6100021    9.5850751E+17
       133.3300022    8.6225688E+17
       136.0600022    7.7633547E+17
       146.9400024    5.1818169E+17
       149.6600024    4.7019859E+17
       155.1000025    3.8913634E+17
       157.8200026    3.5494919E+17
       160.5500026    3.2425079E+17
       165.9900027    8.5726063E+17
       171.4300028    7.6673729E+17
       176.8700029    9.2284815E+17
       179.5900029    8.7306013E+17
       182.3100030    8.2273081E+17
       185.0400030    7.7392954E+17
       187.7600031    7.2785045E+17
       190.4800031    6.8453264E+17
       195.9200032    6.0592086E+17
       198.6400032    5.7031112E+17
       204.0800033    5.0569344E+17
       206.8000034    4.7639636E+17
       209.5300034    4.4882845E+17
       212.2500035    4.2306709E+17
       214.9700035    3.9889323E+17
       220.4100036    3.5489150E+17
       225.8500037    3.1606826E+17
       236.7400038    4.2297453E+17
       247.6200040    3.6201771E+17
       258.5100042    3.1027101E+17
       272.1100044    2.5677936E+17
       285.7200046    2.1319488E+17
       299.3200049    1.7754577E+17
       312.9300051    1.4822374E+17
       340.1400055    1.0406773E+17
       353.7400058    8.7504899E+16
       380.9500062    6.2272134E+16
       394.5600064    5.2695456E+16
       408.1700066    4.4682684E+16
       435.3800071    3.2318010E+16
       462.5900075    2.3545707E+16
       476.1900077    2.0146251E+16
       489.8000080    1.7260622E+16
       503.4000082    1.4809577E+16
       517.0100084    1.2720323E+16
       557.8300091    8.1115762E+15
       571.4300093    6.9920135E+15
       585.0400095    6.0321151E+15
       612.2500100    4.4897932E+15
       666.6700108    2.4862470E+15
       680.2800111    2.1399489E+15
       707.4900115    1.5794624E+15
       734.7000119    1.1533300E+15
       761.9100124    8.2799225E+14
       789.1200128    5.7687625E+14
       816.3300133    3.7862157E+14
       843.5400137    2.1184309E+14
 
