       12.5000002    4.3265719E+18
        15.0000002    6.4875128E+18
        20.0000003    5.1535380E+18
        25.0000004    3.5998651E+18
        30.0000005    3.5217074E+18
        35.0000006    2.9088856E+18
        40.0000007    2.2983755E+18
        45.0000007    1.7367741E+18
        50.0000008    1.2911054E+18
        55.0000009    9.6738813E+17
        60.0000010    7.3953990E+17
        65.0000011    5.7755628E+17
        70.0000011    4.5844515E+17
        75.0000012    5.4641350E+17
        80.0000013    3.9691961E+17
        85.0000014    2.9326294E+17
        90.0000015    2.2034560E+17
        95.2390015    1.6501735E+17
       100.6800016    1.2262327E+17
       114.2900019    5.6601519E+16
       119.7300019    4.0195031E+16
       122.4500020    3.3404866E+16
       125.1700020    2.7378318E+16
       127.8900021    2.1990099E+16
       130.6100021    1.7107688E+16
       133.3300022    1.2560842E+16
       136.0600022    8.0067355E+15
 
