       80.0000013    1.1208321E-03
        85.0000014    6.0942053E-04
        90.0000015    3.4804334E-04
        95.2390015    2.0367984E-04
       100.6800016    1.2293208E-04
       114.2900019    4.1954037E-05
       119.7300019    2.8891885E-05
       122.4500020    2.4192363E-05
       125.1700020    2.0361622E-05
       127.8900021    1.7216204E-05
       130.6100021    1.4616479E-05
       133.3300022    1.2455057E-05
       136.0600022    1.0642417E-05
       146.9400024    4.7357709E-05
       149.6600024    3.9550181E-05
       155.1000025    2.7754530E-05
       157.8200026    2.3330800E-05
       160.5500026    1.9644673E-05
       165.9900027    1.4037455E-05
       171.4300028    1.0114982E-05
       176.8700029    7.3465576E-06
       179.5900029    6.2788695E-06
       182.3100030    5.3762483E-06
       185.0400030    4.6091041E-06
       187.7600031    3.9606298E-06
       190.4800031    3.4092914E-06
       195.9200032    2.5389454E-06
       198.6400032    2.1964106E-06
       204.0800033    6.9599337E-06
       206.8000034    6.1968703E-06
       209.5300034    5.5127853E-06
       212.2500035    4.9080709E-06
       214.9700035    4.3727696E-06
       220.4100036    3.4801806E-06
       225.8500037    2.7803503E-06
       236.7400038    1.7940371E-06
       247.6200040    1.1746612E-06
       258.5100042    7.7899665E-07
       272.1100044    4.7441276E-07
       285.7200046    2.9387971E-07
       299.3200049    1.8503863E-07
       312.9300051    1.1819493E-07
       340.1400055    5.0204207E-08
       353.7400058    3.3322923E-08
       380.9500062    1.5158891E-08
       394.5600064    1.0375595E-08
       408.1700066    7.1665029E-09
       435.3800071    3.5067731E-09
       462.5900075    1.7684010E-09
       476.1900077    1.2687082E-09
       489.8000080    9.1559910E-10
       503.4000082    6.6470468E-10
       517.0100084    4.8500315E-10
       557.8300091    1.9366567E-10
       571.4300093    1.4373019E-10
       585.0400095    1.0697851E-10
       612.2500100    5.9724788E-11
       666.6700108    1.8937941E-11
       680.2800111    1.4218147E-11
       707.4900115    7.9894008E-12
       734.7000119    4.4511695E-12
       761.9100124    2.4374999E-12
       789.1200128    1.2995994E-12
       816.3300133    6.6079428E-13
       843.5400137    3.0630701E-13
       870.7500142    1.1242379E-13
 
