       80.0000013    2.5510392E+00
        85.0000014    1.7182053E+00
        90.0000015    1.1684773E+00
        95.2390015    7.8836489E-01
       100.6800016    5.2987558E-01
       114.2900019    2.0593795E-01
       119.7300019    1.4375815E-01
       122.4500020    1.2054929E-01
       125.1700020    1.0132355E-01
       127.8900021    8.5356705E-02
       130.6100021    7.2063327E-02
       133.3300022    6.0968991E-02
       136.0600022    5.1656958E-02
       146.9400024    4.8803817E-02
       149.6600024    4.3680090E-02
       155.1000025    3.4789145E-02
       157.8200026    3.1063288E-02
       160.5500026    2.7758798E-02
       165.9900027    2.2284567E-02
       171.4300028    1.8002369E-02
       176.8700029    1.4631829E-02
       179.5900029    1.3219662E-02
       182.3100030    1.1960082E-02
       185.0400030    1.0830742E-02
       187.7600031    9.8238913E-03
       190.4800031    8.9212880E-03
       195.9200032    7.3821321E-03
       198.6400032    6.7258915E-03
       204.0800033    6.0604857E-03
       206.8000034    5.5250498E-03
       209.5300034    5.0315023E-03
       212.2500035    4.5851981E-03
       214.9700035    4.1818856E-03
       220.4100036    3.4896277E-03
       225.8500037    2.9254640E-03
       236.7400038    2.0842850E-03
       247.6200040    1.5120037E-03
       258.5100042    1.1145835E-03
       272.1100044    7.7747251E-04
       285.7200046    5.5327266E-04
       299.3200049    4.0078163E-04
       312.9300051    2.9465716E-04
       340.1400055    1.6531032E-04
       353.7400058    1.2573105E-04
       380.9500062    7.4509946E-05
       394.5600064    5.7954170E-05
       408.1700066    4.5350938E-05
       435.3800071    2.8230388E-05
       462.5900075    1.7914679E-05
       476.1900077    1.4365867E-05
       489.8000080    1.1565353E-05
       503.4000082    9.3487733E-06
       517.0100084    7.5843327E-06
       557.8300091    4.1373842E-06
       571.4300093    3.4037635E-06
       585.0400095    2.8087902E-06
       612.2500100    1.9306995E-06
       666.6700108    9.4440753E-07
       680.2800111    7.9513239E-07
       707.4900115    5.6803685E-07
       734.7000119    4.0977940E-07
       761.9100124    2.9836644E-07
       789.1200128    2.1916524E-07
       816.3300133    1.6233868E-07
       843.5400137    1.2120454E-07
       870.7500142    9.1178343E-08
       911.5700148    6.0287014E-08
       952.3900155    4.0464087E-08
       993.2000162    2.7543306E-08
      1020.4000166    2.1470088E-08
      1061.2000173    1.4928625E-08
      1088.4000177    1.1793251E-08
      1102.0000179    1.0501499E-08
      1115.7000181    9.3547010E-09
      1129.3000184    8.3500975E-09
      1142.9000186    7.4620345E-09
      1156.5000188    6.6760082E-09
      1170.1000190    5.9794396E-09
      1197.3000195    4.8124038E-09
      1210.9000197    4.3241601E-09
      1224.5000199    3.8894590E-09
      1227.2000200    3.8089638E-09
      1229.9000200    3.7302827E-09
      1232.7000200    3.6505563E-09
      1235.4000201    3.5754351E-09
      1238.1000201    3.5019971E-09
      1240.8000202    3.4302019E-09
      1243.5000202    3.3600094E-09
      1246.3000203    3.2888690E-09
      1249.0000203    3.2218228E-09
      1257.2000204    3.6672876E-09
      1259.9000205    3.5954493E-09
      1262.6000205    3.5229668E-09
      1270.8000207    3.3075023E-09
      1281.6000208    3.0426741E-09
      1289.8000210    3.1227974E-09
      1292.5000210    3.0599199E-09
      1295.2000211    2.9976053E-09
      1298.0000211    2.9339868E-09
      1300.7000212    2.8737976E-09
      1303.4000212    2.8148268E-09
      1306.1000212    2.7571030E-09
      1314.3000214    2.5893900E-09
      1330.6000216    2.2879423E-09
      1341.5000218    2.1078062E-09
      1355.1000220    1.9044111E-09
      1360.6000221    1.8283206E-09
      1371.4000223    1.6883749E-09
      1382.3000225    1.5588967E-09
      1390.5000226    1.4686380E-09
      1395.9000227    1.4123229E-09
      1404.1000228    1.3312657E-09
      1406.8000229    1.3056993E-09
      1409.5000229    1.2806685E-09
      1415.0000230    1.2312857E-09
      1417.7000231    1.2078080E-09
      1420.4000231    1.1848186E-09
      1423.1000231    1.1623066E-09
      1425.9000232    1.1394535E-09
      1428.6000232    1.1178811E-09
      1431.3000233    1.0967544E-09
      1436.7000234    1.0557983E-09
      1439.5000234    1.0352227E-09
      1442.2000235    1.0157964E-09
      1444.9000235    9.9676811E-10
      1447.6000235    9.7812891E-10
      1450.4000236    9.5920116E-10
      1453.1000236    9.4132824E-10
      1455.8000237    5.1491824E-09
      1458.5000237    5.0965232E-09
      1461.2000238    5.0289648E-09
      1466.7000239    4.8711661E-09
      1469.4000239    4.7904667E-09
      1472.1000239    4.7096553E-09
      1477.6000240    4.5471973E-09
      1480.3000241    4.4690993E-09
      1488.4000242    4.2425956E-09
      1491.2000242    4.1671004E-09
      1496.6000243    4.0255244E-09
      1551.0000252    2.8557849E-09
      1632.7000266    1.7335828E-09
      1823.1000296    5.8591998E-10
      2340.2000381    4.8619074E-11
      2829.9000460    7.0959870E-12
      3047.6000496    3.3117070E-12
      3700.7000602    4.3169225E-13
      4000.0000650    1.8295094E-13
      4680.3000761    2.8383031E-14
      5006.8000814    9.9272109E-15
      5387.8000876    0.0000000E+00
 
