       80.0000013    1.2027325E-04
        85.0000014    7.2272509E-05
        90.0000015    4.5451397E-05
        95.2390015    2.9000947E-05
       100.6800016    1.8730661E-05
       114.2900019    6.8519385E-06
       119.7300019    4.6997720E-06
       122.4500020    3.9086649E-06
       125.1700020    3.2590306E-06
       127.8900021    2.7239164E-06
       130.6100021    2.2818699E-06
       133.3300022    1.9157274E-06
       136.0600022    1.6106746E-06
       146.9400024    3.6015429E-06
       149.6600024    2.9564446E-06
       155.1000025    2.0056395E-06
       157.8200026    1.6581213E-06
       160.5500026    1.3732740E-06
       165.9900027    9.5014843E-07
       171.4300028    6.6348071E-07
       176.8700029    4.6734309E-07
       179.5900029    3.9344786E-07
       182.3100030    3.3189758E-07
       185.0400030    2.8034722E-07
       187.7600031    2.3739885E-07
       190.4800031    2.0140025E-07
       195.9200032    1.4572706E-07
       198.6400032    1.2428001E-07
       204.0800033    6.0569852E-07
       206.8000034    5.3076855E-07
       209.5300034    4.6442273E-07
       212.2500035    4.0658153E-07
       214.9700035    3.5613314E-07
       220.4100036    2.7390922E-07
       225.8500037    2.1146624E-07
       236.7400038    1.2745299E-07
       247.6200040    7.7991004E-08
       258.5100042    4.8350781E-08
       272.1100044    2.7072488E-08
       285.7200046    1.5410697E-08
       299.3200049    8.9060652E-09
       312.9300051    5.2096238E-09
       340.1400055    1.8347074E-09
       353.7400058    1.0993838E-09
       380.9500062    3.9705814E-10
       394.5600064    2.3793617E-10
       408.1700066    1.4167011E-10
       435.3800071    4.8305002E-11
       462.5900075    1.4663267E-11
       476.1900077    7.2726621E-12
       489.8000080    2.9017724E-12
 
