       80.0000013    7.3062253E-01
        85.0000014    4.6177661E-01
        90.0000015    2.9626587E-01
        95.2390015    1.8897806E-01
       100.6800016    1.2034844E-01
       114.2900019    4.1448362E-02
       119.7300019    2.7677534E-02
       122.4500020    2.2714067E-02
       125.1700020    1.8691335E-02
       127.8900021    1.5421364E-02
       130.6100021    1.2755712E-02
       133.3300022    1.0576750E-02
       136.0600022    8.7849880E-03
       146.9400024    1.4415854E-02
       149.6600024    1.2931427E-02
       155.1000025    1.0268373E-02
       157.8200026    9.1370428E-03
       160.5500026    8.1301071E-03
       165.9900027    6.4592008E-03
       171.4300028    5.1538935E-03
       176.8700029    4.1309339E-03
       179.5900029    3.7044119E-03
       182.3100030    3.3254446E-03
       185.0400030    2.9871385E-03
       187.7600031    2.6869709E-03
       190.4800031    2.4192834E-03
       195.9200032    1.9666573E-03
       198.6400032    1.7755027E-03
       204.0800033    1.5457051E-03
       206.8000034    1.4076153E-03
       209.5300034    1.2831031E-03
       212.2500035    1.1715791E-03
       214.9700035    1.0711666E-03
       220.4100036    8.9884206E-04
       225.8500037    7.5785111E-04
       236.7400038    5.4557819E-04
       247.6200040    3.9884186E-04
       258.5100042    2.9526738E-04
       272.1100044    2.0597837E-04
       285.7200046    1.4576163E-04
       299.3200049    1.0446956E-04
       312.9300051    7.5676966E-05
       340.1400055    4.0854400E-05
       353.7400058    3.0396297E-05
       380.9500062    1.7195796E-05
       394.5600064    1.3063887E-05
       408.1700066    9.9873532E-06
       435.3800071    5.9424910E-06
       462.5900075    3.6141239E-06
       476.1900077    2.8404659E-06
       489.8000080    2.2428721E-06
       503.4000082    1.7795985E-06
       517.0100084    1.4181276E-06
       557.8300091    7.3617974E-07
       571.4300093    5.9645032E-07
       585.0400095    4.8498322E-07
       612.2500100    3.2416213E-07
       666.6700108    1.5069655E-07
       680.2800111    1.2538510E-07
       707.4900115    8.7561531E-08
       734.7000119    6.1816607E-08
       761.9100124    4.4091635E-08
       789.1200128    3.1755896E-08
       816.3300133    2.3082757E-08
       843.5400137    1.6925517E-08
       870.7500142    1.2514072E-08
       911.5700148    8.0730285E-09
       952.3900155    5.2948286E-09
       993.2000162    3.5269592E-09
      1020.4000166    2.7119964E-09
      1061.2000173    1.8495224E-09
      1088.4000177    1.4433357E-09
      1102.0000179    1.2776724E-09
      1115.7000181    1.1315422E-09
      1129.3000184    1.0043354E-09
      1142.9000186    8.9257440E-10
      1156.5000188    7.9424800E-10
      1170.1000190    7.0762407E-10
      1197.3000195    5.6370997E-10
      1210.9000197    5.0401233E-10
      1224.5000199    4.5114770E-10
      1227.2000200    4.4139023E-10
      1229.9000200    4.3186260E-10
      1232.7000200    4.2221865E-10
      1235.4000201    4.1314130E-10
      1238.1000201    4.0427653E-10
      1240.8000202    3.9561893E-10
      1243.5000202    3.8716325E-10
      1246.3000203    3.7860223E-10
      1249.0000203    3.7054229E-10
      1257.2000204    3.8755268E-10
      1259.9000205    3.7952791E-10
      1262.6000205    3.7154116E-10
      1270.8000207    3.4805409E-10
      1281.6000208    3.1936859E-10
      1289.8000210    3.1629363E-10
      1292.5000210    3.0969666E-10
      1295.2000211    3.0319472E-10
      1298.0000211    2.9657773E-10
      1300.7000212    2.9032965E-10
      1303.4000212    2.8421596E-10
      1306.1000212    2.7823741E-10
      1314.3000214    2.6089308E-10
      1330.6000216    2.2980384E-10
      1341.5000218    2.1127976E-10
      1355.1000220    1.9041638E-10
      1360.6000221    1.8262668E-10
      1371.4000223    1.6832270E-10
      1382.3000225    1.5511636E-10
      1390.5000226    1.4592688E-10
      1395.9000227    1.4020052E-10
      1404.1000228    1.3196839E-10
      1406.8000229    1.2937444E-10
      1409.5000229    1.2683604E-10
      1415.0000230    1.2183168E-10
      1417.7000231    1.1945420E-10
      1420.4000231    1.1712725E-10
      1423.1000231    1.1484970E-10
      1425.9000232    1.1253872E-10
      1428.6000232    1.1035827E-10
      1431.3000233    1.0822384E-10
      1436.7000234    1.0408888E-10
      1439.5000234    1.0201279E-10
      1442.2000235    1.0005374E-10
      1444.9000235    9.8135673E-11
      1447.6000235    9.6257662E-11
      1450.4000236    9.4351436E-11
      1453.1000236    9.2552244E-11
      1455.8000237    5.5858862E-10
      1458.5000237    5.5271693E-10
      1461.2000238    5.4516003E-10
      1466.7000239    5.2744686E-10
      1469.4000239    5.1837512E-10
      1472.1000239    5.0928867E-10
      1477.6000240    4.9102583E-10
      1480.3000241    4.8225129E-10
      1488.4000242    4.5683066E-10
      1491.2000242    4.4836845E-10
      1496.6000243    4.3251547E-10
      1551.0000252    3.0250188E-10
      1632.7000266    1.7984086E-10
      1823.1000296    5.7893031E-11
      2340.2000381    4.1180540E-12
      2829.9000460    4.9605269E-13
      3047.6000496    2.0632359E-13
      3700.7000602    8.0821614E-15
      4000.0000650    0.0000000E+00
      4680.3000761    0.0000000E+00
      5006.8000814    0.0000000E+00
      5387.8000876    0.0000000E+00
 
