       80.0000013    4.0630040E-01
        85.0000014    2.5101769E-01
        90.0000015    1.5770793E-01
        95.2390015    9.8554082E-02
       100.6800016    6.1510906E-02
       114.2900019    2.0213602E-02
       119.7300019    1.3262316E-02
       122.4500020    1.0791333E-02
       125.1700020    8.8061998E-03
       127.8900021    7.2065052E-03
       130.6100021    5.9136166E-03
       133.3300022    4.8657246E-03
       136.0600022    4.0112548E-03
       146.9400024    8.7227868E-03
       149.6600024    7.7775046E-03
       155.1000025    6.1076214E-03
       157.8200026    5.4061064E-03
       160.5500026    4.7853575E-03
       165.9900027    3.7630796E-03
       171.4300028    2.9720708E-03
       176.8700029    2.3578617E-03
       179.5900029    2.1035699E-03
       182.3100030    1.8786780E-03
       185.0400030    1.6788540E-03
       187.7600031    1.5023965E-03
       190.4800031    1.3457816E-03
       195.9200032    1.0828369E-03
       198.6400032    9.7261224E-04
       204.0800033    9.0019929E-04
       206.8000034    8.2032726E-04
       209.5300034    7.4819248E-04
       212.2500035    6.8348041E-04
       214.9700035    6.2512292E-04
       220.4100036    5.2473700E-04
       225.8500037    4.4235445E-04
       236.7400038    3.1786566E-04
       247.6200040    2.3151551E-04
       258.5100042    1.7048971E-04
       272.1100044    1.1794773E-04
       285.7200046    8.2661922E-05
       299.3200049    5.8624832E-05
       312.9300051    4.2003212E-05
       340.1400055    2.2176508E-05
       353.7400058    1.6320460E-05
       380.9500062    9.0409039E-06
       394.5600064    6.8000745E-06
       408.1700066    5.1486140E-06
       435.3800071    3.0077363E-06
       462.5900075    1.7981808E-06
       476.1900077    1.4017888E-06
       489.8000080    1.0981639E-06
       503.4000082    8.6469299E-07
       517.0100084    6.8396378E-07
       557.8300091    3.4768797E-07
       571.4300093    2.7984544E-07
       585.0400095    2.2609424E-07
       612.2500100    1.4928276E-07
       666.6700108    6.7867454E-08
       680.2800111    5.6178497E-08
       707.4900115    3.8849791E-08
       734.7000119    2.7177645E-08
       761.9100124    1.9220334E-08
       789.1200128    1.3733419E-08
       816.3300133    9.9089261E-09
       843.5400137    7.2157742E-09
       870.7500142    5.3007922E-09
       911.5700148    3.3893159E-09
       952.3900155    2.2049711E-09
       993.2000162    1.4578301E-09
      1020.4000166    1.1157282E-09
      1061.2000173    7.5582074E-10
      1088.4000177    5.8730082E-10
      1102.0000179    5.1879590E-10
      1115.7000181    4.5849399E-10
      1129.3000184    4.0610787E-10
      1142.9000186    3.6017400E-10
      1156.5000188    3.1984057E-10
      1170.1000190    2.8437544E-10
      1197.3000195    2.2561715E-10
      1210.9000197    2.0131202E-10
      1224.5000199    1.7982800E-10
      1227.2000200    1.7586695E-10
      1229.9000200    1.7200058E-10
      1232.7000200    1.6808842E-10
      1235.4000201    1.6440746E-10
      1238.1000201    1.6081396E-10
      1240.8000202    1.5730570E-10
      1243.5000202    1.5388046E-10
      1246.3000203    1.5041382E-10
      1249.0000203    1.4715125E-10
      1257.2000204    1.5008080E-10
      1259.9000205    1.4690039E-10
      1262.6000205    1.4374923E-10
      1270.8000207    1.3451544E-10
      1281.6000208    1.2326430E-10
      1289.8000210    1.2064831E-10
      1292.5000210    1.1808740E-10
      1295.2000211    1.1556839E-10
      1298.0000211    1.1300778E-10
      1300.7000212    1.1059172E-10
      1303.4000212    1.0822883E-10
      1306.1000212    1.0591907E-10
      1314.3000214    9.9222248E-11
      1330.6000216    8.7231812E-11
      1341.5000218    8.0096110E-11
      1355.1000220    7.2067921E-11
      1360.6000221    6.9073094E-11
      1371.4000223    6.3577831E-11
      1382.3000225    5.8509267E-11
      1390.5000226    5.4985478E-11
      1395.9000227    5.2790952E-11
      1404.1000228    4.9638259E-11
      1406.8000229    4.8645348E-11
      1409.5000229    4.7673959E-11
      1415.0000230    4.5759643E-11
      1417.7000231    4.4850533E-11
      1420.4000231    4.3960977E-11
      1423.1000231    4.3090542E-11
      1425.9000232    4.2207557E-11
      1428.6000232    4.1374681E-11
      1431.3000233    4.0559583E-11
      1436.7000234    3.8981159E-11
      1439.5000234    3.8189053E-11
      1442.2000235    3.7441730E-11
      1444.9000235    3.6710242E-11
      1447.6000235    3.5994232E-11
      1450.4000236    3.5267664E-11
      1453.1000236    3.4582084E-11
      1455.8000237    2.1471069E-10
      1458.5000237    2.1237898E-10
      1461.2000238    2.0939331E-10
      1466.7000239    2.0241085E-10
      1469.4000239    1.9883842E-10
      1472.1000239    1.9526177E-10
      1477.6000240    1.8807736E-10
      1480.3000241    1.8462752E-10
      1488.4000242    1.7464048E-10
      1491.2000242    1.7131851E-10
      1496.6000243    1.6509889E-10
      1551.0000252    1.1430824E-10
      1632.7000266    6.6888509E-11
      1823.1000296    2.0701918E-11
      2340.2000381    1.3147573E-12
      2829.9000460    1.2652963E-13
      3047.6000496    4.2633652E-14
      3700.7000602    0.0000000E+00
      4000.0000650    0.0000000E+00
 
