       80.0000013    2.9352253E-02
        85.0000014    1.6594550E-02
        90.0000015    9.5803393E-03
        95.2390015    5.5051269E-03
       100.6800016    3.1681275E-03
       114.2900019    8.8078313E-04
       119.7300019    5.5057323E-04
       122.4500020    4.3933030E-04
       125.1700020    3.5275045E-04
       127.8900021    2.8500968E-04
       130.6100021    2.3172509E-04
       133.3300022    1.8958437E-04
       136.0600022    1.5596418E-04
       146.9400024    8.9810631E-04
       149.6600024    7.7302085E-04
       155.1000025    5.7308195E-04
       157.8200026    4.9444183E-04
       160.5500026    4.2706219E-04
       165.9900027    3.2050943E-04
       171.4300028    2.4205484E-04
       176.8700029    1.8388426E-04
       179.5900029    1.6060950E-04
       182.3100030    1.4046986E-04
       185.0400030    1.2295730E-04
       187.7600031    1.0781881E-04
       190.4800031    9.4662559E-05
       195.9200032    7.3236770E-05
       198.6400032    6.4531981E-05
       204.0800033    1.0423846E-04
       206.8000034    9.4318850E-05
       209.5300034    8.5331383E-05
       212.2500035    7.7278462E-05
       214.9700035    7.0039758E-05
       220.4100036    5.7672503E-05
       225.8500037    4.7639034E-05
       236.7400038    3.2782507E-05
       247.6200040    2.2813692E-05
       258.5100042    1.6031598E-05
       272.1100044    1.0456031E-05
       285.7200046    6.9122748E-06
       299.3200049    4.6308337E-06
       312.9300051    3.1399491E-06
       340.1400055    1.4947577E-06
       353.7400058    1.0482305E-06
       380.9500062    5.3090014E-07
       394.5600064    3.8307064E-07
       408.1700066    2.7881575E-07
       435.3800071    1.5138787E-07
       462.5900075    8.4700254E-08
       476.1900077    6.4021130E-08
       489.8000080    4.8694737E-08
       503.4000082    3.7273647E-08
       517.0100084    2.8693639E-08
       557.8300091    1.3525319E-08
       571.4300093    1.0633353E-08
       585.0400095    8.3970813E-09
       612.2500100    5.3064242E-09
       666.6700108    2.2216899E-09
       680.2800111    1.8030009E-09
       707.4900115    1.1992743E-09
       734.7000119    8.0748502E-10
       761.9100124    5.4987997E-10
       789.1200128    3.7842943E-10
       816.3300133    2.6302413E-10
       843.5400137    1.8450708E-10
       870.7500142    1.3055643E-10
       911.5700148    7.8890922E-11
       952.3900155    4.8477476E-11
       993.2000162    3.0252419E-11
      1020.4000166    2.2268087E-11
      1061.2000173    1.4215965E-11
      1088.4000177    1.0610902E-11
      1102.0000179    9.1845490E-12
      1115.7000181    7.9511224E-12
      1129.3000184    6.8985841E-12
      1142.9000186    5.9920458E-12
      1156.5000188    5.2102159E-12
      1170.1000190    4.5350668E-12
      1197.3000195    3.4459527E-12
      1210.9000197    3.0079511E-12
      1224.5000199    2.6278897E-12
      1227.2000200    2.5586074E-12
      1229.9000200    2.4912318E-12
      1232.7000200    2.4233152E-12
      1235.4000201    2.3596537E-12
      1238.1000201    2.2977360E-12
      1240.8000202    2.2375118E-12
      1243.5000202    2.1789322E-12
      1246.3000203    2.1198696E-12
      1249.0000203    2.0644957E-12
      1257.2000204    1.9597139E-12
      1259.9000205    1.9089277E-12
      1262.6000205    1.8593109E-12
      1270.8000207    1.7162078E-12
      1281.6000208    1.5447167E-12
      1289.8000210    1.4494710E-12
      1292.5000210    1.4120820E-12
      1295.2000211    1.3756150E-12
      1298.0000211    1.3387819E-12
      1300.7000212    1.3042074E-12
      1303.4000212    1.2705433E-12
      1306.1000212    1.2377701E-12
      1314.3000214    1.1434720E-12
      1330.6000216    9.7739330E-13
      1341.5000218    8.8038311E-13
      1355.1000220    7.7305881E-13
      1360.6000221    7.3355634E-13
      1371.4000223    6.5735010E-13
      1382.3000225    5.9234648E-13
      1390.5000226    5.4777797E-13
      1395.9000227    5.2029903E-13
      1404.1000228    4.8121359E-13
      1406.8000229    4.6900428E-13
      1409.5000229    4.5710760E-13
      1415.0000230    4.3380647E-13
      1417.7000231    4.2280944E-13
      1420.4000231    4.1209297E-13
      1423.1000231    4.0164972E-13
      1425.9000232    3.9110056E-13
      1428.6000232    3.8119180E-13
      1431.3000233    3.7153500E-13
      1436.7000234    3.5295112E-13
      1439.5000234    3.4368463E-13
      1442.2000235    3.3497979E-13
      1444.9000235    3.2649542E-13
      1447.6000235    3.1822583E-13
      1450.4000236    3.0987081E-13
      1453.1000236    3.0202156E-13
      1455.8000237    2.0024655E-12
      1458.5000237    1.9688136E-12
      1461.2000238    1.9292205E-12
      1466.7000239    1.8410733E-12
      1469.4000239    1.7970082E-12
      1472.1000239    1.7532964E-12
      1477.6000240    1.6664144E-12
      1480.3000241    1.6250662E-12
      1488.4000242    1.5065990E-12
      1491.2000242    1.4675931E-12
      1496.6000243    1.3951084E-12
      1551.0000252    8.3357155E-13
      1632.7000266    3.7526671E-13
      1823.1000296    3.4642496E-14
 
