       80.0000013    3.4298041E+00
        85.0000014    2.3540585E+00
        90.0000015    1.6290364E+00
        95.2390015    1.1177602E+00
       100.6800016    7.6346427E-01
       114.2900019    3.0741152E-01
       119.7300019    2.1733262E-01
       122.4500020    1.8336293E-01
       125.1700020    1.5504403E-01
       127.8900021    1.3138017E-01
       130.6100021    1.1156026E-01
       133.3300022    9.4922125E-02
       136.0600022    8.0876760E-02
       146.9400024    6.9468632E-02
       149.6600024    6.1978940E-02
       155.1000025    4.9159463E-02
       157.8200026    4.3834239E-02
       160.5500026    3.9130278E-02
       165.9900027    3.1373333E-02
       171.4300028    2.5334528E-02
       176.8700029    2.0598097E-02
       179.5900029    1.8617742E-02
       182.3100030    1.6853234E-02
       185.0400030    1.5272539E-02
       187.7600031    1.3864240E-02
       190.4800031    1.2602382E-02
       195.9200032    1.0451497E-02
       198.6400032    9.5345341E-03
       204.0800033    8.9160101E-03
       206.8000034    8.1512872E-03
       209.5300034    7.4345041E-03
       212.2500035    6.7805699E-03
       214.9700035    6.1865444E-03
       220.4100036    5.1624198E-03
       225.8500037    4.3249647E-03
       236.7400038    3.0736271E-03
       247.6200040    2.2219822E-03
       258.5100042    1.6316229E-03
       272.1100044    1.1327809E-03
       285.7200046    8.0294232E-04
       299.3200049    5.8003876E-04
       312.9300051    4.2587254E-04
       340.1400055    2.3929006E-04
       353.7400058    1.8247523E-04
       380.9500062    1.0900677E-04
       394.5600064    8.5211468E-05
       408.1700066    6.7044755E-05
       435.3800071    4.2224019E-05
       462.5900075    2.7118669E-05
       476.1900077    2.1876551E-05
       489.8000080    1.7715465E-05
       503.4000082    1.4402387E-05
       517.0100084    1.1749410E-05
       557.8300091    6.5103095E-06
       571.4300093    5.3817612E-06
       585.0400095    4.4616031E-06
       612.2500100    3.0934723E-06
       666.6700108    1.5363586E-06
       680.2800111    1.2979281E-06
       707.4900115    9.3316874E-07
       734.7000119    6.7716581E-07
       761.9100124    4.9575351E-07
       789.1200128    3.6600952E-07
       816.3300133    2.7240202E-07
       843.5400137    2.0429529E-07
       870.7500142    1.5434280E-07
       911.5700148    1.0267160E-07
       952.3900155    6.9308037E-08
       993.2000162    4.7435471E-08
      1020.4000166    3.7106567E-08
      1061.2000173    2.5933701E-08
      1088.4000177    2.0555255E-08
      1102.0000179    1.8333758E-08
      1115.7000181    1.6358317E-08
      1129.3000184    1.4625012E-08
      1142.9000186    1.3090330E-08
      1156.5000188    1.1729825E-08
      1170.1000190    1.0522265E-08
      1197.3000195    8.4944816E-09
      1210.9000197    7.6441378E-09
      1224.5000199    6.8858941E-09
      1227.2000200    6.7453585E-09
      1229.9000200    6.6079489E-09
      1232.7000200    6.4686718E-09
      1235.4000201    6.3373995E-09
      1238.1000201    6.2090306E-09
      1240.8000202    6.0834959E-09
      1243.5000202    5.9607275E-09
      1246.3000203    5.8362630E-09
      1249.0000203    5.7189276E-09
      1257.2000204    6.7117925E-09
      1259.9000205    6.5825541E-09
      1262.6000205    6.4515535E-09
      1270.8000207    6.0608598E-09
      1281.6000208    5.5798255E-09
      1289.8000210    5.7945142E-09
      1292.5000210    5.6790910E-09
      1295.2000211    5.5645080E-09
      1298.0000211    5.4474207E-09
      1300.7000212    5.3365863E-09
      1303.4000212    5.2279576E-09
      1306.1000212    5.1215978E-09
      1314.3000214    4.8124527E-09
      1330.6000216    4.2563615E-09
      1341.5000218    3.9237715E-09
      1355.1000220    3.5479502E-09
      1360.6000221    3.4072700E-09
      1371.4000223    3.1484015E-09
      1382.3000225    2.9087377E-09
      1390.5000226    2.7415725E-09
      1395.9000227    2.6372309E-09
      1404.1000228    2.4869868E-09
      1406.8000229    2.4395830E-09
      1409.5000229    2.3931648E-09
      1415.0000230    2.3015658E-09
      1417.7000231    2.2580071E-09
      1420.4000231    2.2153479E-09
      1423.1000231    2.1735680E-09
      1425.9000232    2.1311488E-09
      1428.6000232    2.0911002E-09
      1431.3000233    2.0518731E-09
      1436.7000234    1.9758104E-09
      1439.5000234    1.9375890E-09
      1442.2000235    1.9014972E-09
      1444.9000235    1.8661392E-09
      1447.6000235    1.8314992E-09
      1450.4000236    1.7963175E-09
      1453.1000236    1.7630915E-09
      1455.8000237    9.3111359E-09
      1458.5000237    9.2165502E-09
      1461.2000238    9.0954506E-09
      1466.7000239    8.8131022E-09
      1469.4000239    8.6688168E-09
      1472.1000239    8.5243546E-09
      1477.6000240    8.2339389E-09
      1480.3000241    8.0943074E-09
      1488.4000242    7.6892057E-09
      1491.2000242    7.5541244E-09
      1496.6000243    7.3007200E-09
      1551.0000252    5.2017062E-09
      1632.7000266    3.1764964E-09
      1823.1000296    1.0861652E-09
      2340.2000381    9.2190020E-11
      2829.9000460    1.3749694E-11
      3047.6000496    6.5019760E-12
      3700.7000602    8.8564941E-13
      4000.0000650    3.9191228E-13
      4680.3000761    6.8977396E-14
      5006.8000814    3.2018842E-14
      5387.8000876    1.1228810E-14
 
