       80.0000013    7.1808035E-03
        85.0000014    3.9044204E-03
        90.0000015    2.1854741E-03
        95.2390015    1.2282021E-03
       100.6800016    6.9926365E-04
       114.2900019    2.0069611E-04
       119.7300019    1.2979472E-04
       122.4500020    1.0571179E-04
       125.1700020    8.6788554E-05
       127.8900021    7.1796108E-05
       130.6100021    5.9820519E-05
       133.3300022    5.0177943E-05
       136.0600022    4.2327327E-05
       146.9400024    2.6325224E-04
       149.6600024    2.2342220E-04
       155.1000025    1.6158891E-04
       157.8200026    1.3781052E-04
       160.5500026    1.1769003E-04
       165.9900027    8.6410997E-05
       171.4300028    6.3889551E-05
       176.8700029    4.7548114E-05
       179.5900029    4.1115192E-05
       182.3100030    3.5606347E-05
       185.0400030    3.0865107E-05
       187.7600031    2.6808002E-05
       190.4800031    2.3317203E-05
       195.9200032    1.7713339E-05
       198.6400032    1.5470025E-05
       204.0800033    3.3780721E-05
       206.8000034    3.0339432E-05
       209.5300034    2.7236245E-05
       212.2500035    2.4472725E-05
       214.9700035    2.2005863E-05
       220.4100036    1.7837756E-05
       225.8500037    1.4508814E-05
       236.7400038    9.6914000E-06
       247.6200040    6.5578693E-06
       258.5100042    4.4885396E-06
       272.1100044    2.8394454E-06
       285.7200046    1.8250164E-06
       299.3200049    1.1913496E-06
       312.9300051    7.8861251E-07
       340.1400055    3.5948074E-07
       353.7400058    2.4714362E-07
       380.9500062    1.2061332E-07
       394.5600064    8.5506464E-08
       408.1700066    6.1171114E-08
       435.3800071    3.2110194E-08
       462.5900075    1.7373811E-08
       476.1900077    1.2913667E-08
       489.8000080    9.6579784E-09
       503.4000082    7.2685515E-09
       517.0100084    5.5007439E-09
       557.8300091    2.4619435E-09
       571.4300093    1.9020376E-09
       585.0400095    1.4758952E-09
       612.2500100    9.0033925E-10
       666.6700108    3.5106856E-10
       680.2800111    2.7985392E-10
       707.4900115    1.7957377E-10
       734.7000119    1.1660428E-10
       761.9100124    7.6542245E-11
       789.1200128    5.0742664E-11
       816.3300133    3.3939868E-11
       843.5400137    2.2882080E-11
       870.7500142    1.5535070E-11
       911.5700148    8.7856831E-12
       952.3900155    5.0240550E-12
       993.2000162    2.8919068E-12
      1020.4000166    2.0054357E-12
      1061.2000173    1.1582752E-12
      1088.4000177    8.0180811E-13
      1102.0000179    6.6635114E-13
      1115.7000181    5.5242920E-13
      1129.3000184    4.5800050E-13
      1142.9000186    3.7909758E-13
      1156.5000188    3.1317426E-13
      1170.1000190    2.5810875E-13
      1197.3000195    1.7376215E-13
      1210.9000197    1.4176721E-13
      1224.5000199    1.1511244E-13
      1227.2000200    1.1037796E-13
      1229.9000200    1.0581336E-13
      1232.7000200    9.8575113E-14
      1235.4000201    9.4374229E-14
      1238.1000201    9.0326387E-14
      1240.8000202    8.6426322E-14
      1243.5000202    8.2668966E-14
      1246.3000203    7.8917924E-14
      1249.0000203    7.5436246E-14
      1257.2000204    6.6486869E-14
      1259.9000205    6.3458523E-14
      1262.6000205    6.0539911E-14
      1270.8000207    5.2323021E-14
      1281.6000208    4.2867833E-14
      1289.8000210    3.6898392E-14
      1292.5000210    3.4983640E-14
      1295.2000211    3.3142780E-14
      1298.0000211    3.1309570E-14
      1300.7000212    2.9612648E-14
      1303.4000212    2.7982948E-14
      1306.1000212    2.6418205E-14
      1314.3000214    2.2041671E-14
      1330.6000216    1.3197514E-14
      1341.5000218    9.6291341E-15
      1355.1000220    4.8298073E-15
      1360.6000221    3.8258827E-15
      1371.4000223    8.3604508E-16
      1382.3000225    0.0000000E+00
 
