       80.0000013    2.0092012E-01
        85.0000014    1.2118799E-01
        90.0000015    7.4430265E-02
        95.2390015    4.5463983E-02
       100.6800016    2.7733967E-02
       114.2900019    8.6364504E-03
       119.7300019    5.5552875E-03
       122.4500020    4.4778157E-03
       125.1700020    3.6211042E-03
       127.8900021    2.9377323E-03
       130.6100021    2.3909246E-03
       133.3300022    1.9520585E-03
       136.0600022    1.5976133E-03
       146.9400024    4.7946386E-03
       149.6600024    4.2331070E-03
       155.1000025    3.2702521E-03
       157.8200026    2.8734896E-03
       160.5500026    2.5256670E-03
       165.9900027    1.9594810E-03
       171.4300028    1.5275178E-03
       176.8700029    1.1964729E-03
       179.5900029    1.0607430E-03
       182.3100030    9.4145787E-04
       185.0400030    8.3612959E-04
       187.7600031    7.4369245E-04
       190.4800031    6.6215405E-04
       195.9200032    5.2648335E-04
       198.6400032    4.7013737E-04
       204.0800033    4.9143814E-04
       206.8000034    4.4772585E-04
       209.5300034    4.0813308E-04
       212.2500035    3.7255665E-04
       214.9700035    3.4043819E-04
       220.4100036    2.8512627E-04
       225.8500037    2.3969355E-04
       236.7400038    1.7103569E-04
       247.6200040    1.2351116E-04
       258.5100042    9.0075257E-05
       272.1100044    6.1498271E-05
       285.7200046    4.2505875E-05
       299.3200049    2.9722609E-05
       312.9300051    2.0996697E-05
       340.1400055    1.0784253E-05
       353.7400058    7.8319490E-06
       380.9500062    4.2300662E-06
       394.5600064    3.1435029E-06
       408.1700066    2.3525222E-06
       435.3800071    1.3442869E-06
       462.5900075    7.8736218E-07
       476.1900077    6.0787033E-07
       489.8000080    4.7178111E-07
       503.4000082    3.6815979E-07
       517.0100084    2.8870619E-07
       557.8300091    1.4329764E-07
       571.4300093    1.1449619E-07
       585.0400095    9.1857878E-08
       612.2500100    5.9858692E-08
       666.6700108    2.6591421E-08
       680.2800111    2.1897607E-08
       707.4900115    1.4996155E-08
       734.7000119    1.0396582E-08
       761.9100124    7.2913258E-09
       789.1200128    5.1692539E-09
       816.3300133    3.7023340E-09
       843.5400137    2.6772526E-09
       870.7500142    1.9535591E-09
       911.5700148    1.2370113E-09
       952.3900155    7.9715567E-10
       993.2000162    5.2209370E-10
      1020.4000166    3.9705222E-10
      1061.2000173    2.6638602E-10
      1088.4000177    2.0563351E-10
      1102.0000179    1.8104158E-10
      1115.7000181    1.5945491E-10
      1129.3000184    1.4075460E-10
      1142.9000186    1.2440401E-10
      1156.5000188    1.1008790E-10
      1170.1000190    9.7536021E-11
      1197.3000195    7.6829584E-11
      1210.9000197    6.8303418E-11
      1224.5000199    6.0789693E-11
      1227.2000200    5.9406952E-11
      1229.9000200    5.8058086E-11
      1232.7000200    5.6694070E-11
      1235.4000201    5.5411484E-11
      1238.1000201    5.4160145E-11
      1240.8000202    5.2939236E-11
      1243.5000202    5.1747964E-11
      1246.3000203    5.0543045E-11
      1249.0000203    4.9409778E-11
      1257.2000204    4.9214560E-11
      1259.9000205    4.8131478E-11
      1262.6000205    4.7062954E-11
      1270.8000207    4.3945150E-11
      1281.6000208    4.0158873E-11
      1289.8000210    3.8831851E-11
      1292.5000210    3.7979727E-11
      1295.2000211    3.7143410E-11
      1298.0000211    3.6294551E-11
      1300.7000212    3.5494458E-11
      1303.4000212    3.4712618E-11
      1306.1000212    3.3948896E-11
      1314.3000214    3.1737318E-11
      1330.6000216    2.7787574E-11
      1341.5000218    2.5443675E-11
      1355.1000220    2.2813413E-11
      1360.6000221    2.1834212E-11
      1371.4000223    2.0040572E-11
      1382.3000225    1.8390090E-11
      1390.5000226    1.7245040E-11
      1395.9000227    1.6533034E-11
      1404.1000228    1.5511651E-11
      1406.8000229    1.5190373E-11
      1409.5000229    1.4876244E-11
      1415.0000230    1.4257763E-11
      1417.7000231    1.3964321E-11
      1420.4000231    1.3677367E-11
      1423.1000231    1.3396746E-11
      1425.9000232    1.3112264E-11
      1428.6000232    1.2844088E-11
      1431.3000233    1.2581804E-11
      1436.7000234    1.2074359E-11
      1439.5000234    1.1819944E-11
      1442.2000235    1.1580070E-11
      1444.9000235    1.1345424E-11
      1447.6000235    1.1115883E-11
      1450.4000236    1.0883107E-11
      1453.1000236    1.0663603E-11
      1455.8000237    6.7907645E-11
      1458.5000237    6.7121898E-11
      1461.2000238    6.6128381E-11
      1466.7000239    6.3820192E-11
      1469.4000239    6.2642808E-11
      1472.1000239    6.1465485E-11
      1477.6000240    5.9104034E-11
      1480.3000241    5.7971551E-11
      1488.4000242    5.4698121E-11
      1491.2000242    5.3610949E-11
      1496.6000243    5.1577791E-11
      1551.0000252    3.5105821E-11
      1632.7000266    2.0014664E-11
      1823.1000296    5.8180852E-12
      2340.2000381    2.9676993E-13
      2829.9000460    4.6379221E-15
      3047.6000496    0.0000000E+00
 
