       80.0000013    8.5875548E-02
        85.0000014    5.0363705E-02
        90.0000015    3.0100189E-02
        95.2390015    1.7883370E-02
       100.6800016    1.0611424E-02
       114.2900019    3.1069019E-03
       119.7300019    1.9584319E-03
       122.4500020    1.5646041E-03
       125.1700020    1.2551949E-03
       127.8900021    1.0112057E-03
       130.6100021    8.1809558E-04
       133.3300022    6.6469377E-04
       136.0600022    5.4198765E-04
       146.9400024    2.2969616E-03
       149.6600024    2.0032851E-03
       155.1000025    1.5174703E-03
       157.8200026    1.3218826E-03
       160.5500026    1.1523297E-03
       165.9900027    8.8015443E-04
       171.4300028    6.7598448E-04
       176.8700029    5.2193535E-04
       179.5900029    4.5949646E-04
       182.3100030    4.0502165E-04
       185.0400030    3.5726669E-04
       187.7600031    3.1565313E-04
       190.4800031    2.7920344E-04
       195.9200032    2.1916644E-04
       198.6400032    1.9448984E-04
       204.0800033    2.4512806E-04
       206.8000034    2.2286281E-04
       209.5300034    2.0266256E-04
       212.2500035    1.8451083E-04
       214.9700035    1.6813472E-04
       220.4100036    1.3998194E-04
       225.8500037    1.1692994E-04
       236.7400038    8.2299550E-05
       247.6200040    5.8569254E-05
       258.5100042    4.2071584E-05
       272.1100044    2.8177419E-05
       285.7200046    1.9105411E-05
       299.3200049    1.3110151E-05
       312.9300051    9.0926596E-06
       340.1400055    4.5099714E-06
       353.7400058    3.2219530E-06
       380.9500062    1.6875223E-06
       394.5600064    1.2362460E-06
       408.1700066    9.1267418E-07
       435.3800071    5.0855533E-07
       462.5900075    2.9119334E-07
       476.1900077    2.2247673E-07
       489.8000080    1.7096887E-07
       503.4000082    1.3217355E-07
       517.0100084    1.0273182E-07
       557.8300091    4.9778659E-08
       571.4300093    3.9486174E-08
       585.0400095    3.1460090E-08
       612.2500100    2.0235998E-08
       666.6700108    8.7819059E-09
       680.2800111    7.1924511E-09
       707.4900115    4.8737441E-09
       734.7000119    3.3442427E-09
       761.9100124    2.3216638E-09
       789.1200128    1.6293616E-09
       816.3300133    1.1551358E-09
       843.5400137    8.2671475E-10
       870.7500142    5.9692651E-10
       911.5700148    3.7190234E-10
       952.3900155    2.3568275E-10
       993.2000162    1.5171803E-10
      1020.4000166    1.1403135E-10
      1061.2000173    7.5139305E-11
      1088.4000177    5.7299165E-11
      1102.0000179    5.0137141E-11
      1115.7000181    4.3884625E-11
      1129.3000184    3.8497965E-11
      1142.9000186    3.3814160E-11
      1156.5000188    2.9735981E-11
      1170.1000190    2.6180433E-11
      1197.3000195    2.0363478E-11
      1210.9000197    1.7989133E-11
      1224.5000199    1.5908696E-11
      1227.2000200    1.5527177E-11
      1229.9000200    1.5155431E-11
      1232.7000200    1.4779953E-11
      1235.4000201    1.4427299E-11
      1238.1000201    1.4083631E-11
      1240.8000202    1.3748704E-11
      1243.5000202    1.3422284E-11
      1246.3000203    1.3092511E-11
      1249.0000203    1.2782711E-11
      1257.2000204    1.2442703E-11
      1259.9000205    1.2152363E-11
      1262.6000205    1.1867243E-11
      1270.8000207    1.1039493E-11
      1281.6000208    1.0039451E-11
      1289.8000210    9.5811779E-12
      1292.5000210    9.3591471E-12
      1295.2000211    9.1418218E-12
      1298.0000211    8.9216785E-12
      1300.7000212    8.7145135E-12
      1303.4000212    8.5123479E-12
      1306.1000212    8.3151090E-12
      1314.3000214    7.7452480E-12
      1330.6000216    6.7324427E-12
      1341.5000218    6.1346722E-12
      1355.1000220    5.4671111E-12
      1360.6000221    5.2195427E-12
      1371.4000223    4.7675210E-12
      1382.3000225    4.3533714E-12
      1390.5000226    4.0671442E-12
      1395.9000227    3.8896495E-12
      1404.1000228    3.6357182E-12
      1406.8000229    3.5560188E-12
      1409.5000229    3.4781769E-12
      1415.0000230    3.3251661E-12
      1417.7000231    3.2526887E-12
      1420.4000231    3.1818901E-12
      1423.1000231    3.1127293E-12
      1425.9000232    3.0426937E-12
      1428.6000232    2.9767452E-12
      1431.3000233    2.9123154E-12
      1436.7000234    2.7878633E-12
      1439.5000234    2.7255706E-12
      1442.2000235    2.6669029E-12
      1444.9000235    2.6095760E-12
      1447.6000235    2.5535570E-12
      1450.4000236    2.4968114E-12
      1453.1000236    2.4433602E-12
      1455.8000237    1.5918497E-11
      1458.5000237    1.5714773E-11
      1461.2000238    1.5462432E-11
      1466.7000239    1.4882900E-11
      1469.4000239    1.4588872E-11
      1472.1000239    1.4295493E-11
      1477.6000240    1.3708511E-11
      1480.3000241    1.3427612E-11
      1488.4000242    1.2617712E-11
      1491.2000242    1.2349391E-11
      1496.6000243    1.1848498E-11
      1551.0000252    7.8404609E-12
      1632.7000266    4.2378614E-12
      1823.1000296    1.0731642E-12
      2340.2000381    6.5400828E-15
 
