       80.0000013    1.1905154E+00
        85.0000014    7.6923537E-01
        90.0000015    5.0356895E-01
        95.2390015    3.2751435E-01
       100.6800016    2.1252561E-01
       114.2900019    7.6386191E-02
       119.7300019    5.1823735E-02
       122.4500020    4.2860225E-02
       125.1700020    3.5538651E-02
       127.8900021    2.9541129E-02
       130.6100021    2.4614673E-02
       133.3300022    2.0557279E-02
       136.0600022    1.7195933E-02
       146.9400024    2.2364816E-02
       149.6600024    2.0100946E-02
       155.1000025    1.6046463E-02
       157.8200026    1.4321167E-02
       160.5500026    1.2782850E-02
       165.9900027    1.0222575E-02
       171.4300028    8.2135387E-03
       176.8700029    6.6312766E-03
       179.5900029    5.9688683E-03
       182.3100030    5.3786584E-03
       185.0400030    4.8502306E-03
       187.7600031    4.3799505E-03
       190.4800031    3.9592427E-03
       195.9200032    3.2444564E-03
       198.6400032    2.9410238E-03
       204.0800033    2.5232604E-03
       206.8000034    2.2963525E-03
       209.5300034    2.0913274E-03
       212.2500035    1.9076598E-03
       214.9700035    1.7424173E-03
       220.4100036    1.4593775E-03
       225.8500037    1.2285338E-03
       236.7400038    8.8267215E-04
       247.6200040    6.4508314E-04
       258.5100042    4.7821354E-04
       272.1100044    3.3486501E-04
       285.7200046    2.3832178E-04
       299.3200049    1.7203021E-04
       312.9300051    1.2563448E-04
       340.1400055    6.9047281E-05
       353.7400058    5.1849016E-05
       380.9500062    2.9872363E-05
       394.5600064    2.2895636E-05
       408.1700066    1.7654014E-05
       435.3800071    1.0675492E-05
       462.5900075    6.5904537E-06
       476.1900077    5.2162363E-06
       489.8000080    4.1468061E-06
       503.4000082    3.3117760E-06
       517.0100084    2.6557507E-06
       557.8300091    1.4032026E-06
       571.4300093    1.1431645E-06
       585.0400095    9.3453400E-07
       612.2500100    6.3111935E-07
       666.6700108    2.9907687E-07
       680.2800111    2.4997098E-07
       707.4900115    1.7609621E-07
       734.7000119    1.2536077E-07
       761.9100124    9.0128843E-08
       789.1200128    6.5405970E-08
       816.3300133    4.7885393E-08
       843.5400137    3.5352450E-08
       870.7500142    2.6307632E-08
       911.5700148    1.7125545E-08
       952.3900155    1.1325579E-08
       993.2000162    7.6016313E-09
      1020.4000166    5.8727085E-09
      1061.2000173    4.0314498E-09
      1088.4000177    3.1589416E-09
      1102.0000179    2.8018485E-09
      1115.7000181    2.4861690E-09
      1129.3000184    2.2107833E-09
      1142.9000186    1.9683373E-09
      1156.5000188    1.7546078E-09
      1170.1000190    1.5659489E-09
      1197.3000195    1.2516533E-09
      1210.9000197    1.1209179E-09
      1224.5000199    1.0049450E-09
      1227.2000200    9.8351705E-10
      1229.9000200    9.6258690E-10
      1232.7000200    9.4139396E-10
      1235.4000201    9.2143954E-10
      1238.1000201    9.0194591E-10
      1240.8000202    8.8290159E-10
      1243.5000202    8.6429541E-10
      1246.3000203    8.4545126E-10
      1249.0000203    8.2770424E-10
      1257.2000204    8.8915253E-10
      1259.9000205    8.7107449E-10
      1262.6000205    8.5300278E-10
      1270.8000207    7.9966617E-10
      1281.6000208    7.3438561E-10
      1289.8000210    7.3592932E-10
      1292.5000210    7.2075851E-10
      1295.2000211    7.0577899E-10
      1298.0000211    6.9051798E-10
      1300.7000212    6.7609818E-10
      1303.4000212    6.6198241E-10
      1306.1000212    6.4817424E-10
      1314.3000214    6.0809624E-10
      1330.6000216    5.3619698E-10
      1341.5000218    4.9331939E-10
      1355.1000220    4.4499093E-10
      1360.6000221    4.2693593E-10
      1371.4000223    3.9376627E-10
      1382.3000225    3.6312256E-10
      1390.5000226    3.4178790E-10
      1395.9000227    3.2848829E-10
      1404.1000228    3.0936184E-10
      1406.8000229    3.0333328E-10
      1409.5000229    2.9743294E-10
      1415.0000230    2.8579814E-10
      1417.7000231    2.8026945E-10
      1420.4000231    2.7485747E-10
      1423.1000231    2.6955962E-10
      1425.9000232    2.6418326E-10
      1428.6000232    2.5910982E-10
      1431.3000233    2.5414273E-10
      1436.7000234    2.4451818E-10
      1439.5000234    2.3968522E-10
      1442.2000235    2.3512350E-10
      1444.9000235    2.3065679E-10
      1447.6000235    2.2628274E-10
      1450.4000236    2.2184235E-10
      1453.1000236    2.1765069E-10
      1455.8000237    1.2735981E-09
      1458.5000237    1.2603867E-09
      1461.2000238    1.2433808E-09
      1466.7000239    1.2035387E-09
      1469.4000239    1.1831375E-09
      1472.1000239    1.1627032E-09
      1477.6000240    1.1216262E-09
      1480.3000241    1.1018860E-09
      1488.4000242    1.0446747E-09
      1491.2000242    1.0256215E-09
      1496.6000243    9.8991504E-10
      1551.0000252    6.9633643E-10
      1632.7000266    4.1770898E-10
      1823.1000296    1.3760533E-10
      2340.2000381    1.0586706E-11
      2829.9000460    1.4026288E-12
      3047.6000496    6.2315154E-13
      3700.7000602    5.9852060E-14
      4000.0000650    1.9222655E-14
      4680.3000761    0.0000000E+00
      5006.8000814    0.0000000E+00
      5387.8000876    0.0000000E+00
 
