       80.0000013    1.7990770E+00
        85.0000014    1.1875343E+00
        90.0000015    7.9274178E-01
        95.2390015    5.2537400E-01
       100.6800016    3.4711850E-01
       114.2900019    1.2989031E-01
       119.7300019    8.9434825E-02
       122.4500020    7.4499033E-02
       125.1700020    6.2210295E-02
       127.8900021    5.2071966E-02
       130.6100021    4.3685701E-02
       133.3300022    3.6731042E-02
       136.0600022    3.0930046E-02
       146.9400024    3.3482440E-02
       149.6600024    3.0055746E-02
       155.1000025    2.4004256E-02
       157.8200026    2.1444369E-02
       160.5500026    1.9165682E-02
       165.9900027    1.5377019E-02
       171.4300028    1.2403977E-02
       176.8700029    1.0059774E-02
       179.5900029    9.0769744E-03
       182.3100030    8.2002562E-03
       185.0400030    7.4142469E-03
       187.7600031    6.7136697E-03
       190.4800031    6.0859011E-03
       195.9200032    5.0164228E-03
       198.6400032    4.5610256E-03
       204.0800033    3.9773779E-03
       206.8000034    3.6204245E-03
       209.5300034    3.2955273E-03
       212.2500035    3.0035751E-03
       214.9700035    2.7406239E-03
       220.4100036    2.2902975E-03
       225.8500037    1.9236228E-03
       236.7400038    1.3763388E-03
       247.6200040    1.0027008E-03
       258.5100042    7.4193598E-04
       272.1100044    5.1933958E-04
       285.7200046    3.7024630E-04
       299.3200049    2.6820830E-04
       312.9300051    1.9686364E-04
       340.1400055    1.0962818E-04
       353.7400058    8.2943276E-05
       380.9500062    4.8548161E-05
       394.5600064    3.7507529E-05
       408.1700066    2.9149196E-05
       435.3800071    1.7895909E-05
       462.5900075    1.1205400E-05
       476.1900077    8.9281511E-06
       489.8000080    7.1431964E-06
       503.4000082    5.7397588E-06
       517.0100084    4.6298101E-06
       557.8300091    2.4860265E-06
       571.4300093    2.0353903E-06
       585.0400095    1.6718852E-06
       612.2500100    1.1393340E-06
       666.6700108    5.4887107E-07
       680.2800111    4.6051616E-07
       707.4900115    3.2683101E-07
       734.7000119    2.3432428E-07
       761.9100124    1.6962126E-07
       789.1200128    1.2390386E-07
       816.3300133    9.1289223E-08
       843.5400137    6.7809061E-08
       870.7500142    5.0758320E-08
       911.5700148    3.3322060E-08
       952.3900155    2.2212719E-08
       993.2000162    1.5020840E-08
      1020.4000166    1.1659377E-08
      1061.2000173    8.0575697E-09
      1088.4000177    6.3403300E-09
      1102.0000179    5.6350338E-09
      1115.7000181    5.0101345E-09
      1129.3000184    4.4638004E-09
      1142.9000186    3.9817833E-09
      1156.5000188    3.5559682E-09
      1170.1000190    3.1793306E-09
      1197.3000195    2.5500348E-09
      1210.9000197    2.2874971E-09
      1224.5000199    2.0541688E-09
      1227.2000200    2.0110094E-09
      1229.9000200    1.9688371E-09
      1232.7000200    1.9261199E-09
      1235.4000201    1.8858843E-09
      1238.1000201    1.8465640E-09
      1240.8000202    1.8081364E-09
      1243.5000202    1.7705797E-09
      1246.3000203    1.7325290E-09
      1249.0000203    1.6966808E-09
      1257.2000204    1.8750261E-09
      1259.9000205    1.8376030E-09
      1262.6000205    1.8000201E-09
      1270.8000207    1.6886942E-09
      1281.6000208    1.5521429E-09
      1289.8000210    1.5741078E-09
      1292.5000210    1.5420327E-09
      1295.2000211    1.5103028E-09
      1298.0000211    1.4779419E-09
      1300.7000212    1.4473445E-09
      1303.4000212    1.4173790E-09
      1306.1000212    1.3880566E-09
      1314.3000214    1.3029049E-09
      1330.6000216    1.1499997E-09
      1341.5000218    1.0587226E-09
      1355.1000220    9.5575303E-10
      1360.6000221    9.1725916E-10
      1371.4000223    8.4650192E-10
      1382.3000225    7.8108697E-10
      1390.5000226    7.3551631E-10
      1395.9000227    7.0709655E-10
      1404.1000228    6.6620875E-10
      1406.8000229    6.5331696E-10
      1409.5000229    6.4069733E-10
      1415.0000230    6.1580696E-10
      1417.7000231    6.0397659E-10
      1420.4000231    5.9239424E-10
      1423.1000231    5.8105437E-10
      1425.9000232    5.6954469E-10
      1428.6000232    5.5868182E-10
      1431.3000233    5.4804516E-10
      1436.7000234    5.2743021E-10
      1439.5000234    5.1707616E-10
      1442.2000235    5.0730214E-10
      1444.9000235    4.9772986E-10
      1447.6000235    4.8835491E-10
      1450.4000236    4.7883636E-10
      1453.1000236    4.6984971E-10
      1455.8000237    2.6599221E-09
      1458.5000237    2.6325293E-09
      1461.2000238    2.5973232E-09
      1466.7000239    2.5149582E-09
      1469.4000239    2.4728082E-09
      1472.1000239    2.4305939E-09
      1477.6000240    2.3457325E-09
      1480.3000241    2.3049442E-09
      1488.4000242    2.1866919E-09
      1491.2000242    2.1472941E-09
      1496.6000243    2.0734374E-09
      1551.0000252    1.4647596E-09
      1632.7000266    8.8406971E-10
      1823.1000296    2.9537459E-10
      2340.2000381    2.3811352E-11
      2829.9000460    3.3484938E-12
      3047.6000496    1.5335373E-12
      3700.7000602    1.8365337E-13
      4000.0000650    7.2585255E-14
      4680.3000761    4.9116188E-15
      5006.8000814    0.0000000E+00
      5387.8000876    0.0000000E+00
 
