       80.0000013    7.7072445E-06
        85.0000014    4.5121460E-06
        90.0000015    2.6818723E-06
        95.2390015    1.5776639E-06
       100.6800016    9.2253811E-07
       114.2900019    2.5529317E-07
       119.7300019    1.5590415E-07
       122.4500020    1.2230294E-07
       125.1700020    9.6172833E-08
       127.8900021    7.5795455E-08
       130.6100021    5.9861250E-08
       133.3300022    4.7369319E-08
       136.0600022    3.7519658E-08
       146.9400024    2.9910662E-08
       149.6600024    2.3285764E-08
       155.1000025    1.4154847E-08
       157.8200026    1.1053213E-08
       160.5500026    8.6307725E-09
       165.9900027    5.2805116E-09
       171.4300028    3.2319818E-09
       176.8700029    1.9739441E-09
       179.5900029    1.5400138E-09
       182.3100030    1.1994270E-09
       185.0400030    9.3124503E-10
       187.7600031    7.2169304E-10
       190.4800031    5.5737520E-10
       195.9200032    3.2792177E-10
       198.6400032    2.4923666E-10
       204.0800033    1.6731823E-09
       206.8000034    1.2568286E-09
       209.5300034    9.2279645E-10
       212.2500035    6.5906719E-10
       214.9700035    4.5036702E-10
       220.4100036    1.4070889E-10
 
