       12.5000002    2.4706263E+18
        15.0000002    2.6397666E+18
        20.0000003    2.7075045E+18
        25.0000004    2.3222626E+18
        30.0000005    2.8094894E+18
        35.0000006    2.3506808E+18
        40.0000007    1.8353357E+18
        45.0000007    1.4244969E+18
        50.0000008    1.1428931E+18
        55.0000009    9.7529265E+17
        60.0000010    8.8005151E+17
        65.0000011    8.1040783E+17
        70.0000011    7.3923197E+17
        75.0000012    4.5905996E+18
        80.0000013    5.0452894E+18
        85.0000014    4.9984277E+18
        90.0000015    4.9020940E+18
        95.2390015    4.6831911E+18
       100.6800016    4.2331615E+18
       114.2900019    2.9888627E+18
       119.7300019    2.5546652E+18
       122.4500020    2.3542386E+18
       125.1700020    2.1650372E+18
       127.8900021    1.9870055E+18
       130.6100021    1.8199984E+18
       133.3300022    1.6637851E+18
       136.0600022    1.5175571E+18
       146.9400024    1.0323104E+18
       149.6600024    9.3320355E+17
       155.1000025    7.5841996E+17
       157.8200026    6.8181630E+17
       160.5500026    6.1155352E+17
       165.9900027    8.8177273E+17
       171.4300028    7.6709566E+17
       176.8700029    8.2333795E+17
       179.5900029    7.7015388E+17
       182.3100030    7.1513136E+17
       185.0400030    6.6058006E+17
       187.7600031    6.0803371E+17
       190.4800031    5.5773308E+17
       195.9200032    4.6402188E+17
       198.6400032    4.2035810E+17
       204.0800033    3.3860797E+17
       206.8000034    3.0012833E+17
       209.5300034    2.6277295E+17
       212.2500035    2.2646644E+17
       214.9700035    1.9056742E+17
       220.4100036    1.1577382E+17
 
