       12.5000002    5.0625281E+18
        15.0000002    4.9120066E+18
        20.0000003    2.1951341E+18
        25.0000004    1.8629214E+18
        30.0000005    2.4447822E+18
        35.0000006    2.4728473E+18
        40.0000007    2.4689715E+18
        45.0000007    2.3794352E+18
        50.0000008    2.1461013E+18
        55.0000009    1.7881029E+18
        60.0000010    1.3972642E+18
        65.0000011    1.0635813E+18
        70.0000011    8.2146060E+17
        75.0000012    3.3925077E+18
        80.0000013    3.6414294E+18
        85.0000014    3.7584108E+18
        90.0000015    3.9848487E+18
        95.2390015    3.9830842E+18
       100.6800016    3.6937433E+18
       114.2900019    3.0831298E+18
       119.7300019    2.9089078E+18
       122.4500020    2.8273210E+18
       125.1700020    2.7476919E+18
       127.8900021    2.6691904E+18
       130.6100021    2.5912735E+18
       133.3300022    2.5136076E+18
       136.0600022    2.4357313E+18
       146.9400024    2.1261504E+18
       149.6600024    2.0494850E+18
       155.1000025    1.8981820E+18
       157.8200026    1.8239026E+18
       160.5500026    1.7505017E+18
       165.9900027    2.0653384E+18
       171.4300028    1.9480953E+18
       176.8700029    1.9997017E+18
       179.5900029    1.9454608E+18
       182.3100030    1.8790835E+18
       185.0400030    1.8064962E+18
       187.7600031    1.7326048E+18
       190.4800031    1.6600589E+18
       195.9200032    1.5224738E+18
       198.6400032    1.4573198E+18
       204.0800033    1.3351753E+18
       206.8000034    1.2784363E+18
       209.5300034    1.2243106E+18
       212.2500035    1.1730604E+18
       214.9700035    1.1243392E+18
       220.4100036    1.0339272E+18
       225.8500037    9.5202925E+17
       236.7400038    9.5598969E+17
       247.6200040    8.2081120E+17
       258.5100042    6.9895851E+17
       272.1100044    5.7049439E+17
       285.7200046    4.6574495E+17
       299.3200049    3.8080341E+17
       312.9300051    3.1199855E+17
       340.1400055    2.1119569E+17
       353.7400058    1.7436895E+17
       380.9500062    1.1875490E+17
       394.5600064    9.7350742E+16
       408.1700066    7.8895259E+16
       435.3800071    4.7783422E+16
       462.5900075    1.7659694E+16
 
