       12.5000002    4.6357686E+18
        15.0000002    4.0876068E+18
        20.0000003    2.0086725E+18
        25.0000004    1.9606311E+18
        30.0000005    2.5473851E+18
        35.0000006    2.5563129E+18
        40.0000007    2.4929694E+18
        45.0000007    2.2855841E+18
        50.0000008    1.9402933E+18
        55.0000009    1.5350680E+18
        60.0000010    1.1695204E+18
        65.0000011    9.0087935E+17
        70.0000011    7.2834990E+17
        75.0000012    3.4472966E+18
        80.0000013    3.7989053E+18
        85.0000014    3.9083359E+18
        90.0000015    4.0482333E+18
        95.2390015    4.0435112E+18
       100.6800016    3.8305586E+18
       114.2900019    3.2580660E+18
       119.7300019    3.0521354E+18
       122.4500020    2.9504908E+18
       125.1700020    2.8491867E+18
       127.8900021    2.7480949E+18
       130.6100021    2.6472350E+18
       133.3300022    2.5467336E+18
       136.0600022    2.4464260E+18
       146.9400024    2.0573193E+18
       149.6600024    1.9640143E+18
       155.1000025    1.7837961E+18
       157.8200026    1.6972493E+18
       160.5500026    1.6129684E+18
       165.9900027    1.8972171E+18
       171.4300028    1.7583426E+18
       176.8700029    1.7982471E+18
       179.5900029    1.7349553E+18
       182.3100030    1.6640539E+18
       185.0400030    1.5907014E+18
       187.7600031    1.5185105E+18
       190.4800031    1.4488581E+18
       195.9200032    1.3189328E+18
       198.6400032    1.2585286E+18
       204.0800033    1.1466445E+18
       206.8000034    1.0950129E+18
       209.5300034    1.0458909E+18
       212.2500035    9.9947593E+17
       214.9700035    9.5542468E+17
       220.4100036    8.7382058E+17
       225.8500037    7.9998686E+17
       236.7400038    7.8543325E+17
       247.6200040    6.5656657E+17
       258.5100042    5.4538804E+17
       272.1100044    4.3224705E+17
       285.7200046    3.4295819E+17
       299.3200049    2.7256852E+17
       312.9300051    2.1670213E+17
       340.1400055    1.3533536E+17
       353.7400058    1.0467175E+17
       380.9500062    5.3029287E+16
       394.5600064    2.5316670E+16
 
