       12.5000002    3.9306689E+18
        15.0000002    5.4446200E+18
        20.0000003    3.8254591E+18
        25.0000004    2.1813452E+18
        30.0000005    2.2249684E+18
        35.0000006    2.1617938E+18
        40.0000007    2.0259945E+18
        45.0000007    1.8200892E+18
        50.0000008    1.5641068E+18
        55.0000009    1.2927688E+18
        60.0000010    1.0538025E+18
        65.0000011    8.7162046E+17
        70.0000011    7.4287349E+17
        75.0000012    6.2676869E+18
        80.0000013    6.2783175E+18
        85.0000014    5.5170437E+18
        90.0000015    4.6985469E+18
        95.2390015    3.8842131E+18
       100.6800016    3.1168835E+18
       114.2900019    1.7641025E+18
       119.7300019    1.4087346E+18
       122.4500020    1.2602804E+18
       125.1700020    1.1284692E+18
       127.8900021    1.0114423E+18
       130.6100021    9.0753848E+17
       133.3300022    8.1527420E+17
       136.0600022    7.3304372E+17
       146.9400024    4.8687815E+17
       149.6600024    4.4130150E+17
       155.1000025    3.6446045E+17
       157.8200026    3.3211848E+17
       160.5500026    3.0311309E+17
       165.9900027    8.1549863E+17
       171.4300028    7.2646245E+17
       176.8700029    8.7285033E+17
       179.5900029    8.2390942E+17
       182.3100030    7.7473101E+17
       185.0400030    7.2721788E+17
       187.7600031    6.8246941E+17
       190.4800031    6.4048827E+17
       195.9200032    5.6450325E+17
       198.6400032    5.3017475E+17
       204.0800033    4.6804396E+17
       206.8000034    4.3994934E+17
       209.5300034    4.1356030E+17
       212.2500035    3.8894561E+17
       214.9700035    3.6589046E+17
       220.4100036    3.2404336E+17
       225.8500037    2.8726287E+17
       236.7400038    3.9261828E+17
       247.6200040    3.3415742E+17
       258.5100042    2.8465353E+17
       272.1100044    2.3367354E+17
       285.7200046    1.9233776E+17
       299.3200049    1.5871100E+17
       312.9300051    1.3121272E+17
       340.1400055    9.0175716E+16
       353.7400058    7.4938461E+16
       380.9500062    5.1958513E+16
       394.5600064    4.3338874E+16
       408.1700066    3.6184855E+16
       435.3800071    2.5285780E+16
       462.5900075    1.7700641E+16
       476.1900077    1.4812001E+16
       489.8000080    1.2389504E+16
       503.4000082    1.0358255E+16
       517.0100084    8.6504072E+15
       557.8300091    4.9844395E+15
       571.4300093    4.1232907E+15
       585.0400095    3.3941953E+15
       612.2500100    2.2506559E+15
       666.6700108    7.7605945E+14
       680.2800111    4.8689055E+14
 
