       12.5000002    3.3651378E+18
        15.0000002    2.8414080E+18
        20.0000003    2.3917162E+18
        25.0000004    2.2855429E+18
        30.0000005    2.8966777E+18
        35.0000006    2.7574240E+18
        40.0000007    2.4351978E+18
        45.0000007    2.0133667E+18
        50.0000008    1.5934670E+18
        55.0000009    1.2487536E+18
        60.0000010    1.0116467E+18
        65.0000011    8.6779642E+17
        70.0000011    7.8131860E+17
        75.0000012    4.3516719E+18
        80.0000013    4.8600750E+18
        85.0000014    4.9571207E+18
        90.0000015    5.0475154E+18
        95.2390015    5.0462454E+18
       100.6800016    4.8227428E+18
       114.2900019    4.0548579E+18
       119.7300019    3.7545362E+18
       122.4500020    3.6073085E+18
       125.1700020    3.4622489E+18
       127.8900021    3.3195930E+18
       130.6100021    3.1796021E+18
       133.3300022    3.0425444E+18
       136.0600022    2.9081986E+18
       146.9400024    2.4090918E+18
       149.6600024    2.2941837E+18
       155.1000025    2.0768326E+18
       157.8200026    1.9744356E+18
       160.5500026    1.8758563E+18
       165.9900027    2.2584028E+18
       171.4300028    2.1017609E+18
       176.8700029    2.1877757E+18
       179.5900029    2.1187371E+18
       182.3100030    2.0417842E+18
       185.0400030    1.9625605E+18
       187.7600031    1.8847841E+18
       190.4800031    1.8097511E+18
       195.9200032    1.6696179E+18
       198.6400032    1.6043487E+18
       204.0800033    1.4830239E+18
       206.8000034    1.4267858E+18
       209.5300034    1.3731104E+18
       212.2500035    1.3222280E+18
       214.9700035    1.2737749E+18
       220.4100036    1.1835674E+18
       225.8500037    1.1014021E+18
       236.7400038    1.1249770E+18
       247.6200040    9.7961360E+17
       258.5100042    8.5152778E+17
       272.1100044    7.1817632E+17
       285.7200046    6.0987883E+17
       299.3200049    5.2174658E+17
       312.9300051    4.4958254E+17
       340.1400055    3.4101710E+17
       353.7400058    2.9994863E+17
       380.9500062    2.3599656E+17
       394.5600064    2.1085319E+17
       408.1700066    1.8915917E+17
       435.3800071    1.5380754E+17
       462.5900075    1.2640325E+17
       476.1900077    1.1495533E+17
       489.8000080    1.0471494E+17
       503.4000082    9.5536789E+16
       517.0100084    8.7272868E+16
       557.8300091    6.6974990E+16
       571.4300093    6.1436896E+16
       585.0400095    5.6399921E+16
       612.2500100    4.7643651E+16
       666.6700108    3.4283818E+16
       680.2800111    3.1626868E+16
       707.4900115    2.7359848E+16
       734.7000119    2.3488053E+16
       761.9100124    2.0063023E+16
       789.1200128    1.7188761E+16
       816.3300133    1.4767865E+16
       843.5400137    1.2722160E+16
       870.7500142    1.0988324E+16
       911.5700148    8.8614764E+15
       952.3900155    7.1848543E+15
       993.2000162    7.7582356E+15
      1020.4000166    6.6849775E+15
      1061.2000173    6.0937694E+15
      1088.4000177    5.2634969E+15
      1102.0000179    4.8971727E+15
      1115.7000181    4.5572754E+15
      1129.3000184    4.2462393E+15
      1142.9000186    3.9592021E+15
      1156.5000188    3.6941000E+15
      1170.1000190    3.4490644E+15
      1197.3000195    1.1789938E+16
      1210.9000197    1.1129728E+16
      1224.5000199    1.0497729E+16
      1227.2000200    1.0376504E+16
      1229.9000200    1.0256727E+16
      1232.7000200    1.0134045E+16
      1235.4000201    1.0017217E+16
      1238.1000201    9.9018281E+15
      1240.8000202    9.7878665E+15
      1243.5000202    9.6753222E+15
      1246.3000203    9.5600915E+15
      1249.0000203    9.4503905E+15
      1257.2000204    9.1255750E+15
      1259.9000205    9.0213179E+15
      1262.6000205    8.9183686E+15
      1270.8000207    8.6135489E+15
      1281.6000208    8.2294585E+15
      1289.8000210    7.9504489E+15
      1292.5000210    7.8608773E+15
      1295.2000211    7.7724187E+15
      1298.0000211    7.6818421E+15
      1300.7000212    7.5956035E+15
      1303.4000212    7.5104321E+15
      1306.1000212    7.4263141E+15
      1314.3000214    7.1771550E+15
      1330.6000216    6.7088227E+15
      1341.5000218    6.4145004E+15
      1355.1000220    6.0670713E+15
      1360.6000221    5.9325046E+15
      1371.4000223    5.6777347E+15
      1382.3000225    5.4327723E+15
      1390.5000226    5.2561584E+15
      1395.9000227    5.1433066E+15
      1404.1000228    4.9770006E+15
      1406.8000229    4.9235427E+15
      1409.5000229    4.8707146E+15
      1415.0000230    4.7650182E+15
      1417.7000231    4.7140552E+15
      1420.4000231    4.6636897E+15
      1423.1000231    4.6139143E+15
      1425.9000232    4.5629104E+15
      1428.6000232    4.5143134E+15
      1431.3000233    4.4662833E+15
      1436.7000234    4.3718958E+15
      1439.5000234    4.3238166E+15
      1442.2000235    4.2780027E+15
      1444.9000235    4.2327201E+15
      1447.6000235    4.1879617E+15
      1450.4000236    4.1420925E+15
      1453.1000236    4.0983815E+15
      1455.8000237    4.0551747E+15
      1458.5000237    4.0124658E+15
      1461.2000238    3.9702482E+15
      1466.7000239    3.8857433E+15
      1469.4000239    3.8449798E+15
      1472.1000239    3.8046831E+15
      1477.6000240    3.7240156E+15
      1480.3000241    3.6850997E+15
      1488.4000242    3.5709885E+15
      1491.2000242    3.5324431E+15
      1496.6000243    3.4593787E+15
      1551.0000252    2.8083677E+15
      1632.7000266    2.0662827E+15
      1823.1000296    1.0312326E+15
      2340.2000381    1.5467927E+14
 
