       12.5000002    4.7500321E+18
        15.0000002    4.2472927E+18
        20.0000003    2.0649032E+18
        25.0000004    1.9945340E+18
        30.0000005    2.6113621E+18
        35.0000006    2.6382900E+18
        40.0000007    2.6079781E+18
        45.0000007    2.4469189E+18
        50.0000008    2.1375398E+18
        55.0000009    1.7380170E+18
        60.0000010    1.3477688E+18
        65.0000011    1.0394456E+18
        70.0000011    8.2776898E+17
        75.0000012    3.6853238E+18
        80.0000013    4.0303990E+18
        85.0000014    4.1743852E+18
        90.0000015    4.4015707E+18
        95.2390015    4.4213207E+18
       100.6800016    4.1571663E+18
       114.2900019    3.5396460E+18
       119.7300019    3.3507982E+18
       122.4500020    3.2613282E+18
       125.1700020    3.1737318E+18
       127.8900021    3.0873242E+18
       130.6100021    3.0016722E+18
       133.3300022    2.9165129E+18
       136.0600022    2.8314060E+18
       146.9400024    2.4962064E+18
       149.6600024    2.4139019E+18
       155.1000025    2.2520891E+18
       157.8200026    2.1728807E+18
       160.5500026    2.0947101E+18
       165.9900027    2.4934931E+18
       171.4300028    2.3768264E+18
       176.8700029    2.4643008E+18
       179.5900029    2.4124371E+18
       182.3100030    2.3447990E+18
       185.0400030    2.2682598E+18
       187.7600031    2.1887852E+18
       190.4800031    2.1099979E+18
       195.9200032    1.9591965E+18
       198.6400032    1.8868698E+18
       204.0800033    1.7498541E+18
       206.8000034    1.6857403E+18
       209.5300034    1.6243393E+18
       212.2500035    1.5659805E+18
       214.9700035    1.5102944E+18
       220.4100036    1.4063900E+18
       225.8500037    1.3115916E+18
       236.7400038    1.3487414E+18
       247.6200040    1.1985251E+18
       258.5100042    1.0586816E+18
       272.1100044    9.0695622E+17
       285.7200046    7.7932786E+17
       299.3200049    6.7208480E+17
       312.9300051    5.8180651E+17
       340.1400055    4.4183799E+17
       353.7400058    3.8780916E+17
       380.9500062    3.0317202E+17
       394.5600064    2.6999657E+17
       408.1700066    2.4156432E+17
       435.3800071    1.9587320E+17
       462.5900075    1.6122307E+17
       476.1900077    1.4697885E+17
       489.8000080    1.3435740E+17
       503.4000082    1.2313377E+17
       517.0100084    1.1309065E+17
       557.8300091    8.8589447E+16
       571.4300093    8.1914553E+16
       585.0400095    7.5832656E+16
       612.2500100    6.5205163E+16
       666.6700108    4.8717762E+16
       680.2800111    4.5374689E+16
       707.4900115    4.0900042E+16
       734.7000119    3.6054150E+16
       761.9100124    3.1229867E+16
       789.1200128    2.7146261E+16
       816.3300133    2.3668736E+16
       843.5400137    2.0693548E+16
       870.7500142    1.8138089E+16
       911.5700148    1.4948925E+16
       952.3900155    1.2380274E+16
       993.2000162    1.5593713E+16
      1020.4000166    1.3556653E+16
      1061.2000173    1.3047511E+16
      1088.4000177    1.1362932E+16
      1102.0000179    1.0614977E+16
      1115.7000181    9.9181017E+15
      1129.3000184    9.2777586E+15
      1142.9000186    8.6844003E+15
      1156.5000188    8.1342257E+15
      1170.1000190    7.6237076E+15
      1197.3000195    2.2736603E+16
      1210.9000197    2.1579219E+16
      1224.5000199    2.0467261E+16
      1227.2000200    2.0253356E+16
      1229.9000200    2.0041791E+16
      1232.7000200    1.9824867E+16
      1235.4000201    1.9618075E+16
      1238.1000201    1.9413611E+16
      1240.8000202    1.9211462E+16
      1243.5000202    1.9011610E+16
      1246.3000203    1.8806764E+16
      1249.0000203    1.8611530E+16
      1257.2000204    1.8032197E+16
      1259.9000205    1.7845835E+16
      1262.6000205    1.7661611E+16
      1270.8000207    1.7114955E+16
      1281.6000208    1.6423518E+16
      1289.8000210    1.5919346E+16
      1292.5000210    1.5757141E+16
      1295.2000211    1.5596781E+16
      1298.0000211    1.5432406E+16
      1300.7000212    1.5275735E+16
      1303.4000212    1.5120841E+16
      1306.1000212    1.4967703E+16
      1314.3000214    1.4513157E+16
      1330.6000216    1.3654802E+16
      1341.5000218    1.3112604E+16
      1355.1000220    1.2469684E+16
      1360.6000221    1.2219796E+16
      1371.4000223    1.1745311E+16
      1382.3000225    1.1287331E+16
      1390.5000226    1.0956025E+16
      1395.9000227    1.0743825E+16
      1404.1000228    1.0430385E+16
      1406.8000229    1.0329443E+16
      1409.5000229    1.0229598E+16
      1415.0000230    1.0029556E+16
      1417.7000231    9.9329676E+15
      1420.4000231    9.8374272E+15
      1423.1000231    9.7429196E+15
      1425.9000232    9.6459908E+15
      1428.6000232    9.5535513E+15
      1431.3000233    9.4621093E+15
      1436.7000234    9.2821674E+15
      1439.5000234    9.1903850E+15
      1442.2000235    9.1028482E+15
      1444.9000235    9.0162488E+15
      1447.6000235    8.9305781E+15
      1450.4000236    8.8427015E+15
      1453.1000236    8.7588857E+15
      1455.8000237    8.6759649E+15
      1458.5000237    8.5939273E+15
      1461.2000238    8.5127637E+15
      1466.7000239    8.3500891E+15
      1469.4000239    8.2715154E+15
      1472.1000239    8.1937743E+15
      1477.6000240    8.0379481E+15
      1480.3000241    7.9626766E+15
      1488.4000242    7.7415889E+15
      1491.2000242    7.6667802E+15
      1496.6000243    7.5247972E+15
      1551.0000252    6.2484999E+15
      1632.7000266    4.7781849E+15
      1823.1000296    2.6326687E+15
      2340.2000381    6.2301776E+14
      2829.9000460    1.6902725E+14
      3047.6000496    9.3783253E+13
      3700.7000602    2.9397518E+12
      4000.0000650    0.0000000E+00
 
