       12.5000002    2.6084319E+18
        15.0000002    2.6990443E+18
        20.0000003    2.7590537E+18
        25.0000004    2.4144008E+18
        30.0000005    2.9936293E+18
        35.0000006    2.6238012E+18
        40.0000007    2.1370167E+18
        45.0000007    1.6932559E+18
        50.0000008    1.3492629E+18
        55.0000009    1.1185440E+18
        60.0000010    9.8155465E+17
        65.0000011    8.9774155E+17
        70.0000011    8.3261295E+17
        75.0000012    4.9521734E+18
        80.0000013    5.5084807E+18
        85.0000014    5.5605843E+18
        90.0000015    5.5924438E+18
        95.2390015    5.5285127E+18
       100.6800016    5.2113619E+18
       114.2900019    4.1770988E+18
       119.7300019    3.7864698E+18
       122.4500020    3.5993849E+18
       125.1700020    3.4181480E+18
       127.8900021    3.2429713E+18
       130.6100021    3.0740443E+18
       133.3300022    2.9115073E+18
       136.0600022    2.7548965E+18
       146.9400024    2.1958807E+18
       149.6600024    2.0720989E+18
       155.1000025    1.8428164E+18
       157.8200026    1.7369645E+18
       160.5500026    1.6363555E+18
       165.9900027    2.0422655E+18
       171.4300028    1.8839899E+18
       176.8700029    1.9926844E+18
       179.5900029    1.9248368E+18
       182.3100030    1.8514456E+18
       185.0400030    1.7771261E+18
       187.7600031    1.7048126E+18
       190.4800031    1.6353427E+18
       195.9200032    1.5060319E+18
       198.6400032    1.4459705E+18
       204.0800033    1.3343881E+18
       206.8000034    1.2826250E+18
       209.5300034    1.2331757E+18
       212.2500035    1.1862500E+18
       214.9700035    1.1415170E+18
       220.4100036    1.0580927E+18
       225.8500037    9.8193143E+17
       236.7400038    9.7975399E+17
       247.6200040    8.4578798E+17
       258.5100042    7.3180979E+17
       272.1100044    6.1556626E+17
       285.7200046    5.2254974E+17
       299.3200049    4.4761531E+17
       312.9300051    3.8659049E+17
       340.1400055    2.9477883E+17
       353.7400058    2.5981089E+17
       380.9500062    2.0474570E+17
       394.5600064    1.8281020E+17
       408.1700066    1.6373054E+17
       435.3800071    1.3233112E+17
       462.5900075    1.0777048E+17
       476.1900077    9.7478758E+16
       489.8000080    8.8274600E+16
       503.4000082    8.0036458E+16
       517.0100084    7.2637363E+16
       557.8300091    5.4603955E+16
       571.4300093    4.9736031E+16
       585.0400095    4.5335330E+16
       612.2500100    3.7758346E+16
       666.6700108    2.6430438E+16
       680.2800111    2.4219714E+16
       707.4900115    2.0553929E+16
       734.7000119    1.7389042E+16
       761.9100124    1.4693344E+16
       789.1200128    1.2455173E+16
       816.3300133    1.0590331E+16
       843.5400137    9.0313509E+15
       870.7500142    7.7238496E+15
       911.5700148    6.1400584E+15
       952.3900155    4.9096947E+15
       993.2000162    4.8990963E+15
      1020.4000166    4.1949091E+15
      1061.2000173    3.7004746E+15
      1088.4000177    3.1771787E+15
      1102.0000179    2.9470944E+15
      1115.7000181    2.7340863E+15
      1129.3000184    2.5395903E+15
      1142.9000186    2.3604829E+15
      1156.5000188    2.1954064E+15
      1170.1000190    2.0431350E+15
      1197.3000195    7.4351381E+15
      1210.9000197    6.9989966E+15
      1224.5000199    6.5715566E+15
      1227.2000200    6.4897208E+15
      1229.9000200    6.4089126E+15
      1232.7000200    6.3261964E+15
      1235.4000201    6.2474777E+15
      1238.1000201    6.1697769E+15
      1240.8000202    6.0930865E+15
      1243.5000202    6.0173968E+15
      1246.3000203    5.9399505E+15
      1249.0000203    5.8662677E+15
      1257.2000204    5.6483775E+15
      1259.9000205    5.5785306E+15
      1262.6000205    5.5096028E+15
      1270.8000207    5.3057771E+15
      1281.6000208    5.0495157E+15
      1289.8000210    4.8637772E+15
      1292.5000210    4.8042248E+15
      1295.2000211    4.7454498E+15
      1298.0000211    4.6853063E+15
      1300.7000212    4.6280801E+15
      1303.4000212    4.5715975E+15
      1306.1000212    4.5158483E+15
      1314.3000214    4.3509283E+15
      1330.6000216    4.0418149E+15
      1341.5000218    3.8481712E+15
      1355.1000220    3.6202387E+15
      1360.6000221    3.5321540E+15
      1371.4000223    3.3657036E+15
      1382.3000225    3.2060688E+15
      1390.5000226    3.0912345E+15
      1395.9000227    3.0179763E+15
      1404.1000228    2.9101931E+15
      1406.8000229    2.8755917E+15
      1409.5000229    2.8414204E+15
      1415.0000230    2.7731184E+15
      1417.7000231    2.7402179E+15
      1420.4000231    2.7077243E+15
      1423.1000231    2.6756323E+15
      1425.9000232    2.6427701E+15
      1428.6000232    2.6114797E+15
      1431.3000233    2.5805745E+15
      1436.7000234    2.5198997E+15
      1439.5000234    2.4890240E+15
      1442.2000235    2.4596228E+15
      1444.9000235    2.4305816E+15
      1447.6000235    2.4018958E+15
      1450.4000236    2.3725177E+15
      1453.1000236    2.3445408E+15
      1455.8000237    2.3169053E+15
      1458.5000237    2.2896063E+15
      1461.2000238    2.2626392E+15
      1466.7000239    2.2087155E+15
      1469.4000239    2.1827306E+15
      1472.1000239    2.1570602E+15
      1477.6000240    2.1057253E+15
      1480.3000241    2.0809857E+15
      1488.4000242    2.0085413E+15
      1491.2000242    1.9841044E+15
      1496.6000243    1.9378315E+15
      1551.0000252    1.5286156E+15
      1632.7000266    1.0705578E+15
      1823.1000296    4.6344502E+14
 
