       12.5000002    2.3860994E+18
        15.0000002    2.7044020E+18
        20.0000003    2.8392444E+18
        25.0000004    2.3917030E+18
        30.0000005    2.7395382E+18
        35.0000006    2.1818938E+18
        40.0000007    1.6453580E+18
        45.0000007    1.2639040E+18
        50.0000008    1.0254201E+18
        55.0000009    8.9180254E+17
        60.0000010    8.0829360E+17
        65.0000011    7.2931438E+17
        70.0000011    6.3817641E+17
        75.0000012    4.1507295E+18
        80.0000013    4.4484204E+18
        85.0000014    4.2573310E+18
        90.0000015    3.9777018E+18
        95.2390015    3.5494110E+18
       100.6800016    2.9462104E+18
       114.2900019    1.5419056E+18
       119.7300019    1.0993317E+18
       122.4500020    9.0261913E+17
       125.1700020    7.2035590E+17
       127.8900021    5.4988353E+17
       130.6100021    3.8583663E+17
       133.3300022    2.1120199E+17
 
