       12.5000002    4.8489183E+18
        15.0000002    4.6956145E+18
        20.0000003    2.1389674E+18
        25.0000004    1.8428182E+18
        30.0000005    2.3137845E+18
        35.0000006    2.3292337E+18
        40.0000007    2.3240160E+18
        45.0000007    2.2223091E+18
        50.0000008    1.9707363E+18
        55.0000009    1.6061655E+18
        60.0000010    1.2290136E+18
        65.0000011    9.2317326E+17
        70.0000011    7.1251377E+17
        75.0000012    3.2326906E+18
        80.0000013    3.5150312E+18
        85.0000014    3.6176126E+18
        90.0000015    3.7776146E+18
        95.2390015    3.7538303E+18
       100.6800016    3.5061537E+18
       114.2900019    2.9391287E+18
       119.7300019    2.7527711E+18
       122.4500020    2.6616953E+18
       125.1700020    2.5709993E+18
       127.8900021    2.4802932E+18
       130.6100021    2.3894086E+18
       133.3300022    2.2983366E+18
       136.0600022    2.2068538E+18
       146.9400024    1.8459624E+18
       149.6600024    1.7580215E+18
       155.1000025    1.5867826E+18
       157.8200026    1.5039607E+18
       160.5500026    1.4229853E+18
       165.9900027    1.6418916E+18
       171.4300028    1.5021293E+18
       176.8700029    1.5105444E+18
       179.5900029    1.4460018E+18
       182.3100030    1.3756782E+18
       185.0400030    1.3039813E+18
       187.7600031    1.2340231E+18
       190.4800031    1.1668607E+18
       195.9200032    1.0422226E+18
       198.6400032    9.8459562E+17
       204.0800033    8.7832672E+17
       206.8000034    8.2944786E+17
       209.5300034    7.8302099E+17
       212.2500035    7.3920991E+17
       214.9700035    6.9766975E+17
       220.4100036    6.2076289E+17
       225.8500037    5.5111553E+17
       236.7400038    4.8260586E+17
       247.6200040    3.5725576E+17
       258.5100042    2.4980906E+17
       272.1100044    1.3153665E+17
 
