       12.5000002    2.0809712E+18
        15.0000002    3.2046734E+18
        20.0000003    3.0540126E+18
        25.0000004    2.4890829E+18
        30.0000005    2.4429999E+18
        35.0000006    1.7340326E+18
        40.0000007    1.3281251E+18
        45.0000007    1.1206321E+18
        50.0000008    1.0035246E+18
        55.0000009    9.1177510E+17
        60.0000010    7.9898294E+17
        65.0000011    6.6113586E+17
        70.0000011    5.2077691E+17
        75.0000012    3.9586690E+18
        80.0000013    3.9704489E+18
        85.0000014    3.4287492E+18
        90.0000015    2.7615909E+18
        95.2390015    1.9913764E+18
       100.6800016    1.1794983E+18
 
