       12.5000002    3.0421642E+18
        15.0000002    2.6681590E+18
        20.0000003    2.4775268E+18
        25.0000004    2.2725736E+18
        30.0000005    2.7325178E+18
        35.0000006    2.4526685E+18
        40.0000007    2.0144272E+18
        45.0000007    1.5609286E+18
        50.0000008    1.1889279E+18
        55.0000009    9.3680308E+17
        60.0000010    7.9163284E+17
        65.0000011    7.0821482E+17
        70.0000011    6.4554389E+17
        75.0000012    3.9366562E+18
        80.0000013    4.3149306E+18
        85.0000014    4.2802006E+18
        90.0000015    4.2116875E+18
        95.2390015    4.0359468E+18
       100.6800016    3.6434050E+18
       114.2900019    2.4999296E+18
       119.7300019    2.0864598E+18
       122.4500020    1.8937323E+18
       125.1700020    1.7109686E+18
       127.8900021    1.5384478E+18
       130.6100021    1.3763090E+18
       133.3300022    1.2245614E+18
       136.0600022    1.0825965E+18
       146.9400024    6.1418149E+17
       149.6600024    5.1930185E+17
       155.1000025    3.5207228E+17
       157.8200026    2.7794101E+17
       160.5500026    2.0795977E+17
       165.9900027    1.1871673E+17
 
