       12.5000002    4.8551350E+01
        15.0000002    2.9295420E+01
        20.0000003    1.5094926E+01
        25.0000004    6.1222744E+00
        30.0000005    3.8318660E+00
        35.0000006    1.4409977E+00
        40.0000007    5.3935730E-01
        45.0000007    2.3078054E-01
        50.0000008    1.1997189E-01
        55.0000009    7.6729387E-02
        60.0000010    5.4322265E-02
        65.0000011    3.8231164E-02
        70.0000011    2.5755772E-02
        75.0000012    1.0282816E-01
        80.0000013    8.9743063E-02
        85.0000014    7.1784399E-02
        90.0000015    5.7203487E-02
        95.2390015    4.3675434E-02
       100.6800016    3.1026453E-02
       114.2900019    1.2120988E-02
       119.7300019    8.2441457E-03
       122.4500020    6.7885532E-03
       125.1700020    5.5841859E-03
       127.8900021    4.5886692E-03
       130.6100021    3.7665791E-03
       133.3300022    3.0883492E-03
       136.0600022    2.5274751E-03
       146.9400024    1.1228821E-03
       149.6600024    9.1355923E-04
       155.1000025    6.0186465E-04
       157.8200026    4.8728660E-04
       160.5500026    3.9350116E-04
       165.9900027    4.7159893E-04
       171.4300028    3.4086971E-04
       176.8700029    3.0546775E-04
       179.5900029    2.5987439E-04
       182.3100030    2.1901492E-04
       185.0400030    1.8322747E-04
       187.7600031    1.5253997E-04
       190.4800031    1.2632269E-04
       195.9200032    8.5111431E-05
       198.6400032    6.9110887E-05
       204.0800033    4.4241351E-05
       206.8000034    3.4692937E-05
       209.5300034    2.6656257E-05
       212.2500035    1.9938663E-05
       214.9700035    1.4271463E-05
       220.4100036    4.8423590E-06
 
