       12.5000002    1.7205592E+02
        15.0000002    3.8079922E+01
        20.0000003    2.0164463E+01
        25.0000004    8.5051899E+00
        30.0000005    6.3210168E+00
        35.0000006    3.0845847E+00
        40.0000007    1.3546586E+00
        45.0000007    5.8023238E-01
        50.0000008    2.5635463E-01
        55.0000009    1.2797780E-01
        60.0000010    7.7945635E-02
        65.0000011    5.4779455E-02
        70.0000011    4.0088411E-02
        75.0000012    1.3966566E-01
        80.0000013    1.2444106E-01
        85.0000014    1.0357470E-01
        90.0000015    8.7332331E-02
        95.2390015    7.1724512E-02
       100.6800016    5.4964289E-02
       114.2900019    2.5670318E-02
       119.7300019    1.8724302E-02
       122.4500020    1.5967473E-02
       125.1700020    1.3604387E-02
       127.8900021    1.1581588E-02
       130.6100021    9.8522687E-03
       133.3300022    8.3755059E-03
       136.0600022    7.1114535E-03
       146.9400024    3.6856146E-03
       149.6600024    3.1235199E-03
       155.1000025    2.2405628E-03
       157.8200026    1.8964410E-03
       160.5500026    1.6035028E-03
       165.9900027    1.5963315E-03
       171.4300028    1.2165423E-03
       176.8700029    1.0765085E-03
       179.5900029    9.5152989E-04
       182.3100030    8.3735539E-04
       185.0400030    7.3486281E-04
       187.7600031    6.4450642E-04
       190.4800031    5.6497700E-04
       195.9200032    4.3380435E-04
       198.6400032    3.7992033E-04
       204.0800033    2.9096490E-04
       206.8000034    2.5440229E-04
       209.5300034    2.2215619E-04
       212.2500035    1.9392181E-04
       214.9700035    1.6910229E-04
       220.4100036    1.2811457E-04
       225.8500037    9.6482217E-05
       236.7400038    5.6445646E-05
       247.6200040    3.1126590E-05
       258.5100042    1.6392156E-05
       272.1100044    5.9811364E-06
 
