       12.5000002    1.9965618E+03
        15.0000002    9.9023505E+02
        20.0000003    9.0998573E+01
        25.0000004    2.5216408E+01
        30.0000005    1.7022537E+01
        35.0000006    1.0329009E+01
        40.0000007    6.8748984E+00
        45.0000007    4.6952071E+00
        50.0000008    3.0442100E+00
        55.0000009    1.8074588E+00
        60.0000010    9.8485214E-01
        65.0000011    5.0760895E-01
        70.0000011    2.5835517E-01
        75.0000012    5.1348585E-01
        80.0000013    3.9061844E-01
        85.0000014    3.3015934E-01
        90.0000015    3.1092626E-01
        95.2390015    2.5245067E-01
       100.6800016    1.7775084E-01
       114.2900019    8.8547572E-02
       119.7300019    7.2236463E-02
       122.4500020    6.5703198E-02
       125.1700020    5.9923444E-02
       127.8900021    5.4744527E-02
       130.6100021    5.0059419E-02
       133.3300022    4.5791771E-02
       136.0600022    4.1872337E-02
       146.9400024    2.9167771E-02
       149.6600024    2.6599636E-02
       155.1000025    2.2070482E-02
       157.8200026    2.0081291E-02
       160.5500026    1.8252105E-02
       165.9900027    1.8070025E-02
       171.4300028    1.5278486E-02
       176.8700029    1.3563517E-02
       179.5900029    1.2518013E-02
       182.3100030    1.1451756E-02
       185.0400030    1.0407849E-02
       187.7600031    9.4290217E-03
       190.4800031    8.5324422E-03
       195.9200032    6.9840564E-03
       198.6400032    6.3155740E-03
       204.0800033    5.1674522E-03
       206.8000034    4.6790252E-03
       209.5300034    4.2389515E-03
       212.2500035    3.8451669E-03
       214.9700035    3.4911826E-03
       220.4100036    2.8859882E-03
       225.8500037    2.3945717E-03
       236.7400038    1.9823273E-03
       247.6200040    1.4256347E-03
       258.5100042    1.0192248E-03
       272.1100044    6.7220384E-04
       285.7200046    4.4622997E-04
       299.3200049    2.9848859E-04
       312.9300051    2.0122447E-04
       340.1400055    9.4010647E-05
       353.7400058    6.5212917E-05
       380.9500062    3.2285636E-05
       394.5600064    2.3007095E-05
       408.1700066    1.6507451E-05
       435.3800071    8.6147393E-06
       462.5900075    4.5127617E-06
       476.1900077    3.2512930E-06
       489.8000080    2.3254265E-06
       503.4000082    1.6457756E-06
       517.0100084    1.1462406E-06
       557.8300091    3.1658334E-07
       571.4300093    1.7127090E-07
       585.0400095    4.4154987E-08
 
