       12.5000002    1.6169224E+01
        15.0000002    1.2513817E+01
        20.0000003    2.8564322E+00
        25.0000004    3.5777888E-01
        30.0000005    1.6369036E-01
        35.0000006    1.0312305E-01
        40.0000007    5.7614628E-02
        45.0000007    2.8594257E-02
        50.0000008    1.2698209E-02
        55.0000009    5.5137468E-03
        60.0000010    2.6630298E-03
        65.0000011    1.4669693E-03
        70.0000011    8.3687203E-04
        75.0000012    3.4138369E-03
        80.0000013    1.3945674E-03
        85.0000014    2.9818952E-04
 
