       12.5000002    1.9088541E+01
        15.0000002    1.4823826E+01
        20.0000003    4.3273988E+00
        25.0000004    7.5178754E-01
        30.0000005    2.3957731E-01
        35.0000006    1.5237008E-01
        40.0000007    1.0205378E-01
        45.0000007    6.5847747E-02
        50.0000008    4.0176619E-02
        55.0000009    2.2986406E-02
        60.0000010    1.2720549E-02
        65.0000011    7.1681081E-03
        70.0000011    4.3000388E-03
        75.0000012    3.8473357E-02
        80.0000013    3.1421505E-02
        85.0000014    2.2593776E-02
        90.0000015    1.5873665E-02
        95.2390015    1.0777473E-02
       100.6800016    7.0690876E-03
       114.2900019    2.4804089E-03
       119.7300019    1.6532063E-03
       122.4500020    1.3537575E-03
       125.1700020    1.1108320E-03
       127.8900021    9.1341091E-04
       130.6100021    7.5268385E-04
       133.3300022    6.2159466E-04
       136.0600022    5.1412749E-04
       146.9400024    2.4698288E-04
       149.6600024    2.0687487E-04
       155.1000025    1.4625433E-04
       157.8200026    1.2345480E-04
       160.5500026    1.0442376E-04
       165.9900027    2.1856732E-04
       171.4300028    1.7271540E-04
       176.8700029    1.8209357E-04
       179.5900029    1.6250463E-04
       182.3100030    1.4443639E-04
       185.0400030    1.2815732E-04
       187.7600031    1.1376641E-04
       190.4800031    1.0105453E-04
       195.9200032    7.9945225E-05
       198.6400032    7.1205293E-05
       204.0800033    5.6643545E-05
       206.8000034    5.0589599E-05
       209.5300034    4.5204011E-05
       212.2500035    4.0443225E-05
       214.9700035    3.6214125E-05
       220.4100036    2.9106925E-05
       225.8500037    2.3467475E-05
       236.7400038    2.1951644E-05
       247.6200040    1.5621192E-05
       258.5100042    1.1223575E-05
       272.1100044    7.5210619E-06
       285.7200046    5.0990175E-06
       299.3200049    3.4937145E-06
       312.9300051    2.4151077E-06
       340.1400055    1.1827229E-06
       353.7400058    8.3691970E-07
       380.9500062    4.2737724E-07
       394.5600064    3.0821298E-07
       408.1700066    2.2356336E-07
       435.3800071    1.1957169E-07
       462.5900075    6.5224640E-08
       476.1900077    4.8500702E-08
       489.8000080    3.6203428E-08
       503.4000082    2.7131305E-08
       517.0100084    2.0398117E-08
       557.8300091    8.8217194E-09
       571.4300093    6.7030195E-09
       585.0400095    5.1008708E-09
       612.2500100    2.9650620E-09
       666.6700108    1.0045806E-09
       680.2800111    7.6465617E-10
       707.4900115    4.4026399E-10
       734.7000119    2.4980024E-10
       761.9100124    1.3842466E-10
       789.1200128    7.3741561E-11
       816.3300133    3.6517896E-11
       843.5400137    1.5125991E-11
 
