       12.5000002    2.6950903E+01
        15.0000002    2.3697489E+01
        20.0000003    7.9857717E+00
        25.0000004    2.6655107E+00
        30.0000005    7.6423585E-01
        35.0000006    2.6759744E-01
        40.0000007    1.5189414E-01
        45.0000007    1.0187259E-01
        50.0000008    7.1550354E-02
        55.0000009    4.8905231E-02
        60.0000010    3.1446040E-02
        65.0000011    1.9239878E-02
        70.0000011    1.1516377E-02
        75.0000012    7.4174598E-02
        80.0000013    6.3880183E-02
        85.0000014    4.9383391E-02
        90.0000015    3.7650634E-02
        95.2390015    2.7673302E-02
       100.6800016    1.9371521E-02
       114.2900019    7.7833701E-03
       119.7300019    5.4499316E-03
       122.4500020    4.5694713E-03
       125.1700020    3.8363147E-03
       127.8900021    3.2250443E-03
       130.6100021    2.7147611E-03
       133.3300022    2.2882561E-03
       136.0600022    1.9301397E-03
       146.9400024    9.9295203E-04
       149.6600024    8.4387016E-04
       155.1000025    6.1212655E-04
       157.8200026    5.2248966E-04
       160.5500026    4.4638917E-04
       165.9900027    6.4672891E-04
       171.4300028    5.2250666E-04
       176.8700029    5.2994170E-04
       179.5900029    4.8008020E-04
       182.3100030    4.3258219E-04
       185.0400030    3.8875703E-04
       187.7600031    3.4929035E-04
       190.4800031    3.1389541E-04
       195.9200032    2.5397775E-04
       198.6400032    2.2869848E-04
       204.0800033    1.8585961E-04
       206.8000034    1.6774774E-04
       209.5300034    1.5146242E-04
       212.2500035    1.3691396E-04
       214.9700035    1.2385521E-04
       220.4100036    1.0157502E-04
       225.8500037    8.3534214E-05
       236.7400038    6.4027125E-05
       247.6200040    4.5972007E-05
       258.5100042    3.3502783E-05
       272.1100044    2.2983657E-05
       285.7200046    1.6032534E-05
       299.3200049    1.1344586E-05
       312.9300051    8.1203843E-06
       340.1400055    4.2831139E-06
       353.7400058    3.1488269E-06
       380.9500062    1.7362879E-06
       394.5600064    1.3008924E-06
       408.1700066    9.8004648E-07
       435.3800071    5.6489557E-07
       462.5900075    3.3175658E-07
       476.1900077    2.5592993E-07
       489.8000080    1.9821348E-07
       503.4000082    1.5415294E-07
       517.0100084    1.2032564E-07
       557.8300091    5.8490727E-08
       571.4300093    4.6310284E-08
       585.0400095    3.6778250E-08
       612.2500100    2.3414140E-08
       666.6700108    9.8131592E-09
       680.2800111    7.9451361E-09
       707.4900115    5.2504490E-09
       734.7000119    3.4948828E-09
       761.9100124    2.3423712E-09
       789.1200128    1.5799099E-09
       816.3300133    1.0713080E-09
       843.5400137    7.2956213E-10
       870.7500142    4.9838783E-10
       911.5700148    2.8233932E-10
       952.3900155    1.5999935E-10
       993.2000162    9.7221245E-11
      1020.4000166    6.5618080E-11
      1061.2000173    3.7425566E-11
      1088.4000177    2.4652502E-11
      1102.0000179    1.9887168E-11
      1115.7000181    1.5937076E-11
      1129.3000184    1.2734369E-11
      1142.9000186    1.0085732E-11
      1156.5000188    7.9294791E-12
      1170.1000190    6.1460624E-12
      1197.3000195    1.7301159E-11
      1210.9000197    1.2544944E-11
      1224.5000199    8.4727633E-12
      1227.2000200    7.7284741E-12
      1229.9000200    6.9987171E-12
      1232.7000200    6.2527232E-12
      1235.4000201    5.5378683E-12
      1238.1000201    4.8190440E-12
      1240.8000202    4.0830846E-12
      1243.5000202    3.3061108E-12
      1246.3000203    2.3983825E-12
      1249.0000203    1.1996005E-12
 
