       12.5000002    3.9570837E+00
        15.0000002    1.2389393E+00
        20.0000003    2.5701270E-01
        25.0000004    1.2786759E-01
        30.0000005    7.7375904E-02
        35.0000006    3.1999636E-02
        40.0000007    1.3618861E-02
        45.0000007    6.7895572E-03
        50.0000008    3.9554476E-03
        55.0000009    2.4705811E-03
        60.0000010    1.5598533E-03
        65.0000011    9.7851059E-04
        70.0000011    6.1119499E-04
        75.0000012    2.0118996E-03
        80.0000013    1.2423126E-03
        85.0000014    7.1120582E-04
        90.0000015    4.0690016E-04
        95.2390015    2.3074985E-04
       100.6800016    1.3143373E-04
       114.2900019    3.6934613E-05
       119.7300019    2.3486567E-05
       122.4500020    1.8930568E-05
       125.1700020    1.5360256E-05
       127.8900021    1.2541554E-05
       130.6100021    1.0300148E-05
       133.3300022    8.5053780E-06
       136.0600022    7.0538858E-06
       146.9400024    3.4911802E-06
       149.6600024    2.9542034E-06
       155.1000025    2.1332519E-06
       157.8200026    1.8195080E-06
       160.5500026    1.5543800E-06
       165.9900027    3.5350602E-06
       171.4300028    2.4952872E-06
       176.8700029    2.3886735E-06
       179.5900029    2.0093785E-06
       182.3100030    1.6901743E-06
       185.0400030    1.4217364E-06
       187.7600031    1.1977955E-06
       190.4800031    1.0101164E-06
       195.9200032    7.2041473E-07
       198.6400032    6.0919973E-07
       204.0800033    4.3663925E-07
       206.8000034    3.7004298E-07
       209.5300034    3.1360179E-07
       212.2500035    2.6607168E-07
       214.9700035    2.2584813E-07
       220.4100036    1.6290407E-07
       225.8500037    1.1761603E-07
       236.7400038    2.4669893E-07
       247.6200040    1.3970211E-07
       258.5100042    7.7288277E-08
       272.1100044    3.5487094E-08
       285.7200046    1.5107583E-08
       299.3200049    5.4031815E-09
 
