       12.5000002    3.7946695E-01
        15.0000002    3.4459987E-01
        20.0000003    1.0611851E-01
        25.0000004    3.0718729E-02
        30.0000005    1.2241297E-02
        35.0000006    5.9310468E-03
        40.0000007    2.9591126E-03
        45.0000007    1.4155060E-03
        50.0000008    6.6979340E-04
        55.0000009    3.2522550E-04
        60.0000010    1.6582830E-04
        65.0000011    8.9355781E-05
        70.0000011    5.0539700E-05
        75.0000012    5.2067524E-05
        80.0000013    2.7085758E-05
        85.0000014    1.4583647E-05
        90.0000015    8.1271610E-06
        95.2390015    4.5133484E-06
       100.6800016    2.4817207E-06
       114.2900019    5.4390381E-07
       119.7300019    2.8443816E-07
       122.4500020    2.0203345E-07
       125.1700020    1.4100310E-07
       127.8900021    9.6002012E-08
       130.6100021    6.2952886E-08
       133.3300022    3.8683709E-08
       136.0600022    2.0435918E-08
 
