       12.5000002    8.5678986E+02
        15.0000002    2.7256311E+02
        20.0000003    2.6682068E+01
        25.0000004    1.6375895E+01
        30.0000005    1.1300566E+01
        35.0000006    7.1545243E+00
        40.0000007    4.4754353E+00
        45.0000007    2.6125276E+00
        50.0000008    1.4131013E+00
        55.0000009    7.1223110E-01
        60.0000010    3.4647730E-01
        65.0000011    1.7458262E-01
        70.0000011    9.8339185E-02
        75.0000012    2.6352394E-01
        80.0000013    2.3377891E-01
        85.0000014    2.0471242E-01
        90.0000015    1.8428566E-01
        95.2390015    1.5652041E-01
       100.6800016    1.2545818E-01
       114.2900019    7.4919842E-02
       119.7300019    6.1787907E-02
       122.4500020    5.6133639E-02
       125.1700020    5.0989032E-02
       127.8900021    4.6300560E-02
       130.6100021    4.2024694E-02
       133.3300022    3.8124781E-02
       136.0600022    3.4556534E-02
       146.9400024    2.3249231E-02
       149.6600024    2.1036115E-02
       155.1000025    1.7208852E-02
       157.8200026    1.5560753E-02
       160.5500026    1.4063831E-02
       165.9900027    1.3684371E-02
       171.4300028    1.1472219E-02
       176.8700029    1.0173457E-02
       179.5900029    9.3552507E-03
       182.3100030    8.5475463E-03
       185.0400030    7.7790096E-03
       187.7600031    7.0713810E-03
       190.4800031    6.4279214E-03
       195.9200032    5.3212126E-03
       198.6400032    4.8459638E-03
       204.0800033    4.0297080E-03
       206.8000034    3.6807777E-03
       209.5300034    3.3649076E-03
       212.2500035    3.0807694E-03
       214.9700035    2.8238918E-03
       220.4100036    2.3806849E-03
       225.8500037    2.0158750E-03
       236.7400038    1.7535228E-03
       247.6200040    1.3007686E-03
       258.5100042    9.6282584E-04
       272.1100044    6.6680042E-04
       285.7200046    4.6740082E-04
       299.3200049    3.3183713E-04
       312.9300051    2.3853908E-04
       340.1400055    1.2811137E-04
       353.7400058    9.5691568E-05
       380.9500062    5.5334993E-05
       394.5600064    4.2789317E-05
       408.1700066    3.3429904E-05
       435.3800071    2.0981393E-05
       462.5900075    1.3592855E-05
       476.1900077    1.1052623E-05
       489.8000080    9.0387530E-06
       503.4000082    7.4323525E-06
       517.0100084    6.1401511E-06
       557.8300091    3.5498633E-06
       571.4300093    2.9788819E-06
       585.0400095    2.5073170E-06
       612.2500100    1.7919829E-06
       666.6700108    9.4344296E-07
       680.2800111    8.0811486E-07
       707.4900115    6.1644249E-07
       734.7000119    4.6333221E-07
       761.9100124    3.4474201E-07
       789.1200128    2.5862269E-07
       816.3300133    1.9548482E-07
       843.5400137    1.4880067E-07
       870.7500142    1.1401186E-07
       911.5700148    7.7346058E-08
       952.3900155    5.3148501E-08
       993.2000162    5.5347797E-08
      1020.4000166    4.2844388E-08
      1061.2000173    3.4727371E-08
      1088.4000177    2.7116656E-08
      1102.0000179    2.4010058E-08
      1115.7000181    2.1268498E-08
      1129.3000184    1.8880776E-08
      1142.9000186    1.6782213E-08
      1156.5000188    1.4935152E-08
      1170.1000190    1.3307279E-08
      1197.3000195    3.6496196E-08
      1210.9000197    3.2980385E-08
      1224.5000199    2.9797715E-08
      1227.2000200    2.9204942E-08
      1229.9000200    2.8624642E-08
      1232.7000200    2.8035773E-08
      1235.4000201    2.7480146E-08
      1238.1000201    2.6936265E-08
      1240.8000202    2.6403882E-08
      1243.5000202    2.5882754E-08
      1246.3000203    2.5353955E-08
      1249.0000203    2.4855010E-08
      1257.2000204    2.3403288E-08
      1259.9000205    2.2945450E-08
      1262.6000205    2.2497233E-08
      1270.8000207    2.1192777E-08
      1281.6000208    1.9597527E-08
      1289.8000210    1.8472784E-08
      1292.5000210    1.8117817E-08
      1295.2000211    1.7770185E-08
      1298.0000211    1.7417253E-08
      1300.7000212    1.7084067E-08
      1303.4000212    1.6757737E-08
      1306.1000212    1.6438110E-08
      1314.3000214    1.5506989E-08
      1330.6000216    1.3820494E-08
      1341.5000218    1.2803588E-08
      1355.1000220    1.1646374E-08
      1360.6000221    1.1210834E-08
      1371.4000223    1.0405795E-08
      1382.3000225    9.6560742E-09
      1390.5000226    9.1304662E-09
      1395.9000227    8.8012140E-09
      1404.1000228    8.3254488E-09
      1406.8000229    8.1749167E-09
      1409.5000229    8.0273121E-09
      1415.0000230    7.7354390E-09
      1417.7000231    7.5963564E-09
      1420.4000231    7.4599624E-09
      1423.1000231    7.3262032E-09
      1425.9000232    7.1902133E-09
      1428.6000232    7.0616513E-09
      1431.3000233    6.9355615E-09
      1436.7000234    6.6905952E-09
      1439.5000234    6.5672578E-09
      1442.2000235    6.4506409E-09
      1444.9000235    6.3362511E-09
      1447.6000235    6.2240422E-09
      1450.4000236    6.1099339E-09
      1453.1000236    6.0020313E-09
      1455.8000237    5.8961778E-09
      1458.5000237    5.7923315E-09
      1461.2000238    5.6904517E-09
      1466.7000239    5.4888361E-09
      1469.4000239    5.3926872E-09
      1472.1000239    5.2983493E-09
      1477.6000240    5.1116293E-09
      1480.3000241    5.0225695E-09
      1488.4000242    4.7652660E-09
      1491.2000242    4.6796518E-09
      1496.6000243    4.5191770E-09
      1551.0000252    3.1959353E-09
      1632.7000266    1.9309931E-09
      1823.1000296    6.3906225E-10
      2340.2000381    4.5952183E-11
      2829.9000460    4.9803707E-12
      3047.6000496    1.8938380E-12
      3700.7000602    0.0000000E+00
      4000.0000650    0.0000000E+00
 
