       12.5000002    1.9422227E+02
        15.0000002    4.2537941E+01
        20.0000003    2.1354197E+01
        25.0000004    9.4174690E+00
        30.0000005    7.1647720E+00
        35.0000006    3.7624638E+00
        40.0000007    1.7944386E+00
        45.0000007    8.2435620E-01
        50.0000008    3.7822402E-01
        55.0000009    1.8441832E-01
        60.0000010    1.0483366E-01
        65.0000011    7.0554130E-02
        70.0000011    5.2159388E-02
        75.0000012    1.7896077E-01
        80.0000013    1.6295105E-01
        85.0000014    1.3956869E-01
        90.0000015    1.2173452E-01
        95.2390015    1.0450795E-01
       100.6800016    8.4713846E-02
       114.2900019    4.6647675E-02
       119.7300019    3.6564566E-02
       122.4500020    3.2356709E-02
       125.1700020    2.8625799E-02
       127.8900021    2.5320163E-02
       130.6100021    2.2393376E-02
       133.3300022    1.9803716E-02
       136.0600022    1.7505789E-02
       146.9400024    1.0722859E-02
       149.6600024    9.4922176E-03
       155.1000025    7.4465591E-03
       157.8200026    6.5996139E-03
       160.5500026    5.8490769E-03
       165.9900027    5.6768199E-03
       171.4300028    4.6138014E-03
       176.8700029    4.1153552E-03
       179.5900029    3.7437018E-03
       182.3100030    3.3954401E-03
       185.0400030    3.0758558E-03
       187.7600031    2.7882191E-03
       190.4800031    2.5298328E-03
       195.9200032    2.0903216E-03
       198.6400032    1.9035998E-03
       204.0800033    1.5845364E-03
       206.8000034    1.4483233E-03
       209.5300034    1.3249692E-03
       212.2500035    1.2139149E-03
       214.9700035    1.1133990E-03
       220.4100036    9.3958771E-04
       225.8500037    7.9599733E-04
       236.7400038    6.5446587E-04
       247.6200040    4.7189475E-04
       258.5100042    3.4246960E-04
       272.1100044    2.3318120E-04
       285.7200046    1.6171775E-04
       299.3200049    1.1423832E-04
       312.9300051    8.2086670E-05
       340.1400055    4.4449916E-05
       353.7400058    3.3408156E-05
       380.9500062    1.9545327E-05
       394.5600064    1.5175970E-05
       408.1700066    1.1884912E-05
       435.3800071    7.4526179E-06
       462.5900075    4.7886870E-06
       476.1900077    3.8685794E-06
       489.8000080    3.1390111E-06
       503.4000082    2.5581076E-06
       517.0100084    2.0925108E-06
       557.8300091    1.1697142E-06
       571.4300093    9.6979966E-07
       585.0400095    8.0629320E-07
       612.2500100    5.6203783E-07
       666.6700108    2.8148639E-07
       680.2800111    2.3816571E-07
       707.4900115    1.7371525E-07
       734.7000119    1.2665194E-07
       761.9100124    9.2494453E-08
       789.1200128    6.8081789E-08
       816.3300133    5.0481983E-08
       843.5400137    3.7691191E-08
       870.7500142    2.8325026E-08
       911.5700148    1.8664336E-08
       952.3900155    1.2457010E-08
       993.2000162    1.0977025E-08
      1020.4000166    8.3799945E-09
      1061.2000173    6.3699606E-09
      1088.4000177    4.9053597E-09
      1102.0000179    4.3130193E-09
      1115.7000181    3.7934988E-09
      1129.3000184    3.3438659E-09
      1142.9000186    2.9511238E-09
      1156.5000188    2.6076192E-09
      1170.1000190    2.3067885E-09
      1197.3000195    7.1979680E-09
      1210.9000197    6.4454291E-09
      1224.5000199    5.7693121E-09
      1227.2000200    5.6440217E-09
      1229.9000200    5.5215761E-09
      1232.7000200    5.3975384E-09
      1235.4000201    5.2807088E-09
      1238.1000201    5.1665467E-09
      1240.8000202    5.0549924E-09
      1243.5000202    4.9459872E-09
      1246.3000203    4.8355737E-09
      1249.0000203    4.7315796E-09
      1257.2000204    4.4300639E-09
      1259.9000205    4.3353126E-09
      1262.6000205    4.2427160E-09
      1270.8000207    3.9741805E-09
      1281.6000208    3.6478061E-09
      1289.8000210    3.4191214E-09
      1292.5000210    3.3472072E-09
      1295.2000211    3.2769027E-09
      1298.0000211    3.2056542E-09
      1300.7000212    3.1385123E-09
      1303.4000212    3.0728673E-09
      1306.1000212    3.0086837E-09
      1314.3000214    2.8223650E-09
      1330.6000216    2.4875377E-09
      1341.5000218    2.2874294E-09
      1355.1000220    2.0614985E-09
      1360.6000221    1.9769919E-09
      1371.4000223    1.8216023E-09
      1382.3000225    1.6778928E-09
      1390.5000226    1.5777577E-09
      1395.9000227    1.5153033E-09
      1404.1000228    1.4254461E-09
      1406.8000229    1.3971143E-09
      1409.5000229    1.3693812E-09
      1415.0000230    1.3146835E-09
      1417.7000231    1.2886870E-09
      1420.4000231    1.2632368E-09
      1423.1000231    1.2383207E-09
      1425.9000232    1.2130330E-09
      1428.6000232    1.1891682E-09
      1431.3000233    1.1658021E-09
      1436.7000234    1.1205222E-09
      1439.5000234    1.0977834E-09
      1442.2000235    1.0763209E-09
      1444.9000235    1.0553040E-09
      1447.6000235    1.0347226E-09
      1450.4000236    1.0138291E-09
      1453.1000236    9.9410602E-10
      1455.8000237    9.7479014E-10
      1458.5000237    9.5587271E-10
      1461.2000238    9.3734487E-10
      1466.7000239    9.0077273E-10
      1469.4000239    8.8337665E-10
      1472.1000239    8.6633700E-10
      1477.6000240    8.3269691E-10
      1480.3000241    8.1669282E-10
      1488.4000242    7.7060941E-10
      1491.2000242    7.5532802E-10
      1496.6000243    7.2675754E-10
      1551.0000252    4.9524179E-10
      1632.7000266    2.8271152E-10
      1823.1000296    8.1037628E-11
      2340.2000381    3.0241215E-12
 
