       80.0000013    1.0872414E+18
        85.0000014    7.6207934E+17
        90.0000015    5.4521473E+17
        95.2390015    3.9296353E+17
       100.6800016    2.8716761E+17
       114.2900019    1.4739726E+17
       119.7300019    1.1791922E+17
       122.4500020    1.0633154E+17
       125.1700020    9.6356938E+16
       127.8900021    8.7716873E+16
       130.6100021    8.0185974E+16
       133.3300022    7.3581612E+16
       136.0600022    6.7734804E+16
       146.9400024    4.9485541E+17
       149.6600024    4.5066913E+17
       155.1000025    3.7415061E+17
       157.8200026    3.4133483E+17
       160.5500026    3.1157507E+17
       165.9900027    2.6047058E+17
       171.4300028    2.1847135E+17
       176.8700029    1.8381860E+17
       179.5900029    1.6880225E+17
       182.3100030    1.5512690E+17
       185.0400030    1.4261931E+17
       187.7600031    1.3125487E+17
       190.4800031    1.2088170E+17
       195.9200032    1.0274540E+17
       198.6400032    9.4822682E+16
       204.0800033    2.6561179E+17
       206.8000034    2.5147702E+17
       209.5300034    2.3783588E+17
       212.2500035    2.2493424E+17
       214.9700035    2.1275349E+17
       220.4100036    1.9047580E+17
       225.8500037    1.7074225E+17
       236.7400038    1.3770451E+17
       247.6200040    1.1164104E+17
       258.5100042    9.0927275E+16
       272.1100044    7.0823100E+16
       285.7200046    5.5532003E+16
       299.3200049    4.3835484E+16
       312.9300051    3.4813570E+16
       340.1400055    2.2353460E+16
       353.7400058    1.8063084E+16
       380.9500062    1.1976501E+16
       394.5600064    9.8227309E+15
       408.1700066    8.0933054E+15
       435.3800071    5.5668848E+15
       462.5900075    3.8912992E+15
       476.1900077    3.2719268E+15
       489.8000080    2.7605271E+15
       503.4000082    2.3372302E+15
       517.0100084    1.9850024E+15
       557.8300091    1.2385664E+15
       571.4300093    1.0642522E+15
       585.0400095    9.1669460E+14
       612.2500100    6.8504386E+14
       666.6700108    3.9221886E+14
       680.2800111    3.4269682E+14
       707.4900115    2.6284846E+14
       734.7000119    2.0268811E+14
       761.9100124    1.5699912E+14
       789.1200128    1.2204923E+14
       816.3300133    9.5139784E+13
       843.5400137    7.4580899E+13
       870.7500142    5.8358577E+13
       911.5700148    4.0386618E+13
       952.3900155    2.7841792E+13
       993.2000162    1.9016270E+13
      1020.4000166    1.4615149E+13
      1061.2000173    9.8102684E+12
      1088.4000177    7.2856382E+12
      1102.0000179    6.2130304E+12
      1115.7000181    5.2409244E+12
      1129.3000184    4.3707172E+12
      1142.9000186    3.7059195E+12
      1156.5000188    2.9818728E+12
      1170.1000190    2.3155279E+12
      1197.3000195    1.1529342E+12
      1210.9000197    5.5066873E+11
 
