       80.0000013    1.8832753E+17
        85.0000014    1.4749758E+17
        90.0000015    1.1814001E+17
        95.2390015    9.5162422E+16
       100.6800016    7.6913338E+16
       114.2900019    4.6527385E+16
       119.7300019    3.8341877E+16
       122.4500020    3.4846571E+16
       125.1700020    3.1692276E+16
       127.8900021    2.8842892E+16
       130.6100021    2.6266710E+16
       133.3300022    2.3935739E+16
       136.0600022    2.1817775E+16
       146.9400024    5.7644899E+16
       149.6600024    5.1082911E+16
       155.1000025    4.0234584E+16
       157.8200026    3.5778304E+16
       160.5500026    3.1846195E+16
       165.9900027    2.5358305E+16
       171.4300028    2.0301531E+16
       176.8700029    1.6337616E+16
       179.5900029    1.4683590E+16
       182.3100030    1.3213036E+16
       185.0400030    1.1899336E+16
       187.7600031    1.0732832E+16
       190.4800031    9.6916785E+15
       195.9200032    7.9287330E+15
       198.6400032    7.1829468E+15
       204.0800033    4.3530340E+16
       206.8000034    4.0425993E+16
       209.5300034    3.7468496E+16
       212.2500035    3.4714831E+16
       214.9700035    3.2160599E+16
       220.4100036    2.7621184E+16
       225.8500037    2.3759055E+16
       236.7400038    1.7666728E+16
       247.6200040    1.3226841E+16
       258.5100042    9.9568659E+15
       272.1100044    7.0305200E+15
       285.7200046    4.9918166E+15
       299.3200049    3.5597653E+15
       312.9300051    2.5439467E+15
       340.1400055    1.2986115E+15
       353.7400058    9.2296136E+14
       380.9500062    4.5151746E+14
       394.5600064    3.0542187E+14
       408.1700066    1.9660028E+14
       435.3800071    3.2217789E+13
 
