       80.0000013    2.1360303E+18
        85.0000014    1.5291807E+18
        90.0000015    1.1071235E+18
        95.2390015    7.9951558E+17
       100.6800016    5.7876086E+17
       114.2900019    2.7760411E+17
       119.7300019    2.1361174E+17
       122.4500020    1.8869853E+17
       125.1700020    1.6747143E+17
       127.8900021    1.4932227E+17
       130.6100021    1.3374904E+17
       133.3300022    1.2033608E+17
       136.0600022    1.0869940E+17
       146.9400024    8.3704714E+17
       149.6600024    7.7189791E+17
       155.1000025    6.5529443E+17
       157.8200026    6.0410660E+17
       160.5500026    5.5708588E+17
       165.9900027    4.7490817E+17
       171.4300028    4.0582352E+17
       176.8700029    3.4756820E+17
       179.5900029    3.2191446E+17
       182.3100030    2.9830953E+17
       185.0400030    2.7650036E+17
       187.7600031    2.5648663E+17
       190.4800031    2.3804037E+17
       195.9200032    2.0533618E+17
       198.6400032    1.9084974E+17
       204.0800033    3.9805317E+17
       206.8000034    3.7893744E+17
       209.5300034    3.6045915E+17
       212.2500035    3.4292273E+17
       214.9700035    3.2628540E+17
       220.4100036    2.9559920E+17
       225.8500037    2.6807786E+17
       236.7400038    2.2112093E+17
       247.6200040    1.8312571E+17
       258.5100042    1.5218888E+17
       272.1100044    1.2138986E+17
       285.7200046    9.7334018E+16
       299.3200049    7.8474627E+16
       312.9300051    6.3589989E+16
       340.1400055    4.2397065E+16
       353.7400058    3.4872768E+16
       380.9500062    2.3914339E+16
       394.5600064    1.9931230E+16
       408.1700066    1.6679821E+16
       435.3800071    1.1820022E+16
       462.5900075    8.4983315E+15
       476.1900077    7.2429727E+15
       489.8000080    6.1921070E+15
       503.4000082    5.3106052E+15
       517.0100084    4.5675565E+15
       557.8300091    2.9551447E+15
       571.4300093    2.5694312E+15
       585.0400095    2.2393174E+15
       612.2500100    1.7130289E+15
       666.6700108    1.0287563E+15
       680.2800111    9.1010894E+14
       707.4900115    7.1668287E+14
       734.7000119    5.6807439E+14
       761.9100124    4.5322240E+14
       789.1200128    3.6379212E+14
       816.3300133    2.9366225E+14
       843.5400137    2.3829728E+14
       870.7500142    1.9431036E+14
       911.5700148    1.4425627E+14
       952.3900155    1.0804530E+14
       993.2000162    8.1549836E+13
      1020.4000166    6.7855026E+13
      1061.2000173    5.1742805E+13
      1088.4000177    4.3301898E+13
      1102.0000179    3.9639268E+13
      1115.7000181    3.6277190E+13
      1129.3000184    3.3233404E+13
      1142.9000186    3.0454363E+13
      1156.5000188    2.7915108E+13
      1170.1000190    2.5593263E+13
      1197.3000195    2.1523434E+13
      1210.9000197    1.9741121E+13
      1224.5000199    1.8107133E+13
      1227.2000200    1.7799211E+13
      1229.9000200    1.7496511E+13
      1232.7000200    1.7188016E+13
      1235.4000201    1.6895665E+13
      1238.1000201    1.6608256E+13
      1240.8000202    1.6325697E+13
      1243.5000202    1.6047903E+13
      1246.3000203    1.5764758E+13
      1249.0000203    1.5496402E+13
      1257.2000204    1.5050703E+13
      1259.9000205    1.4795365E+13
      1262.6000205    1.4542999E+13
      1270.8000207    1.3798974E+13
      1281.6000208    1.2873634E+13
      1289.8000210    1.2375293E+13
      1292.5000210    1.2162203E+13
      1295.2000211    1.1952099E+13
      1298.0000211    1.1737585E+13
      1300.7000212    1.1534070E+13
      1303.4000212    1.1333850E+13
      1306.1000212    1.1136913E+13
      1314.3000214    1.0558526E+13
      1330.6000216    9.4923695E+12
      1341.5000218    8.8369644E+12
      1355.1000220    8.0784261E+12
      1360.6000221    7.7891644E+12
      1371.4000223    7.2486696E+12
      1382.3000225    6.7380639E+12
      1390.5000226    6.3756273E+12
      1395.9000227    6.1466073E+12
      1404.1000228    5.8128466E+12
      1406.8000229    5.7065236E+12
      1409.5000229    5.6019213E+12
      1415.0000230    5.3940459E+12
      1417.7000231    5.2944951E+12
      1420.4000231    5.1965529E+12
      1423.1000231    5.1001914E+12
      1425.9000232    5.0019031E+12
      1428.6000232    4.9086821E+12
      1431.3000233    4.8169642E+12
      1436.7000234    4.6379382E+12
      1439.5000234    4.5473732E+12
      1442.2000235    4.4614749E+12
      1444.9000235    4.3769589E+12
      1447.6000235    4.2938023E+12
      1450.4000236    4.2089783E+12
      1453.1000236    4.1285229E+12
      1455.8000237    2.7718268E+13
      1458.5000237    2.7423087E+13
      1461.2000238    2.7038008E+13
      1466.7000239    2.6123719E+13
      1469.4000239    2.5651166E+13
      1472.1000239    2.5175421E+13
      1477.6000240    2.4212408E+13
      1480.3000241    2.3746581E+13
      1488.4000242    2.2385602E+13
      1491.2000242    2.1928740E+13
      1496.6000243    2.1067637E+13
      1551.0000252    1.2520533E+13
      1632.7000266    5.5075034E+12
 
