       80.0000013    4.5523434E+17
        85.0000014    3.2616377E+17
        90.0000015    2.4220272E+17
        95.2390015    1.8372295E+17
       100.6800016    1.4259312E+17
       114.2900019    8.4515593E+16
       119.7300019    7.0670272E+16
       122.4500020    6.4902917E+16
       125.1700020    5.9746861E+16
       127.8900021    5.5112002E+16
       130.6100021    5.0925603E+16
       133.3300022    4.7128358E+16
       136.0600022    4.3659352E+16
       146.9400024    2.1880821E+17
       149.6600024    1.9684555E+17
       155.1000025    1.5972265E+17
       157.8200026    1.4412581E+17
       160.5500026    1.3015806E+17
       165.9900027    1.0660017E+17
       171.4300028    8.7690493E+16
       176.8700029    7.2436006E+16
       179.5900029    6.5933791E+16
       182.3100030    6.0073639E+16
       185.0400030    5.4767825E+16
       187.7600031    4.9994566E+16
       190.4800031    4.5679211E+16
       195.9200032    3.8236170E+16
       198.6400032    3.5028671E+16
       204.0800033    1.3967166E+17
       206.8000034    1.3127050E+17
       209.5300034    1.2319032E+17
       212.2500035    1.1558864E+17
       214.9700035    1.0845772E+17
       220.4100036    9.5560024E+16
       225.8500037    8.4317424E+16
       236.7400038    6.5945765E+16
       247.6200040    5.1915379E+16
       258.5100042    4.1108313E+16
       272.1100044    3.0961492E+16
       285.7200046    2.3512749E+16
       299.3200049    1.8003392E+16
       312.9300051    1.3887268E+16
       340.1400055    8.4407559E+15
       353.7400058    6.6453393E+15
       380.9500062    4.1903223E+15
       394.5600064    3.3538122E+15
       408.1700066    2.6967501E+15
       435.3800071    1.7659255E+15
       462.5900075    1.1729440E+15
       476.1900077    9.6053971E+14
       489.8000080    7.8822555E+14
       503.4000082    6.4828874E+14
       517.0100084    5.3406244E+14
       557.8300091    3.0100705E+14
       571.4300093    2.4890780E+14
       585.0400095    2.0577195E+14
       612.2500100    1.4056503E+14
       666.6700108    6.3986750E+13
       680.2800111    5.1882576E+13
       707.4900115    3.3433944E+13
       734.7000119    1.9903810E+13
       761.9100124    9.2074441E+12
 
