       80.0000013    9.9883419E+18
        85.0000014    8.1691031E+18
        90.0000015    6.6897003E+18
        95.2390015    5.4380553E+18
       100.6800016    4.3984143E+18
       114.2900019    2.6259578E+18
       119.7300019    2.1497798E+18
       122.4500020    1.9475869E+18
       125.1700020    1.7658620E+18
       127.8900021    1.6023823E+18
       130.6100021    1.4551818E+18
       133.3300022    1.3225210E+18
       136.0600022    1.2024424E+18
       146.9400024    2.3449463E+18
       149.6600024    2.2535494E+18
       155.1000025    2.0546909E+18
       157.8200026    1.9576619E+18
       160.5500026    1.8642567E+18
       165.9900027    1.6915679E+18
       171.4300028    1.5365323E+18
       176.8700029    1.3975975E+18
       179.5900029    1.3335909E+18
       182.3100030    1.2729273E+18
       185.0400030    1.2151921E+18
       187.7600031    1.1606126E+18
       190.4800031    1.1087911E+18
       195.9200032    1.0127633E+18
       198.6400032    9.6825846E+17
       204.0800033    1.0070854E+18
       206.8000034    9.6642894E+17
       209.5300034    9.2723602E+17
       212.2500035    8.9007755E+17
       214.9700035    8.5483490E+17
       220.4100036    7.8981040E+17
       225.8500037    7.3139534E+17
       236.7400038    6.3116688E+17
       247.6200040    5.4893846E+17
       258.5100042    4.8052242E+17
       272.1100044    4.1011337E+17
       285.7200046    3.5248841E+17
       299.3200049    3.0474755E+17
       312.9300051    2.6467875E+17
       340.1400055    2.0184682E+17
       353.7400058    1.7702850E+17
       380.9500062    1.3706852E+17
       394.5600064    1.2095197E+17
       408.1700066    1.0691336E+17
       435.3800071    8.3941958E+16
       462.5900075    6.6301397E+16
       476.1900077    5.9054044E+16
       489.8000080    5.2668553E+16
       503.4000082    4.7042785E+16
       517.0100084    4.2072439E+16
       557.8300091    3.0344410E+16
       571.4300093    2.7286866E+16
       585.0400095    2.4567675E+16
       612.2500100    1.9993988E+16
       666.6700108    1.3443312E+16
       680.2800111    1.2209902E+16
       707.4900115    1.0108483E+16
       734.7000119    8.4071633E+15
       761.9100124    7.0232755E+15
       789.1200128    5.8924369E+15
       816.3300133    4.9642563E+15
       843.5400137    4.1991119E+15
       870.7500142    3.5657095E+15
       911.5700148    2.8096414E+15
       952.3900155    2.2316823E+15
       993.2000162    1.7862164E+15
      1020.4000166    1.5460713E+15
      1061.2000173    1.2521840E+15
      1088.4000177    1.0920001E+15
      1102.0000179    1.0208492E+15
      1115.7000181    9.5452890E+14
      1129.3000184    8.9356399E+14
      1142.9000186    8.3705114E+14
      1156.5000188    7.8462637E+14
      1170.1000190    7.3595842E+14
      1197.3000195    6.4871300E+14
      1210.9000197    6.0960961E+14
      1224.5000199    5.7320634E+14
      1227.2000200    5.6628191E+14
      1229.9000200    5.5945405E+14
      1232.7000200    5.5247366E+14
      1235.4000201    5.4583780E+14
      1238.1000201    5.3929398E+14
      1240.8000202    5.3284076E+14
      1243.5000202    5.2647665E+14
      1246.3000203    5.1996958E+14
      1249.0000203    5.1378281E+14
      1257.2000204    5.7157170E+14
      1259.9000205    5.6511730E+14
      1262.6000205    5.5847815E+14
      1270.8000207    5.3822403E+14
      1281.6000208    5.1246308E+14
      1289.8000210    5.2923463E+14
      1292.5000210    5.2297807E+14
      1295.2000211    5.1669399E+14
      1298.0000211    5.1020447E+14
      1300.7000212    5.0400190E+14
      1303.4000212    4.9786788E+14
      1306.1000212    4.9180952E+14
      1314.3000214    4.7389934E+14
      1330.6000216    4.4046540E+14
      1341.5000218    4.1962753E+14
      1355.1000220    3.9520695E+14
      1360.6000221    3.8580087E+14
      1371.4000223    3.6807447E+14
      1382.3000225    3.5113324E+14
      1390.5000226    3.3898274E+14
      1395.9000227    3.3124737E+14
      1404.1000228    3.1988920E+14
      1406.8000229    3.1624871E+14
      1409.5000229    3.1265620E+14
      1415.0000230    3.0548371E+14
      1417.7000231    3.0203267E+14
      1420.4000231    2.9862686E+14
      1423.1000231    2.9526558E+14
      1425.9000232    2.9182612E+14
      1428.6000232    2.8855352E+14
      1431.3000233    2.8532350E+14
      1436.7000234    2.7898866E+14
      1439.5000234    2.7576837E+14
      1442.2000235    2.7270393E+14
      1444.9000235    2.6967903E+14
      1447.6000235    2.6669306E+14
      1450.4000236    2.6363702E+14
      1453.1000236    2.6072862E+14
      1455.8000237    1.5248272E+15
      1458.5000237    1.5210368E+15
      1461.2000238    1.5124688E+15
      1466.7000239    1.4878330E+15
      1469.4000239    1.4742298E+15
      1472.1000239    1.4602577E+15
      1477.6000240    1.4314641E+15
      1480.3000241    1.4173685E+15
      1488.4000242    1.3757314E+15
      1491.2000242    1.3616176E+15
      1496.6000243    1.3348388E+15
      1551.0000252    1.0952001E+15
      1632.7000266    8.1994999E+14
      1823.1000296    4.3539778E+14
      2340.2000381    9.9847328E+13
      2829.9000460    3.0822627E+13
      3047.6000496    1.9188599E+13
      3700.7000602    4.7735117E+12
      4000.0000650    2.4445248E+12
      4680.3000761    5.4570459E+10
      5006.8000814    0.0000000E+00
      5387.8000876    0.0000000E+00
 
