       80.0000013    8.9801128E+18
        85.0000014    7.2214940E+18
        90.0000015    5.8222654E+18
        95.2390015    4.6618518E+18
       100.6800016    3.7157671E+18
       114.2900019    2.1457298E+18
       119.7300019    1.7350113E+18
       122.4500020    1.5623622E+18
       125.1700020    1.4081833E+18
       127.8900021    1.2703586E+18
       130.6100021    1.1470317E+18
       133.3300022    1.0365735E+18
       136.0600022    9.3720660E+17
       146.9400024    2.1774481E+18
       149.6600024    2.0895443E+18
       155.1000025    1.8976104E+18
       157.8200026    1.8039308E+18
       160.5500026    1.7137846E+18
       165.9900027    1.5472763E+18
       171.4300028    1.3980520E+18
       176.8700029    1.2646356E+18
       179.5900029    1.2033011E+18
       182.3100030    1.1452622E+18
       185.0400030    1.0901203E+18
       187.7600031    1.0380895E+18
       190.4800031    9.8878586E+17
       195.9200032    8.9771524E+17
       198.6400032    8.5565431E+17
       204.0800033    9.0748488E+17
       206.8000034    8.7069542E+17
       209.5300034    8.3552019E+17
       212.2500035    8.0229549E+17
       214.9700035    7.7083462E+17
       220.4100036    7.1281311E+17
       225.8500037    6.6063606E+17
       236.7400038    5.7081631E+17
       247.6200040    4.9669541E+17
       258.5100042    4.3462344E+17
       272.1100044    3.7029428E+17
       285.7200046    3.1729298E+17
       299.3200049    2.7317461E+17
       312.9300051    2.3605111E+17
       340.1400055    1.7784642E+17
       353.7400058    1.5494445E+17
       380.9500062    1.1832096E+17
       394.5600064    1.0368188E+17
       408.1700066    9.1014326E+16
       435.3800071    7.0498444E+16
       462.5900075    5.4969221E+16
       476.1900077    4.8659209E+16
       489.8000080    4.3138617E+16
       503.4000082    3.8308527E+16
       517.0100084    3.4069817E+16
       557.8300091    2.4191313E+16
       571.4300093    2.1648753E+16
       585.0400095    1.9400636E+16
       612.2500100    1.5650333E+16
       666.6700108    1.0358760E+16
       680.2800111    9.3749268E+15
       707.4900115    7.7095345E+15
       734.7000119    6.3723694E+15
       761.9100124    5.2930823E+15
       789.1200128    4.4174756E+15
       816.3300133    3.7035796E+15
       843.5400137    3.1187223E+15
       870.7500142    2.6373429E+15
       911.5700148    2.0664485E+15
       952.3900155    1.6331370E+15
       993.2000162    1.3012629E+15
      1020.4000166    1.1232090E+15
      1061.2000173    9.0621971E+14
      1088.4000177    7.8841285E+14
      1102.0000179    7.3619887E+14
      1115.7000181    6.8759628E+14
      1129.3000184    6.4297707E+14
      1142.9000186    6.0166848E+14
      1156.5000188    5.6339489E+14
      1170.1000190    5.2790584E+14
      1197.3000195    4.6439180E+14
      1210.9000197    4.3597136E+14
      1224.5000199    4.0954070E+14
      1227.2000200    4.0451629E+14
      1229.9000200    3.9956289E+14
      1232.7000200    3.9449989E+14
      1235.4000201    3.8968775E+14
      1238.1000201    3.8494326E+14
      1240.8000202    3.8026533E+14
      1243.5000202    3.7565294E+14
      1246.3000203    3.7093780E+14
      1249.0000203    3.6645567E+14
      1257.2000204    3.9745547E+14
      1259.9000205    3.9286609E+14
      1262.6000205    3.8817945E+14
      1270.8000207    3.7395730E+14
      1281.6000208    3.5591250E+14
      1289.8000210    3.6359314E+14
      1292.5000210    3.5924573E+14
      1295.2000211    3.5489127E+14
      1298.0000211    3.5040088E+14
      1300.7000212    3.4611242E+14
      1303.4000212    3.4187326E+14
      1306.1000212    3.3768754E+14
      1314.3000214    3.2531696E+14
      1330.6000216    3.0223178E+14
      1341.5000218    2.8784790E+14
      1355.1000220    2.7099506E+14
      1360.6000221    2.6450509E+14
      1371.4000223    2.5227609E+14
      1382.3000225    2.4059105E+14
      1390.5000226    2.3221172E+14
      1395.9000227    2.2687777E+14
      1404.1000228    2.1904657E+14
      1406.8000229    2.1653672E+14
      1409.5000229    2.1406008E+14
      1415.0000230    2.0911570E+14
      1417.7000231    2.0673688E+14
      1420.4000231    2.0438931E+14
      1423.1000231    2.0207252E+14
      1425.9000232    1.9970197E+14
      1428.6000232    1.9744649E+14
      1431.3000233    1.9522044E+14
      1436.7000234    1.9085489E+14
      1439.5000234    1.8863580E+14
      1442.2000235    1.8652421E+14
      1444.9000235    1.8443992E+14
      1447.6000235    1.8238253E+14
      1450.4000236    1.8027696E+14
      1453.1000236    1.7827319E+14
      1455.8000237    1.0738803E+15
      1458.5000237    1.0711599E+15
      1461.2000238    1.0650327E+15
      1466.7000239    1.0474063E+15
      1469.4000239    1.0376694E+15
      1472.1000239    1.0276673E+15
      1477.6000240    1.0070535E+15
      1480.3000241    9.9696237E+14
      1488.4000242    9.6715932E+14
      1491.2000242    9.5706011E+14
      1496.6000243    9.3790046E+14
      1551.0000252    7.6673186E+14
      1632.7000266    5.7090289E+14
      1823.1000296    2.9933509E+14
      2340.2000381    6.5103970E+13
      2829.9000460    1.8933283E+13
      3047.6000496    1.1414992E+13
      3700.7000602    2.0377857E+12
      4000.0000650    6.7054921E+11
      4680.3000761    0.0000000E+00
      5006.8000814    0.0000000E+00
      5387.8000876    0.0000000E+00
 
