       80.0000013    1.0764924E+19
        85.0000014    8.9476986E+18
        90.0000015    7.4377553E+18
        95.2390015    6.1344612E+18
       100.6800016    5.0313465E+18
       114.2900019    3.0986077E+18
       119.7300019    2.5655817E+18
       122.4500020    2.3370609E+18
       125.1700020    2.1304312E+18
       127.8900021    1.9434550E+18
       130.6100021    1.7741327E+18
       133.3300022    1.6206786E+18
       136.0600022    1.4810111E+18
       146.9400024    2.5016548E+18
       149.6600024    2.4036410E+18
       155.1000025    2.1941233E+18
       157.8200026    2.0926708E+18
       160.5500026    1.9952851E+18
       165.9900027    1.8157434E+18
       171.4300028    1.6549434E+18
       176.8700029    1.5110166E+18
       179.5900029    1.4447315E+18
       182.3100030    1.3819036E+18
       185.0400030    1.3220921E+18
       187.7600031    1.2655241E+18
       190.4800031    1.2117800E+18
       195.9200032    1.1120621E+18
       198.6400032    1.0657719E+18
       204.0800033    1.1083496E+18
       206.8000034    1.0646257E+18
       209.5300034    1.0218144E+18
       212.2500035    9.8090745E+17
       214.9700035    9.4194426E+17
       220.4100036    8.6982853E+17
       225.8500037    8.0492937E+17
       236.7400038    6.9357915E+17
       247.6200040    6.0243747E+17
       258.5100042    5.2690721E+17
       272.1100044    4.4960742E+17
       285.7200046    3.8675861E+17
       299.3200049    3.3500748E+17
       312.9300051    2.9179039E+17
       340.1400055    2.2430884E+17
       353.7400058    1.9768637E+17
       380.9500062    1.5471804E+17
       394.5600064    1.3730353E+17
       408.1700066    1.2206874E+17
       435.3800071    9.6953690E+16
       462.5900075    7.7448053E+16
       476.1900077    6.9361158E+16
       489.8000080    6.2193068E+16
       503.4000082    5.5840051E+16
       517.0100084    5.0193754E+16
       557.8300091    3.6723435E+16
       571.4300093    3.3171057E+16
       585.0400095    2.9995173E+16
       612.2500100    2.4613322E+16
       666.6700108    1.6798546E+16
       680.2800111    1.5309826E+16
       707.4900115    1.2758109E+16
       734.7000119    1.0675937E+16
       761.9100124    8.9697471E+15
       789.1200128    7.5658619E+15
       816.3300133    6.4060065E+15
       843.5400137    5.4439720E+15
       870.7500142    4.6429466E+15
       911.5700148    3.6804093E+15
       952.3900155    2.9391030E+15
       993.2000162    2.3638458E+15
      1020.4000166    2.0521003E+15
      1061.2000173    1.6688031E+15
      1088.4000177    1.4589585E+15
      1102.0000179    1.3655181E+15
      1115.7000181    1.2782857E+15
      1129.3000184    1.1979764E+15
      1142.9000186    1.1234239E+15
      1156.5000188    1.0541676E+15
      1170.1000190    9.8978756E+14
      1197.3000195    8.7415490E+14
      1210.9000197    8.2223163E+14
      1224.5000199    7.7383708E+14
      1227.2000200    7.6462531E+14
      1229.9000200    7.5554005E+14
      1232.7000200    7.4624970E+14
      1235.4000201    7.3741595E+14
      1238.1000201    7.2870281E+14
      1240.8000202    7.2010844E+14
      1243.5000202    7.1163098E+14
      1246.3000203    7.0296106E+14
      1249.0000203    6.9471626E+14
      1257.2000204    7.9388149E+14
      1259.9000205    7.8510365E+14
      1262.6000205    7.7600684E+14
      1270.8000207    7.4810828E+14
      1281.6000208    7.1253950E+14
      1289.8000210    7.4398833E+14
      1292.5000210    7.3527760E+14
      1295.2000211    7.2650452E+14
      1298.0000211    7.1743221E+14
      1300.7000212    7.0875450E+14
      1303.4000212    7.0016899E+14
      1306.1000212    6.9168710E+14
      1314.3000214    6.6660476E+14
      1330.6000216    6.1976358E+14
      1341.5000218    5.9055888E+14
      1355.1000220    5.5632272E+14
      1360.6000221    5.4313287E+14
      1371.4000223    5.1827119E+14
      1382.3000225    4.9450552E+14
      1390.5000226    4.7745735E+14
      1395.9000227    4.6660273E+14
      1404.1000228    4.5066266E+14
      1406.8000229    4.4555316E+14
      1409.5000229    4.4051080E+14
      1415.0000230    4.3044307E+14
      1417.7000231    4.2559874E+14
      1420.4000231    4.2081771E+14
      1423.1000231    4.1609902E+14
      1425.9000232    4.1127043E+14
      1428.6000232    4.0667592E+14
      1431.3000233    4.0214104E+14
      1436.7000234    3.9324667E+14
      1439.5000234    3.8872501E+14
      1442.2000235    3.8442209E+14
      1444.9000235    3.8017453E+14
      1447.6000235    3.7598157E+14
      1450.4000236    3.7169006E+14
      1453.1000236    3.6760578E+14
      1455.8000237    2.0833555E+15
      1458.5000237    2.0781743E+15
      1461.2000238    2.0665543E+15
      1466.7000239    2.0332556E+15
      1469.4000239    2.0148934E+15
      1472.1000239    1.9960408E+15
      1477.6000240    1.9572006E+15
      1480.3000241    1.9381888E+15
      1488.4000242    1.8820263E+15
      1491.2000242    1.8629876E+15
      1496.6000243    1.8268555E+15
      1551.0000252    1.5030788E+15
      1632.7000266    1.1300558E+15
      1823.1000296    6.0621470E+14
      2340.2000381    1.4352902E+14
      2829.9000460    4.6032046E+13
      3047.6000496    2.9207340E+13
      3700.7000602    8.2374164E+12
      4000.0000650    4.5975355E+12
      4680.3000761    1.0445731E+12
      5006.8000814    4.0305358E+11
      5387.8000876    0.0000000E+00
 
