       80.0000013    4.9561306E+18
        85.0000014    3.7542110E+18
        90.0000015    2.8605037E+18
        95.2390015    2.1649236E+18
       100.6800016    1.6318521E+18
       114.2900019    8.2890237E+17
       119.7300019    6.4006001E+17
       122.4500020    5.6399277E+17
       125.1700020    4.9790906E+17
       127.8900021    4.4042618E+17
       130.6100021    3.9036181E+17
       133.3300022    3.4670350E+17
       136.0600022    3.0845211E+17
       146.9400024    1.4916797E+18
       149.6600024    1.4056407E+18
       155.1000025    1.2369311E+18
       157.8200026    1.1589611E+18
       160.5500026    1.0856438E+18
       165.9900027    9.5377040E+17
       171.4300028    8.3905079E+17
       176.8700029    7.3918717E+17
       179.5900029    6.9416732E+17
       182.3100030    6.5210839E+17
       185.0400030    6.1265826E+17
       187.7600031    5.7590986E+17
       190.4800031    5.4153401E+17
       195.9200032    4.7924991E+17
       198.6400032    4.5104664E+17
       204.0800033    6.2473742E+17
       206.8000034    5.9898514E+17
       209.5300034    5.7416724E+17
       212.2500035    5.5058557E+17
       214.9700035    5.2813505E+17
       220.4100036    4.8641401E+17
       225.8500037    4.4852921E+17
       236.7400038    3.8249845E+17
       247.6200040    3.2733351E+17
       258.5100042    2.8086267E+17
       272.1100044    2.3276281E+17
       285.7200046    1.9352879E+17
       299.3200049    1.6144310E+17
       312.9300051    1.3507560E+17
       340.1400055    9.5434431E+16
       353.7400058    8.0586978E+16
       380.9500062    5.7975603E+16
       394.5600064    4.9391621E+16
       408.1700066    4.2202843E+16
       435.3800071    3.1085167E+16
       462.5900075    2.3155938E+16
       476.1900077    2.0068623E+16
       489.8000080    1.7437248E+16
       503.4000082    1.5191674E+16
       517.0100084    1.3267350E+16
       557.8300091    8.9668899E+15
       571.4300093    7.9058725E+15
       585.0400095    6.9850127E+15
       612.2500100    5.4875246E+15
       666.6700108    3.4671556E+15
       680.2800111    3.1050973E+15
       707.4900115    2.5032849E+15
       734.7000119    2.0310696E+15
       761.9100124    1.6578767E+15
       789.1200128    1.3609388E+15
       816.3300133    1.1231609E+15
       843.5400137    9.3160538E+14
       870.7500142    7.7640587E+14
       911.5700148    5.9565808E+14
       952.3900155    4.6129187E+14
       993.2000162    3.6037447E+14
      1020.4000166    3.0708167E+14
      1061.2000173    2.4309173E+14
      1088.4000177    2.0886381E+14
      1102.0000179    1.9382567E+14
      1115.7000181    1.7990746E+14
      1129.3000184    1.6720220E+14
      1142.9000186    1.5550550E+14
      1156.5000188    1.4472834E+14
      1170.1000190    1.3479048E+14
      1197.3000195    1.1714887E+14
      1210.9000197    1.0931994E+14
      1224.5000199    1.0207838E+14
      1227.2000200    1.0070625E+14
      1229.9000200    9.9354958E+13
      1232.7000200    9.7975259E+13
      1235.4000201    9.6665353E+13
      1238.1000201    9.5375218E+13
      1240.8000202    9.4104554E+13
      1243.5000202    9.2853007E+13
      1246.3000203    9.1574969E+13
      1249.0000203    9.0361398E+13
      1257.2000204    9.1715881E+13
      1259.9000205    9.0528675E+13
      1262.6000205    8.9340655E+13
      1270.8000207    8.5794664E+13
      1281.6000208    8.1338099E+13
      1289.8000210    8.0488761E+13
      1292.5000210    7.9440546E+13
      1295.2000211    7.8399821E+13
      1298.0000211    7.7332178E+13
      1300.7000212    7.6315730E+13
      1303.4000212    7.5312998E+13
      1306.1000212    7.4324350E+13
      1314.3000214    7.1408529E+13
      1330.6000216    6.5986338E+13
      1341.5000218    6.2620095E+13
      1355.1000220    5.8688723E+13
      1360.6000221    5.7178564E+13
      1371.4000223    5.4339012E+13
      1382.3000225    5.1633388E+13
      1390.5000226    4.9697973E+13
      1395.9000227    4.8468119E+13
      1404.1000228    4.6665591E+13
      1406.8000229    4.6088703E+13
      1409.5000229    4.5519833E+13
      1415.0000230    4.4385316E+13
      1417.7000231    4.3840052E+13
      1420.4000231    4.3302317E+13
      1423.1000231    4.2771994E+13
      1425.9000232    4.2229737E+13
      1428.6000232    4.1714161E+13
      1431.3000233    4.1205660E+13
      1436.7000234    4.0209438E+13
      1439.5000234    3.9703563E+13
      1442.2000235    3.9222526E+13
      1444.9000235    3.8748029E+13
      1447.6000235    3.8279974E+13
      1450.4000236    3.7801282E+13
      1453.1000236    3.7346049E+13
      1455.8000237    2.4267577E+14
      1458.5000237    2.4185409E+14
      1461.2000238    2.4024040E+14
      1466.7000239    2.3575131E+14
      1469.4000239    2.3329626E+14
      1472.1000239    2.3078170E+14
      1477.6000240    2.2561356E+14
      1480.3000241    2.2308865E+14
      1488.4000242    2.1564727E+14
      1491.2000242    2.1313069E+14
      1496.6000243    2.0836346E+14
      1551.0000252    1.6622842E+14
      1632.7000266    1.1918522E+14
      1823.1000296    5.6703739E+13
      2340.2000381    7.1525272E+12
      2829.9000460    0.0000000E+00
      3047.6000496    0.0000000E+00
 
