       80.0000013    3.4898658E+18
        85.0000014    2.5734279E+18
        90.0000015    1.9117833E+18
        95.2390015    1.4116756E+18
       100.6800016    1.0396852E+18
       114.2900019    5.0528012E+17
       119.7300019    3.8593968E+17
       122.4500020    3.3878688E+17
       125.1700020    2.9830383E+17
       127.8900021    2.6348173E+17
       130.6100021    2.3347105E+17
       133.3300022    2.0755531E+17
       136.0600022    1.8505272E+17
       146.9400024    1.1811550E+18
       149.6600024    1.1018741E+18
       155.1000025    9.5388317E+17
       157.8200026    8.8726829E+17
       160.5500026    8.2533844E+17
       165.9900027    7.1543600E+17
       171.4300028    6.2129348E+17
       176.8700029    5.4048336E+17
       179.5900029    5.0442590E+17
       182.3100030    4.7096326E+17
       185.0400030    4.3978300E+17
       187.7600031    4.1092825E+17
       190.4800031    3.8411164E+17
       195.9200032    3.3598650E+17
       198.6400032    3.1440683E+17
       204.0800033    5.2006938E+17
       206.8000034    4.9726692E+17
       209.5300034    4.7522298E+17
       212.2500035    4.5426065E+17
       214.9700035    4.3430943E+17
       220.4100036    3.9729629E+17
       225.8500037    3.6379998E+17
       236.7400038    3.0581315E+17
       247.6200040    2.5791938E+17
       258.5100042    2.1810894E+17
       272.1100044    1.7757084E+17
       285.7200046    1.4513193E+17
       299.3200049    1.1911197E+17
       312.9300051    9.8132401E+16
       340.1400055    6.7413386E+16
       353.7400058    5.6206828E+16
       380.9500062    3.9517689E+16
       394.5600064    3.3318825E+16
       408.1700066    2.8193780E+16
       435.3800071    2.0401309E+16
       462.5900075    1.4958733E+16
       476.1900077    1.2869789E+16
       489.8000080    1.1104407E+16
       503.4000082    9.6098272E+15
       517.0100084    8.3386420E+15
       557.8300091    5.5346285E+15
       571.4300093    4.8519424E+15
       585.0400095    4.2628987E+15
       612.2500100    3.3128081E+15
       666.6700108    2.0500541E+15
       680.2800111    1.8267344E+15
       707.4900115    1.4581235E+15
       734.7000119    1.1715861E+15
       761.9100124    9.4720618E+14
       789.1200128    7.7028212E+14
       816.3300133    6.2986514E+14
       843.5400137    5.1773375E+14
       870.7500142    4.2766597E+14
       911.5700148    3.2385560E+14
       952.3900155    2.4762946E+14
       993.2000162    1.9105375E+14
      1020.4000166    1.6146368E+14
      1061.2000173    1.2625117E+14
      1088.4000177    1.0758277E+14
      1102.0000179    9.9422856E+13
      1115.7000181    9.1895624E+13
      1129.3000184    8.5046795E+13
      1142.9000186    7.8761756E+13
      1156.5000188    7.2989043E+13
      1170.1000190    6.7682364E+13
      1197.3000195    5.8304378E+13
      1210.9000197    5.4161513E+13
      1224.5000199    5.0340750E+13
      1227.2000200    4.9618067E+13
      1229.9000200    4.8906776E+13
      1232.7000200    4.8180960E+13
      1235.4000201    4.7492255E+13
      1238.1000201    4.6814342E+13
      1240.8000202    4.6147033E+13
      1243.5000202    4.5490146E+13
      1246.3000203    4.4819741E+13
      1249.0000203    4.4183520E+13
      1257.2000204    4.3954247E+13
      1259.9000205    4.3340028E+13
      1262.6000205    4.2729078E+13
      1270.8000207    4.0915540E+13
      1281.6000208    3.8645105E+13
      1289.8000210    3.7806269E+13
      1292.5000210    3.7276805E+13
      1295.2000211    3.6752723E+13
      1298.0000211    3.6216121E+13
      1300.7000212    3.5705904E+13
      1303.4000212    3.5203037E+13
      1306.1000212    3.4707589E+13
      1314.3000214    3.3248078E+13
      1330.6000216    3.0540017E+13
      1341.5000218    2.8862772E+13
      1355.1000220    2.6908106E+13
      1360.6000221    2.6158523E+13
      1371.4000223    2.4751093E+13
      1382.3000225    2.3412620E+13
      1390.5000226    2.2456805E+13
      1395.9000227    2.1850178E+13
      1404.1000228    2.0962173E+13
      1406.8000229    2.0678254E+13
      1409.5000229    2.0398423E+13
      1415.0000230    1.9840765E+13
      1417.7000231    1.9572948E+13
      1420.4000231    1.9308963E+13
      1423.1000231    1.9048748E+13
      1425.9000232    1.8782815E+13
      1428.6000232    1.8530100E+13
      1431.3000233    1.8280977E+13
      1436.7000234    1.7793286E+13
      1439.5000234    1.7545835E+13
      1442.2000235    1.7310656E+13
      1444.9000235    1.7078797E+13
      1447.6000235    1.6850205E+13
      1450.4000236    1.6616546E+13
      1453.1000236    1.6394456E+13
      1455.8000237    1.0861999E+14
      1458.5000237    1.0810612E+14
      1461.2000238    1.0723606E+14
      1466.7000239    1.0492653E+14
      1469.4000239    1.0368259E+14
      1472.1000239    1.0241413E+14
      1477.6000240    9.9816953E+13
      1480.3000241    9.8551120E+13
      1488.4000242    9.4827929E+13
      1491.2000242    9.3570887E+13
      1496.6000243    9.1192298E+13
      1551.0000252    7.0335265E+13
      1632.7000266    4.7515299E+13
      1823.1000296    1.8614766E+13
      2340.2000381    0.0000000E+00
 
