       80.0000013    1.1605976E+19
        85.0000014    9.9369067E+18
        90.0000015    8.4933837E+18
        95.2390015    7.1988528E+18
       100.6800016    6.0620067E+18
       114.2900019    3.9575324E+18
       119.7300019    3.3458012E+18
       122.4500020    3.0784500E+18
       125.1700020    2.8338153E+18
       127.8900021    2.6099022E+18
       130.6100021    2.4048837E+18
       133.3300022    2.2170907E+18
       136.0600022    2.0443944E+18
       146.9400024    2.8161588E+18
       149.6600024    2.6994374E+18
       155.1000025    2.4582719E+18
       157.8200026    2.3435975E+18
       160.5500026    2.2344323E+18
       165.9900027    2.0351629E+18
       171.4300028    1.8586226E+18
       176.8700029    1.7019845E+18
       179.5900029    1.6302431E+18
       182.3100030    1.5624555E+18
       185.0400030    1.4980998E+18
       187.7600031    1.4373788E+18
       190.4800031    1.3798053E+18
       195.9200032    1.2732294E+18
       198.6400032    1.2238384E+18
       204.0800033    1.3050027E+18
       206.8000034    1.2586044E+18
       209.5300034    1.2108419E+18
       212.2500035    1.1640345E+18
       214.9700035    1.1188001E+18
       220.4100036    1.0340389E+18
       225.8500037    9.5701884E+17
       236.7400038    8.2386393E+17
       247.6200040    7.1432075E+17
       258.5100042    6.2345518E+17
       272.1100044    5.3071581E+17
       285.7200046    4.5580433E+17
       299.3200049    3.9466681E+17
       312.9300051    3.4411168E+17
       340.1400055    2.6622487E+17
       353.7400058    2.3583208E+17
       380.9500062    1.8703694E+17
       394.5600064    1.6727858E+17
       408.1700066    1.4995509E+17
       435.3800071    1.2121104E+17
       462.5900075    9.8593886E+16
       476.1900077    8.9100986E+16
       489.8000080    8.0612662E+16
       503.4000082    7.3020380E+16
       517.0100084    6.6209472E+16
       557.8300091    4.9661526E+16
       571.4300093    4.5211897E+16
       585.0400095    4.1197077E+16
       612.2500100    3.4303766E+16
       666.6700108    2.4047058E+16
       680.2800111    2.2052301E+16
       707.4900115    1.8595733E+16
       734.7000119    1.5735585E+16
       761.9100124    1.3360778E+16
       789.1200128    1.1382195E+16
       816.3300133    9.7282609E+15
       843.5400137    8.3410708E+15
       870.7500142    7.1737631E+15
       911.5700148    5.7538533E+15
       952.3900155    4.6449572E+15
       993.2000162    3.7732259E+15
      1020.4000166    3.2959498E+15
      1061.2000173    2.7036180E+15
      1088.4000177    2.3763812E+15
      1102.0000179    2.2299131E+15
      1115.7000181    2.0927236E+15
      1129.3000184    1.9660147E+15
      1142.9000186    1.8480200E+15
      1156.5000188    1.7380730E+15
      1170.1000190    1.6355629E+15
      1197.3000195    1.4506597E+15
      1210.9000197    1.3672811E+15
      1224.5000199    1.2893607E+15
      1227.2000200    1.2745052E+15
      1229.9000200    1.2598462E+15
      1232.7000200    1.2448485E+15
      1235.4000201    1.2305806E+15
      1238.1000201    1.2165002E+15
      1240.8000202    1.2026048E+15
      1243.5000202    1.1888915E+15
      1246.3000203    1.1748598E+15
      1249.0000203    1.1615095E+15
      1257.2000204    1.4046151E+15
      1259.9000205    1.3897576E+15
      1262.6000205    1.3741199E+15
      1270.8000207    1.3256692E+15
      1281.6000208    1.2636183E+15
      1289.8000210    1.3485341E+15
      1292.5000210    1.3330787E+15
      1295.2000211    1.3174308E+15
      1298.0000211    1.3012065E+15
      1300.7000212    1.2856660E+15
      1303.4000212    1.2702779E+15
      1306.1000212    1.2550676E+15
      1314.3000214    1.2100566E+15
      1330.6000216    1.1259037E+15
      1341.5000218    1.0733742E+15
      1355.1000220    1.0117317E+15
      1360.6000221    9.8796482E+14
      1371.4000223    9.4313838E+14
      1382.3000225    9.0025393E+14
      1390.5000226    8.6947063E+14
      1395.9000227    8.4986189E+14
      1404.1000228    8.2105400E+14
      1406.8000229    8.1181660E+14
      1409.5000229    8.0269919E+14
      1415.0000230    7.8449061E+14
      1417.7000231    7.7572706E+14
      1420.4000231    7.6707666E+14
      1423.1000231    7.5853780E+14
      1425.9000232    7.4979875E+14
      1428.6000232    7.4148215E+14
      1431.3000233    7.3327225E+14
      1436.7000234    7.1716653E+14
      1439.5000234    7.0897716E+14
      1442.2000235    7.0118280E+14
      1444.9000235    6.9348777E+14
      1447.6000235    6.8589051E+14
      1450.4000236    6.7811380E+14
      1453.1000236    6.7071156E+14
      1455.8000237    3.5560136E+15
      1458.5000237    3.5469759E+15
      1461.2000238    3.5272738E+15
      1466.7000239    3.4713896E+15
      1469.4000239    3.4406878E+15
      1472.1000239    3.4092006E+15
      1477.6000240    3.3443810E+15
      1480.3000241    3.3126613E+15
      1488.4000242    3.2189470E+15
      1491.2000242    3.1871672E+15
      1496.6000243    3.1268326E+15
      1551.0000252    2.5844713E+15
      1632.7000266    1.9553723E+15
      1823.1000296    1.0628439E+15
      2340.2000381    2.6083194E+14
      2829.9000460    8.7708760E+13
      3047.6000496    5.6964495E+13
      3700.7000602    1.7696270E+13
      4000.0000650    1.0935604E+13
      4680.3000761    3.7661515E+12
      5006.8000814    2.0974769E+12
      5387.8000876    1.2109291E+12
 
