       80.0000013    6.4157438E+18
        85.0000014    4.9710999E+18
        90.0000015    3.8706718E+18
        95.2390015    2.9939372E+18
       100.6800016    2.3059714E+18
       114.2900019    1.2292136E+18
       119.7300019    9.6474545E+17
       122.4500020    8.5635126E+17
       125.1700020    7.6113129E+17
       127.8900021    6.7739468E+17
       130.6100021    6.0367999E+17
       133.3300022    5.3872225E+17
       136.0600022    4.8122686E+17
       146.9400024    1.7613177E+18
       149.6600024    1.6736864E+18
       155.1000025    1.4930575E+18
       157.8200026    1.4074458E+18
       160.5500026    1.3260935E+18
       165.9900027    1.1780137E+18
       171.4300028    1.0474863E+18
       176.8700029    9.3253306E+17
       179.5900029    8.8027375E+17
       182.3100030    8.3118578E+17
       185.0400030    7.8489366E+17
       187.7600031    7.4154005E+17
       190.4800031    7.0076858E+17
       195.9200032    6.2631213E+17
       198.6400032    5.9232698E+17
       204.0800033    7.1936263E+17
       206.8000034    6.9043558E+17
       209.5300034    6.6270473E+17
       212.2500035    6.3643368E+17
       214.9700035    6.1147353E+17
       220.4100036    5.6518622E+17
       225.8500037    5.2323491E+17
       236.7400038    4.5019163E+17
       247.6200040    3.8909229E+17
       258.5100042    3.3740552E+17
       272.1100044    2.8350026E+17
       285.7200046    2.3904072E+17
       299.3200049    2.0220624E+17
       312.9300051    1.7150584E+17
       340.1400055    1.2435197E+17
       353.7400058    1.0628404E+17
       380.9500062    7.8194269E+16
       394.5600064    6.7305904E+16
       408.1700066    5.8070784E+16
       435.3800071    4.3538032E+16
       462.5900075    3.2945663E+16
       476.1900077    2.8758495E+16
       489.8000080    2.5157187E+16
       503.4000082    2.2057597E+16
       517.0100084    1.9380050E+16
       557.8300091    1.3312822E+16
       571.4300093    1.1795139E+16
       585.0400095    1.0470108E+16
       612.2500100    8.2979455E+15
       666.6700108    5.3261626E+15
       680.2800111    4.7874830E+15
       707.4900115    3.8870096E+15
       734.7000119    3.1753308E+15
       761.9100124    2.6090869E+15
       789.1200128    2.1556665E+15
       816.3300133    1.7903658E+15
       843.5400137    1.4943405E+15
       870.7500142    1.2531184E+15
       911.5700148    9.7023660E+14
       952.3900155    7.5818460E+14
       993.2000162    5.9759907E+14
      1020.4000166    5.1220522E+14
      1061.2000173    4.0898078E+14
      1088.4000177    3.5338659E+14
      1102.0000179    3.2886122E+14
      1115.7000181    3.0610141E+14
      1129.3000184    2.8526968E+14
      1142.9000186    2.6604091E+14
      1156.5000188    2.4827738E+14
      1170.1000190    2.3185446E+14
      1197.3000195    2.0258925E+14
      1210.9000197    1.8955160E+14
      1224.5000199    1.7746172E+14
      1227.2000200    1.7516747E+14
      1229.9000200    1.7290694E+14
      1232.7000200    1.7059775E+14
      1235.4000201    1.6840424E+14
      1238.1000201    1.6624282E+14
      1240.8000202    1.6411293E+14
      1243.5000202    1.6201407E+14
      1246.3000203    1.5986972E+14
      1249.0000203    1.5783252E+14
      1257.2000204    1.6357428E+14
      1259.9000205    1.6155353E+14
      1262.6000205    1.5951809E+14
      1270.8000207    1.5340830E+14
      1281.6000208    1.4570156E+14
      1289.8000210    1.4572462E+14
      1292.5000210    1.4389682E+14
      1295.2000211    1.4207671E+14
      1298.0000211    1.4020585E+14
      1300.7000212    1.3842258E+14
      1303.4000212    1.3666192E+14
      1306.1000212    1.3492490E+14
      1314.3000214    1.2979697E+14
      1330.6000216    1.2024429E+14
      1341.5000218    1.1430297E+14
      1355.1000220    1.0735293E+14
      1360.6000221    1.0467993E+14
      1371.4000223    9.9648644E+13
      1382.3000225    9.4848053E+13
      1390.5000226    9.1409823E+13
      1395.9000227    8.9223198E+13
      1404.1000228    8.6015729E+13
      1406.8000229    8.4988502E+13
      1409.5000229    8.3975226E+13
      1415.0000230    8.1953437E+13
      1417.7000231    8.0981248E+13
      1420.4000231    8.0022170E+13
      1423.1000231    7.9076027E+13
      1425.9000232    7.8108275E+13
      1428.6000232    7.7187844E+13
      1431.3000233    7.6279743E+13
      1436.7000234    7.4499823E+13
      1439.5000234    7.3595548E+13
      1442.2000235    7.2735397E+13
      1444.9000235    7.1886680E+13
      1447.6000235    7.1049220E+13
      1450.4000236    7.0192458E+13
      1453.1000236    6.9377420E+13
      1455.8000237    4.4029257E+14
      1458.5000237    4.3898287E+14
      1461.2000238    4.3624795E+14
      1466.7000239    4.2851456E+14
      1469.4000239    4.2426385E+14
      1472.1000239    4.1990362E+14
      1477.6000240    4.1092982E+14
      1480.3000241    4.0654154E+14
      1488.4000242    3.9359631E+14
      1491.2000242    3.8921463E+14
      1496.6000243    3.8090924E+14
      1551.0000252    3.0718700E+14
      1632.7000266    2.2408304E+14
      1823.1000296    1.1183857E+14
      2340.2000381    2.0893902E+13
      2829.9000460    3.7408890E+12
      3047.6000496    1.0867117E+12
      3700.7000602    0.0000000E+00
 
