       80.0000013    1.1298188E+19
        85.0000014    9.5352980E+18
        90.0000015    8.0400122E+18
        95.2390015    6.7239759E+18
       100.6800016    5.5891381E+18
       114.2900019    3.5454363E+18
       119.7300019    2.9668460E+18
       122.4500020    2.7164119E+18
       125.1700020    2.4886244E+18
       127.8900021    2.2813249E+18
       130.6100021    2.0925625E+18
       133.3300022    1.9205755E+18
       136.0600022    1.7632251E+18
       146.9400024    2.6563016E+18
       149.6600024    2.5494437E+18
       155.1000025    2.3255361E+18
       157.8200026    2.2181924E+18
       160.5500026    2.1155927E+18
       165.9900027    1.9273572E+18
       171.4300028    1.7596166E+18
       176.8700029    1.6100435E+18
       179.5900029    1.5413111E+18
       182.3100030    1.4762399E+18
       185.0400030    1.4143527E+18
       187.7600031    1.3558662E+18
       190.4800031    1.3003311E+18
       195.9200032    1.1973401E+18
       198.6400032    1.1495371E+18
       204.0800033    1.2080224E+18
       206.8000034    1.1623726E+18
       209.5300034    1.1166724E+18
       212.2500035    1.0725091E+18
       214.9700035    1.0301727E+18
       220.4100036    9.5139250E+17
       225.8500037    8.8020964E+17
       236.7400038    7.5773902E+17
       247.6200040    6.5737855E+17
       258.5100042    5.7428396E+17
       272.1100044    4.8948206E+17
       285.7200046    4.2085165E+17
       299.3200049    3.6464403E+17
       312.9300051    3.1795825E+17
       340.1400055    2.4553710E+17
       353.7400058    2.1709764E+17
       380.9500062    1.7125567E+17
       394.5600064    1.5265609E+17
       408.1700066    1.3635002E+17
       435.3800071    1.0934484E+17
       462.5900075    8.8200211E+16
       476.1900077    7.9371322E+16
       489.8000080    7.1506726E+16
       503.4000082    6.4501278E+16
       517.0100084    5.8243485E+16
       557.8300091    4.3168351E+16
       571.4300093    3.9151908E+16
       585.0400095    3.5543799E+16
       612.2500100    2.9387893E+16
       666.6700108    2.0336037E+16
       680.2800111    1.8593246E+16
       707.4900115    1.5589219E+16
       734.7000119    1.3120277E+16
       761.9100124    1.1083430E+16
       789.1200128    9.3966261E+15
       816.3300133    7.9945694E+15
       843.5400137    6.8249532E+15
       870.7500142    5.8457791E+15
       911.5700148    4.6617044E+15
       952.3900155    3.7431888E+15
       993.2000162    3.0256490E+15
      1020.4000166    2.6347506E+15
      1061.2000173    2.1518389E+15
      1088.4000177    1.8862411E+15
      1102.0000179    1.7676661E+15
      1115.7000181    1.6567854E+15
      1129.3000184    1.5545398E+15
      1142.9000186    1.4594751E+15
      1156.5000188    1.3710298E+15
      1170.1000190    1.2886904E+15
      1197.3000195    1.1404899E+15
      1210.9000197    1.0738046E+15
      1224.5000199    1.0115697E+15
      1227.2000200    9.9971437E+14
      1229.9000200    9.8801877E+14
      1232.7000200    9.7605622E+14
      1235.4000201    9.6467871E+14
      1238.1000201    9.5345375E+14
      1240.8000202    9.4237911E+14
      1243.5000202    9.3145238E+14
      1246.3000203    9.2027499E+14
      1249.0000203    9.0964293E+14
      1257.2000204    1.0687893E+15
      1259.9000205    1.0572244E+15
      1262.6000205    1.0451474E+15
      1270.8000207    1.0079170E+15
      1281.6000208    9.6034019E+14
      1289.8000210    1.0137581E+15
      1292.5000210    1.0020084E+15
      1295.2000211    9.9014284E+14
      1298.0000211    9.7785608E+14
      1300.7000212    9.6609518E+14
      1303.4000212    9.5445434E+14
      1306.1000212    9.4295088E+14
      1314.3000214    9.0892151E+14
      1330.6000216    8.4533815E+14
      1341.5000218    8.0567386E+14
      1355.1000220    7.5915473E+14
      1360.6000221    7.4122660E+14
      1371.4000223    7.0742426E+14
      1382.3000225    6.7510081E+14
      1390.5000226    6.5190711E+14
      1395.9000227    6.3713672E+14
      1404.1000228    6.1544237E+14
      1406.8000229    6.0848741E+14
      1409.5000229    6.0162332E+14
      1415.0000230    5.8791693E+14
      1417.7000231    5.8132114E+14
      1420.4000231    5.7481104E+14
      1423.1000231    5.6838550E+14
      1425.9000232    5.6180987E+14
      1428.6000232    5.5555264E+14
      1431.3000233    5.4937625E+14
      1436.7000234    5.3726128E+14
      1439.5000234    5.3110190E+14
      1442.2000235    5.2524007E+14
      1444.9000235    5.1945341E+14
      1447.6000235    5.1374077E+14
      1450.4000236    5.0789357E+14
      1453.1000236    5.0232847E+14
      1455.8000237    2.7551348E+15
      1458.5000237    2.7482094E+15
      1461.2000238    2.7328928E+15
      1466.7000239    2.6892189E+15
      1469.4000239    2.6651789E+15
      1472.1000239    2.6405102E+15
      1477.6000240    2.5897072E+15
      1480.3000241    2.5648431E+15
      1488.4000242    2.4913892E+15
      1491.2000242    2.4664848E+15
      1496.6000243    2.4192128E+15
      1551.0000252    1.9949962E+15
      1632.7000266    1.5047273E+15
      1823.1000296    8.1295584E+14
      2340.2000381    1.9660585E+14
      2829.9000460    6.4712398E+13
      3047.6000496    4.1586168E+13
      3700.7000602    1.2599584E+13
      4000.0000650    7.4215079E+12
      4680.3000761    2.3281449E+12
      5006.8000814    1.1942433E+12
      5387.8000876    4.6867874E+11
 
