       80.0000013    7.7785830E+18
        85.0000014    6.1455746E+18
        90.0000015    4.8740454E+18
        95.2390015    3.8400823E+18
       100.6800016    3.0125214E+18
       114.2900019    1.6764230E+18
       119.7300019    1.3367820E+18
       122.4500020    1.1956201E+18
       125.1700020    1.0704828E+18
       127.8900021    9.5943515E+17
       130.6100021    8.6079199E+17
       133.3300022    7.7308360E+17
       136.0600022    6.9475556E+17
       146.9400024    1.9877389E+18
       149.6600024    1.9004953E+18
       155.1000025    1.7134899E+18
       157.8200026    1.6231134E+18
       160.5500026    1.5365309E+18
       165.9900027    1.3774594E+18
       171.4300028    1.2357951E+18
       176.8700029    1.1098892E+18
       179.5900029    1.0522690E+18
       182.3100030    9.9791077E+17
       185.0400030    9.4642614E+17
       187.7600031    8.9800028E+17
       190.4800031    8.5226081E+17
       195.9200032    7.6818940E+17
       198.6400032    7.2956026E+17
       204.0800033    8.1212987E+17
       206.8000034    7.7942723E+17
       209.5300034    7.4819767E+17
       212.2500035    7.1869495E+17
       214.9700035    6.9073313E+17
       220.4100036    6.3905547E+17
       225.8500037    5.9242016E+17
       236.7400038    5.1167663E+17
       247.6200040    4.4452709E+17
       258.5100042    3.8790921E+17
       272.1100044    3.2890011E+17
       285.7200046    2.8010414E+17
       299.3200049    2.3945365E+17
       312.9300051    2.0530944E+17
       340.1400055    1.5212501E+17
       353.7400058    1.3140420E+17
       380.9500062    9.8651860E+16
       394.5600064    8.5731971E+16
       408.1700066    7.4650878E+16
       435.3800071    5.6936848E+16
       462.5900075    4.3760387E+16
       476.1900077    3.8475013E+16
       489.8000080    3.3888108E+16
       503.4000082    2.9906169E+16
       517.0100084    2.6438217E+16
       557.8300091    1.8465636E+16
       571.4300093    1.6442157E+16
       585.0400095    1.4664248E+16
       612.2500100    1.1724081E+16
       666.6700108    7.6397992E+15
       680.2800111    6.8902211E+15
       707.4900115    5.6295887E+15
       734.7000119    4.6256921E+15
       761.9100124    3.8214625E+15
       789.1200128    3.1734649E+15
       816.3300133    2.6484384E+15
       843.5400137    2.2207630E+15
       870.7500142    1.8705870E+15
       911.5700148    1.4576912E+15
       952.3900155    1.1462689E+15
       993.2000162    9.0907231E+14
      1020.4000166    7.8235151E+14
      1061.2000173    6.2849807E+14
      1088.4000177    5.4526754E+14
      1102.0000179    5.0845326E+14
      1115.7000181    4.7422972E+14
      1129.3000184    4.4285102E+14
      1142.9000186    4.1383654E+14
      1156.5000188    3.8698649E+14
      1170.1000190    3.6211967E+14
      1197.3000195    3.1769360E+14
      1210.9000197    2.9784934E+14
      1224.5000199    2.7941551E+14
      1227.2000200    2.7591368E+14
      1229.9000200    2.7246214E+14
      1232.7000200    2.6893501E+14
      1235.4000201    2.6558341E+14
      1238.1000201    2.6227968E+14
      1240.8000202    2.5902302E+14
      1243.5000202    2.5581271E+14
      1246.3000203    2.5253163E+14
      1249.0000203    2.4941340E+14
      1257.2000204    2.6423875E+14
      1259.9000205    2.6109886E+14
      1262.6000205    2.5791461E+14
      1270.8000207    2.4830340E+14
      1281.6000208    2.3614106E+14
      1289.8000210    2.3869365E+14
      1292.5000210    2.3578637E+14
      1295.2000211    2.3288220E+14
      1298.0000211    2.2989217E+14
      1300.7000212    2.2703908E+14
      1303.4000212    2.2422028E+14
      1306.1000212    2.2143794E+14
      1314.3000214    2.1321832E+14
      1330.6000216    1.9788812E+14
      1341.5000218    1.8834146E+14
      1355.1000220    1.7716163E+14
      1360.6000221    1.7285804E+14
      1371.4000223    1.6475156E+14
      1382.3000225    1.5700911E+14
      1390.5000226    1.5145922E+14
      1395.9000227    1.4792738E+14
      1404.1000228    1.4274346E+14
      1406.8000229    1.4108243E+14
      1409.5000229    1.3944355E+14
      1415.0000230    1.3617228E+14
      1417.7000231    1.3459869E+14
      1420.4000231    1.3304580E+14
      1423.1000231    1.3151359E+14
      1425.9000232    1.2994601E+14
      1428.6000232    1.2845471E+14
      1431.3000233    1.2698303E+14
      1436.7000234    1.2409740E+14
      1439.5000234    1.2263084E+14
      1442.2000235    1.2123548E+14
      1444.9000235    1.1985834E+14
      1447.6000235    1.1849913E+14
      1450.4000236    1.1710826E+14
      1453.1000236    1.1578479E+14
      1455.8000237    7.1655624E+14
      1458.5000237    7.1462827E+14
      1461.2000238    7.1040222E+14
      1466.7000239    6.9831289E+14
      1469.4000239    6.9164482E+14
      1472.1000239    6.8479791E+14
      1477.6000240    6.7069283E+14
      1480.3000241    6.6379042E+14
      1488.4000242    6.4341335E+14
      1491.2000242    6.3651133E+14
      1496.6000243    6.2342162E+14
      1551.0000252    5.0679014E+14
      1632.7000266    3.7417966E+14
      1823.1000296    1.9237779E+14
      2340.2000381    4.0407283E+13
      2829.9000460    1.0082469E+13
      3047.6000496    5.5038685E+12
      3700.7000602    4.5461299E+10
      4000.0000650    0.0000000E+00
      4680.3000761    0.0000000E+00
 
