       80.0000013    7.0413996E+16
        85.0000014    5.2986904E+16
        90.0000015    4.0022386E+16
        95.2390015    2.9935855E+16
       100.6800016    2.2222515E+16
       114.2900019    1.0692377E+16
       119.7300019    8.0149512E+15
       122.4500020    6.9434358E+15
       125.1700020    6.0168685E+15
       127.8900021    5.2149332E+15
       130.6100021    4.5202893E+15
       133.3300022    3.9180930E+15
       136.0600022    3.3938797E+15
       146.9400024    3.3853195E+15
       149.6600024    2.8576162E+15
       155.1000025    2.0294920E+15
       157.8200026    1.7072861E+15
       160.5500026    1.4330326E+15
       165.9900027    1.0040356E+15
       171.4300028    6.9347864E+14
       176.8700029    4.6718430E+14
       179.5900029    3.7758182E+14
       182.3100030    3.0019936E+14
       185.0400030    2.3247465E+14
       187.7600031    1.7249904E+14
       190.4800031    1.1680222E+14
 
