       12.5000002    1.1348119E+01
        15.0000002    8.5578833E+00
        20.0000003    1.0050153E+00
        25.0000004    2.0297174E-01
        30.0000005    1.7607832E-01
        35.0000006    1.0529855E-01
        40.0000007    5.8123983E-02
        45.0000007    3.0282559E-02
        50.0000008    1.5375447E-02
        55.0000009    8.1273792E-03
        60.0000010    4.7413860E-03
        65.0000011    3.0706848E-03
        70.0000011    2.1318197E-03
        75.0000012    1.5673855E-02
        80.0000013    1.1978928E-02
        85.0000014    8.0340849E-03
        90.0000015    5.2620671E-03
        95.2390015    3.3523792E-03
       100.6800016    2.0923454E-03
       114.2900019    6.7196356E-04
       119.7300019    4.3708054E-04
       122.4500020    3.5445197E-04
       125.1700020    2.8852536E-04
       127.8900021    2.3575866E-04
       130.6100021    1.9338922E-04
       133.3300022    1.5925719E-04
       136.0600022    1.3157849E-04
       146.9400024    6.3996318E-05
       149.6600024    5.3982760E-05
       155.1000025    3.8870559E-05
       157.8200026    3.3177719E-05
       160.5500026    2.8411128E-05
       165.9900027    7.9774574E-05
       171.4300028    6.2106083E-05
       176.8700029    6.6757340E-05
       179.5900029    5.9102429E-05
       182.3100030    5.2222298E-05
       185.0400030    4.6122350E-05
       187.7600031    4.0787327E-05
       190.4800031    3.6110912E-05
       195.9200032    2.8411368E-05
       198.6400032    2.5247567E-05
       204.0800033    2.0008216E-05
       206.8000034    1.7842054E-05
       209.5300034    1.5921267E-05
       212.2500035    1.4228408E-05
       214.9700035    1.2728756E-05
       220.4100036    1.0217905E-05
       225.8500037    8.2342794E-06
       236.7400038    1.0017126E-05
       247.6200040    7.1828040E-06
       258.5100042    5.1922661E-06
       272.1100044    3.5061257E-06
       285.7200046    2.3979640E-06
       299.3200049    1.6603955E-06
       312.9300051    1.1623738E-06
       340.1400055    5.8783542E-07
       353.7400058    4.2418463E-07
       380.9500062    2.2679352E-07
       394.5600064    1.6790362E-07
       408.1700066    1.2528498E-07
       435.3800071    7.1334384E-08
       462.5900075    4.1744087E-08
       476.1900077    3.2241839E-08
       489.8000080    2.5047179E-08
       503.4000082    1.9573058E-08
       517.0100084    1.5376328E-08
       557.8300091    7.6865048E-09
       571.4300093    6.1587269E-09
       585.0400095    4.9554263E-09
       612.2500100    3.2486622E-09
       666.6700108    1.4602402E-09
       680.2800111    1.2057388E-09
       707.4900115    8.3007179E-10
       734.7000119    5.7792882E-10
       761.9100124    4.0668777E-10
       789.1200128    2.8905467E-10
       816.3300133    2.0736507E-10
       843.5400137    1.5005848E-10
       870.7500142    1.0939545E-10
       911.5700148    6.9110051E-11
       952.3900155    4.4339327E-11
       993.2000162    3.0196901E-11
      1020.4000166    2.2772223E-11
      1061.2000173    1.5437287E-11
      1088.4000177    1.1765680E-11
      1102.0000179    1.0289287E-11
      1115.7000181    8.9992137E-12
      1129.3000184    7.8868856E-12
      1142.9000186    6.9189958E-12
      1156.5000188    6.0757337E-12
      1170.1000190    5.2691922E-12
      1197.3000195    2.0197559E-11
      1210.9000197    1.7852567E-11
      1224.5000199    1.5764908E-11
      1227.2000200    1.5380459E-11
      1229.9000200    1.5005532E-11
      1232.7000200    1.4626553E-11
      1235.4000201    1.4270377E-11
      1238.1000201    1.3923086E-11
      1240.8000202    1.3584464E-11
      1243.5000202    1.3254303E-11
      1246.3000203    1.2920625E-11
      1249.0000203    1.2607052E-11
      1257.2000204    1.1356246E-11
      1259.9000205    1.1078090E-11
      1262.6000205    1.0806932E-11
      1270.8000207    1.0024475E-11
      1281.6000208    9.0818342E-12
      1289.8000210    8.4272450E-12
      1292.5000210    8.2224661E-12
      1295.2000211    8.0227873E-12
      1298.0000211    7.8209592E-12
      1300.7000212    7.6312645E-12
      1303.4000212    7.4462814E-12
      1306.1000212    7.2658875E-12
      1314.3000214    6.7449648E-12
      1330.6000216    5.4937929E-12
      1341.5000218    4.9701302E-12
      1355.1000220    4.3872393E-12
      1360.6000221    4.1716916E-12
      1371.4000223    3.7791714E-12
      1382.3000225    3.4209105E-12
      1390.5000226    2.8630895E-12
      1395.9000227    2.7223237E-12
      1404.1000228    2.5218107E-12
      1406.8000229    2.4591045E-12
      1409.5000229    2.3979709E-12
      1415.0000230    2.2781375E-12
      1417.7000231    2.2215376E-12
      1420.4000231    2.1663541E-12
      1423.1000231    2.1125510E-12
      1425.9000232    2.0581757E-12
      1428.6000232    2.0070766E-12
      1431.3000233    1.9572538E-12
      1436.7000234    1.5515448E-12
      1439.5000234    1.5105019E-12
      1442.2000235    1.4719600E-12
      1444.9000235    1.4344076E-12
      1447.6000235    1.3978188E-12
      1450.4000236    1.3608660E-12
      1453.1000236    1.3261631E-12
      1455.8000237    1.2923498E-12
      1458.5000237    1.2594025E-12
      1461.2000238    1.2272989E-12
      1466.7000239    1.1644214E-12
      1469.4000239    1.1347479E-12
      1472.1000239    1.1058329E-12
      1477.6000240    7.4112586E-13
      1480.3000241    7.2160404E-13
      1488.4000242    6.6608654E-13
      1491.2000242    6.4791114E-13
      1496.6000243    6.1425339E-13
      1551.0000252    0.0000000E+00
      1632.7000266    0.0000000E+00
      1823.1000296    0.0000000E+00
 
