       12.5000002    5.4530859E-02
        15.0000002    3.2399245E-02
        20.0000003    7.7358950E-03
        25.0000004    2.6971765E-03
        30.0000005    1.0656514E-03
        35.0000006    3.6483715E-04
        40.0000007    1.4501959E-04
        45.0000007    6.3547355E-05
        50.0000008    2.9429664E-05
        55.0000009    1.4109158E-05
        60.0000010    6.9400712E-06
        65.0000011    3.4884426E-06
        70.0000011    1.7876612E-06
        75.0000012    9.5471228E-07
        80.0000013    5.0156007E-07
        85.0000014    2.6754057E-07
        90.0000015    1.4434318E-07
        95.2390015    7.6206156E-08
       100.6800016    3.9382503E-08
       114.2900019    7.3359767E-09
       119.7300019    3.6094727E-09
       122.4500020    2.4904772E-09
       125.1700020    1.6903258E-09
       127.8900021    1.1205443E-09
       130.6100021    7.1645290E-10
       133.3300022    4.3015261E-10
       136.0600022    2.2322914E-10
 
