       12.5000002    2.4974602E+01
        15.0000002    3.1469381E+01
        20.0000003    1.1836374E+01
        25.0000004    5.0742683E+00
        30.0000005    2.4278889E+00
        35.0000006    8.1489772E-01
        40.0000007    3.2809171E-01
        45.0000007    1.6873312E-01
        50.0000008    1.0579926E-01
        55.0000009    7.5171672E-02
        60.0000010    5.4529998E-02
        65.0000011    3.8248226E-02
        70.0000011    2.5777038E-02
        75.0000012    1.1576641E-01
        80.0000013    1.0366695E-01
        85.0000014    8.5086413E-02
        90.0000015    6.9849148E-02
        95.2390015    5.5440135E-02
       100.6800016    4.1382633E-02
       114.2900019    1.8937668E-02
       119.7300019    1.3901282E-02
       122.4500020    1.1925268E-02
       125.1700020    1.0239101E-02
       127.8900021    8.7992372E-03
       130.6100021    7.5687910E-03
       133.3300022    6.5165078E-03
       136.0600022    5.6128185E-03
       146.9400024    3.1265838E-03
       149.6600024    2.7079198E-03
       155.1000025    2.0375485E-03
       157.8200026    1.7701909E-03
       160.5500026    1.5387388E-03
       165.9900027    1.7363639E-03
       171.4300028    1.4127626E-03
       176.8700029    1.3558462E-03
       179.5900029    1.2381569E-03
       182.3100030    1.1259887E-03
       185.0400030    1.0218938E-03
       187.7600031    9.2743989E-04
       190.4800031    8.4205985E-04
       195.9200032    6.9579226E-04
       198.6400032    6.3326076E-04
       204.0800033    5.2587123E-04
       206.8000034    4.7983011E-04
       209.5300034    4.3804437E-04
       212.2500035    4.0035936E-04
       214.9700035    3.6620547E-04
       220.4100036    3.0708118E-04
       225.8500037    2.5823180E-04
       236.7400038    1.9194881E-04
       247.6200040    1.3838026E-04
       258.5100042    1.0133006E-04
       272.1100044    7.0140057E-05
       285.7200046    4.9576101E-05
       299.3200049    3.5703069E-05
       312.9300051    2.6120470E-05
       340.1400055    1.4548475E-05
       353.7400058    1.1038134E-05
       380.9500062    6.5227919E-06
       394.5600064    5.0710141E-06
       408.1700066    3.9685710E-06
       435.3800071    2.4746321E-06
       462.5900075    1.5758969E-06
       476.1900077    1.2666774E-06
       489.8000080    1.0224878E-06
       503.4000082    8.2899419E-07
       517.0100084    6.7473445E-07
       557.8300091    3.7220588E-07
       571.4300093    3.0745719E-07
       585.0400095    2.5478514E-07
       612.2500100    1.7667013E-07
       666.6700108    8.8007972E-08
       680.2800111    7.4440770E-08
       707.4900115    5.3925493E-08
       734.7000119    3.9309988E-08
       761.9100124    2.8856723E-08
       789.1200128    2.1371497E-08
       816.3300133    1.5960701E-08
       843.5400137    1.2014440E-08
       870.7500142    9.1119778E-09
       911.5700148    6.0982543E-09
       952.3900155    4.1426462E-09
       993.2000162    3.4299876E-09
      1020.4000166    2.6688882E-09
      1061.2000173    2.0300364E-09
      1088.4000177    1.5972773E-09
      1102.0000179    1.4198465E-09
      1115.7000181    1.2628102E-09
      1129.3000184    1.1256447E-09
      1142.9000186    1.0047198E-09
      1156.5000188    8.9795915E-10
      1170.1000190    8.0357093E-10
      1197.3000195    2.7669120E-09
      1210.9000197    2.5024030E-09
      1224.5000199    2.2623832E-09
      1227.2000200    2.2176716E-09
      1229.9000200    2.1739033E-09
      1232.7000200    2.1294921E-09
      1235.4000201    2.0875923E-09
      1238.1000201    2.0465827E-09
      1240.8000202    2.0064452E-09
      1243.5000202    1.9671615E-09
      1246.3000203    1.9273052E-09
      1249.0000203    1.8897044E-09
      1257.2000204    1.7803329E-09
      1259.9000205    1.7458497E-09
      1262.6000205    1.7120957E-09
      1270.8000207    1.6138868E-09
      1281.6000208    1.4938354E-09
      1289.8000210    1.4092231E-09
      1292.5000210    1.3825243E-09
      1295.2000211    1.3563795E-09
      1298.0000211    1.3298378E-09
      1300.7000212    1.3047828E-09
      1303.4000212    1.2802448E-09
      1306.1000212    1.2562121E-09
      1314.3000214    1.1862080E-09
      1330.6000216    1.0594258E-09
      1341.5000218    9.8297848E-10
      1355.1000220    8.9596985E-10
      1360.6000221    8.6321578E-10
      1371.4000223    8.0265949E-10
      1382.3000225    7.4624157E-10
      1390.5000226    7.0667128E-10
      1395.9000227    6.8187483E-10
      1404.1000228    6.4603006E-10
      1406.8000229    6.3468492E-10
      1409.5000229    6.2355837E-10
      1415.0000230    6.0155053E-10
      1417.7000231    5.9106031E-10
      1420.4000231    5.8077088E-10
      1423.1000231    5.7067800E-10
      1425.9000232    5.6041460E-10
      1428.6000232    5.5070964E-10
      1431.3000233    5.4118909E-10
      1436.7000234    5.2268628E-10
      1439.5000234    5.1336690E-10
      1442.2000235    5.0455312E-10
      1444.9000235    4.9590548E-10
      1447.6000235    4.8742044E-10
      1450.4000236    4.7878945E-10
      1453.1000236    4.7062565E-10
      1455.8000237    4.6261459E-10
      1458.5000237    4.5475321E-10
      1461.2000238    4.4703849E-10
      1466.7000239    4.3176457E-10
      1469.4000239    4.2447720E-10
      1472.1000239    4.1732484E-10
      1477.6000240    4.0316156E-10
      1480.3000241    3.9640280E-10
      1488.4000242    3.7686279E-10
      1491.2000242    3.7035655E-10
      1496.6000243    3.5815476E-10
      1551.0000252    2.5712302E-10
      1632.7000266    1.5940055E-10
      1823.1000296    5.6645307E-11
      2340.2000381    4.8655359E-12
      2829.9000460    4.3100273E-13
      3047.6000496    6.0323455E-15
      3700.7000602    0.0000000E+00
      4000.0000650    0.0000000E+00
      4680.3000761    0.0000000E+00
      5006.8000814    0.0000000E+00
      5387.8000876    0.0000000E+00
 
