       12.5000002    2.6597120E+01
        15.0000002    2.4016056E+01
        20.0000003    8.2392082E+00
        25.0000004    2.7827308E+00
        30.0000005    8.1059653E-01
        35.0000006    2.8145698E-01
        40.0000007    1.5802515E-01
        45.0000007    1.0573580E-01
        50.0000008    7.4511342E-02
        55.0000009    5.1358912E-02
        60.0000010    3.3396013E-02
        65.0000011    2.0670041E-02
        70.0000011    1.2493125E-02
        75.0000012    7.8681871E-02
        80.0000013    6.8119578E-02
        85.0000014    5.3067189E-02
        90.0000015    4.0843133E-02
        95.2390015    3.0327631E-02
       100.6800016    2.1433769E-02
       114.2900019    8.8192634E-03
       119.7300019    6.2382272E-03
       122.4500020    5.2577965E-03
       125.1700020    4.4377400E-03
       127.8900021    3.7508854E-03
       130.6100021    3.1748188E-03
       133.3300022    2.6910263E-03
       136.0600022    2.2828188E-03
       146.9400024    1.2020833E-03
       149.6600024    1.0276989E-03
       155.1000025    7.5445813E-04
       157.8200026    6.4786209E-04
       160.5500026    5.5685098E-04
       165.9900027    7.8192435E-04
       171.4300028    6.3711085E-04
       176.8700029    6.4603228E-04
       179.5900029    5.8811245E-04
       182.3100030    5.3254928E-04
       185.0400030    4.8097965E-04
       187.7600031    4.3429583E-04
       190.4800031    3.9222793E-04
       195.9200032    3.2053579E-04
       198.6400032    2.9007799E-04
       204.0800033    2.3811731E-04
       206.8000034    2.1599700E-04
       209.5300034    1.9601737E-04
       212.2500035    1.7808737E-04
       214.9700035    1.6191984E-04
       220.4100036    1.3414859E-04
       225.8500037    1.1145290E-04
       236.7400038    8.4558298E-05
       247.6200040    6.1392668E-05
       258.5100042    4.5263481E-05
       272.1100044    3.1535426E-05
       285.7200046    2.2369677E-05
       299.3200049    1.6118649E-05
       312.9300051    1.1765564E-05
       340.1400055    6.4790856E-06
       353.7400058    4.8758525E-06
       380.9500062    2.8263544E-06
       394.5600064    2.1743406E-06
       408.1700066    1.6833955E-06
       435.3800071    1.0270784E-06
       462.5900075    6.4018377E-07
       476.1900077    5.0921528E-07
       489.8000080    4.0685737E-07
       503.4000082    3.2657880E-07
       517.0100084    2.6322164E-07
       557.8300091    1.4120788E-07
       571.4300093    1.1561924E-07
       585.0400095    9.4991769E-08
       612.2500100    6.4789532E-08
       666.6700108    3.1307334E-08
       680.2800111    2.6293838E-08
       707.4900115    1.8744938E-08
       734.7000119    1.3480743E-08
       761.9100124    9.7823731E-09
       789.1200128    7.1663147E-09
       816.3300133    5.2972666E-09
       843.5400137    3.9492276E-09
       870.7500142    2.9681719E-09
       911.5700148    1.9617761E-09
       952.3900155    1.3176354E-09
       993.2000162    1.0226697E-09
      1020.4000166    7.9259899E-10
      1061.2000173    5.8633304E-10
      1088.4000177    4.6010432E-10
      1102.0000179    4.0846918E-10
      1115.7000181    3.6283296E-10
      1129.3000184    3.2302469E-10
      1142.9000186    2.8797462E-10
      1156.5000188    2.5706809E-10
      1170.1000190    2.2977555E-10
      1197.3000195    8.3608587E-10
      1210.9000197    7.5452317E-10
      1224.5000199    6.8063294E-10
      1227.2000200    6.6688499E-10
      1229.9000200    6.5343247E-10
      1232.7000200    6.3978806E-10
      1235.4000201    6.2692068E-10
      1238.1000201    6.1433197E-10
      1240.8000202    6.0201616E-10
      1243.5000202    5.8996730E-10
      1246.3000203    5.7774802E-10
      1249.0000203    5.6622518E-10
      1257.2000204    5.3273608E-10
      1259.9000205    5.2218641E-10
      1262.6000205    5.1186416E-10
      1270.8000207    4.8185594E-10
      1281.6000208    4.4522636E-10
      1289.8000210    4.1944684E-10
      1292.5000210    4.1131898E-10
      1295.2000211    4.0336290E-10
      1298.0000211    3.9528941E-10
      1300.7000212    3.8767120E-10
      1303.4000212    3.8021317E-10
      1306.1000212    3.7291162E-10
      1314.3000214    3.5165987E-10
      1330.6000216    3.1323891E-10
      1341.5000218    2.9011701E-10
      1355.1000220    2.6384617E-10
      1360.6000221    2.5396996E-10
      1371.4000223    2.3573121E-10
      1382.3000225    2.1876433E-10
      1390.5000226    2.0687982E-10
      1395.9000227    1.9943941E-10
      1404.1000228    1.8869382E-10
      1406.8000229    1.8529529E-10
      1409.5000229    1.8196350E-10
      1415.0000230    1.7537698E-10
      1417.7000231    1.7223922E-10
      1420.4000231    1.6916264E-10
      1423.1000231    1.6614594E-10
      1425.9000232    1.6307942E-10
      1428.6000232    1.6018084E-10
      1431.3000233    1.5733838E-10
      1436.7000234    1.5181718E-10
      1439.5000234    1.4903785E-10
      1442.2000235    1.4641029E-10
      1444.9000235    1.4383318E-10
      1447.6000235    1.4130548E-10
      1450.4000236    1.3873525E-10
      1453.1000236    1.3630504E-10
      1455.8000237    1.3392118E-10
      1458.5000237    1.3158272E-10
      1461.2000238    1.2928872E-10
      1466.7000239    1.2474949E-10
      1469.4000239    1.2258498E-10
      1472.1000239    1.2046136E-10
      1477.6000240    1.1625845E-10
      1480.3000241    1.1425393E-10
      1488.4000242    1.0846298E-10
      1491.2000242    1.0653621E-10
      1496.6000243    1.0292477E-10
      1551.0000252    7.3138502E-11
      1632.7000266    4.4598325E-11
      1823.1000296    1.4812995E-11
      2340.2000381    9.1553382E-13
      2829.9000460    0.0000000E+00
      3047.6000496    0.0000000E+00
      3700.7000602    0.0000000E+00
      4000.0000650    0.0000000E+00
      4680.3000761    0.0000000E+00
 
