       12.5000002    4.0192464E-01
        15.0000002    3.7527436E-01
        20.0000003    1.2384598E-01
        25.0000004    3.8820799E-02
        30.0000005    1.5536571E-02
        35.0000006    7.5672525E-03
        40.0000007    4.0711123E-03
        45.0000007    2.1601296E-03
        50.0000008    1.1342347E-03
        55.0000009    6.0377957E-04
        60.0000010    3.3228702E-04
        65.0000011    1.9108059E-04
        70.0000011    1.1505289E-04
        75.0000012    1.7390387E-04
        80.0000013    9.9161756E-05
        85.0000014    5.7655197E-05
        90.0000015    3.4896719E-05
        95.2390015    2.1502765E-05
       100.6800016    1.3521251E-05
       114.2900019    4.8243505E-06
       119.7300019    3.3190008E-06
       122.4500020    2.7699630E-06
       125.1700020    2.3202247E-06
       127.8900021    1.9500590E-06
       130.6100021    1.6440576E-06
       133.3300022    1.3900977E-06
       136.0600022    1.1778378E-06
       146.9400024    6.2332174E-07
       149.6600024    5.3450549E-07
       155.1000025    3.9530681E-07
       157.8200026    3.4088524E-07
       160.5500026    2.9430521E-07
       165.9900027    4.5556891E-07
       171.4300028    3.3206595E-07
       176.8700029    3.1016424E-07
       179.5900029    2.6565408E-07
       182.3100030    2.2771481E-07
       185.0400030    1.9534319E-07
       187.7600031    1.6792460E-07
       190.4800031    1.4458718E-07
       195.9200032    1.0771763E-07
       198.6400032    9.3199908E-08
       204.0800033    7.0100462E-08
       206.8000034    6.0935292E-08
       209.5300034    5.3020251E-08
       212.2500035    4.6224283E-08
       214.9700035    4.0356742E-08
       220.4100036    3.0889058E-08
       225.8500037    2.3768516E-08
       236.7400038    7.3254490E-08
       247.6200040    4.7486761E-08
       258.5100042    3.0894800E-08
       272.1100044    1.8314317E-08
       285.7200046    1.1029453E-08
       299.3200049    6.7458754E-09
       312.9300051    4.1811430E-09
       340.1400055    1.6634839E-09
       353.7400058    1.0643234E-09
       380.9500062    4.4481729E-10
       394.5600064    2.8933889E-10
       408.1700066    1.8856090E-10
       435.3800071    7.9860382E-11
       462.5900075    3.3038794E-11
       476.1900077    2.0839573E-11
       489.8000080    1.2840252E-11
       503.4000082    7.3351126E-12
       517.0100084    4.0325178E-12
 
