       12.5000002    5.6785927E+01
        15.0000002    2.9980810E+01
        20.0000003    1.7069006E+01
        25.0000004    7.0213108E+00
        30.0000005    4.7964134E+00
        35.0000006    2.0365214E+00
        40.0000007    8.3543646E-01
        45.0000007    3.6612219E-01
        50.0000008    1.8015476E-01
        55.0000009    1.0600601E-01
        60.0000010    7.3370412E-02
        65.0000011    5.4202903E-02
        70.0000011    3.9935678E-02
        75.0000012    1.4982253E-01
        80.0000013    1.3611270E-01
        85.0000014    1.1518239E-01
        90.0000015    9.8702453E-02
        95.2390015    8.2543835E-02
       100.6800016    6.4749084E-02
       114.2900019    3.2848582E-02
       119.7300019    2.4992345E-02
       122.4500020    2.1806434E-02
       125.1700020    1.9031972E-02
       127.8900021    1.6616026E-02
       130.6100021    1.4512341E-02
       133.3300022    1.2680508E-02
       136.0600022    1.1079773E-02
       146.9400024    6.5075085E-03
       149.6600024    5.7058358E-03
       155.1000025    4.3956768E-03
       157.8200026    3.8622853E-03
       160.5500026    3.3945038E-03
       165.9900027    3.4310457E-03
       171.4300028    2.7813767E-03
       176.8700029    2.5471395E-03
       179.5900029    2.3208768E-03
       182.3100030    2.1087329E-03
       185.0400030    1.9137107E-03
       187.7600031    1.7377557E-03
       190.4800031    1.5792769E-03
       195.9200032    1.3086927E-03
       198.6400032    1.1932864E-03
       204.0800033    9.9531701E-04
       206.8000034    9.1047579E-04
       209.5300034    8.3346461E-04
       212.2500035    7.6397945E-04
       214.9700035    7.0095866E-04
       220.4100036    5.9168547E-04
       225.8500037    5.0112605E-04
       236.7400038    3.9236757E-04
       247.6200040    2.8257302E-04
       258.5100042    2.0592286E-04
       272.1100044    1.4146965E-04
       285.7200046    9.9245663E-05
       299.3200049    7.1016984E-05
       312.9300051    5.1714531E-05
       340.1400055    2.8714201E-05
       353.7400058    2.1817257E-05
       380.9500062    1.2992480E-05
       394.5600064    1.0158567E-05
       408.1700066    8.0024784E-06
       435.3800071    5.0645640E-06
       462.5900075    3.2770295E-06
       476.1900077    2.6553528E-06
       489.8000080    2.1607491E-06
       503.4000082    1.7658003E-06
       517.0100084    1.4484617E-06
       557.8300091    8.1702063E-07
       571.4300093    6.7964965E-07
       585.0400095    5.6707290E-07
       612.2500100    3.9838176E-07
       666.6700108    2.0326938E-07
       680.2800111    1.7289931E-07
       707.4900115    1.2713765E-07
       734.7000119    9.3761116E-08
       761.9100124    6.9446834E-08
       789.1200128    5.1882687E-08
       816.3300133    3.9076276E-08
       843.5400137    2.9657043E-08
       870.7500142    2.2671873E-08
       911.5700148    1.5347812E-08
       952.3900155    1.0539405E-08
       993.2000162    9.3557357E-09
      1020.4000166    7.3073005E-09
      1061.2000173    5.7139191E-09
      1088.4000177    4.5090074E-09
      1102.0000179    4.0138093E-09
      1115.7000181    3.5748562E-09
      1129.3000184    3.1908653E-09
      1142.9000186    2.8518357E-09
      1156.5000188    2.5520805E-09
      1170.1000190    2.2866842E-09
      1197.3000195    7.4154118E-09
      1210.9000197    6.7207560E-09
      1224.5000199    6.0892829E-09
      1227.2000200    5.9714931E-09
      1229.9000200    5.8561356E-09
      1232.7000200    5.7390284E-09
      1235.4000201    5.6284915E-09
      1238.1000201    5.5202523E-09
      1240.8000202    5.4142655E-09
      1243.5000202    5.3104845E-09
      1246.3000203    5.2051403E-09
      1249.0000203    5.1057096E-09
      1257.2000204    4.8162194E-09
      1259.9000205    4.7248605E-09
      1262.6000205    4.6353921E-09
      1270.8000207    4.3748378E-09
      1281.6000208    4.0558219E-09
      1289.8000210    3.8306207E-09
      1292.5000210    3.7594958E-09
      1295.2000211    3.6898151E-09
      1298.0000211    3.6190455E-09
      1300.7000212    3.5522101E-09
      1303.4000212    3.4867251E-09
      1306.1000212    3.4225609E-09
      1314.3000214    3.2354968E-09
      1330.6000216    2.8960654E-09
      1341.5000218    2.6909637E-09
      1355.1000220    2.4570992E-09
      1360.6000221    2.3689368E-09
      1371.4000223    2.2057500E-09
      1382.3000225    2.0534812E-09
      1390.5000226    1.9465407E-09
      1395.9000227    1.8794644E-09
      1404.1000228    1.7824126E-09
      1406.8000229    1.7516724E-09
      1409.5000229    1.7215137E-09
      1415.0000230    1.6618289E-09
      1417.7000231    1.6333644E-09
      1420.4000231    1.6054349E-09
      1423.1000231    1.5780293E-09
      1425.9000232    1.5501508E-09
      1428.6000232    1.5237800E-09
      1431.3000233    1.4979014E-09
      1436.7000234    1.4475815E-09
      1439.5000234    1.4222237E-09
      1442.2000235    1.3982332E-09
      1444.9000235    1.3746870E-09
      1447.6000235    1.3515761E-09
      1450.4000236    1.3280596E-09
      1453.1000236    1.3058084E-09
      1455.8000237    1.2839665E-09
      1458.5000237    1.2625256E-09
      1461.2000238    1.2414779E-09
      1466.7000239    1.1997864E-09
      1469.4000239    1.1798852E-09
      1472.1000239    1.1603464E-09
      1477.6000240    1.1216367E-09
      1480.3000241    1.1031555E-09
      1488.4000242    1.0496919E-09
      1491.2000242    1.0318789E-09
      1496.6000243    9.9845698E-10
      1551.0000252    7.2086342E-10
      1632.7000266    4.5055121E-10
      1823.1000296    1.6275818E-10
      2340.2000381    1.5741176E-11
      2829.9000460    2.5220897E-12
      3047.6000496    9.9417772E-13
      3700.7000602    0.0000000E+00
      4000.0000650    0.0000000E+00
      4680.3000761    0.0000000E+00
      5006.8000814    0.0000000E+00
      5387.8000876    0.0000000E+00
 
