       12.5000002    1.4967819E+03
        15.0000002    6.2581598E+02
        20.0000003    4.8772507E+01
        25.0000004    2.0963223E+01
        30.0000005    1.4323541E+01
        35.0000006    8.9579010E+00
        40.0000007    6.0164437E+00
        45.0000007    3.9582710E+00
        50.0000008    2.4286206E+00
        55.0000009    1.3682431E+00
        60.0000010    7.1714538E-01
        65.0000011    3.6385950E-01
        70.0000011    1.8861283E-01
        75.0000012    4.0864179E-01
        80.0000013    3.3278438E-01
        85.0000014    2.8977159E-01
        90.0000015    2.7231058E-01
        95.2390015    2.2614558E-01
       100.6800016    1.6772461E-01
       114.2900019    9.1648459E-02
       119.7300019    7.5979404E-02
       122.4500020    6.9511406E-02
       125.1700020    6.3710779E-02
       127.8900021    5.8460463E-02
       130.6100021    5.3676281E-02
       133.3300022    4.9296200E-02
       136.0600022    4.5259014E-02
       146.9400024    3.2106388E-02
       149.6600024    2.9436229E-02
       155.1000025    2.4713514E-02
       157.8200026    2.2631777E-02
       160.5500026    2.0711925E-02
       165.9900027    2.0803770E-02
       171.4300028    1.7880240E-02
       176.8700029    1.6165134E-02
       179.5900029    1.5063263E-02
       182.3100030    1.3919174E-02
       185.0400030    1.2781575E-02
       187.7600031    1.1701099E-02
       190.4800031    1.0701531E-02
       195.9200032    8.9519806E-03
       198.6400032    8.1844795E-03
       204.0800033    6.8459795E-03
       206.8000034    6.2681623E-03
       209.5300034    5.7426393E-03
       212.2500035    5.2679335E-03
       214.9700035    4.8371232E-03
       220.4100036    4.0900214E-03
       225.8500037    3.4713959E-03
       236.7400038    2.9839692E-03
       247.6200040    2.2563431E-03
       258.5100042    1.7011423E-03
       272.1100044    1.2026421E-03
       285.7200046    8.5842190E-04
       299.3200049    6.1878579E-04
       312.9300051    4.5023271E-04
       340.1400055    2.4551016E-04
       353.7400058    1.8405457E-04
       380.9500062    1.0661566E-04
       394.5600064    8.2370396E-05
       408.1700066    6.4265529E-05
       435.3800071    4.0237039E-05
       462.5900075    2.6070371E-05
       476.1900077    2.1229776E-05
       489.8000080    1.7405882E-05
       503.4000082    1.4364487E-05
       517.0100084    1.1922817E-05
       557.8300091    7.0304727E-06
       571.4300093    5.9480999E-06
       585.0400095    5.0509175E-06
       612.2500100    3.6800268E-06
       666.6700108    2.0218986E-06
       680.2800111    1.7513249E-06
       707.4900115    1.4044558E-06
       734.7000119    1.0905617E-06
       761.9100124    8.2553549E-07
       789.1200128    6.3056791E-07
       816.3300133    4.8550049E-07
       843.5400137    3.7652441E-07
       870.7500142    2.9396608E-07
       911.5700148    2.0512799E-07
       952.3900155    1.4496194E-07
       993.2000162    1.7533914E-07
      1020.4000166    1.3789574E-07
      1061.2000173    1.1821829E-07
      1088.4000177    9.3782276E-08
      1102.0000179    8.3695241E-08
      1115.7000181    7.4727673E-08
      1129.3000184    6.6860494E-08
      1142.9000186    5.9895370E-08
      1156.5000188    5.3720782E-08
      1170.1000190    4.8240008E-08
      1197.3000195    1.1717357E-07
      1210.9000197    1.0683152E-07
      1224.5000199    9.7406193E-08
      1227.2000200    9.5642619E-08
      1229.9000200    9.3913457E-08
      1232.7000200    9.2155830E-08
      1235.4000201    9.0494851E-08
      1238.1000201    8.8866386E-08
      1240.8000202    8.7269790E-08
      1243.5000202    8.5704428E-08
      1246.3000203    8.4113417E-08
      1249.0000203    8.2609638E-08
      1257.2000204    7.8220303E-08
      1259.9000205    7.6831412E-08
      1262.6000205    7.5469394E-08
      1270.8000207    7.1492764E-08
      1281.6000208    6.6601537E-08
      1289.8000210    6.3132894E-08
      1292.5000210    6.2034573E-08
      1295.2000211    6.0957184E-08
      1298.0000211    5.9861534E-08
      1300.7000212    5.8825453E-08
      1303.4000212    5.7808922E-08
      1306.1000212    5.6811739E-08
      1314.3000214    5.3897214E-08
      1330.6000216    4.8578997E-08
      1341.5000218    4.5345509E-08
      1355.1000220    4.1638373E-08
      1360.6000221    4.0234884E-08
      1371.4000223    3.7627842E-08
      1382.3000225    3.5183781E-08
      1390.5000226    3.3460235E-08
      1395.9000227    3.2376043E-08
      1404.1000228    3.0802870E-08
      1406.8000229    3.0303440E-08
      1409.5000229    2.9812906E-08
      1415.0000230    2.8840200E-08
      1417.7000231    2.8375650E-08
      1420.4000231    2.7919326E-08
      1423.1000231    2.7471067E-08
      1425.9000232    2.7014561E-08
      1428.6000232    2.6582258E-08
      1431.3000233    2.6157561E-08
      1436.7000234    2.5330403E-08
      1439.5000234    2.4912881E-08
      1442.2000235    2.4517437E-08
      1444.9000235    2.4128896E-08
      1447.6000235    2.3747125E-08
      1450.4000236    2.3358231E-08
      1453.1000236    2.2989859E-08
      1455.8000237    2.2627876E-08
      1458.5000237    2.2272163E-08
      1461.2000238    2.1922601E-08
      1466.7000239    2.1229074E-08
      1469.4000239    2.0897490E-08
      1472.1000239    2.0571605E-08
      1477.6000240    1.9924945E-08
      1480.3000241    1.9615719E-08
      1488.4000242    1.8719328E-08
      1491.2000242    1.8420044E-08
      1496.6000243    1.7857632E-08
      1551.0000252    1.3136873E-08
      1632.7000266    8.4302911E-09
      1823.1000296    3.2248300E-09
      2340.2000381    3.5384126E-10
      2829.9000460    6.3910023E-11
      3047.6000496    3.2571744E-11
      3700.7000602    5.4095695E-12
      4000.0000650    2.5692981E-12
      4680.3000761    5.0324377E-13
      5006.8000814    2.2180721E-13
      5387.8000876    4.2525035E-14
 
