       80.0000013    6.0001597E+18
        85.0000014    4.6075788E+18
        90.0000015    3.5539742E+18
        95.2390015    2.7207756E+18
       100.6800016    2.0724355E+18
       114.2900019    1.0732598E+18
       119.7300019    8.3256615E+17
       122.4500020    7.3475105E+17
       125.1700020    6.4931096E+17
       127.8900021    5.7460674E+17
       130.6100021    5.0922634E+17
       133.3300022    4.5195171E+17
       136.0600022    4.0155780E+17
       146.9400024    1.5788425E+18
       149.6600024    1.4937645E+18
       155.1000025    1.3219270E+18
       157.8200026    1.2413062E+18
       160.5500026    1.1650271E+18
       165.9900027    1.0268868E+18
       171.4300028    9.0583808E+17
       176.8700029    7.9982145E+17
       179.5900029    7.5182688E+17
       182.3100030    7.0687156E+17
       185.0400030    6.6459788E+17
       187.7600031    6.2512438E+17
       190.4800031    5.8811310E+17
       195.9200032    5.2083302E+17
       198.6400032    4.9027165E+17
       204.0800033    6.1964971E+17
       206.8000034    5.9321078E+17
       209.5300034    5.6784670E+17
       212.2500035    5.4381275E+17
       214.9700035    5.2097816E+17
       220.4100036    4.7864270E+17
       225.8500037    4.4030177E+17
       236.7400038    3.7367459E+17
       247.6200040    3.1817887E+17
       258.5100042    2.7152847E+17
       272.1100044    2.2332962E+17
       285.7200046    1.8409113E+17
       299.3200049    1.5207747E+17
       312.9300051    1.2585143E+17
       340.1400055    8.6676366E+16
       353.7400058    7.2136578E+16
       380.9500062    5.0239813E+16
       394.5600064    4.2042542E+16
       408.1700066    3.5248543E+16
       435.3800071    2.4915406E+16
       462.5900075    1.7733155E+16
       476.1900077    1.4997127E+16
       489.8000080    1.2700291E+16
       503.4000082    1.0771185E+16
       517.0100084    9.1454167E+15
       557.8300091    5.6338273E+15
       571.4300093    4.8020338E+15
       585.0400095    4.0950269E+15
       612.2500100    2.9819155E+15
       666.6700108    1.5814092E+15
       680.2800111    1.3479543E+15
       707.4900115    9.7644390E+14
       734.7000119    7.0277369E+14
       761.9100124    5.0055626E+14
       789.1200128    3.5057016E+14
       816.3300133    2.3862682E+14
       843.5400137    1.5391250E+14
       870.7500142    8.7086460E+13
 
