       80.0000013    2.5394374E+17
        85.0000014    1.8065088E+17
        90.0000015    1.3394436E+17
        95.2390015    1.0139802E+17
       100.6800016    7.8018124E+16
       114.2900019    4.2966548E+16
       119.7300019    3.4081180E+16
       122.4500020    3.0333361E+16
       125.1700020    2.6972751E+16
       127.8900021    2.3954774E+16
       130.6100021    2.1241910E+16
       133.3300022    1.8802059E+16
       136.0600022    1.6599701E+16
       146.9400024    4.0332371E+16
       149.6600024    3.3345877E+16
       155.1000025    2.2421993E+16
       157.8200026    1.8196507E+16
       160.5500026    1.4615424E+16
       165.9900027    9.0387071E+15
       171.4300028    4.9512464E+15
       176.8700029    1.4011359E+15
 
