       80.0000013    1.1391851E+19
        85.0000014    9.7290638E+18
        90.0000015    8.2947278E+18
        95.2390015    7.0119325E+18
       100.6800016    5.8886137E+18
       114.2900019    3.8191273E+18
       119.7300019    3.2205858E+18
       122.4500020    2.9595150E+18
       125.1700020    2.7209282E+18
       127.8900021    2.5028183E+18
       130.6100021    2.3033526E+18
       133.3300022    2.1208588E+18
       136.0600022    1.9532272E+18
       146.9400024    2.7239084E+18
       149.6600024    2.6111164E+18
       155.1000025    2.3768852E+18
       157.8200026    2.2652335E+18
       160.5500026    2.1588394E+18
       165.9900027    1.9644041E+18
       171.4300028    1.7919357E+18
       176.8700029    1.6387583E+18
       179.5900029    1.5685567E+18
       182.3100030    1.5021994E+18
       185.0400030    1.4391806E+18
       187.7600031    1.3797036E+18
       190.4800031    1.3232961E+18
       195.9200032    1.2188492E+18
       198.6400032    1.1704366E+18
       204.0800033    1.2448385E+18
       206.8000034    1.1988388E+18
       209.5300034    1.1519281E+18
       212.2500035    1.1061767E+18
       214.9700035    1.0620911E+18
       220.4100036    9.7971076E+17
       225.8500037    9.0505049E+17
       236.7400038    7.7636214E+17
       247.6200040    6.7087527E+17
       258.5100042    5.8366599E+17
       272.1100044    4.9495945E+17
       285.7200046    4.2354202E+17
       299.3200049    3.6541496E+17
       312.9300051    3.1745375E+17
       340.1400055    2.4373627E+17
       353.7400058    2.1502879E+17
       380.9500062    1.6901962E+17
       394.5600064    1.5043004E+17
       408.1700066    1.3416006E+17
       435.3800071    1.0725044E+17
       462.5900075    8.6193680E+16
       476.1900077    7.7401186E+16
       489.8000080    6.9568686E+16
       503.4000082    6.2591520E+16
       517.0100084    5.6359381E+16
       557.8300091    4.1355905E+16
       571.4300093    3.7364150E+16
       585.0400095    3.3782183E+16
       612.2500100    2.7683371E+16
       666.6700108    1.8766853E+16
       680.2800111    1.7061707E+16
       707.4900115    1.4136169E+16
       734.7000119    1.1748707E+16
       761.9100124    9.7945247E+15
       789.1200128    8.1902342E+15
       816.3300133    6.8692633E+15
       843.5400137    5.7783443E+15
       870.7500142    4.8747498E+15
       911.5700148    3.7971452E+15
       952.3900155    2.9759828E+15
       993.2000162    2.3463543E+15
      1020.4000166    2.0088885E+15
      1061.2000173    1.5987307E+15
      1088.4000177    1.3769417E+15
      1102.0000179    1.2789437E+15
      1115.7000181    1.1879335E+15
      1129.3000184    1.1045898E+15
      1142.9000186    1.0276349E+15
      1156.5000188    9.5653519E+14
      1170.1000190    8.9080541E+14
      1197.3000195    7.7372668E+14
      1210.9000197    7.2160779E+14
      1224.5000199    6.7331189E+14
      1227.2000200    6.6415140E+14
      1229.9000200    6.5512720E+14
      1232.7000200    6.4591033E+14
      1235.4000201    6.3715692E+14
      1238.1000201    6.2853310E+14
      1240.8000202    6.2003685E+14
      1243.5000202    6.1166602E+14
      1246.3000203    6.0311555E+14
      1249.0000203    5.9499410E+14
      1257.2000204    6.8114041E+14
      1259.9000205    6.7234270E+14
      1262.6000205    6.6328784E+14
      1270.8000207    6.3572851E+14
      1281.6000208    6.0080928E+14
      1289.8000210    6.2502055E+14
      1292.5000210    6.1646384E+14
      1295.2000211    6.0788068E+14
      1298.0000211    5.9903077E+14
      1300.7000212    5.9058512E+14
      1303.4000212    5.8224536E+14
      1306.1000212    5.7402057E+14
      1314.3000214    5.4977692E+14
      1330.6000216    5.0481267E+14
      1341.5000218    4.7699206E+14
      1355.1000220    4.4460183E+14
      1360.6000221    4.3219075E+14
      1371.4000223    4.0890427E+14
      1382.3000225    3.8678110E+14
      1390.5000226    3.7099756E+14
      1395.9000227    3.6098717E+14
      1404.1000228    3.4634385E+14
      1406.8000229    3.4166472E+14
      1409.5000229    3.3705427E+14
      1415.0000230    3.2787049E+14
      1417.7000231    3.2346194E+14
      1420.4000231    3.1911775E+14
      1423.1000231    3.1483687E+14
      1425.9000232    3.1046325E+14
      1428.6000232    3.0630828E+14
      1431.3000233    3.0221363E+14
      1436.7000234    2.9420147E+14
      1439.5000234    2.9013803E+14
      1442.2000235    2.8627729E+14
      1444.9000235    2.8247225E+14
      1447.6000235    2.7872197E+14
      1450.4000236    2.7488972E+14
      1453.1000236    2.7124839E+14
      1455.8000237    1.5367165E+15
      1458.5000237    1.5296012E+15
      1461.2000238    1.5177687E+15
      1466.7000239    1.4868452E+15
      1469.4000239    1.4702092E+15
      1472.1000239    1.4532716E+15
      1477.6000240    1.4186305E+15
      1480.3000241    1.4017536E+15
      1488.4000242    1.3521020E+15
      1491.2000242    1.3353288E+15
      1496.6000243    1.3035706E+15
      1551.0000252    1.0236370E+15
      1632.7000266    7.1372082E+14
      1823.1000296    3.1168329E+14
      2340.2000381    2.6710670E+13
 
