       80.0000013    7.4208882E+18
        85.0000014    5.8287442E+18
        90.0000015    4.5939501E+18
        95.2390015    3.5942125E+18
       100.6800016    2.7979569E+18
       114.2900019    1.5243921E+18
       119.7300019    1.2045756E+18
       122.4500020    1.0723992E+18
       125.1700020    9.5567915E+17
       127.8900021    8.5251411E+17
       130.6100021    7.6125024E+17
       133.3300022    6.8044700E+17
       136.0600022    6.0859996E+17
       146.9400024    1.8260447E+18
       149.6600024    1.7406752E+18
       155.1000025    1.5604779E+18
       157.8200026    1.4740450E+18
       160.5500026    1.3915074E+18
       165.9900027    1.2404454E+18
       171.4300028    1.1065062E+18
       176.8700029    9.8795160E+17
       179.5900029    9.3386113E+17
       182.3100030    8.8293711E+17
       185.0400030    8.3480468E+17
       187.7600031    7.8962664E+17
       190.4800031    7.4704538E+17
       195.9200032    6.6903242E+17
       198.6400032    6.3330825E+17
       204.0800033    7.2230169E+17
       206.8000034    6.9217294E+17
       209.5300034    6.6340278E+17
       212.2500035    6.3622443E+17
       214.9700035    6.1046432E+17
       220.4100036    5.6284502E+17
       225.8500037    5.1985710E+17
       236.7400038    4.4538763E+17
       247.6200040    3.8343819E+17
       258.5100042    3.3124629E+17
       272.1100044    2.7697880E+17
       285.7200046    2.3231921E+17
       299.3200049    1.9537449E+17
       312.9300051    1.6462269E+17
       340.1400055    1.1750774E+17
       353.7400058    9.9524752E+16
       380.9500062    7.1721874E+16
       394.5600064    6.1026430E+16
       408.1700066    5.2009636E+16
       435.3800071    3.7965647E+16
       462.5900075    2.7896740E+16
       476.1900077    2.3973064E+16
       489.8000080    2.0632172E+16
       503.4000082    1.7786956E+16
       517.0100084    1.5356210E+16
       557.8300091    9.9704241E+15
       571.4300093    8.6580716E+15
       585.0400095    7.5273226E+15
       612.2500100    5.7105499E+15
       666.6700108    3.3272800E+15
       680.2800111    2.9129937E+15
       707.4900115    2.2373886E+15
       734.7000119    1.7220541E+15
       761.9100124    1.3272500E+15
       789.1200128    1.0236110E+15
       816.3300133    7.8928822E+14
       843.5400137    6.0791517E+14
       870.7500142    4.6715457E+14
       911.5700148    3.1230076E+14
       952.3900155    2.0548914E+14
       993.2000162    1.3131793E+14
      1020.4000166    9.4590061E+13
      1061.2000173    5.2405937E+13
      1088.4000177    2.9235438E+13
      1102.0000179    1.7023970E+13
 
