       80.0000013    9.6796144E+18
        85.0000014    7.8929179E+18
        90.0000015    6.4437176E+18
        95.2390015    5.2207561E+18
       100.6800016    4.2075482E+18
       114.2900019    2.4874304E+18
       119.7300019    2.0275205E+18
       122.4500020    1.8326439E+18
       125.1700020    1.6577459E+18
       127.8900021    1.5006421E+18
       130.6100021    1.3594025E+18
       133.3300022    1.2323205E+18
       136.0600022    1.1174873E+18
       146.9400024    2.2206335E+18
       149.6600024    2.1314965E+18
       155.1000025    1.9378314E+18
       157.8200026    1.8434292E+18
       160.5500026    1.7526107E+18
       165.9900027    1.5848730E+18
       171.4300028    1.4345159E+18
       176.8700029    1.3000110E+18
       179.5900029    1.2381368E+18
       182.3100030    1.1795557E+18
       185.0400030    1.1238638E+18
       187.7600031    1.0712772E+18
       190.4800031    1.0214080E+18
       195.9200032    9.2917226E+17
       198.6400032    8.8651087E+17
       204.0800033    9.2771967E+17
       206.8000034    8.8912523E+17
       209.5300034    8.5208323E+17
       212.2500035    8.1705925E+17
       214.9700035    7.8390348E+17
       220.4100036    7.2285172E+17
       225.8500037    6.6811480E+17
       236.7400038    5.7438632E+17
       247.6200040    4.9762116E+17
       258.5100042    4.3380434E+17
       272.1100044    3.6814515E+17
       285.7200046    3.1440611E+17
       299.3200049    2.6988994E+17
       312.9300051    2.3255690E+17
       340.1400055    1.7417302E+17
       353.7400058    1.5122712E+17
       380.9500062    1.1455046E+17
       394.5600064    9.9899118E+16
       408.1700066    8.7230734E+16
       435.3800071    6.6753679E+16
       462.5900075    5.1320766E+16
       476.1900077    4.5079217E+16
       489.8000080    3.9638996E+16
       503.4000082    3.4899700E+16
       517.0100084    3.0760567E+16
       557.8300091    2.1215758E+16
       571.4300093    1.8790783E+16
       585.0400095    1.6661384E+16
       612.2500100    1.3147017E+16
       666.6700108    8.3006428E+15
       680.2800111    7.4197171E+15
       707.4900115    5.9481560E+15
       734.7000119    4.7883780E+15
       761.9100124    3.8700699E+15
       789.1200128    3.1396385E+15
       816.3300133    2.5560617E+15
       843.5400137    2.0878055E+15
       870.7500142    1.7105221E+15
       911.5700148    1.2749907E+15
       952.3900155    9.5551258E+14
       993.2000162    7.1939924E+14
      1020.4000166    5.9665249E+14
      1061.2000173    4.5178234E+14
      1088.4000177    3.7579702E+14
      1102.0000179    3.4283623E+14
      1115.7000181    3.1259930E+14
      1129.3000184    2.8525072E+14
      1142.9000186    2.6031168E+14
      1156.5000188    2.3755915E+14
      1170.1000190    2.1679208E+14
      1197.3000195    1.8050598E+14
      1210.9000197    1.6467495E+14
      1224.5000199    1.5020185E+14
      1227.2000200    1.4747928E+14
      1229.9000200    1.4480450E+14
      1232.7000200    1.4208024E+14
      1235.4000201    1.3950018E+14
      1238.1000201    1.3696530E+14
      1240.8000202    1.3447481E+14
      1243.5000202    1.3202786E+14
      1246.3000203    1.2953545E+14
      1249.0000203    1.2717480E+14
      1257.2000204    1.3103960E+14
      1259.9000205    1.2866542E+14
      1262.6000205    1.2629317E+14
      1270.8000207    1.1924801E+14
      1281.6000208    1.1048386E+14
      1289.8000210    1.0885761E+14
      1292.5000210    1.0679514E+14
      1295.2000211    1.0475411E+14
      1298.0000211    1.0266767E+14
      1300.7000212    1.0068780E+14
      1303.4000212    9.8741156E+13
      1306.1000212    9.6828259E+13
      1314.3000214    9.1224099E+13
      1330.6000216    8.0959983E+13
      1341.5000218    7.4696813E+13
      1355.1000220    6.7495638E+13
      1360.6000221    6.4763577E+13
      1371.4000223    5.9680328E+13
      1382.3000225    5.4904920E+13
      1390.5000226    5.1531437E+13
      1395.9000227    4.9406821E+13
      1404.1000228    4.6320304E+13
      1406.8000229    4.5339508E+13
      1409.5000229    4.4375732E+13
      1415.0000230    4.2463805E+13
      1417.7000231    4.1549761E+13
      1420.4000231    4.0651454E+13
      1423.1000231    3.9768587E+13
      1425.9000232    3.8869001E+13
      1428.6000232    3.8016651E+13
      1431.3000233    3.7178843E+13
      1436.7000234    3.5545720E+13
      1439.5000234    3.4720631E+13
      1442.2000235    3.3938678E+13
      1444.9000235    3.3169875E+13
      1447.6000235    3.2413959E+13
      1450.4000236    3.1643379E+13
      1453.1000236    3.0912914E+13
      1455.8000237    1.9461356E+14
      1458.5000237    1.9176631E+14
      1461.2000238    1.8830720E+14
      1466.7000239    1.8040621E+14
      1469.4000239    1.7638288E+14
      1472.1000239    1.7234848E+14
      1477.6000240    1.6420180E+14
      1480.3000241    1.6026291E+14
      1488.4000242    1.4873889E+14
      1491.2000242    1.4486096E+14
      1496.6000243    1.3753329E+14
      1551.0000252    7.2514273E+13
 
