       80.0000013    1.6954285E+18
        85.0000014    1.1881461E+18
        90.0000015    8.4262750E+17
        95.2390015    5.9621506E+17
       100.6800016    4.2337719E+17
       114.2900019    1.9601102E+17
       119.7300019    1.4958615E+17
       122.4500020    1.3175564E+17
       125.1700020    1.1667897E+17
       127.8900021    1.0387406E+17
       130.6100021    9.2947602E+16
       133.3300022    8.3578294E+16
       136.0600022    7.5475692E+16
       146.9400024    5.6678649E+17
       149.6600024    5.1495232E+17
       155.1000025    4.2459524E+17
       157.8200026    3.8575087E+17
       160.5500026    3.5051355E+17
       165.9900027    2.9003938E+17
       171.4300028    2.4044679E+17
       176.8700029    1.9967533E+17
       179.5900029    1.8207091E+17
       182.3100030    1.6608345E+17
       185.0400030    1.5150690E+17
       187.7600031    1.3830812E+17
       190.4800031    1.2630593E+17
       195.9200032    1.0545039E+17
       198.6400032    9.6403350E+16
       204.0800033    2.4007756E+17
       206.8000034    2.2566122E+17
       209.5300034    2.1183923E+17
       212.2500035    1.9882519E+17
       214.9700035    1.8657939E+17
       220.4100036    1.6428348E+17
       225.8500037    1.4465465E+17
       236.7400038    1.1212973E+17
       247.6200040    8.6906653E+16
       258.5100042    6.7281264E+16
       272.1100044    4.8771544E+16
       285.7200046    3.5222406E+16
       299.3200049    2.5314496E+16
       312.9300051    1.8057035E+16
       340.1400055    8.8559498E+15
       353.7400058    6.0008816E+15
       380.9500062    2.2923736E+15
       394.5600064    9.4374269E+14
 
