       80.0000013    7.5735309E+17
        85.0000014    5.1649129E+17
        90.0000015    3.6115012E+17
        95.2390015    2.5562743E+17
       100.6800016    1.8454945E+17
       114.2900019    9.3940135E+16
       119.7300019    7.5139955E+16
       122.4500020    6.7717525E+16
       125.1700020    6.1290944E+16
       127.8900021    5.5681184E+16
       130.6100021    5.0747100E+16
       133.3300022    4.6375983E+16
       136.0600022    4.2464582E+16
       146.9400024    2.4409179E+17
       149.6600024    2.1679205E+17
       155.1000025    1.7103855E+17
       157.8200026    1.5200978E+17
       160.5500026    1.3509417E+17
       165.9900027    1.0690345E+17
       171.4300028    8.4685365E+16
       176.8700029    6.7132203E+16
       179.5900029    5.9781336E+16
       182.3100030    5.3238478E+16
       185.0400030    4.7392331E+16
       187.7600031    4.2205329E+16
       190.4800031    3.7583635E+16
       195.9200032    2.9792535E+16
       198.6400032    2.6518258E+16
       204.0800033    9.6225650E+16
       206.8000034    8.8198554E+16
       209.5300034    8.0627342E+16
       212.2500035    7.3616564E+16
       214.9700035    6.7133818E+16
       220.4100036    5.5647671E+16
       225.8500037    4.5915335E+16
       236.7400038    3.0699769E+16
       247.6200040    1.9802578E+16
       258.5100042    1.1901426E+16
       272.1100044    4.5039964E+15
 
