       80.0000013    4.4755066E+18
        85.0000014    3.3471795E+18
        90.0000015    2.5173662E+18
        95.2390015    1.8790593E+18
       100.6800016    1.3960968E+18
       114.2900019    6.8461339E+17
       119.7300019    5.2170329E+17
       122.4500020    4.5680716E+17
       125.1700020    4.0083500E+17
       127.8900021    3.5249779E+17
       130.6100021    3.1069972E+17
       133.3300022    2.7450813E+17
       136.0600022    2.4302081E+17
       146.9400024    1.2826345E+18
       149.6600024    1.2008735E+18
       155.1000025    1.0441529E+18
       157.8200026    9.7261857E+17
       160.5500026    9.0573500E+17
       165.9900027    7.8629100E+17
       171.4300028    6.8329803E+17
       176.8700029    5.9442196E+17
       179.5900029    5.5462686E+17
       182.3100030    5.1761998E+17
       185.0400030    4.8307215E+17
       187.7600031    4.5104527E+17
       190.4800031    4.2123455E+17
       195.9200032    3.6762931E+17
       198.6400032    3.4354942E+17
       204.0800033    5.0791156E+17
       206.8000034    4.8481560E+17
       209.5300034    4.6257378E+17
       212.2500035    4.4146739E+17
       214.9700035    4.2140635E+17
       220.4100036    3.8423461E+17
       225.8500037    3.5063615E+17
       236.7400038    2.9255280E+17
       247.6200040    2.4466185E+17
       258.5100042    2.0493132E+17
       272.1100044    1.6459242E+17
       285.7200046    1.3245591E+17
       299.3200049    1.0683114E+17
       312.9300051    8.6325424E+16
       340.1400055    5.6716576E+16
       353.7400058    4.6110043E+16
       380.9500062    3.0637801E+16
       394.5600064    2.5033717E+16
       408.1700066    2.0483951E+16
       435.3800071    1.3765355E+16
       462.5900075    9.2806330E+15
       476.1900077    7.6255357E+15
       489.8000080    6.2649620E+15
       503.4000082    5.1465101E+15
       517.0100084    4.2245175E+15
       557.8300091    2.3181541E+15
       571.4300093    1.8893597E+15
       585.0400095    1.5340782E+15
       612.2500100    9.9548262E+14
       666.6700108    3.6157303E+14
       680.2800111    2.5837760E+14
       707.4900115    6.2374015E+13
 
