0.030000 9.083390e-31
0.030981 6.986060e-31
0.031995 5.398300e-31
0.033042 4.179470e-31
0.034122 3.248080e-31
0.035239 2.532700e-31
0.036391 1.985200e-31
0.037582 1.554010e-31
0.038811 1.228390e-31
0.040081 9.692090e-32
0.041392 7.688440e-32
0.042746 6.118070e-32
0.044144 4.881790e-32
0.045588 3.912740e-32
0.047080 3.142040e-32
0.048620 2.535060e-32
0.050210 2.051550e-32
0.051853 1.666450e-32
0.053549 1.356920e-32
0.055301 1.110110e-32
0.057110 9.115540e-33
0.058978 7.512800e-33
0.060907 6.214380e-33
0.062899 5.157670e-33
0.064957 4.298310e-33
0.067082 3.599730e-33
0.069277 3.021820e-33
0.071543 2.547540e-33
0.073883 2.155720e-33
0.076300 1.831600e-33
0.078796 1.562520e-33
0.081373 1.337660e-33
0.084035 1.149010e-33
0.086784 9.899950e-34
0.089623 8.566860e-34
0.092555 7.433540e-34
0.095583 6.476400e-34
0.098710 5.660120e-34
0.101939 4.958280e-34
0.105273 4.361840e-34
0.108717 3.845690e-34
0.112273 3.399570e-34
0.115946 3.015080e-34
0.119739 2.681330e-34
0.123656 2.390620e-34
0.127701 2.135630e-34
0.131878 1.913340e-34
0.136192 1.718030e-34
0.140648 1.545910e-34
0.145249 1.394160e-34
0.150000 1.252080e-34
0.155801 1.114500e-34
0.161826 9.946230e-35
0.168084 8.896870e-35
0.174584 7.977380e-35
0.181335 7.170120e-35
0.188348 6.457920e-35
0.195631 5.827390e-35
0.203197 5.268560e-35
0.211055 4.771240e-35
0.219216 4.327930e-35
0.227694 3.932070e-35
0.236499 3.577340e-35
0.245645 3.259160e-35
0.255144 2.972980e-35
0.265011 2.715200e-35
0.275259 2.482460e-35
0.285904 2.271890e-35
0.296960 2.081150e-35
0.308444 1.908100e-35
0.320372 1.750770e-35
0.332761 1.607590e-35
0.345630 1.477080e-35
0.358996 1.357940e-35
0.372879 1.249030e-35
0.387298 1.149420e-35
0.402276 1.058130e-35
0.417832 9.744210e-36
0.433990 8.975830e-36
0.450773 8.270020e-36
0.468205 7.620870e-36
0.486312 7.023460e-36
0.505118 6.473510e-36
0.524652 5.966560e-36
0.544941 5.499320e-36
0.566014 5.068290e-36
0.587903 4.670450e-36
0.610638 4.303220e-36
0.634252 3.964040e-36
0.658780 3.650750e-36
0.684255 3.361260e-36
0.710717 3.093710e-36
0.738201 2.846480e-36
0.766748 2.617930e-36
0.796399 2.406660e-36
0.827197 2.211390e-36
0.859186 2.030880e-36
0.892412 1.864050e-36
0.926923 1.709890e-36
0.962768 1.567440e-36
1.000000 1.437550e-36
1.047130 1.291280e-36
1.096480 1.158500e-36
1.148150 1.038030e-36
1.202260 9.287760e-37
1.258930 8.298000e-37
1.318260 7.401680e-37
1.380380 6.590920e-37
1.445440 5.858360e-37
1.513560 5.197090e-37
1.584890 4.601040e-37
1.659590 4.064590e-37
1.737800 3.582660e-37
1.819700 3.150610e-37
1.905460 2.764330e-37
1.995260 2.420130e-37
2.089300 2.114560e-37
2.187760 1.844590e-37
2.290870 1.607350e-37
2.398830 1.400190e-37
2.511890 1.220540e-37
2.630270 1.065840e-37
2.754230 9.335380e-38
2.884030 8.532160e-38
3.019950 7.932060e-38
3.162280 7.437280e-38
3.311310 7.031780e-38
3.467370 6.630440e-38
3.630780 5.946310e-38
3.801890 5.396260e-38
