2.223613776  5.73081349e-39
2.320214847  3.519127228e-39
2.432916096  2.365224792e-39
2.529517166  1.648152452e-39
2.529517166  1.648152452e-39
2.642218416  1.087905276e-39
2.754919665  7.445130069e-40
2.851520735  5.003912924e-40
2.964221985  3.550409559e-40
3.044722877  2.757185114e-40
3.173524304  2.065217953e-40
3.270125375  1.575105364e-40
3.382826624  1.245491688e-40
3.495527873  1.002803425e-40
3.608229123  8.074037897e-41
3.704830193  6.862731612e-41
3.804110966  6.001374864e-41
3.930232692  5.329475692e-41
4.026833762  4.86929095e-41
4.123434833  4.529921926e-41
4.252236261  4.138776329e-41
4.348837331  3.781405018e-41
4.445438402  3.517857051e-41
4.558139651  3.393053314e-41
4.6708409  3.156571822e-41
4.767441971  2.990091092e-41
4.896243399  2.884011016e-41
4.976744291  2.731905413e-41
5.105545718  2.634985044e-41
5.202146789  2.541503139e-41
5.29874786  2.45133771e-41
5.427549287  2.364371099e-41
5.524150358  2.322051727e-41
5.636851607  2.239671821e-41
5.733452678  2.199584414e-41
5.846153927  2.121549307e-41
5.942754998  2.08357615e-41
6.055456247  2.046282666e-41
6.152057318  2.009656691e-41
6.264758567  1.973686276e-41
6.377459816  1.938359688e-41
6.474060887  1.903665403e-41
6.586762136  1.903665403e-41
6.699463385  1.903665403e-41
6.796064456  1.869592103e-41
6.924865883  1.869592103e-41
7.021466954  1.836128674e-41
7.118068025  1.836128674e-41
7.214669095  1.8032642e-41
7.327370344  1.8032642e-41
7.423971415  1.77098796e-41
7.552772843  1.77098796e-41
7.665474092  1.77098796e-41
7.745974984  1.77098796e-41
7.858676233  1.739289426e-41
7.971377482  1.739289426e-41
8.084078732  1.739289426e-41
8.164579624  1.739289426e-41
8.30948123  1.739289426e-41
8.406082301  1.739289426e-41
8.51878355  1.739289426e-41
8.61538462  1.739289426e-41
8.744186048  1.739289426e-41
8.82468694  1.739289426e-41
8.921288011  1.739289426e-41
9.017889082  1.739289426e-41
9.146690509  1.739289426e-41
9.24329158  1.739289426e-41
9.372093008  1.739289426e-41
9.468694078  1.739289426e-41
9.581395327  1.739289426e-41
9.677996398  1.739289426e-41
9.774597469  1.77098796e-41
9.887298718  1.77098796e-41
9.983899789  1.77098796e-41
10.12880139  1.77098796e-41
10.20930229  1.77098796e-41
10.32200354  1.77098796e-41
10.41860461  1.77098796e-41
10.53130586  1.77098796e-41
10.61180675  1.77098796e-41
11.70661888  1.77098796e-41
12.75313048  1.8032642e-41
13.88014297  1.869592103e-41
14.89445422  1.903665403e-41
15.97316617  1.973686276e-41
17.01967777  2.046282666e-41
18.14669026  2.121549307e-41
19.12880115  2.199584414e-41
20.23971346  2.28048982e-41
21.27012488  2.364371099e-41
22.33273666  2.45133771e-41
23.47584933  2.496013318e-41
24.57066146  2.541503139e-41
25.53667217  2.634985044e-41
26.64758448  2.683007623e-41
27.69409608  2.781694365e-41
28.78890822  2.83239072e-41
29.83541982  2.936572091e-41
30.8980316  3.044585475e-41
31.89624266  3.100073019e-41
