5.037e-1      1.762e-36
5.111e-1      1.597e-36
5.185e-1      1.447e-36
5.222e-1      1.377e-36
5.298e-1      1.248e-36
5.337e-1      1.131e-36
5.414e-1      9.757e-37
5.454e-1      9.288e-37
5.533e-1      8.417e-37
5.573e-1      7.260e-37
5.634e-1      6.579e-37
5.695e-1      5.962e-37
5.736e-1      5.403e-37
5.820e-1      4.661e-37
5.904e-1      4.020e-37
5.990e-1      3.468e-37
6.033e-1      3.143e-37
6.077e-1      2.848e-37
6.143e-1      2.581e-37
6.210e-1      2.339e-37
6.278e-1      2.017e-37
6.369e-1      1.740e-37
6.415e-1      1.577e-37
6.508e-1      1.360e-37
6.603e-1      1.174e-37
6.699e-1      1.012e-37
6.748e-1      9.637e-38
6.846e-1      8.314e-38
6.895e-1      7.914e-38
6.996e-1      7.172e-38
7.072e-1      6.499e-38
7.175e-1      5.606e-38
7.253e-1      5.080e-38
7.332e-1      4.604e-38
7.438e-1      4.172e-38
7.629e-1      3.426e-38
7.740e-1      3.104e-38
7.796e-1      2.955e-38
7.909e-1      2.678e-38
8.024e-1      2.427e-38
8.141e-1      2.199e-38
8.289e-1      1.993e-38
8.532e-1      1.719e-38
8.782e-1      1.483e-38
8.974e-1      1.344e-38
9.170e-1      1.218e-38
9.405e-1      1.104e-38
9.611e-1      1.000e-38
9.857e-1      9.062e-39
1.007e+0      8.212e-39
1.037e+0      7.441e-39
1.079e+0      6.419e-39
1.114e+0      5.817e-39
1.155e+0      5.271e-39
1.206e+0      4.547e-39
1.242e+0      4.121e-39
1.278e+0      3.827e-39
1.316e+0      3.555e-39
1.364e+0      3.221e-39
1.424e+0      2.919e-39
1.482e+0      2.711e-39
1.542e+0      2.518e-39
1.599e+0      2.397e-39
1.657e+0      2.339e-39
1.694e+0      2.226e-39
1.743e+0      2.119e-39
1.794e+0      2.017e-39
1.847e+0      1.921e-39
1.901e+0      1.828e-39
1.943e+0      1.784e-39
2.000e+0      1.698e-39
2.043e+0      1.616e-39
2.088e+0      1.539e-39
2.165e+0      1.429e-39
2.228e+0      1.295e-39
2.277e+0      1.233e-39
2.344e+0      1.090e-39
2.412e+0      9.403e-40
2.465e+0      8.521e-40
2.501e+0      7.914e-40
2.556e+0      6.997e-40
2.612e+0      6.341e-40
2.669e+0      5.606e-40
2.727e+0      4.957e-40
2.787e+0      4.492e-40
2.848e+0      3.971e-40
2.910e+0      3.511e-40
2.974e+0      3.182e-40
3.061e+0      2.678e-40
3.106e+0      2.427e-40
3.174e+0      2.146e-40
3.243e+0      1.897e-40
3.314e+0      1.677e-40
3.387e+0      1.520e-40
3.486e+0      1.377e-40
3.588e+0      1.279e-40
3.667e+0      1.248e-40
3.720e+0      1.218e-40
3.829e+0      1.131e-40
3.913e+0      1.050e-40
4.027e+0      9.757e-41
4.115e+0      9.288e-41
4.236e+0      8.841e-41
4.329e+0      8.626e-41
4.456e+0      8.212e-41
4.586e+0      7.817e-41
4.755e+0      7.441e-41
4.894e+0      7.084e-41
5.037e+0      6.911e-41
5.298e+0      6.419e-41
5.414e+0      6.111e-41
5.533e+0      5.962e-41
5.820e+0      5.403e-41
6.033e+0      5.018e-41
6.210e+0      4.896e-41
6.346e+0      4.661e-41
6.532e+0      4.437e-41
6.723e+0      4.223e-41
7.021e+0      4.020e-41
7.227e+0      3.923e-41
7.546e+0      3.827e-41
7.880e+0      3.734e-41
8.111e+0      3.643e-41
8.349e+0      3.555e-41
8.593e+0      3.468e-41
8.845e+0      3.468e-41
9.170e+0      3.468e-41
9.439e+0      3.384e-41
9.786e+0      3.302e-41
1.022e+1      3.302e-41
1.098e+1      3.302e-41
1.147e+1      3.384e-41
1.181e+1      3.384e-41
1.224e+1      3.384e-41
1.269e+1      3.468e-41
1.306e+1      3.468e-41
1.344e+1      3.555e-41
1.394e+1      3.643e-41
1.445e+1      3.643e-41
1.531e+1      3.734e-41
1.599e+1      3.923e-41
1.669e+1      3.923e-41
1.706e+1      4.020e-41
1.769e+1      4.020e-41
1.807e+1      4.121e-41
1.847e+1      4.223e-41
1.860e+1      4.223e-41
1.887e+1      4.223e-41
2.181e+1      4.547e-41
2.212e+1      4.777e-41
2.244e+1      4.661e-41
2.327e+1      4.777e-41
2.395e+1      4.896e-41
2.465e+1      4.896e-41
2.537e+1      4.777e-41
2.593e+1      4.661e-41
2.669e+1      4.547e-41
2.727e+1      4.121e-41
2.787e+1      3.827e-41
2.828e+1      3.643e-41
2.889e+1      3.302e-41
2.974e+1      2.992e-41
