6.405864   4.991714e-40   
6.688009   5.039142e-40   
7.022825   4.852091e-40   
7.502646   4.628011e-40   
7.992252   4.498561e-40   
8.489379   4.414279e-40   
9.043377   4.250422e-40   
9.633528   4.054128e-40   
10.20338   3.94073e-40   
10.86923   3.653603e-40   
11.64527   3.619215e-40   
12.44091   3.230958e-40   
13.32916   2.857205e-40   
14.03672   2.432897e-40   
14.69714   2.052103e-40   
15.38862   1.530681e-40   
15.8828    1.219884e-40   
16.25214   9.907551e-41   
16.48733   7.460341e-41   
16.48733   6.059077e-41   
16.11264   6.002049e-41   
15.61131   6.059077e-41   
14.82438   6.535244e-41   
14.23985   7.115806e-41   
13.7572    6.982489e-41   
13.40598   6.982489e-41   
13.06373   7.320569e-41   
12.62094   7.460341e-41   
12.01923   7.675019e-41   
11.44621   7.747942e-41   
10.93188   8.123085e-41   
9.043377   1.019265e-40   
8.320326   1.254987e-40   
8.061447   1.303368e-40   
7.721362   1.473862e-40   
7.374402   1.747357e-40   
7.002674   2.213373e-40   
6.611577   2.857205e-40   
6.405864   3.517982e-40   
6.296367   4.498561e-40   

