5.6803e+1        1.0387e-41
5.7769e+1        1.1172e-41
5.8951e+1        1.2017e-41
6.0157e+1        1.2925e-41
6.1387e+1        1.3503e-41
6.2643e+1        1.4314e-41
6.3925e+1        1.5174e-41
6.5232e+1        1.6085e-41
6.6567e+1        1.7051e-41
6.7928e+1        1.7813e-41
6.9318e+1        1.9160e-41
7.1215e+1        2.0311e-41
7.3164e+1        2.1846e-41
7.5166e+1        2.3158e-41
7.6963e+1        2.4549e-41
7.8537e+1        2.5647e-41
8.0959e+1        2.7586e-41
8.2616e+1        2.9242e-41
8.4876e+1        3.0998e-41
8.6613e+1        3.2384e-41
8.8983e+1        3.4329e-41
9.0803e+1        3.6390e-41
9.3288e+1        3.7467e-41
9.5197e+1        3.7467e-41
9.6490e+1        3.7467e-41
9.7802e+1        3.5345e-41
9.7802e+1        3.3342e-41
9.7802e+1        3.1454e-41
9.7144e+1        2.9672e-41
9.6165e+1        2.7586e-41
9.5197e+1        2.5647e-41
9.3920e+1        2.3844e-41
9.2661e+1        2.2823e-41
9.1418e+1        2.1530e-41
9.0192e+1        2.0311e-41
8.8384e+1        1.9160e-41
8.7199e+1        1.8075e-41
8.5451e+1        1.7051e-41
8.4021e+1        1.5852e-41
8.2060e+1        1.4954e-41
8.0959e+1        1.4314e-41
7.9069e+1        1.3503e-41
7.7223e+1        1.2738e-41
7.5675e+1        1.2193e-41
7.4158e+1        1.1843e-41
7.2672e+1        1.1336e-41
7.1215e+1        1.0851e-41
6.9787e+1        1.0694e-41
6.8388e+1        1.0387e-41
6.7017e+1        1.0088e-41
6.5674e+1        9.7982e-42
6.4575e+1        9.5166e-42
6.3281e+1        9.2431e-42
6.2012e+1        9.1094e-42
6.0974e+1        8.9775e-42
5.9752e+1        8.9775e-42
5.8554e+1        8.9775e-42
5.7769e+1        8.9775e-42
5.6995e+1        9.5166e-42
