50.1238  8.00141E-42 
50.9620  9.13647E-42 
54.9104  1.09455E-41 
58.6763  1.27224E-41 
62.1827  1.52405E-41 
67.0006  1.77166E-41 
71.5956  2.05935E-41 
76.5058  2.39384E-41 
82.4334  2.95520E-41 
88.0869  3.54010E-41 
94.1280   3.9930E-41 
100.584  2.74136E-41 
103.117  3.54010E-41 
100.584  2.74136E-41 
92.5800  1.82575E-41 
87.3595  1.47893E-41 
83.1197  1.31119E-41 
78.4327  1.12791E-41 
74.0100  9.99967E-42 
69.2600  8.86602E-42 
64.8149  7.85988E-42 
60.1542  7.40026E-42 
55.3676  6.96866E-42 
50.5411  7.18165E-42 
50.1238  8.00141E-42
