9.7230e+0        2.5669e-40
9.8885e+0        2.7211e-40
1.0159e+1        2.8016e-40
1.0402e+1        2.8016e-40
1.0615e+1        2.8016e-40
1.0832e+1        2.8016e-40
1.1053e+1        2.7610e-40
1.1280e+1        2.7211e-40
1.1549e+1        2.6429e-40
1.1825e+1        2.5669e-40
1.2067e+1        2.4571e-40
1.2314e+1        2.2843e-40
1.2481e+1        2.1549e-40
1.2566e+1        2.0329e-40
1.2566e+1        1.9177e-40
1.2481e+1        1.8091e-40
1.2314e+1        1.7571e-40
1.2067e+1        1.7571e-40
1.1746e+1        1.7571e-40
1.1471e+1        1.7829e-40
1.1242e+1        1.8091e-40
1.0979e+1        1.8356e-40
1.0687e+1        1.8626e-40
1.0472e+1        1.9177e-40
1.0262e+1        1.9744e-40
1.0057e+1        2.0930e-40
9.9219e+0        2.2187e-40
9.7888e+0        2.3865e-40
