2.000000 5.992204e-36
2.030183 4.002542e-36
2.060821 2.698442e-36
2.091922 1.804950e-36
2.123492 1.219577e-36
2.155538 8.186419e-37
2.188068 5.464418e-37
2.221089 3.690704e-37
2.254609 2.482347e-37
2.288634 1.664566e-37
2.323173 1.131377e-37
2.358233 7.679282e-38
2.393822 5.211641e-38
2.429948 3.540478e-38
2.466619 2.445073e-38
2.503844 1.716508e-38
2.541630 1.193373e-38
2.579987 8.451173e-39
2.618923 6.020027e-39
2.658446 4.372040e-39
2.698566 3.200366e-39
2.739291 2.363504e-39
2.780631 1.763805e-39
2.822594 1.344899e-39
2.865191 1.026606e-39
2.908431 8.086913e-40
2.952323 6.390918e-40
2.996878 5.156064e-40
3.042105 4.216300e-40
3.088015 3.484030e-40
3.134617 2.916586e-40
3.181923 2.484490e-40
3.229943 2.138226e-40
3.278687 1.856364e-40
3.328167 1.622762e-40
3.378394 1.436232e-40
3.429378 1.277609e-40
3.481132 1.139188e-40
3.533668 1.018527e-40
3.586996 9.170345e-41
3.641128 8.253861e-41
3.696078 7.520683e-41
3.751857 6.935124e-41
3.808478 6.434881e-41
3.865953 6.051618e-41
3.924296 5.728477e-41
3.983519 5.492908e-41
4.043636 5.277751e-41
4.104660 5.116645e-41
4.166605 4.917344e-41
4.229485 4.746161e-41
4.293314 4.575480e-41
4.358106 4.398036e-41
4.423876 4.231265e-41
4.490638 4.093159e-41
4.558409 3.919884e-41
4.627201 3.752223e-41
4.697032 3.615714e-41
4.767917 3.527941e-41
4.839872 3.415934e-41
4.912912 3.338702e-41
4.987055 3.228503e-41
5.062317 3.186392e-41
5.138714 3.093290e-41
5.216264 3.028678e-41
5.294985 2.956574e-41
5.374894 2.896638e-41
5.456009 2.854392e-41
5.538347 2.820464e-41
5.621929 2.792769e-41
5.706772 2.737030e-41
5.792895 2.728842e-41
5.880318 2.698974e-41
5.969060 2.637202e-41
6.059141 2.614355e-41
6.150582 2.581759e-41
6.243403 2.527364e-41
6.337625 2.495767e-41
6.433269 2.460916e-41
6.530356 2.413107e-41
6.628908 2.395801e-41
6.728948 2.375970e-41
6.830497 2.326182e-41
6.933579 2.295610e-41
7.038216 2.214125e-41
7.144433 2.156924e-41
7.252252 2.142555e-41
7.361699 2.107202e-41
7.472797 2.039777e-41
7.585572 2.027852e-41
7.700049 2.006722e-41
7.816254 2.035493e-41
7.934212 2.026480e-41
8.053950 2.015296e-41
8.175496 2.004850e-41
8.298875 1.948092e-41
8.424117 1.935811e-41
8.551249 1.905092e-41
8.680299 1.894278e-41
8.811297 1.890798e-41
8.944272 1.896409e-41
9.079254 1.908126e-41
9.216272 1.911247e-41
9.355359 1.917455e-41
9.496544 1.901610e-41
9.639860 1.873733e-41
9.785339 1.874885e-41
9.933014 1.849636e-41
10.082917 1.835068e-41
10.235082 1.848101e-41
10.389544 1.840555e-41
10.546337 1.874912e-41
10.705496 1.890991e-41
10.867057 1.924546e-41
11.031056 1.961894e-41
11.197530 2.004447e-41
11.366517 2.039193e-41
11.538053 2.087915e-41
11.712179 2.110609e-41
11.888932 2.152568e-41
12.068353 2.178175e-41
12.250481 2.224491e-41
12.435358 2.247023e-41
12.623025 2.294531e-41
12.813524 2.318501e-41
13.006898 2.342951e-41
13.203191 2.373743e-41
13.402445 2.422052e-41
13.604707 2.467364e-41
13.810021 2.498456e-41
14.018434 2.529200e-41
14.229992 2.577743e-41
14.444742 2.599786e-41
14.662734 2.643672e-41
14.884015 2.686145e-41
15.108635 2.704126e-41
15.336646 2.746796e-41
15.568097 2.786241e-41
15.803042 2.803917e-41
16.041532 2.852768e-41
16.283621 2.891805e-41
16.529364 2.916397e-41
16.778815 2.947906e-41
17.032031 2.982802e-41
17.289068 3.025994e-41
17.549985 3.048341e-41
17.814839 3.088221e-41
18.083690 3.121258e-41
18.356598 3.147056e-41
18.633625 3.174274e-41
18.914832 3.228976e-41
19.200284 3.256926e-41
19.490043 3.282667e-41
19.784175 3.327548e-41
20.082746 3.361994e-41
20.385823 3.402728e-41
20.693473 3.447296e-41
21.005767 3.491610e-41
21.322773 3.540806e-41
21.644564 3.582475e-41
21.971211 3.625988e-41
22.302787 3.659082e-41
22.639368 3.722329e-41
22.981027 3.781264e-41
23.327843 3.816441e-41
23.679893 3.877383e-41
24.037256 3.943490e-41
24.400012 4.016564e-41
24.768243 4.059381e-41
25.142030 4.135482e-41
25.521459 4.216141e-41
25.906613 4.295373e-41
26.297580 4.365894e-41
26.694448 4.444587e-41
27.097305 4.530374e-41
27.506241 4.621720e-41
27.921349 4.689064e-41
28.342721 4.820258e-41
28.770452 4.900925e-41
29.204639 5.018770e-41
29.645378 5.142301e-41
30.092768 5.264881e-41
30.546910 5.315101e-41
31.007906 5.455379e-41
31.475859 5.553035e-41
31.950874 5.681585e-41
32.433057 5.834988e-41
32.922518 5.985388e-41
33.419365 6.064181e-41
33.923710 6.279823e-41
34.435666 6.423352e-41
34.955349 6.624268e-41
35.482874 6.744854e-41
36.018361 6.904665e-41
36.561928 7.076459e-41
37.113699 7.231453e-41
37.673797 7.469570e-41
38.242347 7.512789e-41
38.819478 7.764717e-41
39.405318 7.874517e-41
