2.000000 6.307624e-35
2.030183 4.309270e-35
2.060821 2.959265e-35
2.091922 2.009218e-35
2.123492 1.372188e-35
2.155538 9.274635e-36
2.188068 6.311020e-36
2.221089 4.254443e-36
2.254609 2.843532e-36
2.288634 1.916141e-36
2.323173 1.281856e-36
2.358233 8.653744e-37
2.393822 5.807767e-37
2.429948 3.878475e-37
2.466619 2.618308e-37
2.503844 1.761874e-37
2.541630 1.199835e-37
2.579987 8.043522e-38
2.618923 5.542184e-38
2.658446 3.768800e-38
2.698566 2.601216e-38
2.739291 1.822924e-38
2.780631 1.265817e-38
2.822594 8.941476e-39
2.865191 6.353571e-39
2.908431 4.596062e-39
2.952323 3.350320e-39
2.996878 2.463298e-39
3.042105 1.847870e-39
3.088015 1.400721e-39
3.134617 1.073231e-39
3.181923 8.323918e-40
3.229943 6.592935e-40
3.278687 5.282915e-40
3.328167 4.287725e-40
3.378394 3.549422e-40
3.429378 2.972695e-40
3.481132 2.515584e-40
3.533668 2.149456e-40
3.586996 1.867469e-40
3.641128 1.633571e-40
3.696078 1.439066e-40
3.751857 1.272189e-40
3.808478 1.136143e-40
3.865953 1.017491e-40
3.924296 9.130974e-41
3.983519 8.214372e-41
4.043636 7.462544e-41
4.104660 6.835136e-41
4.166605 6.308109e-41
4.229485 5.899370e-41
4.293314 5.604349e-41
4.358106 5.330589e-41
4.423876 5.119149e-41
4.490638 4.962366e-41
4.558409 4.770551e-41
4.627201 4.595825e-41
4.697032 4.424219e-41
4.767917 4.261204e-41
4.839872 4.106033e-41
4.912912 3.975835e-41
4.987055 3.812427e-41
5.062317 3.663616e-41
5.138714 3.514698e-41
5.216264 3.403458e-41
5.294985 3.301723e-41
5.374894 3.210330e-41
5.456009 3.141831e-41
5.538347 3.075261e-41
5.621929 3.011271e-41
5.706772 2.913556e-41
5.792895 2.838722e-41
5.880318 2.783302e-41
5.969060 2.740580e-41
6.059141 2.692505e-41
6.150582 2.684382e-41
6.243403 2.637882e-41
6.337625 2.586073e-41
6.433269 2.586211e-41
6.530356 2.539942e-41
6.628908 2.521469e-41
6.728948 2.486381e-41
6.830497 2.437549e-41
6.933579 2.390440e-41
7.038216 2.352771e-41
7.144433 2.332666e-41
7.252252 2.314178e-41
7.361699 2.265890e-41
7.472797 2.206631e-41
7.585572 2.182628e-41
7.700049 2.159028e-41
7.816254 2.092984e-41
7.934212 2.060507e-41
8.053950 2.026315e-41
8.175496 1.985422e-41
8.298875 1.930058e-41
8.424117 1.927957e-41
8.551249 1.914489e-41
8.680299 1.947240e-41
8.811297 1.934418e-41
8.944272 1.912251e-41
9.079254 1.877079e-41
9.216272 1.839919e-41
9.355359 1.845777e-41
9.496544 1.839331e-41
9.639860 1.819716e-41
9.785339 1.816946e-41
9.933014 1.810972e-41
10.082917 1.822871e-41
10.235082 1.819054e-41
10.389544 1.817011e-41
10.546337 1.812459e-41
10.705496 1.801849e-41
10.867057 1.780650e-41
11.031056 1.768594e-41
11.197530 1.760683e-41
11.366517 1.762753e-41
11.538053 1.765702e-41
11.712179 1.788390e-41
11.888932 1.799429e-41
12.068353 1.837863e-41
12.250481 1.877756e-41
12.435358 1.909607e-41
12.623025 1.965805e-41
12.813524 1.989574e-41
13.006898 2.033408e-41
13.203191 2.059634e-41
13.402445 2.087623e-41
13.604707 2.133003e-41
13.810021 2.163689e-41
14.018434 2.194133e-41
14.229992 2.216932e-41
14.444742 2.246315e-41
14.662734 2.275225e-41
14.884015 2.324076e-41
15.108635 2.360633e-41
15.336646 2.400414e-41
15.568097 2.434453e-41
15.803042 2.463822e-41
16.041532 2.506862e-41
16.283621 2.542481e-41
16.529364 2.578776e-41
16.778815 2.624452e-41
17.032031 2.650795e-41
17.289068 2.692876e-41
17.549985 2.728813e-41
17.814839 2.756846e-41
18.083690 2.787594e-41
18.356598 2.823467e-41
18.633625 2.863564e-41
18.914832 2.896247e-41
19.200284 2.922750e-41
19.490043 2.965809e-41
19.784175 2.998996e-41
20.082746 3.033515e-41
20.385823 3.071376e-41
20.693473 3.109699e-41
21.005767 3.145533e-41
21.322773 3.175944e-41
21.644564 3.225375e-41
21.971211 3.257743e-41
22.302787 3.298965e-41
22.639368 3.326783e-41
22.981027 3.375330e-41
23.327843 3.416862e-41
23.679893 3.458819e-41
24.037256 3.511324e-41
24.400012 3.566084e-41
24.768243 3.605060e-41
25.142030 3.652820e-41
25.521459 3.722730e-41
25.906613 3.770174e-41
26.297580 3.825041e-41
26.694448 3.876272e-41
27.097305 3.937611e-41
27.506241 4.008501e-41
27.921349 4.056875e-41
28.342721 4.161331e-41
28.770452 4.227076e-41
29.204639 4.286332e-41
29.645378 4.363466e-41
30.092768 4.434841e-41
30.546910 4.531869e-41
31.007906 4.613129e-41
31.475859 4.705674e-41
31.950874 4.797759e-41
32.433057 4.906947e-41
32.922518 5.005558e-41
33.419365 5.130808e-41
33.923710 5.222840e-41
34.435666 5.363468e-41
34.955349 5.443920e-41
35.482874 5.572821e-41
36.018361 5.727102e-41
36.561928 5.832762e-41
37.113699 5.976987e-41
37.673797 6.056530e-41
38.242347 6.252573e-41
38.819478 6.372087e-41
39.405318 6.536037e-41
