2.000000 1.855861e-35
2.030183 1.256569e-35
2.060821 8.568981e-36
2.091922 5.786765e-36
2.123492 3.872529e-36
2.155538 2.613665e-36
2.188068 1.750340e-36
2.221089 1.183259e-36
2.254609 7.819410e-37
2.288634 5.307748e-37
2.323173 3.528530e-37
2.358233 2.374054e-37
2.393822 1.616774e-37
2.429948 1.082119e-37
2.466619 7.451161e-38
2.503844 5.054907e-38
2.541630 3.480650e-38
2.579987 2.400900e-38
2.618923 1.660883e-38
2.658446 1.168721e-38
2.698566 8.264957e-39
2.739291 5.879884e-39
2.780631 4.263190e-39
2.822594 3.116036e-39
2.865191 2.298253e-39
2.908431 1.730525e-39
2.952323 1.304406e-39
2.996878 1.013426e-39
3.042105 7.894899e-40
3.088015 6.283665e-40
3.134617 5.060051e-40
3.181923 4.126498e-40
3.229943 3.403943e-40
3.278687 2.865883e-40
3.328167 2.436801e-40
3.378394 2.092774e-40
3.429378 1.824235e-40
3.481132 1.601610e-40
3.533668 1.414865e-40
3.586996 1.255323e-40
3.641128 1.117483e-40
3.696078 1.001955e-40
3.751857 9.005334e-41
3.808478 8.116646e-41
3.865953 7.381053e-41
3.924296 6.791026e-41
3.983519 6.302492e-41
4.043636 5.925815e-41
4.104660 5.631580e-41
4.166605 5.388287e-41
4.229485 5.186317e-41
4.293314 5.015614e-41
4.358106 4.829613e-41
4.423876 4.651453e-41
4.490638 4.465158e-41
4.558409 4.313750e-41
4.627201 4.155240e-41
4.697032 3.994004e-41
4.767917 3.860592e-41
4.839872 3.678541e-41
4.912912 3.554024e-41
4.987055 3.426442e-41
5.062317 3.334773e-41
5.138714 3.265361e-41
5.216264 3.180519e-41
5.294985 3.131267e-41
5.374894 3.030934e-41
5.456009 2.961079e-41
5.538347 2.882136e-41
5.621929 2.809374e-41
5.706772 2.779875e-41
5.792895 2.759840e-41
5.880318 2.725989e-41
5.969060 2.681662e-41
6.059141 2.657215e-41
6.150582 2.621610e-41
6.243403 2.578935e-41
6.337625 2.537131e-41
6.433269 2.506710e-41
6.530356 2.486947e-41
6.628908 2.452998e-41
6.728948 2.403180e-41
6.830497 2.364701e-41
6.933579 2.343600e-41
7.038216 2.271855e-41
7.144433 2.244385e-41
7.252252 2.184227e-41
7.361699 2.162968e-41
7.472797 2.116166e-41
7.585572 2.083668e-41
7.700049 2.009439e-41
7.816254 2.005587e-41
7.934212 1.966165e-41
8.053950 1.954459e-41
8.175496 1.938434e-41
8.298875 1.959412e-41
8.424117 1.924665e-41
8.551249 1.922084e-41
8.680299 1.881747e-41
8.811297 1.870348e-41
8.944272 1.843417e-41
9.079254 1.820319e-41
9.216272 1.811964e-41
9.355359 1.823422e-41
9.496544 1.820707e-41
9.639860 1.830930e-41
9.785339 1.826157e-41
9.933014 1.821484e-41
10.082917 1.814824e-41
10.235082 1.784383e-41
10.389544 1.765664e-41
10.546337 1.771832e-41
10.705496 1.763917e-41
10.867057 1.750671e-41
11.031056 1.782409e-41
11.197530 1.797482e-41
11.366517 1.822677e-41
11.538053 1.845325e-41
11.712179 1.896707e-41
11.888932 1.936192e-41
12.068353 1.975019e-41
12.250481 2.013675e-41
12.435358 2.050423e-41
12.623025 2.072650e-41
12.813524 2.112183e-41
13.006898 2.155231e-41
13.203191 2.189378e-41
13.402445 2.220235e-41
13.604707 2.225824e-41
13.810021 2.265176e-41
14.018434 2.326001e-41
14.229992 2.358700e-41
14.444742 2.394028e-41
14.662734 2.431605e-41
14.884015 2.470982e-41
15.108635 2.513664e-41
15.336646 2.549873e-41
15.568097 2.574234e-41
15.803042 2.612751e-41
16.041532 2.650962e-41
16.283621 2.690825e-41
16.529364 2.722328e-41
16.778815 2.751187e-41
17.032031 2.791065e-41
17.289068 2.826028e-41
17.549985 2.862897e-41
17.814839 2.899499e-41
18.083690 2.927618e-41
18.356598 2.966566e-41
18.633625 3.002370e-41
18.914832 3.032166e-41
19.200284 3.077326e-41
19.490043 3.110685e-41
19.784175 3.135926e-41
20.082746 3.181104e-41
20.385823 3.224762e-41
20.693473 3.257413e-41
21.005767 3.295944e-41
21.322773 3.339792e-41
21.644564 3.386506e-41
21.971211 3.416526e-41
22.302787 3.465736e-41
22.639368 3.517004e-41
22.981027 3.567915e-41
23.327843 3.610217e-41
23.679893 3.648927e-41
24.037256 3.689408e-41
24.400012 3.764838e-41
24.768243 3.827102e-41
25.142030 3.887263e-41
25.521459 3.941676e-41
25.906613 3.993991e-41
26.297580 4.079706e-41
26.694448 4.135933e-41
27.097305 4.229689e-41
27.506241 4.277542e-41
27.921349 4.389463e-41
28.342721 4.428457e-41
28.770452 4.541207e-41
29.204639 4.639160e-41
29.645378 4.717080e-41
30.092768 4.807139e-41
30.546910 4.911594e-41
31.007906 5.040972e-41
31.475859 5.143150e-41
31.950874 5.250184e-41
32.433057 5.363607e-41
32.922518 5.471903e-41
33.419365 5.597209e-41
33.923710 5.729694e-41
34.435666 5.840094e-41
34.955349 6.054607e-41
35.482874 6.168656e-41
36.018361 6.256266e-41
36.561928 6.475387e-41
37.113699 6.550367e-41
37.673797 6.751265e-41
38.242347 6.939038e-41
38.819478 7.109623e-41
39.405318 7.224930e-41
