2.000000 1.855861e-35
2.030183 1.256569e-35
2.060821 8.568981e-36
2.091922 5.786765e-36
2.123492 3.872529e-36
2.155538 2.613665e-36
2.188068 1.750340e-36
2.221089 1.183259e-36
2.254609 7.819410e-37
2.288634 5.307748e-37
2.323173 3.528530e-37
2.358233 2.374054e-37
2.393822 1.616774e-37
2.429948 1.082119e-37
2.466619 7.451161e-38
2.503844 5.054907e-38
2.541630 3.480650e-38
2.579987 2.400900e-38
2.618923 1.660883e-38
2.658446 1.168721e-38
2.698566 8.264957e-39
2.739291 5.879884e-39
2.780631 4.263190e-39
2.822594 3.116036e-39
2.865191 2.298253e-39
2.908431 1.730525e-39
2.952323 1.304406e-39
2.996878 1.013426e-39
3.042105 7.894899e-40
3.088015 6.283665e-40
3.134617 5.060051e-40
3.181923 4.126498e-40
3.229943 3.403943e-40
3.278687 2.865883e-40
3.328167 2.436801e-40
3.378394 2.092774e-40
3.429378 1.824235e-40
3.481132 1.601610e-40
3.533668 1.414865e-40
3.586996 1.255323e-40
3.641128 1.117483e-40
3.696078 1.001955e-40
3.751857 9.005334e-41
3.808478 8.116646e-41
3.865953 7.381053e-41
3.924296 6.791026e-41
3.983519 6.302492e-41
4.043636 5.925815e-41
4.104660 5.631580e-41
4.166605 5.388287e-41
4.229485 5.186317e-41
4.293314 5.015614e-41
4.358106 4.829613e-41
4.423876 4.651453e-41
4.490638 4.465158e-41
4.558409 4.313750e-41
4.627201 4.155240e-41
4.697032 3.994004e-41
4.767917 3.860592e-41
4.839872 3.678541e-41
4.912912 3.554024e-41
4.987055 3.426442e-41
5.062317 3.334773e-41
5.138714 3.265361e-41
5.216264 3.180519e-41
5.294985 3.131267e-41
5.374894 3.030934e-41
5.456009 2.961079e-41
5.538347 2.882136e-41
5.621929 2.809374e-41
5.706772 2.779875e-41
5.792895 2.759840e-41
5.880318 2.725991e-41
5.969060 2.681669e-41
6.059141 2.657241e-41
6.150582 2.621693e-41
6.243403 2.579156e-41
6.337625 2.537675e-41
6.433269 2.507905e-41
6.530356 2.489257e-41
6.628908 2.456903e-41
6.728948 2.409095e-41
6.830497 2.372871e-41
6.933579 2.354026e-41
7.038216 2.284261e-41
7.144433 2.258432e-41
7.252252 2.198890e-41
7.361699 2.179185e-41
7.472797 2.132649e-41
7.585572 2.101515e-41
7.700049 2.028629e-41
7.816254 2.026242e-41
7.934212 1.988225e-41
8.053950 1.978036e-41
8.175496 1.963656e-41
8.298875 1.986103e-41
8.424117 1.952932e-41
8.551249 1.951901e-41
8.680299 1.913133e-41
8.811297 1.903311e-41
8.944272 1.877907e-41
9.079254 1.856264e-41
9.216272 1.849506e-41
9.355359 1.862361e-41
9.496544 1.860939e-41
9.639860 1.872417e-41
9.785339 1.868939e-41
9.933014 1.865393e-41
10.082917 1.860047e-41
10.235082 1.830514e-41
10.389544 1.812722e-41
10.546337 1.819775e-41
10.705496 1.812360e-41
10.867057 1.799704e-41
11.031056 1.831946e-41
11.197530 1.847312e-41
11.366517 1.875936e-41
11.538053 1.900853e-41
11.712179 1.951775e-41
11.888932 1.986534e-41
12.068353 2.024797e-41
12.250481 2.066682e-41
12.435358 2.105026e-41
12.623025 2.126324e-41
12.813524 2.165162e-41
13.006898 2.207666e-41
13.203191 2.241205e-41
13.402445 2.271012e-41
13.604707 2.275585e-41
13.810021 2.314080e-41
14.018434 2.374018e-41
14.229992 2.405429e-41
14.444742 2.439522e-41
14.662734 2.476060e-41
14.884015 2.514304e-41
15.108635 2.556017e-41
15.336646 2.590817e-41
15.568097 2.614110e-41
15.803042 2.651493e-41
16.041532 2.688383e-41
16.283621 2.727361e-41
16.529364 2.757730e-41
16.778815 2.785485e-41
17.032031 2.824079e-41
17.289068 2.858148e-41
17.549985 2.894024e-41
17.814839 2.929554e-41
18.083690 2.956545e-41
18.356598 2.994453e-41
18.633625 3.029264e-41
18.914832 3.058144e-41
19.200284 3.102457e-41
19.490043 3.134627e-41
19.784175 3.159156e-41
20.082746 3.203382e-41
20.385823 3.246123e-41
20.693473 3.277886e-41
21.005767 3.315855e-41
21.322773 3.358701e-41
21.644564 3.404707e-41
21.971211 3.433779e-41
22.302787 3.482213e-41
22.639368 3.532959e-41
22.981027 3.583037e-41
23.327843 3.624640e-41
23.679893 3.662430e-41
24.037256 3.702209e-41
24.400012 3.776971e-41
24.768243 3.838428e-41
25.142030 3.897943e-41
25.521459 3.951488e-41
25.906613 4.003121e-41
26.297580 4.088123e-41
26.694448 4.143567e-41
27.097305 4.236535e-41
27.506241 4.283520e-41
27.921349 4.394675e-41
28.342721 4.432765e-41
28.770452 4.544659e-41
29.204639 4.641697e-41
29.645378 4.718674e-41
30.092768 4.807729e-41
30.546910 4.911119e-41
31.007906 5.039457e-41
31.475859 5.140439e-41
31.950874 5.246304e-41
32.433057 5.358478e-41
32.922518 5.465500e-41
33.419365 5.589362e-41
33.923710 5.720296e-41
34.435666 5.829117e-41
34.955349 6.042058e-41
35.482874 6.154182e-41
36.018361 6.240111e-41
36.561928 6.457067e-41
37.113699 6.529982e-41
37.673797 6.728634e-41
38.242347 6.914125e-41
38.819478 7.082111e-41
39.405318 7.194835e-41
