4.093083    9.799548e-40 
4.192081    8.195459e-40 
4.293474    6.853943e-40 
4.397319    5.835405e-40 
4.488327    5.057836e-40 
4.596885    4.462948e-40 
4.692022    3.938028e-40 
4.789129    3.413286e-40 
4.888245    3.011825e-40 
4.989412    2.657582e-40 
5.092673    2.3873e-40 
5.198071    2.144507e-40 
5.287567    1.961151e-40 
5.396999    1.793472e-40 
5.48992     1.64013e-40 
5.584442    1.526951e-40 
5.68059     1.421582e-40 
5.798156    1.323485e-40 
5.897984    1.232156e-40 
5.99953     1.14713e-40 
6.082025    1.087233e-40 
6.186741    1.030464e-40 
6.293259    9.766594e-41 
6.379793    9.256638e-41 
6.489635    8.931548e-41 
6.578869    8.465194e-41 
6.692138    8.167899e-41 
6.784157    7.741418e-41 
6.87744     7.469542e-41 
6.99585     7.207214e-41 
7.092045    6.954098e-41 
7.189562    6.830894e-41 
7.28842     6.590995e-41 
7.388637    6.359522e-41 
7.490232    6.246851e-41 
7.593225    6.027464e-41 
7.697633    5.920676e-41 
7.77688     5.815781e-41 
7.883814    5.611533e-41 
7.992218    5.512114e-41 
8.074498    5.414457e-41 
8.185524    5.318531e-41 
8.298077    5.224303e-41 
8.383506    5.131745e-41 
8.498781    5.040827e-41 
8.586276    4.95152e-41 
8.674672    4.863795e-41 
8.793951    4.863795e-41 
8.884485    4.777624e-41 
8.975951    4.69298e-41 
9.099372    4.609836e-41 
9.19305     4.609836e-41 
9.287693    4.528164e-41 
9.38331     4.528164e-41 
9.479912    4.44794e-41 
9.574441    4.454052e-41 
9.676108    4.369136e-41 
9.775724    4.369136e-41 
9.876365    4.291729e-41 
9.978043    4.291729e-41 
10.97898    4.291729e-41 
11.99812    4.215694e-41 
12.97825    4.141005e-41 
13.99061    4.215694e-41 
14.97929    4.215694e-41 
15.98319    4.291729e-41 
16.9383     4.44794e-41 
17.9505     4.528164e-41 
18.95834    4.609836e-41 
19.95452    4.69298e-41 
20.93147    4.863795e-41 
21.95624    4.863795e-41 
22.95269    4.95152e-41 
23.99437    4.95152e-41 
24.99782    5.040827e-41 
25.95448    5.040827e-41 
26.94774    5.131745e-41 
27.97902    5.131745e-41 
28.95076    5.131745e-41 
29.95624    5.224303e-41 
30.99665    5.318531e-41 
31.96387    5.318531e-41 
32.96127    5.414457e-41 
33.9898     5.512114e-41 
34.93096    5.611533e-41 
35.89818    5.611533e-41 
36.89219    5.712744e-41 
37.91371    5.815781e-41 
38.96352    5.920676e-41 
39.90593    6.027464e-41 


