       12.5000002    1.6631838E+01
        15.0000002    1.2963074E+01
        20.0000003    3.1390166E+00
        25.0000004    4.1890612E-01
        30.0000005    1.7637466E-01
        35.0000006    1.1317468E-01
        40.0000007    6.6401519E-02
        45.0000007    3.5331983E-02
        50.0000008    1.6987018E-02
        55.0000009    7.8053037E-03
        60.0000010    3.8177562E-03
        65.0000011    2.1249305E-03
        70.0000011    1.3007385E-03
        75.0000012    7.7632903E-03
        80.0000013    4.6091443E-03
        85.0000014    2.2486865E-03
        90.0000015    9.8120735E-04
        95.2390015    3.5618065E-04
       100.6800016    9.0429807E-05
 
