       12.5000002    2.4059366E+01
        15.0000002    2.9883883E+01
        20.0000003    1.0529407E+01
        25.0000004    4.3289485E+00
        30.0000005    1.7654734E+00
        35.0000006    5.3462362E-01
        40.0000007    2.1809390E-01
        45.0000007    1.2029877E-01
        50.0000008    7.9304852E-02
        55.0000009    5.5289015E-02
        60.0000010    3.7020437E-02
        65.0000011    2.3234088E-02
        70.0000011    1.3866228E-02
        75.0000012    7.3173732E-02
        80.0000013    6.1560962E-02
        85.0000014    4.6514943E-02
        90.0000015    3.4499478E-02
        95.2390015    2.4376128E-02
       100.6800016    1.6168585E-02
       114.2900019    5.4451735E-03
       119.7300019    3.4974583E-03
       122.4500020    2.7986472E-03
       125.1700020    2.2369383E-03
       127.8900021    1.7858214E-03
       130.6100021    1.4238594E-03
       133.3300022    1.1337239E-03
       136.0600022    9.0065092E-04
       146.9400024    3.5420823E-04
       149.6600024    2.7926170E-04
       155.1000025    1.7256026E-04
       157.8200026    1.3521798E-04
       160.5500026    1.0562296E-04
       165.9900027    1.6704742E-04
       171.4300028    1.1350954E-04
       176.8700029    9.9926838E-05
       179.5900029    8.0887912E-05
       182.3100030    6.4553344E-05
       185.0400030    5.0802271E-05
       187.7600031    3.9444047E-05
       190.4800031    3.0085475E-05
       195.9200032    1.6090004E-05
       198.6400032    1.0866203E-05
       204.0800033    1.3599324E-06
 
