       12.5000002    2.0115660E+03
        15.0000002    1.0004017E+03
        20.0000003    9.3020645E+01
        25.0000004    2.5613533E+01
        30.0000005    1.7112898E+01
        35.0000006    1.0364797E+01
        40.0000007    6.9031167E+00
        45.0000007    4.7333322E+00
        50.0000008    3.0880067E+00
        55.0000009    1.8469629E+00
        60.0000010    1.0143187E+00
        65.0000011    5.2684689E-01
        70.0000011    2.6986113E-01
        75.0000012    5.3687990E-01
        80.0000013    4.0776882E-01
        85.0000014    3.4508863E-01
        90.0000015    3.2684058E-01
        95.2390015    2.6596749E-01
       100.6800016    1.8636402E-01
       114.2900019    9.1583617E-02
       119.7300019    7.4643627E-02
       122.4500020    6.7920752E-02
       125.1700020    6.2001444E-02
       127.8900021    5.6717113E-02
       130.6100021    5.1949158E-02
       133.3300022    4.7613177E-02
       136.0600022    4.3634053E-02
       146.9400024    3.0719910E-02
       149.6600024    2.8099295E-02
       155.1000025    2.3462158E-02
       157.8200026    2.1417663E-02
       160.5500026    1.9532412E-02
       165.9900027    1.9516187E-02
       171.4300028    1.6618369E-02
       176.8700029    1.4869558E-02
       179.5900029    1.3781119E-02
       182.3100030    1.2659312E-02
       185.0400030    1.1549750E-02
       187.7600031    1.0501184E-02
       190.4800031    9.5359441E-03
       195.9200032    7.8591872E-03
       198.6400032    7.1300580E-03
       204.0800033    5.8701229E-03
       206.8000034    5.3313887E-03
       209.5300034    4.8445137E-03
       212.2500035    4.4075502E-03
       214.9700035    4.0135868E-03
       220.4100036    3.3371223E-03
       225.8500037    2.7846387E-03
       236.7400038    2.3212302E-03
       247.6200040    1.6934425E-03
       258.5100042    1.2290513E-03
       272.1100044    8.2637824E-04
       285.7200046    5.5951998E-04
       299.3200049    3.8181810E-04
       312.9300051    2.6261565E-04
       340.1400055    1.2773582E-04
       353.7400058    9.0448862E-05
       380.9500062    4.6796024E-05
       394.5600064    3.4180852E-05
       408.1700066    2.5206244E-05
       435.3800071    1.4054772E-05
       462.5900075    8.0357322E-06
       476.1900077    6.1142605E-06
       489.8000080    4.6623613E-06
       503.4000082    3.5599496E-06
       517.0100084    2.7174149E-06
       557.8300091    1.1937809E-06
       571.4300093    9.0002635E-07
       585.0400095    6.7391829E-07
       612.2500100    3.6744737E-07
       666.6700108    8.6325102E-08
       680.2800111    5.2859761E-08
 
