       12.5000002    1.7337134E+02
        15.0000002    3.8464771E+01
        20.0000003    2.0609501E+01
        25.0000004    8.7314262E+00
        30.0000005    6.4495430E+00
        35.0000006    3.1956360E+00
        40.0000007    1.4288547E+00
        45.0000007    6.2095451E-01
        50.0000008    2.7570266E-01
        55.0000009    1.3620570E-01
        60.0000010    8.1546709E-02
        65.0000011    5.6910660E-02
        70.0000011    4.1873366E-02
        75.0000012    1.4730860E-01
        80.0000013    1.3199401E-01
        85.0000014    1.1064561E-01
        90.0000015    9.4099477E-02
        95.2390015    7.8168124E-02
       100.6800016    6.0743030E-02
       114.2900019    2.9515393E-02
       119.7300019    2.1903856E-02
       122.4500020    1.8846093E-02
       125.1700020    1.6203757E-02
       127.8900021    1.3923218E-02
       130.6100021    1.1957158E-02
       133.3300022    1.0263940E-02
       136.0600022    8.8020749E-03
       146.9400024    4.7583091E-03
       149.6600024    4.0782806E-03
       155.1000025    2.9950577E-03
       157.8200026    2.5664368E-03
       160.5500026    2.1978384E-03
       165.9900027    2.1597408E-03
       171.4300028    1.6738208E-03
       176.8700029    1.4852120E-03
       179.5900029    1.3245833E-03
       182.3100030    1.1773297E-03
       185.0400030    1.0445629E-03
       187.7600031    9.2691550E-04
       190.4800031    8.2277175E-04
       195.9200032    6.4937217E-04
       198.6400032    5.7734409E-04
       204.0800033    4.5696204E-04
       206.8000034    4.0677481E-04
       209.5300034    3.6205639E-04
       212.2500035    3.2246709E-04
       214.9700035    2.8725213E-04
       220.4100036    2.2797943E-04
       225.8500037    1.8089384E-04
       236.7400038    1.1838628E-04
       247.6200040    7.4112249E-05
       258.5100042    4.6649657E-05
       272.1100044    2.6251291E-05
       285.7200046    1.4644659E-05
       299.3200049    7.9394358E-06
       312.9300051    4.0115060E-06
 
