       12.5000002    4.4645877E+02
        15.0000002    1.0547754E+02
        20.0000003    2.2903307E+01
        25.0000004    1.2179527E+01
        30.0000005    8.6351023E+00
        35.0000006    5.0544648E+00
        40.0000007    2.7100244E+00
        45.0000007    1.3425894E+00
        50.0000008    6.2833017E-01
        55.0000009    2.8808638E-01
        60.0000010    1.4152163E-01
        65.0000011    8.1885219E-02
        70.0000011    5.5754732E-02
        75.0000012    1.8275194E-01
        80.0000013    1.6480872E-01
        85.0000014    1.4046955E-01
        90.0000015    1.2177126E-01
        95.2390015    1.0369576E-01
       100.6800016    8.3710395E-02
       114.2900019    4.5779515E-02
       119.7300019    3.5651654E-02
       122.4500020    3.1411797E-02
       125.1700020    2.7648205E-02
       127.8900021    2.4312474E-02
       130.6100021    2.1360442E-02
       133.3300022    1.8751942E-02
       136.0600022    1.6442375E-02
       146.9400024    9.6853031E-03
       149.6600024    8.4766662E-03
       155.1000025    6.4883102E-03
       157.8200026    5.6750719E-03
       160.5500026    4.9607456E-03
       165.9900027    4.6669715E-03
       171.4300028    3.6817067E-03
       176.8700029    3.1875917E-03
       179.5900029    2.8560120E-03
       182.3100030    2.5511733E-03
       185.0400030    2.2758751E-03
       187.7600031    2.0316201E-03
       190.4800031    1.8151097E-03
       195.9200032    1.4537319E-03
       198.6400032    1.3031755E-03
       204.0800033    1.0506446E-03
       206.8000034    9.4487402E-04
       209.5300034    8.5027714E-04
       212.2500035    7.6616876E-04
       214.9700035    6.9099019E-04
       220.4100036    5.6338217E-04
       225.8500037    4.6061198E-04
       236.7400038    3.4154145E-04
       247.6200040    2.2587295E-04
       258.5100042    1.5022783E-04
       272.1100044    9.1500304E-05
       285.7200046    5.6535449E-05
       299.3200049    3.5375026E-05
       312.9300051    2.2313137E-05
       340.1400055    8.9037485E-06
       353.7400058    5.5471965E-06
       380.9500062    1.9611261E-06
       394.5600064    1.0441087E-06
       408.1700066    4.3237387E-07
 
