       12.5000002    1.4047535E+03
        15.0000002    5.7669226E+02
        20.0000003    4.4184807E+01
        25.0000004    1.9901171E+01
        30.0000005    1.3498261E+01
        35.0000006    8.4125462E+00
        40.0000007    5.5690937E+00
        45.0000007    3.5591538E+00
        50.0000008    2.1029201E+00
        55.0000009    1.1363273E+00
        60.0000010    5.7181406E-01
        65.0000011    2.8114909E-01
        70.0000011    1.4427985E-01
        75.0000012    3.2549092E-01
        80.0000013    2.7045926E-01
        85.0000014    2.3392364E-01
        90.0000015    2.1330377E-01
        95.2390015    1.7608410E-01
       100.6800016    1.3383418E-01
       114.2900019    7.5513251E-02
       119.7300019    6.2107831E-02
       122.4500020    5.6428853E-02
       125.1700020    5.1285036E-02
       127.8900021    4.6604291E-02
       130.6100021    4.2332791E-02
       133.3300022    3.8429048E-02
       136.0600022    3.4847084E-02
       146.9400024    2.3405049E-02
       149.6600024    2.1147102E-02
       155.1000025    1.7228823E-02
       157.8200026    1.5537064E-02
       160.5500026    1.3998807E-02
       165.9900027    1.3521957E-02
       171.4300028    1.1236054E-02
       176.8700029    9.8388521E-03
       179.5900029    8.9971572E-03
       182.3100030    8.1683192E-03
       185.0400030    7.3813843E-03
       187.7600031    6.6592027E-03
       190.4800031    6.0054795E-03
       195.9200032    4.8897066E-03
       198.6400032    4.4146264E-03
       204.0800033    3.6061818E-03
       206.8000034    3.2641003E-03
       209.5300034    2.9565736E-03
       212.2500035    2.6818947E-03
       214.9700035    2.4353520E-03
       220.4100036    2.0145674E-03
       225.8500037    1.6733785E-03
       236.7400038    1.4016898E-03
       247.6200040    9.9699222E-04
       258.5100042    7.0569053E-04
       272.1100044    4.6074588E-04
       285.7200046    3.0360589E-04
       299.3200049    2.0223002E-04
       312.9300051    1.3620906E-04
       340.1400055    6.4101871E-05
       353.7400058    4.4786222E-05
       380.9500062    2.2575414E-05
       394.5600064    1.6241112E-05
       408.1700066    1.1760379E-05
       435.3800071    6.2394347E-06
       462.5900075    3.3158171E-06
       476.1900077    2.4061778E-06
       489.8000080    1.7348001E-06
       503.4000082    1.2398153E-06
       517.0100084    8.7482226E-07
       557.8300091    2.6766818E-07
       571.4300093    1.6382067E-07
       585.0400095    8.7143484E-08
 
